District 0: num of precincts (486) pop (519781)
District 1: num of precincts (665) pop (542982)
District 2: num of precincts (960) pop (715820)
District 3: num of precincts (711) pop (662452)
District 4: num of precincts (853) pop (678484)
District 5: num of precincts (705) pop (593561)
District 6: num of precincts (476) pop (819070)
District 7: num of precincts (662) pop (704209)
District 8: num of precincts (528) pop (715885)
District 9: num of precincts (784) pop (718335)
population error: 10.477546252%

1	1
2	1
3	1
4	1
5	1
6	7
7	1
8	1
9	1
10	1
11	7
12	1
13	1
14	1
15	1
16	1
17	1
18	7
19	3
20	9
21	3
22	7
23	3
24	3
25	1
26	9
27	9
28	1
29	3
30	1
31	9
32	1
33	1
34	1
35	1
36	1
37	1
38	1
39	1
40	1
41	1
42	1
43	1
44	1
45	1
46	1
47	1
48	1
49	1
50	1
51	1
52	1
53	1
54	1
55	1
56	1
57	1
58	1
59	1
60	1
61	1
62	1
63	0
64	0
65	0
66	0
67	0
68	0
69	0
70	1
71	0
72	7
73	9
74	9
75	7
76	9
77	7
78	0
79	0
80	0
81	0
82	0
83	0
84	0
85	0
86	0
87	0
88	9
89	0
90	0
91	0
92	0
93	0
94	0
95	0
96	0
97	0
98	0
99	0
100	0
101	0
102	0
103	7
104	7
105	7
106	0
107	0
108	0
109	0
110	9
111	1
112	9
113	0
114	9
115	0
116	3
117	9
118	9
119	9
120	9
121	9
122	1
123	0
124	7
125	7
126	0
127	0
128	7
129	0
130	0
131	7
132	7
133	0
134	0
135	0
136	0
137	0
138	0
139	7
140	7
141	0
142	0
143	7
144	0
145	0
146	0
147	0
148	0
149	0
150	0
151	0
152	0
153	0
154	0
155	0
156	0
157	0
158	0
159	0
160	0
161	0
162	0
163	0
164	7
165	7
166	7
167	0
168	0
169	0
170	0
171	0
172	0
173	0
174	0
175	0
176	0
177	0
178	0
179	0
180	0
181	0
182	0
183	0
184	9
185	0
186	0
187	0
188	0
189	0
190	0
191	0
192	0
193	0
194	0
195	0
196	0
197	0
198	0
199	0
200	0
201	0
202	0
203	0
204	0
205	0
206	0
207	0
208	0
209	0
210	0
211	0
212	0
213	9
214	0
215	7
216	0
217	0
218	0
219	0
220	0
221	0
222	0
223	0
224	7
225	7
226	0
227	0
228	9
229	0
230	0
231	0
232	0
233	0
234	9
235	9
236	9
237	9
238	9
239	9
240	1
241	1
242	0
243	0
244	0
245	0
246	0
247	0
248	0
249	0
250	9
251	0
252	9
253	0
254	0
255	9
256	9
257	1
258	1
259	1
260	3
261	1
262	1
263	3
264	1
265	3
266	3
267	1
268	5
269	3
270	1
271	1
272	1
273	3
274	1
275	1
276	3
277	3
278	1
279	1
280	1
281	1
282	1
283	1
284	1
285	1
286	1
287	1
288	1
289	1
290	1
291	1
292	1
293	1
294	1
295	1
296	1
297	1
298	1
299	1
300	1
301	1
302	1
303	1
304	3
305	1
306	1
307	1
308	3
309	3
310	3
311	1
312	1
313	1
314	1
315	1
316	1
317	1
318	1
319	1
320	1
321	3
322	1
323	3
324	1
325	1
326	1
327	1
328	1
329	3
330	1
331	3
332	1
333	1
334	1
335	1
336	1
337	1
338	1
339	1
340	1
341	3
342	1
343	9
344	9
345	9
346	9
347	9
348	9
349	9
350	9
351	9
352	9
353	9
354	9
355	9
357	9
358	9
359	9
360	9
361	9
362	9
363	9
365	9
366	9
367	9
368	9
369	9
370	9
372	9
373	9
374	9
375	9
376	9
377	9
378	9
379	9
380	9
381	9
382	9
383	9
384	9
385	9
386	9
387	9
388	9
389	9
390	9
391	9
392	9
393	9
394	9
395	9
396	9
397	9
398	9
399	9
400	9
401	9
402	9
403	9
404	9
405	9
406	9
407	9
408	9
409	9
410	9
411	9
412	9
413	9
414	9
415	9
416	9
417	9
418	9
419	9
420	9
421	9
422	9
423	9
424	9
425	9
426	9
427	9
428	9
429	9
430	9
431	9
432	9
434	9
435	9
436	9
438	9
439	8
440	8
441	8
442	8
443	8
444	8
445	8
446	0
447	0
448	0
449	0
450	0
451	8
452	0
453	0
454	9
455	8
456	8
457	0
458	8
459	8
460	8
461	8
462	8
463	9
464	8
465	0
466	8
467	0
468	8
469	0
470	0
471	0
472	8
473	8
474	0
475	0
476	8
477	8
478	8
479	8
480	0
481	8
482	8
483	8
484	8
485	0
486	8
487	8
488	8
489	8
490	8
491	8
492	0
493	0
494	0
495	8
496	8
497	8
498	8
499	8
500	0
501	8
502	8
503	8
504	8
505	3
506	8
507	8
508	8
509	8
510	8
511	0
512	3
513	3
514	8
515	8
516	8
517	0
518	8
519	8
520	8
521	8
522	8
523	8
524	8
525	1
526	0
527	0
528	3
529	8
530	8
531	1
532	3
533	3
534	8
535	8
536	8
538	8
539	8
540	8
541	8
542	8
543	3
544	8
545	8
546	8
547	8
548	8
549	8
550	8
551	8
552	8
553	8
554	8
555	8
556	8
557	8
558	8
559	8
560	8
561	8
562	8
563	8
564	0
565	8
566	8
567	9
568	8
569	8
570	8
571	8
572	0
573	8
574	8
575	0
576	9
577	8
578	8
579	3
580	8
581	0
582	0
583	0
584	8
585	8
586	8
587	8
588	8
589	0
590	0
591	8
592	8
593	0
594	0
595	1
596	0
597	9
598	0
599	0
600	8
601	9
602	9
603	8
604	9
605	9
606	8
607	0
608	0
609	0
610	8
611	8
612	8
613	0
614	0
615	0
616	8
617	0
618	0
619	8
620	8
621	8
622	8
623	8
624	8
625	8
626	8
627	8
628	8
629	8
630	8
631	8
632	8
633	8
634	8
635	8
636	8
637	8
638	8
639	8
640	8
641	8
642	8
643	0
644	0
645	0
646	7
647	0
648	0
649	0
650	0
651	0
652	0
653	7
654	0
655	0
656	0
657	7
658	0
659	0
660	0
661	8
662	8
663	0
664	0
665	0
666	8
667	0
668	8
669	8
670	8
671	8
672	8
673	9
674	8
675	8
676	8
677	8
678	0
679	8
680	8
681	8
682	8
683	8
684	8
685	8
686	8
687	8
688	8
689	8
690	8
691	8
692	8
693	8
694	8
695	8
696	0
697	8
698	8
699	8
700	8
701	8
702	8
703	0
704	0
705	8
706	8
707	8
708	8
709	0
710	0
711	8
712	8
713	0
714	0
715	8
716	9
717	8
718	8
719	3
720	3
721	3
722	3
723	3
724	3
725	3
726	1
727	8
728	3
729	1
730	3
731	0
732	0
733	0
734	0
735	1
736	1
737	8
738	8
739	8
740	0
741	8
742	8
743	8
744	8
745	8
746	3
747	3
748	3
749	3
750	8
751	8
752	1
753	1
754	1
755	1
756	1
757	1
758	7
759	1
760	1
761	1
762	1
763	1
764	1
765	1
766	1
767	1
768	7
769	1
770	1
771	1
772	1
773	1
774	1
775	1
776	1
777	1
778	1
779	1
780	1
781	1
782	1
783	1
784	1
785	1
786	1
787	1
788	1
789	1
790	1
791	1
792	1
793	1
794	1
795	0
796	1
797	3
798	7
799	7
800	7
801	7
802	9
803	9
804	9
805	7
806	7
807	7
808	9
809	7
810	9
811	9
812	7
813	9
814	7
815	9
816	9
817	9
818	9
819	9
820	9
821	9
822	7
823	3
824	7
825	7
826	7
827	7
828	7
829	7
830	9
831	9
832	9
833	0
834	0
835	0
836	0
837	0
838	0
839	0
840	9
841	0
842	0
843	0
844	0
845	0
846	0
847	9
848	0
849	0
850	9
851	9
852	9
853	0
854	9
855	0
856	0
857	9
858	0
859	0
860	0
861	0
862	0
863	0
864	0
865	0
866	0
867	0
868	0
869	0
870	0
871	0
872	9
873	9
874	0
875	0
876	0
877	9
878	0
879	9
880	1
881	9
882	0
883	3
884	0
885	1
886	3
887	3
888	9
889	0
890	9
891	9
892	9
893	1
894	9
895	9
896	9
897	9
898	9
899	9
900	1
901	3
902	0
903	0
904	0
905	0
906	0
907	0
908	0
909	0
910	0
911	0
912	0
913	0
914	0
915	0
916	0
917	0
918	0
919	0
920	0
921	0
922	0
923	0
924	0
925	9
926	1
927	7
928	7
929	7
930	7
931	7
932	7
933	7
934	7
935	7
936	7
937	7
938	7
939	7
940	7
941	7
942	7
943	7
944	7
945	1
946	7
947	1
948	7
949	7
950	7
951	7
952	7
953	7
954	7
955	7
956	1
957	1
958	1
959	1
960	1
961	3
962	1
963	1
964	9
965	1
966	7
967	3
968	9
969	9
970	1
971	1
972	7
973	7
974	7
975	7
976	7
977	7
978	7
979	7
980	7
981	7
982	7
983	7
984	7
985	1
986	7
987	7
988	7
989	7
990	7
991	7
992	7
993	1
994	1
995	7
996	7
997	7
998	7
999	1
1000	1
1001	1
1002	1
1003	1
1004	1
1005	7
1006	7
1007	7
1008	3
1009	9
1010	9
1011	9
1012	8
1013	9
1014	9
1015	0
1016	1
1017	9
1018	9
1019	9
1020	8
1021	8
1022	0
1023	9
1024	0
1025	8
1026	9
1027	9
1028	8
1029	9
1030	9
1031	8
1032	0
1033	8
1034	0
1035	8
1036	8
1037	8
1038	9
1039	9
1040	9
1041	9
1042	9
1043	8
1044	9
1045	1
1046	9
1051	0
1052	0
1053	9
1054	9
1055	9
1056	9
1057	1
1058	8
1059	8
1060	8
1061	8
1062	8
1063	9
1064	9
1065	9
1066	9
1068	9
1069	8
1070	9
1071	9
1072	9
1073	0
1074	9
1075	9
1076	9
1077	9
1078	9
1079	9
1080	8
1081	8
1082	9
1084	9
1085	1
1087	1
1088	1
1089	1
1090	8
1091	8
1092	1
1093	8
1094	8
1095	8
1096	8
1097	8
1099	9
1101	8
1102	8
1103	8
1104	8
1105	8
1106	8
1107	8
1108	8
1109	8
1110	8
1111	8
1112	8
1113	8
1114	8
1115	8
1116	8
1117	8
1118	8
1120	8
1121	8
1122	8
1123	9
1124	8
1125	8
1126	8
1127	8
1128	8
1129	8
1130	8
1131	8
1132	8
1133	8
1134	8
1135	9
1136	8
1137	8
1138	8
1139	8
1140	9
1141	8
1142	9
1143	8
1144	8
1145	8
1146	8
1147	8
1149	8
1151	8
1157	8
1160	8
1161	8
1162	8
1163	1
1164	1
1165	1
1167	8
1168	8
1169	8
1170	8
1171	8
1172	8
1173	8
1174	8
1175	8
1176	8
1177	9
1178	9
1179	8
1181	9
1182	8
1185	8
1189	9
1190	9
1191	9
1192	9
1193	9
1194	8
1195	9
1196	9
1197	9
1198	9
1199	9
1200	9
1201	9
1202	8
1203	9
1204	8
1205	9
1206	9
1207	9
1208	9
1209	9
1210	9
1211	9
1212	9
1213	9
1214	9
1215	9
1216	9
1217	3
1218	3
1219	3
1220	3
1221	6
1222	6
1223	3
1224	6
1225	6
1226	6
1227	6
1228	6
1229	6
1230	6
1231	6
1232	6
1233	9
1234	9
1235	9
1236	4
1237	4
1238	4
1239	4
1240	4
1241	4
1242	4
1243	4
1244	4
1245	4
1246	4
1247	4
1249	4
1250	4
1251	4
1252	4
1253	4
1254	4
1255	4
1256	4
1257	4
1258	4
1259	4
1260	4
1261	4
1263	4
1264	4
1265	4
1266	4
1267	4
1268	4
1269	4
1270	4
1271	4
1272	4
1273	4
1274	4
1275	4
1276	4
1277	4
1278	4
1279	4
1280	4
1281	4
1282	4
1283	4
1284	4
1285	4
1286	4
1287	2
1288	2
1289	4
1290	2
1291	2
1292	2
1293	2
1294	2
1295	2
1296	2
1297	2
1298	2
1299	2
1300	2
1301	2
1302	2
1303	2
1304	2
1305	2
1306	2
1307	5
1308	5
1309	5
1310	5
1311	5
1312	5
1313	4
1314	4
1315	4
1316	4
1317	4
1318	4
1319	4
1320	4
1321	4
1322	3
1323	5
1324	5
1325	5
1326	5
1327	5
1328	5
1329	5
1330	5
1331	5
1332	5
1333	5
1334	2
1335	4
1336	5
1337	5
1338	5
1339	4
1340	5
1341	2
1342	2
1343	2
1344	2
1345	2
1346	2
1347	2
1348	4
1349	5
1350	5
1351	5
1352	5
1353	5
1354	5
1355	5
1356	5
1357	5
1358	5
1359	6
1360	2
1361	2
1362	2
1363	2
1364	2
1365	2
1366	4
1367	5
1368	5
1369	5
1370	5
1371	2
1372	5
1374	4
1375	4
1376	4
1377	6
1378	3
1379	1
1380	1
1381	3
1382	3
1383	3
1384	1
1385	3
1386	3
1387	6
1388	6
1389	3
1390	6
1391	3
1392	3
1393	6
1394	6
1395	6
1396	3
1397	9
1398	9
1399	9
1400	9
1401	9
1402	9
1403	9
1404	9
1405	9
1406	9
1407	9
1408	4
1409	4
1410	4
1411	4
1412	4
1413	4
1414	4
1415	4
1416	4
1417	4
1418	4
1419	4
1420	4
1421	4
1422	4
1423	4
1424	4
1425	4
1426	4
1427	4
1429	4
1432	4
1433	4
1434	2
1435	4
1436	4
1437	4
1438	4
1439	4
1440	4
1441	4
1442	4
1443	4
1444	2
1445	2
1446	2
1447	2
1448	2
1449	5
1450	2
1451	5
1452	5
1453	5
1454	5
1455	5
1456	5
1457	5
1458	5
1459	5
1460	2
1461	2
1462	2
1463	2
1464	2
1465	2
1466	4
1467	4
1468	4
1469	4
1470	4
1471	4
1472	4
1473	4
1474	3
1475	3
1476	5
1477	5
1478	5
1479	5
1480	5
1481	5
1482	5
1483	5
1484	5
1485	5
1486	5
1487	5
1488	5
1489	5
1490	4
1491	4
1492	5
1493	5
1494	5
1495	5
1496	5
1497	5
1498	5
1499	5
1500	5
1501	5
1502	5
1503	5
1504	5
1505	4
1506	4
1507	2
1508	2
1509	2
1510	2
1511	4
1512	5
1513	2
1514	2
1515	2
1516	2
1517	5
1518	5
1519	5
1520	5
1521	5
1522	5
1523	3
1524	5
1525	5
1526	4
1527	4
1528	4
1529	4
1530	4
1531	4
1533	4
1534	4
1535	2
1536	2
1537	2
1538	2
1539	2
1540	2
1541	5
1542	5
1543	5
1544	1
1545	1
1546	1
1547	1
1548	1
1549	1
1550	1
1551	1
1552	1
1553	3
1554	3
1555	3
1556	6
1557	6
1558	6
1559	6
1560	6
1561	6
1562	6
1563	9
1564	9
1565	9
1566	9
1567	9
1568	6
1569	6
1570	4
1571	4
1572	4
1573	4
1574	4
1575	4
1576	4
1577	4
1578	4
1579	4
1580	4
1581	4
1582	4
1584	4
1585	4
1586	4
1587	4
1588	4
1589	4
1590	4
1591	4
1592	4
1593	4
1594	4
1596	4
1597	4
1598	4
1599	2
1600	2
1601	2
1602	2
1603	2
1604	2
1605	2
1606	2
1607	2
1608	2
1609	2
1610	2
1611	2
1612	2
1613	2
1614	2
1615	2
1616	2
1617	2
1618	5
1619	2
1620	2
1621	5
1622	2
1623	2
1624	2
1625	5
1626	5
1627	2
1628	2
1629	2
1630	2
1631	5
1632	2
1633	2
1634	2
1635	2
1636	3
1637	4
1638	4
1639	4
1640	4
1641	4
1642	4
1643	5
1644	5
1645	5
1646	5
1647	5
1648	5
1649	5
1650	5
1651	5
1652	5
1653	5
1654	4
1655	4
1656	5
1657	5
1658	5
1659	5
1660	5
1661	5
1662	5
1663	5
1664	5
1665	5
1666	5
1667	5
1668	5
1669	5
1670	5
1671	5
1672	2
1673	2
1674	2
1675	2
1676	2
1677	2
1678	2
1679	2
1680	2
1681	2
1682	2
1683	2
1684	2
1685	2
1686	2
1687	2
1688	3
1689	5
1690	5
1691	5
1692	5
1693	5
1694	3
1695	3
1696	5
1697	5
1698	5
1699	5
1700	2
1701	2
1702	2
1703	2
1704	2
1705	2
1706	2
1707	2
1708	2
1709	2
1710	2
1711	2
1712	2
1713	5
1714	5
1715	3
1716	4
1717	3
1718	3
1719	4
1720	4
1721	4
1722	4
1723	6
1724	6
1725	6
1726	6
1727	6
1728	6
1729	6
1730	6
1731	4
1732	6
1733	6
1734	6
1735	4
1736	4
1737	4
1738	4
1739	4
1740	4
1741	4
1742	4
1743	4
1744	4
1745	4
1746	4
1747	4
1748	4
1749	4
1750	4
1751	4
1752	4
1753	4
1754	5
1755	5
1756	4
1757	4
1758	4
1759	4
1760	4
1761	4
1762	4
1763	4
1764	2
1765	2
1766	2
1767	2
1769	2
1770	2
1771	2
1772	2
1773	2
1774	2
1775	2
1776	2
1777	2
1778	2
1779	2
1780	2
1781	2
1782	2
1783	2
1784	2
1785	2
1786	2
1787	2
1788	2
1789	2
1790	2
1791	2
1792	2
1793	2
1795	2
1796	2
1797	2
1798	2
1799	2
1800	2
1801	4
1802	4
1803	5
1804	4
1805	4
1806	4
1807	4
1808	4
1809	5
1810	3
1811	5
1812	5
1813	2
1814	5
1815	5
1816	2
1817	5
1818	2
1819	5
1820	4
1821	5
1822	5
1823	5
1824	5
1825	5
1826	5
1827	5
1828	5
1829	5
1830	5
1831	5
1832	5
1833	2
1834	2
1835	2
1836	2
1837	2
1838	2
1839	2
1840	2
1841	2
1842	2
1843	2
1844	2
1845	2
1846	2
1847	2
1848	2
1849	2
1850	3
1851	3
1852	5
1853	5
1854	3
1855	5
1856	3
1857	5
1858	5
1859	5
1860	5
1861	5
1862	5
1863	5
1864	5
1865	5
1866	1
1867	3
1868	3
1869	4
1870	4
1871	1
1872	4
1873	1
1874	3
1875	4
1876	3
1877	6
1878	6
1879	6
1880	6
1881	6
1882	6
1883	6
1884	6
1885	4
1886	6
1887	4
1888	4
1889	4
1890	4
1891	6
1892	4
1893	3
1894	3
1895	3
1896	4
1897	4
1898	4
1899	4
1900	4
1901	4
1902	4
1903	4
1904	4
1905	4
1906	4
1907	4
1908	4
1909	4
1910	4
1911	4
1912	4
1913	4
1914	4
1915	4
1916	4
1917	4
1918	4
1919	4
1920	4
1921	4
1922	4
1923	4
1924	4
1925	2
1926	2
1927	2
1928	2
1929	2
1930	2
1931	2
1932	2
1933	2
1934	2
1935	2
1936	2
1937	2
1938	2
1939	2
1940	2
1941	2
1942	2
1943	2
1944	2
1945	2
1946	2
1947	2
1948	5
1949	2
1950	5
1951	5
1952	5
1953	5
1954	2
1955	2
1956	2
1957	5
1958	5
1959	4
1960	4
1961	4
1962	2
1963	4
1964	2
1965	5
1966	4
1967	4
1968	3
1969	3
1970	4
1971	4
1972	4
1973	5
1974	5
1975	5
1976	5
1977	5
1978	5
1979	5
1980	5
1981	2
1982	5
1983	2
1984	5
1985	5
1986	5
1987	5
1988	5
1989	2
1990	5
1991	2
1992	2
1993	2
1994	2
1995	2
1996	2
1997	2
1998	5
1999	2
2000	2
2001	2
2002	2
2003	2
2004	2
2005	5
2006	2
2007	2
2008	2
2009	2
2010	2
2011	5
2012	5
2013	5
2014	5
2015	3
2016	1
2017	3
2018	3
2019	3
2020	6
2021	3
2022	3
2023	3
2024	3
2025	3
2026	4
2027	3
2028	3
2029	3
2030	3
2031	4
2032	3
2033	6
2034	6
2035	6
2036	6
2037	6
2038	6
2039	6
2040	6
2041	4
2042	4
2043	4
2044	4
2045	4
2046	6
2047	6
2048	6
2049	6
2050	6
2051	4
2052	4
2053	4
2054	4
2055	4
2056	4
2057	4
2058	4
2059	4
2060	4
2061	4
2062	4
2063	4
2064	4
2065	4
2066	4
2067	4
2068	4
2069	4
2070	4
2071	4
2072	4
2073	4
2074	4
2075	4
2076	4
2077	4
2078	2
2079	2
2080	2
2081	2
2082	2
2083	2
2084	2
2085	2
2086	2
2087	2
2088	2
2089	2
2090	2
2091	2
2092	2
2093	2
2094	2
2095	2
2096	2
2097	2
2098	2
2099	2
2100	2
2101	2
2102	2
2103	2
2104	2
2105	2
2106	2
2107	2
2108	2
2109	2
2110	2
2111	2
2112	2
2113	4
2114	4
2115	4
2116	4
2117	4
2118	4
2119	4
2120	4
2121	3
2122	4
2123	5
2124	5
2125	5
2126	5
2127	5
2128	5
2129	5
2130	5
2131	2
2132	5
2133	2
2134	5
2135	5
2136	5
2137	5
2138	5
2139	5
2140	5
2141	2
2142	2
2143	2
2144	2
2145	2
2146	2
2147	2
2148	2
2149	2
2150	5
2151	2
2152	3
2153	4
2154	4
2155	4
2156	4
2157	2
2158	4
2161	4
2162	4
2163	1
2164	1
2165	4
2166	3
2167	3
2168	5
2169	5
2170	5
2171	5
2172	5
2173	3
2174	3
2175	1
2176	1
2177	1
2178	1
2179	3
2180	3
2181	3
2182	3
2183	4
2184	4
2185	3
2186	3
2187	3
2188	4
2189	4
2190	4
2191	3
2192	3
2193	6
2194	6
2195	6
2196	6
2197	6
2198	6
2199	6
2200	6
2201	6
2202	4
2203	4
2204	6
2205	4
2206	4
2207	4
2208	4
2209	4
2210	4
2211	4
2212	4
2213	4
2215	4
2216	4
2217	4
2218	4
2219	4
2220	4
2221	4
2222	4
2223	4
2224	4
2225	4
2226	4
2227	4
2228	4
2229	4
2230	4
2231	4
2232	4
2233	4
2234	2
2235	2
2236	2
2237	2
2238	2
2239	2
2240	2
2241	2
2242	2
2243	2
2244	2
2245	2
2246	2
2247	2
2248	2
2249	2
2250	2
2251	2
2252	2
2253	2
2254	2
2255	2
2256	2
2257	4
2258	4
2259	3
2260	4
2261	4
2262	4
2263	4
2264	4
2265	4
2266	3
2267	3
2268	3
2269	5
2270	5
2271	5
2272	5
2273	5
2274	5
2275	5
2276	5
2277	5
2278	5
2279	5
2280	5
2281	5
2282	2
2283	2
2284	5
2285	5
2286	5
2287	5
2288	5
2289	2
2290	2
2291	2
2292	5
2293	5
2294	2
2295	2
2296	2
2297	2
2298	2
2299	2
2300	2
2301	2
2302	5
2303	3
2304	3
2305	3
2306	5
2307	5
2308	5
2309	3
2310	3
2311	3
2312	4
2313	5
2314	5
2315	3
2316	4
2317	5
2318	3
2319	3
2320	3
2321	3
2322	5
2323	5
2324	1
2325	3
2326	1
2327	1
2328	1
2329	1
2330	3
2331	1
2332	3
2333	3
2334	4
2335	3
2336	3
2337	3
2338	4
2339	3
2340	3
2341	4
2342	4
2343	3
2344	6
2345	4
2346	4
2347	6
2348	4
2349	4
2350	4
2351	4
2352	4
2353	6
2354	6
2355	5
2356	4
2357	4
2358	6
2359	6
2360	6
2361	6
2362	4
2363	4
2364	4
2365	3
2366	3
2367	3
2368	3
2369	4
2370	4
2371	4
2372	4
2373	4
2374	4
2375	4
2376	4
2377	4
2378	4
2379	4
2380	4
2381	4
2382	4
2383	4
2384	4
2385	4
2386	4
2387	4
2388	4
2389	4
2390	4
2391	4
2392	4
2393	4
2394	4
2395	4
2396	4
2397	4
2398	4
2399	4
2400	4
2401	4
2402	4
2403	2
2404	2
2405	2
2406	2
2407	2
2408	2
2409	2
2410	2
2411	2
2412	2
2413	2
2414	2
2415	2
2416	4
2417	2
2418	4
2419	2
2420	2
2421	2
2422	2
2423	2
2424	2
2425	4
2426	4
2427	4
2428	4
2429	4
2430	4
2431	4
2432	3
2433	4
2434	4
2435	3
2436	3
2437	3
2438	4
2439	3
2440	3
2441	5
2442	3
2443	5
2444	5
2445	5
2446	5
2447	5
2448	5
2449	5
2450	5
2451	5
2452	5
2453	5
2454	5
2455	2
2456	5
2457	5
2458	5
2459	5
2460	5
2461	2
2462	5
2463	5
2464	5
2465	5
2466	3
2467	6
2468	5
2469	4
2470	4
2471	1
2472	5
2473	5
2474	3
2475	3
2476	5
2477	5
2478	3
2479	3
2480	5
2481	5
2482	5
2483	5
2484	5
2485	5
2486	5
2487	5
2488	5
2489	5
2490	3
2491	1
2492	1
2493	1
2494	3
2495	4
2496	3
2497	3
2498	4
2499	4
2500	4
2501	3
2502	3
2503	3
2504	3
2505	3
2506	4
2507	3
2508	4
2509	3
2510	4
2511	4
2512	4
2513	4
2514	4
2515	4
2516	4
2517	4
2518	4
2520	4
2521	4
2522	4
2523	4
2524	4
2525	4
2526	4
2527	4
2528	4
2529	4
2530	4
2531	4
2532	4
2533	4
2534	4
2535	4
2536	4
2537	4
2538	4
2539	4
2540	4
2541	4
2542	4
2543	4
2544	4
2545	4
2546	4
2547	4
2548	4
2549	4
2550	4
2551	4
2552	4
2553	5
2554	4
2555	4
2556	4
2557	4
2558	4
2559	4
2560	4
2561	5
2562	5
2563	4
2564	4
2565	2
2566	2
2567	4
2568	5
2569	2
2570	2
2571	2
2572	2
2573	2
2574	4
2575	4
2576	5
2577	5
2578	5
2579	4
2580	2
2581	2
2582	2
2583	2
2584	2
2585	2
2586	2
2587	2
2588	5
2589	5
2590	4
2591	4
2592	4
2593	4
2594	4
2595	4
2596	4
2597	4
2598	4
2599	3
2600	3
2601	5
2602	3
2603	5
2604	3
2605	3
2606	3
2607	5
2608	5
2609	5
2610	5
2611	5
2612	5
2613	5
2614	5
2615	2
2616	5
2617	5
2618	5
2619	2
2620	5
2621	2
2622	5
2623	2
2624	5
2625	2
2626	5
2627	1
2628	5
2629	3
2630	3
2631	5
2632	3
2633	3
2634	4
2635	5
2636	5
2637	3
2638	3
2639	5
2640	5
2641	3
2642	3
2643	3
2644	5
2645	2
2646	3
2647	5
2648	3
2649	3
2650	3
2651	1
2652	4
2653	4
2654	3
2655	4
2656	3
2657	4
2658	3
2659	4
2660	4
2661	4
2662	4
2663	4
2664	4
2665	4
2666	3
2667	4
2668	4
2669	4
2670	4
2671	4
2672	4
2673	4
2674	2
2675	2
2676	4
2677	4
2678	4
2679	4
2680	4
2681	4
2682	4
2683	2
2684	4
2685	4
2686	4
2687	4
2688	4
2689	4
2690	4
2691	4
2692	4
2693	4
2694	4
2695	4
2696	4
2697	4
2698	4
2699	4
2700	4
2701	4
2702	4
2703	4
2704	4
2705	4
2706	4
2707	4
2708	2
2710	2
2711	2
2712	2
2713	2
2714	2
2715	2
2716	2
2717	2
2718	2
2719	2
2720	2
2721	2
2722	5
2723	2
2724	2
2725	2
2726	2
2727	2
2728	4
2729	2
2730	5
2731	4
2732	2
2733	5
2734	2
2735	5
2736	2
2737	2
2738	2
2739	2
2740	2
2741	4
2742	4
2743	4
2744	4
2745	4
2746	4
2747	4
2748	4
2749	4
2750	4
2751	4
2752	4
2753	4
2754	3
2755	3
2756	3
2757	5
2758	5
2759	4
2760	5
2761	5
2762	3
2763	5
2764	2
2765	2
2766	5
2767	5
2768	5
2769	5
2770	5
2771	5
2772	5
2773	5
2774	5
2775	5
2776	5
2777	5
2778	5
2779	4
2780	2
2781	2
2782	2
2783	4
2784	2
2785	2
2786	2
2787	2
2788	2
2789	2
2790	2
2791	2
2792	2
2793	2
2794	2
2795	4
2796	4
2797	5
2798	4
2799	4
2800	4
2801	3
2802	5
2803	5
2804	3
2805	3
2806	3
2807	5
2808	5
2809	5
2810	3
2811	2
2812	2
2813	2
2814	3
2815	3
2816	2
2817	3
2818	3
2819	4
2820	4
2821	4
2822	3
2823	3
2824	3
2825	6
2826	3
2827	3
2828	4
2829	3
2830	6
2831	6
2832	3
2833	3
2834	4
2835	4
2836	2
2837	2
2838	2
2839	2
2840	2
2841	2
2842	2
2843	2
2844	2
2845	2
2846	2
2847	2
2848	4
2849	5
2850	5
2851	5
2852	5
2853	5
2854	4
2855	4
2856	4
2857	4
2858	4
2859	4
2860	4
2861	4
2862	4
2863	4
2864	4
2865	4
2866	5
2867	4
2868	4
2869	4
2870	4
2871	4
2872	4
2873	4
2874	4
2875	4
2876	4
2877	4
2878	2
2879	2
2880	2
2881	2
2882	2
2883	2
2884	2
2885	2
2886	2
2887	2
2888	2
2889	2
2890	2
2891	2
2892	2
2893	2
2894	2
2895	2
2896	2
2897	2
2898	2
2899	5
2900	5
2901	5
2902	5
2903	5
2904	5
2905	5
2906	5
2907	5
2908	5
2909	5
2910	5
2911	5
2912	5
2913	4
2914	4
2915	4
2916	4
2917	4
2918	4
2919	4
2920	4
2921	4
2922	4
2923	4
2924	3
2925	5
2926	5
2927	5
2928	5
2929	3
2930	5
2931	5
2932	3
2933	5
2934	5
2935	5
2936	2
2937	2
2938	5
2939	2
2940	5
2941	5
2942	2
2943	4
2944	2
2945	4
2946	4
2947	4
2948	5
2949	5
2950	5
2951	2
2952	2
2953	2
2954	2
2955	2
2956	2
2957	2
2958	4
2959	4
2960	4
2961	3
2962	3
2964	5
2965	6
2966	2
2967	3
2968	3
2969	5
2970	5
2971	5
2972	3
2973	3
2974	2
2975	3
2976	2
2977	2
2978	5
2979	2
2980	3
2981	4
2982	5
2983	4
2984	3
2985	3
2986	3
2987	3
2988	3
2989	3
2990	3
2991	3
2992	3
2993	3
2994	3
2995	3
2996	5
2997	5
2998	5
2999	5
3000	5
3001	5
3002	5
3003	5
3004	5
3005	5
3006	5
3007	4
3008	4
3009	4
3010	4
3011	4
3012	4
3013	4
3014	4
3015	4
3016	4
3017	4
3018	4
3019	4
3020	4
3021	4
3022	4
3023	4
3024	4
3025	4
3026	4
3027	4
3028	4
3029	4
3030	4
3031	4
3032	4
3033	4
3034	4
3035	4
3036	4
3037	4
3038	4
3039	4
3040	5
3041	2
3042	2
3043	2
3044	4
3045	2
3046	2
3047	2
3048	2
3049	2
3050	2
3051	2
3052	2
3053	2
3054	2
3055	2
3056	2
3057	2
3058	2
3059	2
3060	2
3061	2
3062	2
3063	2
3064	5
3065	5
3066	5
3067	5
3068	5
3069	5
3070	5
3071	5
3072	5
3073	2
3074	5
3075	2
3076	2
3077	5
3078	2
3079	2
3080	2
3081	4
3082	4
3083	4
3084	4
3085	4
3086	4
3087	4
3088	4
3089	4
3090	4
3091	4
3092	4
3093	3
3094	3
3095	3
3096	3
3097	3
3098	5
3099	5
3100	5
3101	5
3102	5
3103	5
3104	2
3105	4
3106	4
3107	4
3108	2
3109	4
3110	4
3111	4
3112	4
3113	5
3114	5
3115	5
3116	5
3117	5
3118	2
3119	2
3120	2
3121	2
3122	2
3123	2
3124	6
3125	6
3126	4
3127	3
3128	4
3129	3
3130	3
3131	4
3132	3
3133	6
3135	2
3136	3
3137	5
3138	5
3139	4
3140	3
3141	3
3142	5
3143	2
3144	2
3145	5
3146	2
3147	2
3148	4
3149	3
3150	3
3151	3
3152	3
3153	3
3154	3
3155	3
3156	3
3157	3
3158	6
3159	3
3160	3
3161	3
3162	3
3163	5
3164	2
3165	5
3166	5
3167	5
3168	5
3169	2
3170	2
3171	5
3172	4
3173	4
3174	4
3175	4
3176	4
3177	4
3178	4
3179	2
3180	2
3181	2
3184	2
3185	2
3186	2
3187	5
3188	5
3189	4
3190	4
3191	4
3192	4
3193	4
3194	4
3195	4
3196	4
3197	5
3198	4
3199	4
3200	4
3201	4
3202	2
3203	2
3204	2
3205	2
3206	2
3212	2
3213	4
3214	2
3215	2
3216	2
3217	4
3218	4
3219	4
3220	4
3221	4
3222	2
3223	5
3224	5
3225	5
3226	2
3227	2
3228	2
3229	2
3230	2
3231	2
3232	2
3233	2
3234	2
3235	2
3236	2
3237	2
3238	2
3239	2
3240	2
3241	4
3242	4
3243	4
3244	4
3245	4
3246	4
3247	4
3248	5
3249	4
3250	4
3251	5
3252	4
3253	5
3254	5
3255	5
3256	4
3257	5
3258	5
3259	5
3260	4
3261	5
3262	5
3263	5
3264	5
3265	5
3266	5
3267	5
3268	5
3269	5
3270	5
3271	5
3272	5
3273	2
3274	2
3275	2
3276	2
3277	2
3278	2
3279	2
3280	2
3281	4
3282	1
3284	1
3285	2
3286	2
3287	4
3288	5
3289	3
3292	4
3293	3
3294	5
3295	3
3296	5
3297	3
3298	5
3299	2
3300	2
3301	4
3302	3
3303	3
3304	6
3305	3
3306	3
3307	3
3308	3
3309	3
3310	3
3311	3
3312	3
3313	3
3314	6
3315	3
3316	4
3317	6
3318	6
3319	3
3320	6
3321	3
3322	2
3323	3
3324	2
3325	2
3326	2
3327	4
3328	5
3329	2
3330	2
3331	6
3332	6
3333	5
3334	5
3335	5
3336	2
3337	4
3338	4
3339	4
3340	4
3341	5
3342	4
3343	4
3344	4
3345	4
3346	4
3347	4
3348	4
3350	4
3351	4
3352	4
3353	4
3355	4
3356	4
3357	4
3358	4
3359	4
3360	4
3361	4
3362	4
3363	4
3364	4
3365	2
3366	4
3367	4
3368	4
3369	4
3370	4
3371	4
3372	4
3373	4
3374	2
3375	2
3376	2
3377	2
3378	2
3379	2
3380	2
3381	2
3382	2
3383	2
3384	2
3385	2
3386	2
3387	2
3388	2
3389	2
3390	2
3391	2
3392	2
3393	2
3394	2
3395	2
3396	2
3397	2
3398	2
3399	2
3400	5
3401	4
3402	4
3403	4
3404	4
3405	5
3406	4
3407	4
3408	4
3409	4
3410	4
3411	5
3412	5
3413	5
3414	5
3415	5
3416	5
3417	5
3418	5
3419	5
3420	5
3421	5
3422	5
3423	5
3424	5
3425	5
3426	5
3427	5
3428	5
3429	5
3430	5
3431	5
3432	2
3433	5
3434	5
3435	2
3436	2
3437	2
3438	5
3439	3
3440	6
3441	4
3442	2
3443	4
3444	2
3445	2
3446	4
3447	3
3448	4
3449	5
3450	4
3451	3
3452	5
3453	5
3454	5
3455	5
3456	5
3457	5
3458	5
3459	5
3460	4
3461	3
3462	3
3463	3
3464	4
3465	4
3466	4
3467	3
3468	3
3469	4
3470	3
3471	3
3472	6
3473	6
3474	3
3475	3
3476	6
3477	3
3478	6
3479	6
3480	3
3481	3
3482	6
3483	6
3484	6
3485	6
3486	6
3487	6
3488	6
3489	6
3490	6
3491	6
3492	4
3493	6
3494	4
3495	6
3496	4
3497	4
3498	5
3499	4
3500	5
3501	5
3502	5
3503	5
3504	4
3505	4
3506	4
3507	4
3508	4
3509	4
3510	4
3513	4
3514	4
3515	4
3516	4
3517	4
3518	4
3519	4
3520	4
3521	4
3522	4
3523	4
3524	4
3525	2
3526	2
3527	2
3528	2
3529	2
3530	2
3531	4
3533	2
3534	4
3535	4
3536	4
3537	2
3538	4
3539	4
3540	4
3541	4
3542	4
3543	4
3544	4
3545	2
3546	2
3547	2
3548	2
3549	2
3550	2
3551	2
3552	2
3553	2
3554	2
3555	2
3556	2
3557	2
3558	5
3559	5
3560	5
3561	5
3562	5
3563	5
3564	5
3565	5
3566	5
3567	5
3568	5
3569	5
3570	5
3571	4
3572	5
3573	5
3574	4
3575	4
3576	4
3577	5
3578	5
3579	5
3580	5
3581	5
3582	5
3583	3
3584	5
3585	5
3586	2
3587	5
3588	5
3589	5
3590	5
3591	5
3592	5
3593	5
3594	5
3595	2
3596	2
3597	5
3598	4
3599	5
3600	5
3601	5
3602	2
3603	4
3604	5
3605	5
3606	3
3607	5
3608	5
3609	4
3610	4
3611	4
3612	2
3614	5
3615	4
3616	5
3617	5
3618	5
3619	5
3620	5
3621	5
3622	4
3623	3
3624	6
3625	6
3626	6
3627	1
3628	1
3629	3
3630	3
3631	1
3632	3
3633	3
3634	1
3635	1
3636	3
3637	3
3638	3
3639	1
3640	3
3641	3
3642	3
3643	3
3644	3
3645	6
3646	6
3647	6
3648	4
3649	6
3650	6
3651	6
3652	6
3653	6
3654	4
3655	6
3656	6
3657	5
3658	5
3659	4
3660	5
3661	5
3662	4
3663	5
3664	5
3665	5
3666	5
3667	5
3668	4
3669	4
3670	4
3671	4
3672	4
3673	4
3674	4
3675	4
3676	4
3677	4
3678	4
3679	4
3680	4
3681	4
3682	4
3684	4
3685	4
3686	4
3687	4
3688	4
3689	4
3690	4
3691	4
3692	4
3693	4
3694	4
3695	4
3696	4
3697	4
3698	4
3699	4
3700	4
3701	4
3702	4
3703	4
3704	4
3705	2
3706	2
3707	4
3708	4
3709	4
3710	4
3711	5
3712	2
3713	2
3715	2
3717	2
3718	2
3719	2
3720	2
3721	2
3722	2
3723	2
3724	2
3725	2
3726	4
3727	4
3728	4
3729	4
3730	4
3731	4
3732	4
3733	4
3734	5
3735	3
3736	4
3737	4
3738	5
3739	5
3740	3
3741	5
3742	5
3743	5
3744	5
3745	5
3746	5
3747	5
3748	5
3749	5
3750	5
3751	5
3752	5
3753	5
3754	5
3755	5
3756	2
3757	2
3758	4
3759	2
3760	2
3761	2
3762	5
3763	2
3764	2
3768	4
3769	4
3770	5
3771	5
3772	5
3773	5
3774	5
3775	5
3776	5
3777	3
3778	3
3779	6
3780	6
3781	6
3782	6
3783	6
3784	6
3785	6
3786	6
3787	4
3788	6
3789	6
3790	9
3791	9
3792	9
3793	9
3794	9
3795	9
3796	9
3797	9
3798	9
3799	9
3800	9
3801	9
3802	9
3803	9
3804	9
3805	9
3806	9
3807	9
3808	9
3809	9
3810	9
3811	9
3812	9
3813	9
3814	9
3815	9
3816	9
3817	9
3818	9
3819	9
3820	9
3821	9
3822	9
3823	9
3824	9
3825	9
3826	9
3827	8
3828	9
3829	9
3830	8
3831	8
3832	8
3833	9
3834	9
3835	8
3836	9
3837	9
3838	9
3839	8
3840	9
3841	8
3842	8
3843	8
3844	9
3845	9
3846	8
3847	9
3848	9
3849	8
3850	8
3851	8
3852	8
3853	8
3854	8
3855	8
3856	8
3857	9
3858	9
3859	8
3860	8
3861	8
3862	8
3863	8
3864	9
3865	9
3866	8
3867	8
3868	9
3869	8
3870	9
3871	9
3872	9
3873	9
3874	8
3875	8
3876	8
3877	9
3878	8
3879	9
3880	8
3883	8
3884	8
3885	8
3886	8
3887	8
3888	8
3889	8
3890	8
3892	9
3893	8
3894	8
3897	9
3898	9
3899	9
3900	9
3901	9
3902	9
3903	9
3904	8
3905	8
3906	8
3907	8
3908	8
3909	8
3910	9
3911	9
3912	8
3913	9
3914	9
3915	9
3916	9
3917	9
3918	9
3919	9
3920	9
3921	9
3922	9
3923	9
3924	9
3925	9
3926	9
3927	9
3928	9
3929	9
3930	9
3931	9
3932	8
3933	9
3934	9
3935	9
3936	9
3937	9
3938	8
3939	8
3940	8
3941	9
3942	9
3943	9
3944	9
3945	9
3946	9
3947	9
3948	9
3949	9
3950	9
3951	9
3952	9
3953	9
3954	9
3955	9
3956	9
3957	9
3958	9
3959	9
3960	9
3961	9
3962	9
3963	9
3964	9
3965	9
3966	9
3967	9
3968	9
3969	9
3970	9
3971	9
3972	8
3973	8
3974	9
3975	9
3976	9
3977	9
3978	9
3979	9
3980	9
3981	9
3982	8
3983	9
3985	9
3986	8
3987	3
3988	1
3989	3
3990	1
3991	1
3992	1
3993	3
3994	1
3995	3
3996	1
3997	3
3998	3
3999	1
4000	1
4001	1
4002	3
4003	3
4004	1
4005	1
4006	1
4007	3
4008	3
4009	3
4010	1
4011	1
4012	1
4013	3
4014	3
4015	1
4016	3
4017	3
4018	3
4019	1
4020	1
4021	3
4022	1
4023	3
4024	3
4025	1
4026	3
4027	3
4028	1
4029	1
4030	1
4031	1
4032	3
4033	1
4034	3
4035	3
4036	3
4037	3
4038	3
4039	3
4040	3
4041	1
4042	1
4043	1
4044	1
4045	1
4046	3
4047	1
4048	3
4049	5
4050	1
4051	5
4052	0
4053	0
4054	0
4055	5
4056	0
4057	0
4058	0
4059	0
4060	0
4061	3
4062	3
4063	3
4064	3
4065	0
4066	3
4067	3
4068	3
4069	3
4070	3
4071	3
4072	3
4073	3
4074	3
4075	3
4076	0
4077	0
4078	0
4079	1
4080	1
4081	1
4082	1
4083	1
4084	1
4085	1
4086	1
4087	1
4088	1
4089	1
4090	1
4091	1
4092	1
4093	1
4094	1
4095	1
4096	1
4097	1
4098	1
4099	1
4100	1
4101	1
4102	1
4103	1
4104	1
4105	1
4106	3
4107	8
4108	1
4109	1
4110	3
4111	1
4112	1
4113	6
4114	1
4115	1
4116	3
4117	1
4118	1
4119	1
4120	1
4121	1
4122	3
4123	1
4124	1
4125	1
4126	6
4127	1
4128	1
4129	6
4130	1
4131	0
4132	1
4133	1
4134	1
4135	3
4136	1
4137	1
4138	1
4139	1
4140	1
4141	1
4142	1
4143	1
4144	8
4145	1
4146	1
4147	1
4148	6
4149	8
4150	3
4151	1
4152	3
4153	1
4154	1
4155	1
4156	3
4157	1
4158	1
4159	1
4160	3
4161	7
4162	1
4163	1
4164	1
4165	7
4166	7
4167	7
4168	7
4169	7
4170	1
4171	1
4172	1
4173	7
4174	7
4175	1
4176	1
4177	1
4178	7
4179	7
4180	1
4181	3
4182	3
4183	1
4184	1
4185	1
4186	1
4187	1
4188	1
4189	7
4190	7
4191	7
4192	7
4193	7
4194	7
4195	7
4196	7
4197	1
4198	7
4199	7
4200	7
4201	7
4202	7
4203	1
4204	7
4205	1
4206	1
4207	1
4208	1
4209	8
4210	8
4211	8
4212	8
4213	8
4214	8
4215	8
4216	8
4217	8
4218	8
4219	8
4220	8
4221	8
4222	9
4223	9
4224	9
4225	8
4226	9
4227	8
4228	9
4229	9
4230	9
4231	9
4232	9
4233	9
4234	9
4235	9
4236	9
4237	9
4238	9
4239	9
4240	9
4241	9
4242	9
4243	9
4244	9
4245	9
4246	8
4247	9
4248	9
4249	9
4250	9
4251	9
4252	9
4253	8
4254	8
4255	8
4256	8
4257	8
4258	8
4259	8
4260	8
4261	8
4262	8
4263	8
4264	9
4265	9
4266	7
4267	7
4268	7
4269	7
4270	7
4271	7
4272	7
4273	7
4274	7
4275	7
4276	9
4277	7
4278	9
4279	1
4280	1
4281	1
4282	1
4283	1
4284	1
4285	1
4286	1
4287	1
4288	1
4289	7
4290	1
4291	1
4292	1
4293	7
4294	7
4295	7
4296	7
4297	7
4298	7
4299	7
4300	7
4301	7
4302	7
4303	7
4304	7
4305	7
4306	7
4307	1
4308	7
4309	7
4310	9
4311	1
4312	7
4313	9
4314	7
4315	7
4316	9
4317	9
4318	7
4319	7
4320	9
4321	7
4322	1
4323	7
4324	7
4325	9
4326	9
4327	9
4328	7
4329	1
4330	1
4331	1
4332	1
4333	1
4334	1
4335	1
4336	1
4337	1
4338	1
4339	1
4340	9
4341	1
4342	1
4343	7
4344	1
4345	1
4346	7
4347	1
4348	7
4349	7
4350	1
4351	1
4352	9
4353	7
4354	9
4355	7
4356	7
4357	9
4358	9
4359	9
4360	7
4361	1
4362	7
4363	1
4364	7
4365	7
4366	7
4367	7
4368	7
4369	1
4370	7
4371	1
4372	9
4373	9
4374	1
4375	7
4376	1
4377	1
4378	7
4379	1
4380	1
4381	7
4382	7
4383	7
4384	7
4385	1
4386	7
4387	7
4388	1
4389	7
4390	1
4391	9
4392	1
4393	7
4394	9
4395	1
4396	1
4397	1
4398	1
4399	7
4400	7
4401	9
4402	1
4403	1
4404	1
4405	7
4406	1
4407	7
4408	7
4409	7
4410	7
4411	7
4412	7
4413	7
4414	7
4415	1
4416	7
4417	7
4418	7
4419	7
4420	9
4421	7
4422	7
4423	1
4424	7
4425	1
4426	1
4427	1
4428	9
4429	7
4430	1
4431	1
4432	7
4433	7
4434	7
4435	7
4436	7
4437	7
4438	7
4439	7
4440	1
4441	7
4442	7
4443	1
4444	1
4445	1
4446	7
4447	7
4448	7
4449	7
4450	7
4451	1
4452	7
4453	0
4454	1
4455	7
4456	9
4457	1
4458	1
4459	1
4460	9
4461	9
4462	1
4463	9
4464	1
4465	7
4466	9
4467	1
4468	7
4469	7
4470	1
4471	1
4472	1
4473	1
4474	7
4475	9
4476	7
4477	7
4478	7
4479	9
4480	0
4481	0
4482	0
4483	7
4484	7
4485	7
4486	7
4487	7
4488	7
4489	7
4490	0
4496	0
4497	9
4498	0
4499	0
4500	0
4501	0
4502	0
4503	0
4504	0
4510	0
4511	0
4512	0
4513	0
4514	0
4515	0
4516	9
4517	0
4518	9
4519	0
4520	0
4521	0
4522	8
4523	0
4524	0
4525	0
4526	0
4527	7
4528	7
4529	7
4530	7
4531	7
4532	7
4533	7
4534	7
4535	7
4536	7
4537	7
4538	7
4539	7
4540	7
4541	7
4542	7
4543	7
4544	7
4545	7
4546	7
4547	7
4548	7
4549	7
4550	7
4551	7
4552	7
4553	7
4554	1
4555	1
4556	6
4557	6
4558	6
4559	6
4560	6
4561	6
4562	6
4563	6
4564	6
4565	6
4566	6
4567	6
4568	6
4569	6
4570	6
4571	6
4572	6
4573	3
4574	6
4575	6
4576	6
4577	1
4578	3
4579	3
4580	3
4581	6
4582	3
4583	6
4584	6
4585	6
4586	9
4587	9
4588	3
4589	3
4590	6
4591	6
4592	6
4596	6
4597	9
4599	9
4600	9
4601	9
4602	9
4603	9
4607	9
4608	6
4609	6
4610	6
4611	6
4612	6
4613	6
4614	6
4615	6
4616	6
4617	9
4618	8
4619	9
4620	9
4621	3
4622	6
4623	3
4624	6
4625	6
4626	6
4627	6
4628	1
4629	3
4630	3
4631	3
4632	3
4633	6
4634	6
4635	6
4636	6
4637	6
4638	9
4639	9
4640	9
4641	9
4642	3
4643	6
4644	6
4645	6
4646	6
4647	6
4648	6
4649	6
4650	6
4651	6
4652	6
4653	9
4654	9
4655	9
4656	9
4657	6
4658	6
4659	3
4660	6
4661	3
4662	6
4663	3
4664	6
4665	6
4666	6
4667	6
4668	6
4669	6
4670	6
4671	6
4672	3
4673	6
4674	6
4675	3
4676	3
4677	3
4678	6
4679	3
4680	1
4681	6
4682	1
4683	3
4684	6
4685	6
4686	6
4687	6
4688	6
4689	6
4690	6
4691	6
4692	6
4693	3
4694	6
4695	3
4696	6
4697	6
4698	3
4699	6
4700	3
4701	3
4702	6
4703	3
4704	6
4705	6
4706	6
4707	6
4708	6
4709	6
4710	6
4711	6
4712	6
4713	6
4714	6
4715	6
4716	6
4717	6
4718	6
4719	6
4720	3
4721	3
4722	6
4723	3
4724	6
4725	6
4726	6
4727	6
4728	6
4729	6
4730	6
4731	6
4732	6
4733	6
4734	6
4735	6
4736	6
4737	6
4738	6
4739	6
4740	6
4741	6
4742	6
4743	6
4744	6
4745	6
4746	6
4747	6
4748	6
4749	6
4750	6
4751	6
4752	6
4753	6
4754	6
4755	6
4756	6
4757	6
4758	6
4759	6
4760	6
4761	6
4762	6
4763	6
4764	6
4765	6
4766	6
4767	6
4768	6
4769	6
4770	6
4771	6
4772	6
4773	6
4774	6
4775	6
4776	6
4777	6
4778	6
4779	6
4780	6
4781	6
4782	6
4783	6
4784	9
4785	6
4786	6
4787	3
4788	6
4789	6
4790	6
4791	6
4792	6
4793	6
4794	6
4795	6
4796	6
4797	6
4798	6
4799	6
4800	6
4801	6
4802	6
4803	6
4804	6
4805	6
4806	3
4807	6
4808	6
4809	6
4810	3
4811	6
4812	6
4813	3
4815	8
4816	9
4817	9
4818	9
4819	9
4820	9
4821	9
4822	9
4823	9
4826	6
4827	6
4828	6
4829	6
4830	6
4831	6
4832	6
4833	6
4834	6
4835	6
4836	6
4837	6
4838	6
4839	6
4840	6
4841	6
4842	6
4843	6
4844	6
4845	3
4846	6
4847	6
4848	6
4849	6
4850	6
4851	6
4852	6
4853	6
4854	6
4855	6
4856	6
4857	6
4858	6
4859	6
4860	6
4861	6
4862	6
4863	6
4864	6
4865	6
4866	6
4867	6
4868	3
4869	6
4870	6
4871	6
4872	1
4873	3
4874	3
4875	3
4876	1
4877	6
4878	6
4879	6
4880	6
4881	6
4882	6
4883	6
4884	6
4885	6
4886	6
4887	6
4888	6
4889	6
4890	6
4891	6
4892	6
4893	6
4894	6
4895	6
4896	6
4897	6
4898	3
4899	6
4900	0
4901	6
4902	6
4903	6
4904	6
4905	6
4906	6
4907	6
4908	6
4909	6
4910	6
4911	6
4912	6
4913	6
4914	6
4915	6
4916	6
4917	6
4918	3
4919	6
4920	6
4921	6
4922	6
4923	6
4924	6
4925	6
4926	6
4927	6
4928	6
4929	6
4930	6
4931	6
4932	6
4933	6
4934	3
4935	1
4936	1
4937	3
4938	3
4939	6
4940	3
4941	6
4942	6
4943	6
4944	6
4945	6
4946	6
4947	6
4948	9
4949	9
4950	9
4951	9
4953	9
4954	9
4955	9
4956	9
4958	9
4959	9
4961	9
4966	9
4968	1
4969	1
4970	1
4971	1
4972	1
4973	1
4974	1
4975	1
4976	1
4977	1
4978	9
4979	8
4980	9
4981	9
4982	9
4983	9
4984	9
4985	9
4986	9
4987	9
4988	9
4989	9
4990	9
4991	9
4992	9
4993	9
4994	9
4995	9
4996	1
4997	9
4998	9
4999	9
5000	9
5001	9
5002	9
5003	9
5004	1
5005	9
5006	9
5007	1
5008	9
5009	9
5010	1
5011	9
5012	1
5013	1
5014	9
5015	1
5016	9
5017	1
5018	1
5019	1
5020	9
5021	9
5022	1
5023	9
5024	9
5025	9
5026	9
5027	9
5028	9
5029	9
5030	9
5031	3
5032	9
5033	3
5034	9
5035	9
5036	9
5037	9
5038	8
5039	8
5040	9
5041	9
5042	8
5043	8
5044	8
5045	8
5046	9
5047	9
5048	9
5049	9
5050	8
5051	8
5052	8
5053	8
5054	9
5055	9
5058	9
5059	1
5063	9
5066	3
5067	3
5068	1
5069	3
5070	3
5071	9
5072	1
5073	1
5074	1
5075	1
5076	1
5077	1
5078	1
5079	1
5080	1
5081	9
5082	9
5083	9
5084	1
5085	1
5086	9
5087	9
5088	1
5089	1
5090	1
5091	1
5092	3
5093	3
5094	3
5095	3
5096	3
5097	9
5098	3
5099	9
5100	9
5101	9
5102	9
5103	3
5104	9
5105	9
5106	3
5107	9
5108	9
5109	9
5110	9
5111	0
5112	9
5113	9
5114	9
5115	9
5116	8
5117	3
5118	0
5119	2
5120	3
5121	2
5122	2
5123	3
5124	8
5125	5
5126	2
5127	5
5128	2
5129	2
5130	2
5131	5
5132	3
5133	2
5134	1
5135	3
5136	3
5137	3
5138	9
5139	3
5140	5
5141	5
5142	5
5143	5
5144	2
5145	5
5146	2
5147	3
5148	3
5149	2
5150	2
5151	3
5152	3
5153	3
5154	1
5155	1
5156	3
5157	9
5158	3
5159	3
5160	9
5161	3
5162	2
5163	2
5164	2
5165	2
5166	2
5167	3
5168	8
5169	8
5170	2
5171	2
5172	1
5173	9
5174	3
5175	2
5176	3
5177	5
5178	1
5179	2
5180	3
5181	3
5182	3
5183	1
5184	3
5185	3
5186	2
5187	2
5188	1
5189	3
5190	1
5191	2
5192	2
5193	2
5194	2
5195	2
5196	2
5197	2
5198	2
5199	3
5200	3
5201	3
5202	1
5203	3
5204	1
5205	3
5206	9
5207	3
5208	2
5209	2
5210	2
5211	3
5212	2
5213	9
5214	3
5215	3
5216	2
5217	3
5218	2
5219	8
5220	8
5221	2
5222	2
5223	8
5224	1
5225	3
5226	2
5227	2
5228	3
5229	3
5230	2
5231	5
5232	5
5233	3
5234	3
5235	5
5236	2
5237	2
5238	9
5239	3
5240	3
5241	3
5242	2
5243	3
5244	3
5245	1
5246	3
5247	1
5248	1
5249	8
5250	2
5251	2
5252	2
5253	3
5254	1
5255	2
5256	2
5257	2
5258	2
5259	8
5260	1
5261	8
5262	8
5263	8
5264	8
5265	8
5266	8
5267	3
5268	2
5269	5
5270	5
5271	5
5272	5
5273	3
5274	5
5275	3
5276	1
5277	3
5278	2
5279	3
5280	9
5281	3
5282	3
5283	3
5284	3
5285	2
5286	5
5287	2
5288	2
5289	2
5290	2
5291	2
5292	5
5293	5
5294	2
5295	2
5296	5
5297	3
5298	2
5299	3
5300	3
5301	3
5302	3
5303	8
5304	8
5305	8
5306	3
5307	8
5308	8
5309	8
5310	8
5311	2
5312	5
5313	2
5314	2
5315	1
5316	5
5317	2
5318	3
5319	1
5320	5
5321	1
5322	9
5324	1
5325	3
5326	3
5327	2
5328	3
5329	3
5330	5
5331	2
5332	2
5333	3
5334	3
5335	5
5336	2
5337	5
5338	2
5339	5
5340	5
5341	5
5342	3
5343	2
5344	2
5345	2
5346	2
5347	2
5348	3
5349	2
5350	3
5351	2
5352	3
5353	9
5354	2
5355	2
5356	2
5357	3
5358	8
5359	8
5360	8
5361	8
5362	2
5363	2
5364	2
5365	2
5366	2
5367	5
5368	5
5369	5
5370	5
5371	5
5372	5
5373	2
5374	2
5375	2
5376	2
5377	3
5378	2
5379	2
5380	2
5381	3
5382	2
5383	3
5384	2
5385	3
5386	2
5387	5
5388	5
5389	5
5390	5
5391	5
5392	2
5393	2
5394	2
5395	2
5396	2
5397	2
5398	1
5399	2
5400	1
5401	3
5402	3
5403	5
5404	2
5405	5
5406	2
5407	2
5408	2
5409	5
5410	5
5411	5
5412	2
5413	2
5414	2
5415	2
5416	2
5417	2
5418	1
5419	2
5420	2
5421	2
5422	3
5423	2
5424	5
5425	2
5426	1
5427	2
5428	2
5429	5
5430	5
5431	5
5432	2
5433	5
5434	2
5435	2
5436	2
5437	2
5438	2
5439	5
5440	2
5441	2
5442	2
5443	3
5444	3
5445	2
5446	2
5447	2
5448	2
5449	2
5450	2
5451	2
5452	5
5453	2
5454	2
5455	2
5456	3
5457	2
5458	9
5459	3
5460	2
5461	2
5462	2
5463	5
5464	9
5465	3
5466	8
5467	9
5468	2
5469	3
5470	3
5471	2
5472	9
5473	3
5474	2
5475	2
5476	3
5477	3
5478	2
5479	3
5480	9
5481	2
5482	2
5483	5
5484	2
5485	3
5486	2
5487	2
5488	2
5489	2
5490	2
5491	2
5492	2
5493	3
5494	2
5495	2
5496	5
5497	2
5498	9
5499	3
5500	2
5501	2
5502	2
5503	2
5504	2
5505	2
5506	2
5507	2
5508	2
5509	3
5510	2
5511	2
5512	3
5513	3
5514	3
5515	1
5516	5
5517	2
5518	3
5519	3
5520	5
5521	1
5522	9
5523	2
5524	2
5525	2
5526	5
5527	2
5528	2
5529	2
5530	2
5531	2
5532	2
5533	3
5534	3
5535	3
5536	5
5537	2
5538	2
5539	2
5540	2
5541	2
5542	2
5543	5
5544	2
5545	5
5546	2
5547	2
5548	2
5549	3
5550	3
5551	2
5552	2
5553	2
5554	2
5555	2
5556	3
5557	3
5558	3
5559	3
5560	3
5561	3
5562	2
5563	3
5564	3
5565	3
5566	3
5567	3
5568	3
5569	2
5570	3
5571	3
5572	3
5573	5
5574	1
5575	9
5576	2
5577	2
5578	2
5579	2
5580	2
5581	5
5582	5
5583	5
5584	5
5585	5
5586	2
5587	2
5588	2
5589	2
5590	2
5591	3
5592	2
5593	3
5594	3
5595	3
5596	2
5597	2
5598	2
5599	2
5600	2
5601	1
5602	3
5603	9
5604	3
5605	3
5606	3
5607	3
5608	2
5609	3
5610	9
5611	2
5612	3
5613	3
5614	3
5615	2
5616	5
5617	9
5618	5
5619	5
5620	9
5621	2
5622	3
5623	2
5624	2
5625	8
5626	3
5627	2
5628	2
5629	1
5630	2
5631	2
5632	2
5633	2
5634	2
5635	2
5636	2
5637	5
5638	2
5639	5
5640	5
5641	3
5642	1
5643	2
5644	2
5645	2
5646	8
5647	2
5648	2
5649	3
5650	8
5651	3
5652	3
5653	2
5654	2
5655	2
5656	2
5657	2
5658	1
5659	2
5660	5
5661	2
5662	3
5663	2
5664	1
5665	2
5666	2
5667	2
5668	1
5669	2
5670	3
5671	3
5672	2
5673	2
5674	2
5675	9
5676	3
5677	1
5678	2
5679	2
5680	2
5681	2
5682	2
5683	2
5684	2
5685	3
5686	1
5687	9
5688	5
5689	1
5690	8
5691	3
5692	8
5693	3
5694	3
5695	8
5696	8
5697	2
5698	8
5699	5
5700	2
5701	5
5702	2
5703	2
5704	2
5705	8
5706	2
5707	2
5708	2
5709	2
5710	2
5711	2
5712	2
5713	1
5714	3
5715	2
5716	9
5717	2
5718	2
5719	2
5720	1
5721	9
5722	5
5723	3
5725	2
5726	2
5727	2
5728	3
5729	2
5730	2
5731	3
5732	3
5733	2
5734	2
5735	2
5736	2
5737	2
5738	3
5739	1
5740	2
5741	3
5742	2
5743	3
5744	2
5745	2
5746	2
5747	3
5748	2
5749	2
5750	2
5751	2
5752	2
5753	2
5754	2
5755	2
5756	3
5757	9
5758	1
5759	2
5766	3
5767	3
5768	2
5769	3
5770	1
5771	2
5772	5
5773	1
5774	2
5775	3
5776	3
5777	3
5778	2
5779	2
5780	3
5781	2
5782	3
5783	9
5784	1
5785	9
5786	1
5787	1
5788	1
5789	3
5790	1
5791	1
5792	1
5793	1
5794	3
5795	2
5796	2
5797	3
5798	3
5799	2
5800	8
5801	2
5802	2
5803	2
5804	2
5805	3
5806	3
5807	1
5810	1
5811	5
5812	2
5813	1
5814	9
5815	1
5816	9
5817	9
5818	1
5819	2
5820	2
5821	8
5822	3
5823	2
5824	2
5825	5
5826	2
5827	2
5828	1
5829	3
5830	5
5831	3
5832	9
5833	8
5834	3
5835	9
5836	3
5837	3
5838	9
5839	1
5840	3
5841	3
5842	1
5843	3
5844	8
5845	2
5846	3
5847	2
5848	3
5849	3
5850	2
5851	2
5852	2
5853	5
5854	2
5855	3
5856	3
5857	3
5858	3
5859	2
5860	3
5861	3
5862	3
5863	1
5864	5
5865	2
5866	5
5867	5
5868	5
5869	2
5870	3
5871	3
5872	2
5873	2
5874	2
5875	1
5876	3
5877	3
5878	1
5879	8
5880	1
5881	1
5882	3
5883	3
5884	9
5885	3
5886	3
5887	2
5888	3
5889	3
5890	3
5891	7
5892	7
5893	7
5894	7
5895	7
5896	7
5897	7
5898	7
5899	7
5900	7
5901	7
5902	7
5903	7
5904	7
5905	7
5906	7
5907	7
5908	7
5909	7
5910	7
5911	7
5912	7
5913	7
5914	7
5915	7
5916	7
5917	7
5918	7
5919	7
5920	7
5921	7
5922	7
5923	7
5924	7
5925	7
5926	7
5927	7
5928	7
5929	7
5930	7
5931	7
5932	7
5933	7
5934	7
5935	7
5936	7
5937	7
5938	7
5939	7
5940	7
5941	7
5942	7
5943	7
5944	7
5945	7
5946	7
5947	7
5948	7
5949	7
5950	7
5951	7
5952	7
5953	7
5954	7
5955	7
5956	7
5957	7
5958	7
5959	7
5960	7
5961	7
5962	7
5963	7
5964	7
5965	7
5966	7
5967	7
5968	7
5969	7
5970	7
5971	7
5972	7
5973	7
5974	7
5975	7
5976	7
5977	7
5978	7
5979	7
5980	7
5981	7
5982	7
5983	7
5984	7
5985	7
5986	7
5987	7
5988	7
5989	7
5990	7
5991	7
5992	7
5993	7
5994	7
5995	7
5996	7
5997	7
5998	7
5999	7
6000	7
6001	7
6002	7
6003	7
6004	7
6005	7
6006	7
6007	7
6008	7
6009	7
6010	7
6011	7
6012	7
6013	7
6014	7
6015	7
6016	7
6017	7
6018	7
6019	7
6020	7
6021	7
6022	7
6023	7
6024	7
6025	7
6026	7
6027	7
6028	7
6029	7
6030	7
6031	7
6032	7
6033	7
6034	7
6035	7
6036	7
6037	7
6038	7
6039	7
6040	7
6041	7
6042	7
6043	7
6044	7
6045	7
6046	7
6047	7
6048	7
6049	7
6050	7
6051	7
6052	7
6053	7
6054	7
6055	7
6056	7
6057	7
6058	7
6059	7
6060	7
6061	7
6062	7
6063	7
6064	7
6065	7
6066	7
6067	7
6068	7
6069	7
6070	7
6071	7
6072	7
6073	7
6074	7
6075	7
6076	7
6077	7
6078	7
6079	7
6080	7
6081	7
6082	7
6083	7
6084	7
6085	7
6086	7
6087	7
6088	7
6089	7
6090	7
6091	7
6092	7
6093	7
6094	7
6095	7
6096	7
6097	7
6098	7
6099	7
6100	7
6101	7
6102	7
6103	7
6104	7
6105	7
6106	7
6107	7
6108	7
6109	7
6110	7
6111	7
6112	7
6113	7
6114	7
6115	7
6116	7
6117	7
6118	7
6119	7
6120	7
6121	7
6122	7
6123	7
6124	7
6125	7
6126	7
6127	7
6128	7
6129	7
6130	7
6131	7
6132	7
6133	7
6134	7
6135	7
6136	7
6137	7
6138	7
6139	7
6140	7
6141	7
6142	7
6143	7
6144	7
6145	7
6146	7
6147	7
6148	7
6149	7
6150	7
6151	7
6152	7
6153	7
6154	7
6155	7
6156	7
6157	7
6158	7
6159	7
6160	7
6161	7
6162	7
6163	7
6164	7
6165	7
6166	7
6167	7
6168	7
6169	7
6170	7
6171	7
6172	7
6173	7
6174	7
6175	7
6176	7
6177	7
6178	7
6179	7
6180	7
6181	7
6182	7
6183	7
6184	7
6185	7
6186	7
6187	7
6188	7
6189	7
6190	1
6191	7
6192	7
6193	7
6194	7
6195	7
6196	7
6197	7
6198	7
6199	7
6200	7
6201	7
6202	7
6203	7
6204	9
6205	7
6206	7
6207	7
6208	7
6209	7
6210	7
6211	7
6212	9
6213	1
6214	7
6215	7
6216	7
6217	7
6218	7
6219	7
6220	7
6221	7
6222	7
6223	7
6224	9
6225	7
6226	7
6227	7
6228	7
6229	7
6230	7
6231	7
6232	7
6233	7
6234	7
6235	7
6236	7
6237	7
6238	7
6239	9
6240	8
6241	9
6242	9
6243	9
6244	9
6245	9
6246	9
6247	9
6248	9
6249	9
6250	9
6251	9
6252	9
6253	9
6254	9
6255	9
6256	6
6257	6
6258	9
6259	6
6260	9
6261	9
6262	9
6263	9
6264	9
6265	9
6266	9
6267	9
6268	9
6269	9
6270	9
6271	9
6272	9
6273	9
6274	9
6275	0
6276	8
6277	8
6278	9
6279	9
6280	8
6281	9
6282	0
6283	0
6284	8
6285	9
6286	9
6287	9
6288	0
6289	9
6290	8
6291	9
6292	9
6293	9
6294	8
6295	3
6296	0
6297	6
6298	6
6299	0
6300	0
6301	0
6302	0
6303	0
6304	6
6305	8
6306	0
6307	0
6308	6
6309	0
6310	0
6311	0
6312	9
6313	8
6314	0
6315	0
6316	0
6317	0
6318	0
6319	8
6320	6
6321	6
6322	0
6323	0
6324	0
6325	8
6326	8
6327	9
6328	9
6329	9
6330	9
6331	9
6332	9
6333	9
6334	9
6335	8
6336	8
6337	8
6338	9
6339	9
6340	9
6341	0
6342	8
6343	0
6344	8
6345	0
6346	9
6347	0
6348	9
6349	8
6350	9
6351	9
6352	9
6353	8
6354	9
6355	9
6356	9
6357	6
6358	3
6359	3
6360	0
6361	3
6362	0
6363	9
6364	9
6365	0
6366	6
6367	6
6368	1
6369	9
6370	6
6371	0
6372	0
6373	0
6374	0
6375	1
6376	9
6377	9
6378	9
6379	9
6380	9
6381	9
6382	9
6383	0
6384	9
6385	9
6386	0
6387	9
6388	8
6389	8
6390	9
6391	8
6392	8
6393	6
6394	6
6395	9
6396	6
6397	8
6398	9
6399	9
6400	9
6401	8
6402	9
6403	9
6404	8
6405	9
6406	6
6407	6
6408	1
6409	6
6410	8
6411	0
6412	9
6413	0
6414	0
6415	0
6416	8
6417	9
6418	9
6419	0
6420	9
6421	6
6422	3
6423	9
6424	9
6425	8
6426	8
6427	9
6428	9
6429	9
6430	9
6431	9
6432	9
6433	9
6435	9
6436	8
6437	8
6438	9
6439	9
6440	8
6441	9
6442	8
6443	9
6444	9
6445	6
6446	0
6447	1
6448	1
6449	0
6450	1
6451	8
6452	8
6453	8
6454	6
6455	9
6456	9
6457	1
6458	9
6459	9
6460	9
6461	9
6462	9
6463	9
6464	9
6465	6
6466	6
6467	0
6468	0
6469	8
6470	0
6471	6
6472	9
6474	6
6475	9
6476	9
6477	9
6478	1
6479	0
6480	9
6481	0
6482	0
6483	6
6484	1
6485	0
6486	0
6487	0
6488	8
6489	9
6490	9
6491	0
6492	3
6493	9
6494	9
6495	9
6496	9
6497	9
6498	9
6499	9
6500	6
6501	0
6502	9
6503	0
6504	8
6505	9
6506	3
6507	0
6508	9
6509	6
6510	9
6511	0
6512	9
6513	9
6514	0
6515	9
6516	6
6517	9
6518	0
6519	0
6520	0
6521	0
6522	9
6523	9
6524	9
6525	8
6526	9
6527	9
6528	0
6529	9
6530	9
6531	9
6532	6
6533	6
6534	6
6535	8
6536	9
6537	8
6538	9
6539	6
6540	9
6541	6
6542	6
6543	3
6544	6
6545	3
6546	6
6547	9
6548	0
6549	0
6550	0
6551	6
6552	1
6553	9
6554	9
6555	9
6556	0
6557	0
6558	8
6559	9
6560	9
6561	8
6562	0
6563	0
6564	0
6565	0
6566	1
6567	1
6568	1
6569	0
6570	1
6571	1
6572	1
6573	1
6574	1
6575	1
6576	1
6577	1
6578	1
6579	1
6580	0
6581	1
6582	1
6583	1
6584	1
6585	1
6586	1
6587	1
6588	1
6589	1
6590	1
6591	1
6592	1
6593	1
6594	1
6595	1
6596	1
6597	1
6598	1
6599	1
6600	1
6601	1
6602	1
6603	0
6604	0
6605	1
6606	1
6607	1
6608	0
6609	0
6610	0
6611	0
6612	0
6613	1
6614	0
6615	0
6616	0
6617	0
6618	0
6619	0
6620	0
6621	0
6622	0
6623	0
6624	8
6625	9
6626	9
6627	1
6628	1
6629	1
6630	1
6631	1
6632	8
6633	8
6634	1
6635	1
6636	8
6637	8
6638	1
6639	1
6640	1
6641	3
6642	1
6643	8
6644	8
6645	1
6646	8
6647	3
6648	8
6650	8
6651	8
6652	8
6653	8
6654	8
6655	8
6656	8
6657	8
6658	8
6659	8
6660	1
6661	1
6662	3
6663	8
6664	8
6665	8
6666	8
6667	8
6668	3
6669	3
6671	1
6672	8
6679	8
6683	3
6684	8
6685	3
6686	1
6687	3
6688	1
6689	3
6690	8
6691	1
6692	8
6693	9
6694	8
6695	8
6696	3
6697	8
6698	8
6699	3
6700	3
6701	9
6702	3
6703	3
6704	3
6705	3
6706	3
6707	3
6708	3
6709	3
6710	3
6711	8
6712	1
6713	8
6714	8
6715	8
6716	8
6717	8
6718	3
6719	9
6720	3
6721	8
6722	3
6723	3
6724	3
6725	3
6726	9
6727	3
6728	3
6729	3
6730	3
6731	8
6732	8
6733	3
6734	3
6735	8
6736	8
6737	8
6738	8
6739	8
6740	1
6741	8
6742	1
6743	8
6744	8
6745	8
6746	8
6747	8
6748	8
6749	8
6750	8
6751	8
6752	8
6753	1
6754	3
6755	3
6756	3
6757	9
6758	8
6759	8
6760	1
6761	9
6762	9
6763	9
6764	7
6765	7
6766	7
6767	7
6768	1
6769	7
6770	7
6771	7
6772	7
6773	1
6774	7
6775	7
6776	7
6777	7
6778	1
6779	1
6780	7
6781	7
6782	7
6783	7
6784	7
6785	7
6786	7
6787	7
6788	7
6789	7
6790	7
6791	7
6792	7
6793	7
6794	7
6795	7
6796	1
6797	7
6798	7
6799	7
6800	7
6801	7
6802	7
6803	7
6804	7
6805	7
6806	7
6807	1
6808	7
6809	7
6810	7
6811	7
6812	7
6813	7
6814	7
6815	7
6816	7
6817	7
6818	7
6819	7
6820	1
6821	5
6822	3
6823	1
6824	1
6825	1
6826	1
6827	1
6828	0
6829	0
6830	1
6831	0
6832	7
6833	0
6834	0
6835	0
6836	0
6837	0
6838	0
6839	0
6840	0
6841	0
6842	9
6843	9
6844	0
6845	9
6846	0
6847	0
6848	0
6849	7
6850	0
6851	1
6852	7
6853	7
6854	1
6855	1
6856	0
6857	5
6858	0
6859	3
6860	1
6861	0
6862	3
6863	1
6864	1
6865	5
6866	5
6867	5
6868	0
6869	5
6870	3
6871	3
6872	3
6873	1
6874	1
6875	1
6876	1
6877	1
6878	0
6879	0
6880	7
6881	0
6882	0
6883	0
6884	0
6885	3
6886	0
6887	3
6888	0
6889	5
6890	0
6891	3
6892	3
6893	0
6894	3
6895	3
6896	3
6897	3
6898	0
6899	3
6900	3
6901	3
6902	5
6903	1
6904	5
6905	3
6906	1
6907	1
6908	3
6909	0
6910	3
6911	1
6912	5
6913	3
6914	1
6915	5
6916	5
6917	5
6918	5
6919	5
6920	5
6921	5
6922	5
6923	0
6924	5
6925	5
6926	5
6927	5
6928	0
6929	5
6930	0
6931	0
6932	5
6933	1
6934	1
6935	0
6936	0
6937	5
6938	0
6939	0
6940	0
6941	5
6942	5
6943	0
6944	0
6945	0
6946	0
6947	0
6948	5
6949	3
6950	0
6951	0
6952	1
6953	5
6954	0
6955	0
6956	3
6957	0
6958	0
6959	0
6960	0
6961	0
6962	0
6963	0
6964	0
6965	3
6966	0
