District 0: num of precincts (492) pop (581207)
District 1: num of precincts (622) pop (500058)
District 2: num of precincts (930) pop (710507)
District 3: num of precincts (726) pop (735931)
District 4: num of precincts (830) pop (661003)
District 5: num of precincts (782) pop (623297)
District 6: num of precincts (492) pop (803287)
District 7: num of precincts (695) pop (701627)
District 8: num of precincts (454) pop (592380)
District 9: num of precincts (807) pop (761282)
population error: 11.3136955578%

1	1
2	1
3	1
4	1
5	1
6	7
7	1
8	1
9	1
10	7
11	0
12	7
13	7
14	1
15	1
16	1
17	1
18	1
19	1
20	1
21	1
22	1
23	1
24	1
25	1
26	1
27	1
28	1
29	1
30	1
31	1
32	1
33	1
34	1
35	1
36	1
37	1
38	1
39	1
40	1
41	1
42	1
43	7
44	7
45	1
46	7
47	7
48	1
49	1
50	1
51	1
52	1
53	1
54	1
55	1
56	7
57	1
58	7
59	7
60	7
61	7
62	1
63	0
64	0
65	0
66	0
67	0
68	9
69	0
70	0
71	0
72	0
73	1
74	0
75	7
76	1
77	0
78	0
79	0
80	0
81	0
82	0
83	0
84	0
85	0
86	7
87	0
88	9
89	0
90	0
91	0
92	0
93	0
94	9
95	9
96	0
97	0
98	0
99	0
100	7
101	0
102	0
103	0
104	7
105	7
106	0
107	0
108	7
109	7
110	1
111	0
112	0
113	1
114	1
115	0
116	0
117	0
118	1
119	1
120	0
121	1
122	0
123	9
124	7
125	0
126	0
127	0
128	0
129	7
130	0
131	0
132	0
133	9
134	9
135	9
136	0
137	9
138	0
139	0
140	7
141	7
142	7
143	7
144	7
145	7
146	0
147	0
148	0
149	0
150	0
151	0
152	0
153	0
154	0
155	0
156	0
157	9
158	9
159	0
160	0
161	0
162	7
163	7
164	7
165	7
166	7
167	7
168	7
169	7
170	7
171	9
172	9
173	9
174	0
175	9
176	0
177	0
178	0
179	0
180	0
181	0
182	7
183	0
184	1
185	7
186	0
187	0
188	0
189	0
190	0
191	7
192	7
193	0
194	0
195	0
196	0
197	0
198	0
199	0
200	0
201	9
202	0
203	9
204	0
205	0
206	0
207	7
208	0
209	0
210	0
211	9
212	0
213	9
214	9
215	0
216	7
217	0
218	0
219	0
220	0
221	0
222	0
223	0
224	9
225	9
226	9
227	9
228	9
229	0
230	0
231	0
232	0
233	0
234	9
235	1
236	9
237	1
238	1
239	0
240	0
241	0
242	0
243	0
244	0
245	0
246	9
247	0
248	0
249	0
250	9
251	9
252	1
253	0
254	0
255	0
256	0
257	1
258	1
259	7
260	1
261	1
262	1
263	1
264	3
265	1
266	1
267	1
268	3
269	1
270	1
271	1
272	1
273	1
274	1
275	1
276	1
277	3
278	1
279	1
280	3
281	1
282	1
283	1
284	1
285	1
286	1
287	1
288	1
289	1
290	1
291	1
292	1
293	1
294	1
295	1
296	1
297	1
298	1
299	1
300	1
301	1
302	1
303	1
304	1
305	1
306	1
307	1
308	1
309	1
310	1
311	3
312	1
313	1
314	3
315	3
316	3
317	9
318	1
319	1
320	1
321	1
322	1
323	1
324	1
325	1
326	1
327	1
328	1
329	3
330	3
331	3
332	1
333	3
334	1
335	1
336	1
337	1
338	1
339	7
340	1
341	1
342	1
343	9
344	9
345	9
346	9
347	9
348	9
349	9
350	9
351	9
352	9
353	9
354	9
355	9
357	9
358	9
359	9
360	9
361	9
362	9
363	9
365	9
366	9
367	9
368	9
369	9
370	9
372	9
373	9
374	9
375	9
376	9
377	9
378	9
379	9
380	9
381	9
382	9
383	9
384	9
385	9
386	9
387	9
388	9
389	9
390	9
391	9
392	9
393	9
394	9
395	9
396	9
397	9
398	9
399	9
400	9
401	9
402	9
403	9
404	9
405	9
406	9
407	9
408	9
409	9
410	9
411	9
412	9
413	9
414	9
415	9
416	9
417	9
418	9
419	9
420	9
421	9
422	9
423	9
424	9
425	9
426	9
427	9
428	9
429	9
430	9
431	9
432	9
434	9
435	9
436	9
438	9
439	8
440	0
441	8
442	8
443	0
444	8
445	0
446	0
447	0
448	8
449	0
450	0
451	0
452	0
453	0
454	8
455	8
456	0
457	0
458	0
459	0
460	0
461	0
462	0
463	9
464	0
465	0
466	0
467	8
468	8
469	0
470	8
471	0
472	8
473	8
474	8
475	0
476	8
477	8
478	8
479	0
480	8
481	0
482	8
483	9
484	0
485	8
486	8
487	0
488	0
489	0
490	0
491	8
492	8
493	8
494	0
495	0
496	8
497	0
498	0
499	8
500	0
501	0
502	8
503	8
504	8
505	0
506	0
507	0
508	0
509	0
510	8
511	0
512	8
513	8
514	8
515	0
516	0
517	8
518	8
519	0
520	8
521	8
522	8
523	8
524	8
525	8
526	0
527	9
528	0
529	8
530	8
531	8
532	8
533	0
534	0
535	8
536	8
538	8
539	8
540	8
541	0
542	8
543	8
544	8
545	8
546	8
547	8
548	8
549	8
550	0
551	0
552	8
553	0
554	0
555	8
556	0
557	0
558	0
559	0
560	0
561	0
562	8
563	0
564	8
565	8
566	0
567	0
568	8
569	0
570	0
571	0
572	0
573	0
574	0
575	8
576	8
577	8
578	8
579	8
580	8
581	8
582	0
583	8
584	8
585	0
586	8
587	0
588	0
589	8
590	0
591	0
592	0
593	8
594	8
595	8
596	8
597	8
598	0
599	0
600	8
601	8
602	9
603	9
604	9
605	9
606	0
607	0
608	8
609	8
610	8
611	0
612	0
613	0
614	0
615	0
616	8
617	8
618	8
619	8
620	8
621	0
622	0
623	8
624	0
625	0
626	8
627	0
628	8
629	0
630	8
631	0
632	8
633	8
634	8
635	0
636	8
637	8
638	8
639	0
640	0
641	8
642	8
643	0
644	0
645	0
646	7
647	7
648	7
649	7
650	7
651	7
652	7
653	7
654	0
655	7
656	7
657	7
658	7
659	7
660	0
661	9
662	9
663	0
664	8
665	0
666	8
667	8
668	9
669	9
670	8
671	3
672	1
673	8
674	8
675	8
676	9
677	8
678	9
679	0
680	3
681	9
682	3
683	3
684	3
685	3
686	3
687	3
688	3
689	8
690	3
691	3
692	3
693	3
694	0
695	0
696	0
697	0
698	0
699	8
700	8
701	3
702	8
703	8
704	8
705	8
706	8
707	8
708	8
709	8
710	9
711	8
712	0
713	8
714	8
715	8
716	8
717	3
718	3
719	0
720	1
721	9
722	1
723	3
724	9
725	0
726	0
727	8
728	8
729	9
730	0
731	0
732	0
733	0
734	1
735	0
736	8
737	1
738	8
739	1
740	9
741	8
742	8
743	8
744	8
745	8
746	1
747	0
748	3
749	1
750	3
751	1
752	1
753	1
754	1
755	1
756	3
757	0
758	1
759	7
760	1
761	1
762	1
763	1
764	1
765	1
766	1
767	1
768	1
769	1
770	1
771	1
772	3
773	1
774	1
775	1
776	1
777	1
778	1
779	1
780	1
781	1
782	1
783	1
784	1
785	1
786	1
787	1
788	1
789	1
790	1
791	1
792	3
793	1
794	3
795	1
796	0
797	7
798	7
799	1
800	1
801	1
802	7
803	9
804	7
805	7
806	7
807	9
808	9
809	9
810	7
811	7
812	9
813	7
814	9
815	7
816	9
817	9
818	7
819	9
820	9
821	9
822	7
823	7
824	1
825	7
826	1
827	1
828	1
829	1
830	7
831	7
832	7
833	0
834	0
835	0
836	0
837	0
838	0
839	0
840	0
841	0
842	0
843	0
844	0
845	0
846	0
847	0
848	0
849	0
850	9
851	0
852	0
853	0
854	0
855	0
856	0
857	0
858	0
859	7
860	7
861	7
862	0
863	7
864	7
865	7
866	0
867	0
868	0
869	0
870	0
871	0
872	1
873	9
874	1
875	1
876	9
877	9
878	1
879	1
880	9
881	1
882	1
883	3
884	1
885	1
886	1
887	1
888	3
889	1
890	1
891	7
892	7
893	1
894	3
895	1
896	1
897	1
898	0
899	1
900	1
901	1
902	7
903	0
904	0
905	0
906	0
907	0
908	0
909	0
910	0
911	0
912	0
913	0
914	0
915	7
916	7
917	7
918	7
919	7
920	9
921	7
922	0
923	0
924	9
925	0
926	7
927	7
928	7
929	1
930	7
931	7
932	7
933	7
934	7
935	1
936	7
937	7
938	7
939	7
940	7
941	7
942	7
943	7
944	7
945	1
946	1
947	1
948	1
949	1
950	1
951	7
952	7
953	7
954	7
955	1
956	7
957	7
958	1
959	0
960	0
961	7
962	7
963	0
964	0
965	0
966	7
967	0
968	1
969	1
970	1
971	1
972	1
973	1
974	1
975	1
976	1
977	1
978	7
979	1
980	7
981	7
982	7
983	1
984	7
985	7
986	7
987	7
988	7
989	7
990	1
991	7
992	1
993	1
994	0
995	7
996	1
997	7
998	7
999	7
1000	7
1001	0
1002	7
1003	7
1004	0
1005	1
1006	1
1007	1
1008	3
1009	9
1010	6
1011	6
1012	9
1013	8
1014	9
1015	0
1016	0
1017	9
1018	8
1019	6
1020	9
1021	0
1022	0
1023	9
1024	6
1025	8
1026	9
1027	8
1028	0
1029	8
1030	9
1031	9
1032	0
1033	9
1034	0
1035	9
1036	9
1037	9
1038	9
1039	6
1040	6
1041	6
1042	8
1043	0
1044	9
1045	9
1046	8
1051	0
1052	0
1053	9
1054	9
1055	9
1056	9
1057	8
1058	8
1059	8
1060	8
1061	9
1062	9
1063	9
1064	9
1065	9
1066	9
1068	9
1069	9
1070	6
1071	6
1072	6
1073	6
1074	6
1075	9
1076	9
1077	9
1078	9
1079	9
1080	9
1081	9
1082	9
1084	1
1085	9
1087	1
1088	1
1089	9
1090	9
1091	1
1092	1
1093	9
1094	9
1095	9
1096	9
1097	9
1099	9
1101	9
1102	9
1103	9
1104	9
1105	8
1106	9
1107	1
1108	9
1109	9
1110	9
1111	9
1112	9
1113	8
1114	8
1115	8
1116	8
1117	8
1118	8
1120	8
1121	9
1122	9
1123	9
1124	9
1125	9
1126	9
1127	9
1128	9
1129	8
1130	8
1131	8
1132	8
1133	8
1134	9
1135	9
1136	8
1137	8
1138	8
1139	8
1140	9
1141	8
1142	8
1143	8
1144	8
1145	8
1146	8
1147	8
1149	8
1151	9
1157	9
1160	1
1161	1
1162	1
1163	9
1164	9
1165	1
1167	1
1168	8
1169	8
1170	9
1171	9
1172	9
1173	9
1174	9
1175	8
1176	8
1177	9
1178	9
1179	9
1181	9
1182	9
1185	9
1189	9
1190	9
1191	9
1192	9
1193	9
1194	9
1195	9
1196	9
1197	9
1198	9
1199	9
1200	9
1201	9
1202	9
1203	9
1204	9
1205	9
1206	9
1207	9
1208	9
1209	9
1210	9
1211	9
1212	9
1213	9
1214	9
1215	9
1216	9
1217	6
1218	6
1219	6
1220	6
1221	6
1222	6
1223	3
1224	3
1225	6
1226	4
1227	6
1228	6
1229	6
1230	6
1231	3
1232	6
1233	9
1234	9
1235	9
1236	4
1237	4
1238	4
1239	4
1240	4
1241	4
1242	4
1243	4
1244	4
1245	4
1246	4
1247	4
1249	4
1250	4
1251	4
1252	4
1253	4
1254	4
1255	4
1256	4
1257	4
1258	4
1259	4
1260	4
1261	4
1263	4
1264	4
1265	4
1266	4
1267	4
1268	4
1269	4
1270	4
1271	2
1272	2
1273	4
1274	4
1275	4
1276	2
1277	2
1278	4
1279	4
1280	2
1281	2
1282	2
1283	4
1284	2
1285	2
1286	2
1287	2
1288	4
1289	2
1290	2
1291	4
1292	4
1293	4
1294	4
1295	2
1296	2
1297	2
1298	2
1299	2
1300	2
1301	2
1302	2
1303	2
1304	2
1305	2
1306	2
1307	5
1308	5
1309	5
1310	5
1311	5
1312	5
1313	4
1314	4
1315	4
1316	4
1317	5
1318	4
1319	5
1320	4
1321	4
1322	3
1323	5
1324	5
1325	5
1326	5
1327	5
1328	5
1329	5
1330	5
1331	5
1332	5
1333	5
1334	5
1335	5
1336	2
1337	4
1338	4
1339	4
1340	5
1341	5
1342	2
1343	2
1344	2
1345	2
1346	2
1347	2
1348	2
1349	3
1350	3
1351	3
1352	3
1353	5
1354	5
1355	3
1356	3
1357	3
1358	3
1359	6
1360	2
1361	2
1362	2
1363	2
1364	2
1365	2
1366	5
1367	5
1368	5
1369	5
1370	5
1371	5
1372	2
1374	4
1375	4
1376	4
1377	6
1378	1
1379	1
1380	1
1381	3
1382	3
1383	3
1384	3
1385	3
1386	3
1387	6
1388	6
1389	6
1390	6
1391	6
1392	6
1393	6
1394	6
1395	3
1396	3
1397	9
1398	9
1399	9
1400	9
1401	9
1402	9
1403	9
1404	9
1405	9
1406	9
1407	9
1408	4
1409	4
1410	4
1411	4
1412	4
1413	4
1414	4
1415	4
1416	4
1417	4
1418	4
1419	4
1420	4
1421	4
1422	4
1423	4
1424	4
1425	4
1426	4
1427	4
1429	4
1432	4
1433	4
1434	2
1435	4
1436	4
1437	2
1438	4
1439	4
1440	4
1441	4
1442	4
1443	2
1444	2
1445	2
1446	2
1447	5
1448	5
1449	5
1450	5
1451	5
1452	5
1453	5
1454	2
1455	2
1456	2
1457	2
1458	2
1459	5
1460	4
1461	4
1462	2
1463	2
1464	2
1465	2
1466	1
1467	4
1468	5
1469	4
1470	4
1471	4
1472	4
1473	4
1474	4
1475	4
1476	5
1477	5
1478	5
1479	5
1480	5
1481	5
1482	5
1483	5
1484	5
1485	5
1486	5
1487	5
1488	5
1489	5
1490	5
1491	4
1492	4
1493	5
1494	4
1495	5
1496	5
1497	5
1498	5
1499	5
1500	5
1501	5
1502	5
1503	5
1504	5
1505	2
1506	2
1507	5
1508	2
1509	5
1510	5
1511	2
1512	5
1513	2
1514	2
1515	2
1516	5
1517	3
1518	3
1519	3
1520	3
1521	3
1522	3
1523	3
1524	3
1525	3
1526	4
1527	4
1528	4
1529	4
1530	4
1531	4
1533	4
1534	4
1535	5
1536	5
1537	2
1538	5
1539	5
1540	5
1541	5
1542	5
1543	5
1544	3
1545	3
1546	3
1547	1
1548	1
1549	3
1550	1
1551	3
1552	1
1553	6
1554	6
1555	6
1556	6
1557	6
1558	6
1559	6
1560	3
1561	6
1562	6
1563	9
1564	9
1565	9
1566	9
1567	9
1568	4
1569	6
1570	4
1571	4
1572	4
1573	4
1574	4
1575	4
1576	4
1577	4
1578	4
1579	4
1580	4
1581	4
1582	4
1584	4
1585	4
1586	4
1587	4
1588	4
1589	4
1590	4
1591	4
1592	4
1593	4
1594	4
1596	4
1597	4
1598	4
1599	2
1600	2
1601	2
1602	2
1603	2
1604	2
1605	2
1606	2
1607	2
1608	2
1609	2
1610	2
1611	2
1612	2
1613	2
1614	2
1615	2
1616	2
1617	5
1618	5
1619	5
1620	5
1621	5
1622	2
1623	5
1624	2
1625	5
1626	2
1627	2
1628	2
1629	5
1630	5
1631	2
1632	2
1633	2
1634	2
1635	2
1636	4
1637	4
1638	4
1639	5
1640	5
1641	5
1642	4
1643	4
1644	4
1645	4
1646	5
1647	5
1648	5
1649	5
1650	5
1651	5
1652	5
1653	5
1654	5
1655	5
1656	5
1657	5
1658	5
1659	5
1660	5
1661	5
1662	5
1663	5
1664	5
1665	5
1666	5
1667	5
1668	5
1669	5
1670	5
1671	5
1672	5
1673	5
1674	5
1675	5
1676	2
1677	5
1678	5
1679	5
1680	2
1681	2
1682	2
1683	2
1684	2
1685	2
1686	2
1687	2
1688	3
1689	3
1690	3
1691	3
1692	5
1693	3
1694	3
1695	3
1696	5
1697	5
1698	5
1699	5
1700	2
1701	2
1702	2
1703	2
1704	2
1705	2
1706	2
1707	2
1708	2
1709	2
1710	2
1711	2
1712	2
1713	4
1714	4
1715	3
1716	3
1717	3
1718	3
1719	3
1720	3
1721	3
1722	3
1723	6
1724	6
1725	6
1726	6
1727	6
1728	6
1729	6
1730	4
1731	4
1732	3
1733	3
1734	4
1735	4
1736	4
1737	4
1738	4
1739	4
1740	4
1741	4
1742	4
1743	4
1744	4
1745	4
1746	4
1747	4
1748	4
1749	4
1750	4
1751	4
1752	4
1753	4
1754	4
1755	4
1756	4
1757	4
1758	4
1759	4
1760	5
1761	4
1762	4
1763	4
1764	2
1765	2
1766	2
1767	2
1769	2
1770	2
1771	2
1772	2
1773	2
1774	2
1775	2
1776	2
1777	2
1778	2
1779	2
1780	2
1781	2
1782	2
1783	2
1784	2
1785	2
1786	2
1787	2
1788	2
1789	2
1790	2
1791	2
1792	2
1793	2
1795	2
1796	2
1797	2
1798	2
1799	2
1800	2
1801	4
1802	5
1803	4
1804	4
1805	5
1806	5
1807	5
1808	5
1809	5
1810	5
1811	5
1812	5
1813	5
1814	5
1815	2
1816	5
1817	5
1818	5
1819	5
1820	5
1821	4
1822	5
1823	5
1824	5
1825	5
1826	5
1827	5
1828	5
1829	5
1830	5
1831	5
1832	5
1833	2
1834	5
1835	2
1836	2
1837	2
1838	5
1839	5
1840	2
1841	2
1842	2
1843	2
1844	5
1845	2
1846	5
1847	5
1848	5
1849	5
1850	3
1851	3
1852	3
1853	3
1854	3
1855	3
1856	3
1857	4
1858	4
1859	5
1860	4
1861	4
1862	4
1863	5
1864	4
1865	2
1866	3
1867	3
1868	3
1869	3
1870	3
1871	3
1872	4
1873	1
1874	3
1875	4
1876	3
1877	6
1878	6
1879	6
1880	6
1881	6
1882	6
1883	6
1884	6
1885	3
1886	6
1887	4
1888	4
1889	4
1890	4
1891	4
1892	4
1893	4
1894	4
1895	4
1896	4
1897	4
1898	4
1899	4
1900	4
1901	4
1902	4
1903	4
1904	4
1905	4
1906	5
1907	5
1908	4
1909	4
1910	4
1911	4
1912	4
1913	4
1914	4
1915	4
1916	4
1917	4
1918	4
1919	4
1920	4
1921	4
1922	4
1923	4
1924	4
1925	2
1926	2
1927	2
1928	2
1929	2
1930	2
1931	2
1932	2
1933	2
1934	2
1935	2
1936	2
1937	2
1938	2
1939	2
1940	2
1941	2
1942	2
1943	2
1944	2
1945	2
1946	2
1947	5
1948	5
1949	5
1950	2
1951	5
1952	5
1953	5
1954	5
1955	5
1956	5
1957	5
1958	5
1959	5
1960	5
1961	5
1962	5
1963	5
1964	5
1965	5
1966	5
1967	5
1968	4
1969	5
1970	5
1971	4
1972	4
1973	5
1974	5
1975	5
1976	5
1977	5
1978	5
1979	5
1980	5
1981	5
1982	5
1983	5
1984	5
1985	5
1986	5
1987	5
1988	5
1989	4
1990	5
1991	5
1992	2
1993	2
1994	2
1995	2
1996	2
1997	2
1998	2
1999	2
2000	2
2001	2
2002	2
2003	2
2004	2
2005	2
2006	2
2007	2
2008	2
2009	2
2010	2
2011	3
2012	3
2013	3
2014	3
2015	3
2016	3
2017	3
2018	3
2019	3
2020	3
2021	3
2022	3
2023	3
2024	4
2025	3
2026	4
2027	4
2028	1
2029	3
2030	3
2031	4
2032	3
2033	6
2034	6
2035	6
2036	6
2037	6
2038	6
2039	6
2040	6
2041	4
2042	4
2043	4
2044	4
2045	4
2046	4
2047	3
2048	4
2049	4
2050	4
2051	3
2052	4
2053	4
2054	4
2055	4
2056	4
2057	4
2058	4
2059	4
2060	4
2061	4
2062	4
2063	4
2064	4
2065	4
2066	4
2067	4
2068	4
2069	4
2070	4
2071	4
2072	4
2073	4
2074	4
2075	4
2076	4
2077	4
2078	2
2079	2
2080	2
2081	2
2082	2
2083	2
2084	2
2085	2
2086	2
2087	2
2088	2
2089	2
2090	2
2091	2
2092	2
2093	2
2094	2
2095	2
2096	2
2097	2
2098	2
2099	2
2100	5
2101	5
2102	2
2103	5
2104	5
2105	2
2106	2
2107	2
2108	2
2109	2
2110	2
2111	2
2112	2
2113	5
2114	5
2115	5
2116	5
2117	4
2118	5
2119	5
2120	5
2121	5
2122	5
2123	5
2124	5
2125	5
2126	5
2127	5
2128	5
2129	5
2130	5
2131	5
2132	5
2133	5
2134	5
2135	5
2136	5
2137	5
2138	2
2139	2
2140	2
2141	2
2142	2
2143	2
2144	2
2145	2
2146	5
2147	5
2148	5
2149	2
2150	2
2151	2
2152	3
2153	4
2154	5
2155	5
2156	5
2157	5
2158	5
2161	1
2162	4
2163	4
2164	5
2165	1
2166	5
2167	1
2168	3
2169	3
2170	3
2171	3
2172	3
2173	3
2174	3
2175	5
2176	3
2177	3
2178	3
2179	3
2180	3
2181	3
2182	4
2183	4
2184	3
2185	4
2186	3
2187	4
2188	3
2189	3
2190	3
2191	3
2192	3
2193	6
2194	6
2195	6
2196	6
2197	6
2198	6
2199	6
2200	6
2201	6
2202	3
2203	4
2204	4
2205	4
2206	4
2207	4
2208	4
2209	4
2210	4
2211	4
2212	4
2213	4
2215	4
2216	4
2217	4
2218	4
2219	4
2220	4
2221	4
2222	4
2223	4
2224	4
2225	4
2226	4
2227	4
2228	4
2229	4
2230	4
2231	4
2232	4
2233	4
2234	5
2235	5
2236	5
2237	2
2238	2
2239	2
2240	2
2241	2
2242	5
2243	5
2244	5
2245	2
2246	2
2247	2
2248	2
2249	2
2250	2
2251	2
2252	2
2253	2
2254	2
2255	2
2256	2
2257	1
2258	4
2259	4
2260	4
2261	4
2262	4
2263	4
2264	4
2265	4
2266	5
2267	4
2268	4
2269	5
2270	5
2271	5
2272	5
2273	5
2274	5
2275	5
2276	5
2277	5
2278	2
2279	5
2280	2
2281	5
2282	5
2283	5
2284	2
2285	5
2286	2
2287	5
2288	2
2289	2
2290	2
2291	2
2292	2
2293	2
2294	2
2295	5
2296	5
2297	2
2298	2
2299	2
2300	2
2301	2
2302	5
2303	5
2304	3
2305	5
2306	5
2307	5
2308	3
2309	3
2310	5
2311	5
2312	5
2313	5
2314	5
2315	5
2316	5
2317	5
2318	3
2319	3
2320	3
2321	3
2322	3
2323	3
2324	3
2325	3
2326	5
2327	3
2328	3
2329	3
2330	3
2331	3
2332	1
2333	3
2334	3
2335	3
2336	4
2337	4
2338	4
2339	4
2340	3
2341	4
2342	4
2343	3
2344	6
2345	6
2346	6
2347	6
2348	6
2349	6
2350	6
2351	6
2352	6
2353	6
2354	6
2355	4
2356	4
2357	4
2358	4
2359	4
2360	6
2361	6
2362	6
2363	6
2364	4
2365	4
2366	4
2367	4
2368	4
2369	4
2370	4
2371	4
2372	4
2373	4
2374	4
2375	4
2376	4
2377	4
2378	4
2379	4
2380	4
2381	4
2382	4
2383	4
2384	4
2385	4
2386	4
2387	4
2388	4
2389	4
2390	4
2391	4
2392	4
2393	4
2394	4
2395	4
2396	4
2397	4
2398	4
2399	4
2400	4
2401	4
2402	4
2403	2
2404	2
2405	2
2406	2
2407	2
2408	2
2409	2
2410	2
2411	2
2412	2
2413	2
2414	2
2415	2
2416	2
2417	2
2418	2
2419	2
2420	2
2421	2
2422	2
2423	2
2424	2
2425	4
2426	4
2427	4
2428	3
2429	4
2430	4
2431	4
2432	4
2433	4
2434	4
2435	4
2436	5
2437	5
2438	5
2439	5
2440	5
2441	3
2442	5
2443	5
2444	5
2445	5
2446	5
2447	5
2448	5
2449	3
2450	3
2451	3
2452	5
2453	5
2454	5
2455	2
2456	5
2457	5
2458	2
2459	5
2460	5
2461	5
2462	5
2463	2
2464	2
2465	3
2466	3
2467	3
2468	5
2469	5
2470	3
2471	1
2472	5
2473	5
2474	5
2475	5
2476	5
2477	3
2478	3
2479	3
2480	3
2481	3
2482	3
2483	1
2484	3
2485	3
2486	3
2487	3
2488	5
2489	5
2490	5
2491	3
2492	3
2493	3
2494	5
2495	5
2496	5
2497	5
2498	3
2499	3
2500	3
2501	3
2502	3
2503	3
2504	3
2505	3
2506	3
2507	3
2508	4
2509	4
2510	4
2511	4
2512	4
2513	4
2514	4
2515	4
2516	4
2517	4
2518	4
2520	4
2521	4
2522	4
2523	4
2524	4
2525	4
2526	4
2527	4
2528	4
2529	4
2530	4
2531	4
2532	4
2533	4
2534	4
2535	4
2536	4
2537	4
2538	4
2539	4
2540	4
2541	4
2542	4
2543	4
2544	4
2545	4
2546	4
2547	4
2548	4
2549	4
2550	4
2551	4
2552	4
2553	4
2554	4
2555	4
2556	4
2557	4
2558	2
2559	4
2560	4
2561	4
2562	4
2563	4
2564	4
2565	4
2566	4
2567	4
2568	4
2569	2
2570	5
2571	2
2572	2
2573	2
2574	2
2575	2
2576	2
2577	2
2578	2
2579	2
2580	2
2581	2
2582	2
2583	2
2584	5
2585	5
2586	5
2587	5
2588	5
2589	5
2590	4
2591	4
2592	4
2593	4
2594	4
2595	4
2596	4
2597	4
2598	4
2599	4
2600	4
2601	5
2602	5
2603	5
2604	5
2605	5
2606	5
2607	5
2608	5
2609	5
2610	5
2611	5
2612	4
2613	5
2614	5
2615	2
2616	5
2617	5
2618	5
2619	2
2620	5
2621	5
2622	5
2623	5
2624	5
2625	5
2626	5
2627	1
2628	5
2629	1
2630	4
2631	4
2632	5
2633	4
2634	4
2635	3
2636	3
2637	3
2638	3
2639	3
2640	3
2641	3
2642	1
2643	3
2644	5
2645	3
2646	3
2647	3
2648	3
2649	5
2650	5
2651	5
2652	3
2653	3
2654	4
2655	1
2656	4
2657	4
2658	4
2659	3
2660	4
2661	4
2662	4
2663	3
2664	4
2665	4
2666	3
2667	3
2668	4
2669	4
2670	4
2671	4
2672	4
2673	2
2674	2
2675	2
2676	2
2677	4
2678	4
2679	4
2680	4
2681	4
2682	2
2683	4
2684	4
2685	4
2686	4
2687	4
2688	4
2689	4
2690	4
2691	4
2692	4
2693	4
2694	4
2695	4
2696	4
2697	4
2698	4
2699	4
2700	4
2701	4
2702	4
2703	4
2704	4
2705	4
2706	4
2707	4
2708	2
2710	2
2711	2
2712	2
2713	2
2714	2
2715	2
2716	2
2717	2
2718	2
2719	2
2720	4
2721	2
2722	5
2723	2
2724	2
2725	2
2726	2
2727	2
2728	2
2729	2
2730	2
2731	2
2732	2
2733	5
2734	5
2735	5
2736	5
2737	5
2738	2
2739	5
2740	5
2741	4
2742	4
2743	4
2744	4
2745	4
2746	4
2747	4
2748	4
2749	4
2750	4
2751	4
2752	4
2753	4
2754	5
2755	3
2756	5
2757	5
2758	5
2759	5
2760	5
2761	5
2762	5
2763	2
2764	2
2765	2
2766	2
2767	5
2768	2
2769	5
2770	2
2771	5
2772	5
2773	5
2774	5
2775	5
2776	5
2777	5
2778	5
2779	2
2780	2
2781	2
2782	2
2783	5
2784	2
2785	5
2786	5
2787	2
2788	5
2789	2
2790	5
2791	2
2792	5
2793	5
2794	4
2795	5
2796	4
2797	5
2798	4
2799	4
2800	4
2801	3
2802	5
2803	5
2804	5
2805	5
2806	5
2807	5
2808	5
2809	5
2810	3
2811	3
2812	3
2813	3
2814	3
2815	3
2816	3
2817	3
2818	5
2819	4
2820	4
2821	4
2822	5
2823	5
2824	5
2825	6
2826	3
2827	4
2828	4
2829	4
2830	3
2831	3
2832	3
2833	3
2834	3
2835	4
2836	2
2837	2
2838	2
2839	2
2840	2
2841	2
2842	2
2843	2
2844	2
2845	2
2846	2
2847	2
2848	5
2849	5
2850	5
2851	5
2852	5
2853	5
2854	4
2855	4
2856	4
2857	4
2858	4
2859	4
2860	4
2861	4
2862	4
2863	4
2864	4
2865	4
2866	4
2867	4
2868	4
2869	4
2870	4
2871	4
2872	4
2873	4
2874	2
2875	4
2876	2
2877	2
2878	2
2879	2
2880	2
2881	2
2882	2
2883	2
2884	2
2885	2
2886	2
2887	2
2888	2
2889	2
2890	2
2891	2
2892	2
2893	2
2894	2
2895	5
2896	2
2897	5
2898	5
2899	5
2900	5
2901	5
2902	2
2903	5
2904	2
2905	5
2906	5
2907	5
2908	5
2909	5
2910	5
2911	5
2912	5
2913	4
2914	4
2915	4
2916	4
2917	4
2918	4
2919	4
2920	4
2921	4
2922	4
2923	4
2924	5
2925	3
2926	3
2927	5
2928	5
2929	3
2930	5
2931	5
2932	5
2933	5
2934	5
2935	5
2936	2
2937	5
2938	5
2939	4
2940	5
2941	4
2942	4
2943	4
2944	4
2945	4
2946	4
2947	4
2948	5
2949	5
2950	2
2951	2
2952	4
2953	3
2954	2
2955	5
2956	2
2957	5
2958	4
2959	4
2960	5
2961	5
2962	1
2964	5
2965	6
2966	5
2967	5
2968	5
2969	5
2970	5
2971	5
2972	5
2973	3
2974	2
2975	3
2976	3
2977	3
2978	5
2979	5
2980	5
2981	1
2982	4
2983	4
2984	4
2985	3
2986	3
2987	3
2988	3
2989	3
2990	3
2991	3
2992	3
2993	3
2994	3
2995	3
2996	3
2997	5
2998	5
2999	5
3000	5
3001	5
3002	5
3003	5
3004	5
3005	3
3006	5
3007	4
3008	4
3009	4
3010	4
3011	4
3012	4
3013	4
3014	4
3015	4
3016	4
3017	4
3018	4
3019	4
3020	4
3021	4
3022	4
3023	4
3024	4
3025	4
3026	4
3027	4
3028	4
3029	4
3030	4
3031	4
3032	4
3033	4
3034	4
3035	4
3036	5
3037	5
3038	5
3039	4
3040	4
3041	4
3042	4
3043	2
3044	4
3045	4
3046	4
3047	2
3048	2
3049	2
3050	2
3051	2
3052	2
3053	2
3054	2
3055	2
3056	2
3057	2
3058	2
3059	2
3060	2
3061	2
3062	2
3063	2
3064	5
3065	5
3066	5
3067	5
3068	5
3069	5
3070	5
3071	5
3072	5
3073	5
3074	5
3075	2
3076	2
3077	5
3078	5
3079	5
3080	2
3081	4
3082	4
3083	4
3084	4
3085	4
3086	4
3087	5
3088	4
3089	4
3090	4
3091	4
3092	4
3093	5
3094	5
3095	3
3096	5
3097	3
3098	5
3099	5
3100	5
3101	4
3102	4
3103	4
3104	4
3105	4
3106	2
3107	4
3108	4
3109	5
3110	4
3111	4
3112	4
3113	3
3114	5
3115	5
3116	5
3117	3
3118	5
3119	5
3120	5
3121	2
3122	2
3123	2
3124	6
3125	6
3126	4
3127	3
3128	4
3129	5
3130	5
3131	4
3132	5
3133	4
3135	4
3136	5
3137	5
3138	5
3139	5
3140	3
3141	5
3142	5
3143	3
3144	5
3145	5
3146	5
3147	2
3148	5
3149	5
3150	3
3151	3
3152	4
3153	3
3154	3
3155	3
3156	3
3157	3
3158	3
3159	3
3160	6
3161	6
3162	3
3163	5
3164	5
3165	5
3166	5
3167	3
3168	5
3169	2
3170	2
3171	2
3172	4
3173	4
3174	4
3175	4
3176	4
3177	4
3178	4
3179	2
3180	2
3181	2
3184	2
3185	2
3186	2
3187	5
3188	5
3189	4
3190	4
3191	4
3192	4
3193	4
3194	4
3195	4
3196	4
3197	4
3198	4
3199	4
3200	4
3201	4
3202	2
3203	2
3204	2
3205	2
3206	2
3212	2
3213	2
3214	2
3215	2
3216	2
3217	4
3218	4
3219	4
3220	4
3221	2
3222	2
3223	5
3224	5
3225	4
3226	4
3227	2
3228	2
3229	2
3230	2
3231	2
3232	2
3233	2
3234	2
3235	2
3236	2
3237	2
3238	2
3239	2
3240	2
3241	4
3242	4
3243	4
3244	4
3245	4
3246	4
3247	5
3248	4
3249	4
3250	4
3251	4
3252	5
3253	4
3254	4
3255	2
3256	5
3257	4
3258	4
3259	2
3260	4
3261	2
3262	4
3263	5
3264	5
3265	5
3266	5
3267	3
3268	5
3269	5
3270	3
3271	5
3272	3
3273	2
3274	5
3275	2
3276	2
3277	2
3278	5
3279	5
3280	2
3281	3
3282	3
3284	1
3285	4
3286	2
3287	3
3288	5
3289	5
3292	4
3293	5
3294	5
3295	5
3296	5
3297	1
3298	5
3299	5
3300	2
3301	5
3302	5
3303	5
3304	3
3305	3
3306	3
3307	3
3308	3
3309	6
3310	3
3311	6
3312	6
3313	3
3314	3
3315	3
3316	3
3317	3
3318	3
3319	6
3320	3
3321	3
3322	2
3323	1
3324	2
3325	2
3326	2
3327	4
3328	4
3329	4
3330	4
3331	6
3332	3
3333	5
3334	5
3335	5
3336	5
3337	5
3338	5
3339	4
3340	4
3341	4
3342	4
3343	4
3344	4
3345	4
3346	4
3347	4
3348	4
3350	4
3351	4
3352	4
3353	4
3355	2
3356	2
3357	2
3358	2
3359	2
3360	4
3361	4
3362	2
3363	4
3364	2
3365	2
3366	2
3367	2
3368	2
3369	2
3370	4
3371	4
3372	4
3373	4
3374	2
3375	2
3376	2
3377	2
3378	2
3379	2
3380	2
3381	2
3382	2
3383	2
3384	2
3385	2
3386	2
3387	2
3388	2
3389	2
3390	2
3391	2
3392	2
3393	2
3394	2
3395	2
3396	2
3397	2
3398	2
3399	2
3400	4
3401	4
3402	4
3403	4
3404	4
3405	3
3406	4
3407	4
3408	4
3409	4
3410	4
3411	5
3412	5
3413	3
3414	3
3415	5
3416	5
3417	5
3418	5
3419	5
3420	5
3421	5
3422	5
3423	5
3424	5
3425	5
3426	5
3427	5
3428	5
3429	3
3430	1
3431	2
3432	5
3433	5
3434	2
3435	2
3436	2
3437	2
3438	5
3439	4
3440	6
3441	4
3442	2
3443	4
3444	4
3445	2
3446	4
3447	5
3448	4
3449	3
3450	4
3451	3
3452	5
3453	3
3454	3
3455	3
3456	5
3457	3
3458	5
3459	3
3460	3
3461	3
3462	3
3463	3
3464	3
3465	3
3466	3
3467	3
3468	3
3469	3
3470	3
3471	3
3472	3
3473	3
3474	3
3475	6
3476	3
3477	3
3478	3
3479	3
3480	6
3481	3
3482	6
3483	3
3484	3
3485	6
3486	6
3487	6
3488	6
3489	6
3490	6
3491	6
3492	6
3493	6
3494	6
3495	6
3496	4
3497	5
3498	4
3499	4
3500	4
3501	5
3502	5
3503	4
3504	4
3505	4
3506	4
3507	4
3508	4
3509	4
3510	4
3513	4
3514	4
3515	4
3516	4
3517	4
3518	4
3519	4
3520	4
3521	4
3522	4
3523	4
3524	5
3525	4
3526	2
3527	2
3528	4
3529	4
3530	4
3531	4
3533	4
3534	4
3535	4
3536	4
3537	4
3538	4
3539	4
3540	4
3541	4
3542	4
3543	4
3544	4
3545	2
3546	2
3547	2
3548	2
3549	2
3550	2
3551	2
3552	2
3553	2
3554	2
3555	2
3556	2
3557	2
3558	5
3559	5
3560	5
3561	5
3562	5
3563	5
3564	5
3565	5
3566	5
3567	2
3568	4
3569	4
3570	4
3571	4
3572	4
3573	4
3574	4
3575	4
3576	4
3577	4
3578	5
3579	5
3580	4
3581	5
3582	5
3583	3
3584	5
3585	3
3586	5
3587	5
3588	5
3589	5
3590	5
3591	5
3592	5
3593	5
3594	4
3595	4
3596	5
3597	5
3598	2
3599	5
3600	2
3601	5
3602	5
3603	4
3604	3
3605	3
3606	5
3607	5
3608	5
3609	4
3610	4
3611	4
3612	5
3614	5
3615	2
3616	3
3617	3
3618	3
3619	3
3620	5
3621	3
3622	3
3623	3
3624	3
3625	3
3626	3
3627	3
3628	3
3629	3
3630	3
3631	3
3632	1
3633	3
3634	3
3635	3
3636	3
3637	1
3638	3
3639	3
3640	3
3641	3
3642	3
3643	3
3644	6
3645	6
3646	6
3647	6
3648	6
3649	6
3650	6
3651	4
3652	6
3653	6
3654	4
3655	6
3656	6
3657	5
3658	5
3659	5
3660	5
3661	5
3662	5
3663	5
3664	5
3665	5
3666	5
3667	3
3668	4
3669	4
3670	4
3671	4
3672	4
3673	4
3674	4
3675	4
3676	4
3677	4
3678	4
3679	4
3680	4
3681	4
3682	4
3684	4
3685	4
3686	4
3687	4
3688	4
3689	4
3690	4
3691	4
3692	4
3693	4
3694	4
3695	2
3696	4
3697	4
3698	4
3699	2
3700	4
3701	2
3702	4
3703	4
3704	2
3705	2
3706	2
3707	4
3708	4
3709	4
3710	4
3711	5
3712	2
3713	5
3715	2
3717	2
3718	2
3719	2
3720	2
3721	2
3722	2
3723	2
3724	2
3725	2
3726	4
3727	4
3728	4
3729	4
3730	4
3731	4
3732	4
3733	4
3734	5
3735	4
3736	5
3737	5
3738	5
3739	4
3740	5
3741	5
3742	5
3743	5
3744	5
3745	5
3746	5
3747	5
3748	5
3749	5
3750	5
3751	5
3752	5
3753	5
3754	5
3755	5
3756	2
3757	4
3758	5
3759	4
3760	4
3761	5
3762	5
3763	5
3764	2
3768	4
3769	4
3770	5
3771	3
3772	3
3773	3
3774	3
3775	3
3776	3
3777	3
3778	3
3779	6
3780	6
3781	6
3782	6
3783	6
3784	6
3785	6
3786	6
3787	6
3788	6
3789	6
3790	9
3791	9
3792	9
3793	9
3794	9
3795	9
3796	9
3797	9
3798	9
3799	9
3800	8
3801	9
3802	9
3803	9
3804	9
3805	9
3806	9
3807	9
3808	9
3809	9
3810	9
3811	9
3812	9
3813	9
3814	9
3815	9
3816	9
3817	9
3818	9
3819	9
3820	9
3821	9
3822	9
3823	9
3824	9
3825	9
3826	9
3827	9
3828	8
3829	8
3830	8
3831	8
3832	8
3833	9
3834	9
3835	9
3836	9
3837	8
3838	8
3839	9
3840	9
3841	9
3842	9
3843	9
3844	8
3845	9
3846	9
3847	9
3848	9
3849	9
3850	9
3851	9
3852	9
3853	9
3854	8
3855	8
3856	9
3857	9
3858	9
3859	9
3860	9
3861	9
3862	8
3863	8
3864	9
3865	8
3866	8
3867	8
3868	8
3869	9
3870	9
3871	9
3872	9
3873	9
3874	8
3875	9
3876	9
3877	9
3878	8
3879	9
3880	8
3883	9
3884	8
3885	9
3886	9
3887	8
3888	8
3889	8
3890	8
3892	9
3893	8
3894	8
3897	9
3898	8
3899	8
3900	9
3901	9
3902	9
3903	9
3904	8
3905	8
3906	8
3907	8
3908	8
3909	8
3910	9
3911	9
3912	9
3913	9
3914	8
3915	9
3916	9
3917	9
3918	9
3919	9
3920	9
3921	9
3922	9
3923	9
3924	9
3925	9
3926	9
3927	9
3928	9
3929	9
3930	9
3931	9
3932	9
3933	9
3934	9
3935	9
3936	9
3937	9
3938	8
3939	9
3940	9
3941	9
3942	9
3943	9
3944	9
3945	8
3946	9
3947	9
3948	9
3949	9
3950	9
3951	9
3952	9
3953	9
3954	9
3955	9
3956	9
3957	9
3958	9
3959	9
3960	9
3961	9
3962	9
3963	9
3964	9
3965	9
3966	9
3967	9
3968	9
3969	9
3970	9
3971	9
3972	9
3973	9
3974	9
3975	9
3976	9
3977	9
3978	9
3979	8
3980	9
3981	9
3982	9
3983	9
3985	9
3986	9
3987	7
3988	5
3989	3
3990	1
3991	3
3992	1
3993	5
3994	1
3995	1
3996	3
3997	3
3998	1
3999	3
4000	4
4001	3
4002	3
4003	1
4004	1
4005	1
4006	1
4007	4
4008	3
4009	3
4010	3
4011	1
4012	3
4013	1
4014	1
4015	1
4016	1
4017	1
4018	1
4019	3
4020	1
4021	3
4022	1
4023	3
4024	1
4025	3
4026	3
4027	4
4028	1
4029	3
4030	1
4031	5
4032	5
4033	3
4034	3
4035	3
4036	3
4037	3
4038	3
4039	3
4040	3
4041	3
4042	1
4043	3
4044	3
4045	1
4046	1
4047	3
4048	3
4049	3
4050	1
4051	1
4052	0
4053	3
4054	0
4055	3
4056	3
4057	3
4058	3
4059	3
4060	3
4061	3
4062	3
4063	3
4064	3
4065	3
4066	3
4067	3
4068	3
4069	3
4070	3
4071	3
4072	3
4073	3
4074	3
4075	3
4076	3
4077	3
4078	0
4079	1
4080	0
4081	0
4082	8
4083	1
4084	1
4085	1
4086	1
4087	8
4088	1
4089	1
4090	1
4091	1
4092	1
4093	1
4094	1
4095	1
4096	1
4097	1
4098	1
4099	1
4100	1
4101	1
4102	1
4103	1
4104	1
4105	1
4106	0
4107	6
4108	6
4109	1
4110	0
4111	0
4112	1
4113	3
4114	9
4115	1
4116	3
4117	1
4118	8
4119	1
4120	1
4121	0
4122	0
4123	0
4124	0
4125	1
4126	3
4127	1
4128	1
4129	3
4130	8
4131	8
4132	8
4133	8
4134	1
4135	3
4136	1
4137	1
4138	0
4139	1
4140	0
4141	6
4142	9
4143	8
4144	9
4145	0
4146	0
4147	0
4148	3
4149	8
4150	0
4151	1
4152	0
4153	1
4154	8
4155	0
4156	0
4157	0
4158	1
4159	0
4160	3
4161	0
4162	0
4163	1
4164	3
4165	7
4166	7
4167	7
4168	7
4169	1
4170	7
4171	3
4172	7
4173	7
4174	0
4175	1
4176	1
4177	0
4178	0
4179	7
4180	3
4181	3
4182	3
4183	3
4184	1
4185	1
4186	7
4187	7
4188	7
4189	7
4190	7
4191	7
4192	7
4193	7
4194	7
4195	7
4196	7
4197	7
4198	7
4199	7
4200	7
4201	7
4202	0
4203	0
4204	7
4205	7
4206	1
4207	1
4208	1
4209	9
4210	9
4211	8
4212	9
4213	9
4214	8
4215	8
4216	9
4217	8
4218	8
4219	9
4220	9
4221	9
4222	9
4223	9
4224	9
4225	9
4226	8
4227	9
4228	9
4229	8
4230	8
4231	9
4232	9
4233	8
4234	8
4235	9
4236	9
4237	9
4238	9
4239	9
4240	9
4241	9
4242	9
4243	9
4244	9
4245	9
4246	9
4247	9
4248	8
4249	9
4250	8
4251	9
4252	6
4253	6
4254	9
4255	9
4256	9
4257	9
4258	8
4259	9
4260	9
4261	9
4262	9
4263	9
4264	8
4265	8
4266	7
4267	7
4268	7
4269	7
4270	7
4271	7
4272	7
4273	7
4274	7
4275	7
4276	9
4277	9
4278	9
4279	1
4280	1
4281	1
4282	1
4283	1
4284	1
4285	1
4286	1
4287	1
4288	1
4289	7
4290	1
4291	1
4292	9
4293	7
4294	7
4295	9
4296	7
4297	7
4298	7
4299	7
4300	7
4301	7
4302	7
4303	7
4304	7
4305	7
4306	9
4307	9
4308	9
4309	9
4310	9
4311	9
4312	9
4313	9
4314	9
4315	9
4316	9
4317	9
4318	9
4319	9
4320	9
4321	9
4322	9
4323	7
4324	7
4325	9
4326	9
4327	9
4328	9
4329	1
4330	0
4331	1
4332	1
4333	1
4334	1
4335	1
4336	1
4337	1
4338	1
4339	1
4340	7
4341	9
4342	1
4343	1
4344	1
4345	1
4346	7
4347	7
4348	9
4349	7
4350	1
4351	1
4352	9
4353	9
4354	7
4355	7
4356	9
4357	7
4358	7
4359	1
4360	7
4361	9
4362	7
4363	1
4364	9
4365	1
4366	9
4367	9
4368	7
4369	1
4370	7
4371	1
4372	9
4373	9
4374	1
4375	7
4376	1
4377	7
4378	7
4379	1
4380	1
4381	9
4382	1
4383	7
4384	7
4385	7
4386	7
4387	7
4388	7
4389	1
4390	1
4391	1
4392	9
4393	7
4394	9
4395	7
4396	3
4397	1
4398	9
4399	7
4400	7
4401	9
4402	1
4403	1
4404	7
4405	7
4406	9
4407	1
4408	1
4409	7
4410	7
4411	7
4412	7
4413	7
4414	9
4415	7
4416	7
4417	7
4418	1
4419	9
4420	7
4421	1
4422	7
4423	9
4424	1
4425	7
4426	1
4427	1
4428	7
4429	7
4430	1
4431	1
4432	9
4433	7
4434	7
4435	7
4436	7
4437	7
4438	7
4439	7
4440	1
4441	7
4442	7
4443	1
4444	1
4445	1
4446	7
4447	7
4448	7
4449	1
4450	9
4451	0
4452	7
4453	1
4454	7
4455	1
4456	7
4457	1
4458	1
4459	0
4460	9
4461	7
4462	9
4463	9
4464	1
4465	7
4466	7
4467	1
4468	1
4469	1
4470	1
4471	1
4472	1
4473	1
4474	7
4475	9
4476	7
4477	7
4478	9
4479	7
4480	1
4481	1
4482	7
4483	1
4484	7
4485	7
4486	7
4487	1
4488	7
4489	1
4490	0
4496	0
4497	0
4498	0
4499	8
4500	0
4501	0
4502	0
4503	0
4504	0
4510	0
4511	0
4512	0
4513	0
4514	0
4515	8
4516	0
4517	0
4518	0
4519	0
4520	0
4521	0
4522	6
4523	0
4524	0
4525	0
4526	0
4527	7
4528	7
4529	7
4530	7
4531	7
4532	7
4533	7
4534	7
4535	7
4536	7
4537	7
4538	7
4539	7
4540	7
4541	7
4542	7
4543	7
4544	7
4545	7
4546	7
4547	7
4548	7
4549	7
4550	7
4551	7
4552	7
4553	7
4554	3
4555	3
4556	3
4557	3
4558	6
4559	6
4560	6
4561	6
4562	6
4563	6
4564	6
4565	6
4566	6
4567	6
4568	6
4569	6
4570	6
4571	6
4572	6
4573	3
4574	6
4575	3
4576	3
4577	3
4578	1
4579	3
4580	1
4581	3
4582	3
4583	6
4584	6
4585	6
4586	9
4587	9
4588	3
4589	3
4590	1
4591	3
4592	6
4596	6
4597	9
4599	9
4600	9
4601	9
4602	9
4603	9
4607	9
4608	3
4609	3
4610	3
4611	3
4612	6
4613	6
4614	6
4615	6
4616	6
4617	9
4618	9
4619	9
4620	9
4621	3
4622	6
4623	3
4624	3
4625	6
4626	3
4627	3
4628	3
4629	3
4630	3
4631	3
4632	3
4633	3
4634	6
4635	6
4636	6
4637	6
4638	9
4639	9
4640	9
4641	9
4642	3
4643	3
4644	3
4645	3
4646	3
4647	6
4648	6
4649	6
4650	6
4651	6
4652	3
4653	9
4654	9
4655	9
4656	9
4657	6
4658	3
4659	3
4660	6
4661	3
4662	3
4663	3
4664	6
4665	6
4666	6
4667	6
4668	6
4669	6
4670	6
4671	3
4672	6
4673	6
4674	3
4675	0
4676	3
4677	3
4678	3
4679	1
4680	3
4681	3
4682	3
4683	3
4684	3
4685	3
4686	6
4687	6
4688	6
4689	6
4690	6
4691	6
4692	3
4693	6
4694	6
4695	3
4696	6
4697	6
4698	3
4699	3
4700	3
4701	3
4702	3
4703	3
4704	3
4705	6
4706	6
4707	6
4708	6
4709	6
4710	6
4711	6
4712	6
4713	6
4714	6
4715	6
4716	6
4717	6
4718	6
4719	6
4720	3
4721	3
4722	6
4723	6
4724	6
4725	6
4726	6
4727	6
4728	6
4729	6
4730	6
4731	6
4732	6
4733	6
4734	6
4735	6
4736	6
4737	6
4738	6
4739	6
4740	6
4741	6
4742	6
4743	6
4744	6
4745	6
4746	6
4747	6
4748	6
4749	6
4750	6
4751	6
4752	6
4753	6
4754	6
4755	6
4756	6
4757	6
4758	6
4759	6
4760	6
4761	6
4762	6
4763	6
4764	6
4765	6
4766	6
4767	6
4768	6
4769	6
4770	6
4771	6
4772	6
4773	6
4774	6
4775	6
4776	6
4777	6
4778	6
4779	6
4780	6
4781	6
4782	6
4783	6
4784	9
4785	6
4786	6
4787	6
4788	6
4789	6
4790	6
4791	6
4792	6
4793	6
4794	6
4795	6
4796	6
4797	6
4798	6
4799	6
4800	6
4801	6
4802	6
4803	6
4804	6
4805	6
4806	6
4807	6
4808	6
4809	3
4810	6
4811	6
4812	6
4813	3
4815	9
4816	9
4817	9
4818	9
4819	9
4820	9
4821	9
4822	9
4823	9
4826	6
4827	6
4828	6
4829	6
4830	6
4831	6
4832	6
4833	6
4834	6
4835	6
4836	6
4837	6
4838	6
4839	6
4840	6
4841	6
4842	6
4843	6
4844	6
4845	3
4846	6
4847	3
4848	6
4849	6
4850	6
4851	6
4852	6
4853	6
4854	6
4855	6
4856	6
4857	6
4858	6
4859	6
4860	6
4861	6
4862	6
4863	3
4864	6
4865	6
4866	6
4867	6
4868	6
4869	6
4870	6
4871	6
4872	3
4873	3
4874	4
4875	3
4876	3
4877	6
4878	6
4879	6
4880	6
4881	6
4882	6
4883	6
4884	6
4885	6
4886	6
4887	6
4888	6
4889	6
4890	6
4891	6
4892	6
4893	6
4894	6
4895	6
4896	6
4897	6
4898	3
4899	6
4900	6
4901	6
4902	6
4903	6
4904	6
4905	6
4906	6
4907	6
4908	6
4909	6
4910	6
4911	6
4912	6
4913	6
4914	6
4915	6
4916	6
4917	6
4918	6
4919	6
4920	6
4921	6
4922	6
4923	6
4924	6
4925	6
4926	6
4927	6
4928	6
4929	6
4930	6
4931	6
4932	6
4933	6
4934	6
4935	3
4936	3
4937	3
4938	3
4939	6
4940	6
4941	6
4942	6
4943	6
4944	3
4945	6
4946	6
4947	6
4948	9
4949	9
4950	9
4951	9
4953	9
4954	9
4955	9
4956	9
4958	9
4959	9
4961	9
4966	9
4968	9
4969	1
4970	1
4971	1
4972	1
4973	8
4974	1
4975	9
4976	1
4977	1
4978	1
4979	1
4980	9
4981	9
4982	9
4983	1
4984	9
4985	1
4986	1
4987	1
4988	9
4989	9
4990	9
4991	9
4992	1
4993	1
4994	1
4995	9
4996	1
4997	9
4998	9
4999	1
5000	1
5001	9
5002	1
5003	1
5004	9
5005	9
5006	1
5007	1
5008	1
5009	1
5010	9
5011	1
5012	1
5013	1
5014	1
5015	1
5016	1
5017	8
5018	8
5019	9
5020	1
5021	1
5022	8
5023	1
5024	1
5025	1
5026	1
5027	1
5028	1
5029	1
5030	1
5031	1
5032	9
5033	9
5034	9
5035	9
5036	9
5037	9
5038	9
5039	8
5040	9
5041	8
5042	8
5043	8
5044	8
5045	8
5046	9
5047	8
5048	9
5049	8
5050	9
5051	9
5052	9
5053	1
5054	1
5055	1
5058	1
5059	9
5063	8
5066	3
5067	9
5068	3
5069	9
5070	9
5071	3
5072	3
5073	9
5074	9
5075	9
5076	9
5077	9
5078	9
5079	9
5080	8
5081	3
5082	9
5083	9
5084	1
5085	9
5086	9
5087	9
5088	1
5089	9
5090	1
5091	9
5092	0
5093	3
5094	3
5095	3
5096	3
5097	0
5098	0
5099	9
5100	0
5101	9
5102	9
5103	0
5104	9
5105	9
5106	0
5107	0
5108	8
5109	0
5110	9
5111	8
5112	9
5113	9
5114	9
5115	0
5116	9
5117	0
5118	8
5119	2
5120	2
5121	2
5122	2
5123	2
5124	2
5125	5
5126	2
5127	5
5128	2
5129	2
5130	2
5131	5
5132	8
5133	2
5134	9
5135	3
5136	3
5137	9
5138	3
5139	9
5140	5
5141	2
5142	2
5143	2
5144	5
5145	2
5146	2
5147	1
5148	5
5149	2
5150	2
5151	2
5152	2
5153	3
5154	3
5155	9
5156	9
5157	3
5158	3
5159	3
5160	9
5161	5
5162	2
5163	2
5164	5
5165	2
5166	2
5167	3
5168	2
5169	5
5170	3
5171	5
5172	3
5173	3
5174	2
5175	2
5176	3
5177	1
5178	9
5179	2
5180	2
5181	3
5182	3
5183	2
5184	9
5185	1
5186	2
5187	2
5188	3
5189	1
5190	3
5191	2
5192	2
5193	2
5194	2
5195	2
5196	2
5197	2
5198	2
5199	2
5200	2
5201	3
5202	5
5203	3
5204	3
5205	8
5206	3
5207	8
5208	1
5209	2
5210	2
5211	9
5212	2
5213	3
5214	3
5215	3
5216	2
5217	3
5218	2
5219	2
5220	1
5221	2
5222	2
5223	1
5224	1
5225	3
5226	2
5227	2
5228	3
5229	3
5230	2
5231	3
5232	3
5233	1
5234	1
5235	3
5236	2
5237	2
5238	9
5239	3
5240	3
5241	2
5242	2
5243	2
5244	2
5245	9
5246	8
5247	9
5248	9
5249	3
5250	2
5251	2
5252	5
5253	1
5254	9
5255	2
5256	2
5257	2
5258	2
5259	2
5260	1
5261	8
5262	8
5263	8
5264	8
5265	8
5266	8
5267	5
5268	5
5269	5
5270	5
5271	5
5272	3
5273	3
5274	3
5275	3
5276	3
5277	3
5278	2
5279	2
5280	9
5281	9
5282	2
5283	2
5284	2
5285	2
5286	2
5287	2
5288	2
5289	2
5290	2
5291	2
5292	5
5293	2
5294	2
5295	5
5296	3
5297	2
5298	2
5299	3
5300	1
5301	1
5302	9
5303	8
5304	8
5305	8
5306	8
5307	8
5308	8
5309	8
5310	8
5311	5
5312	5
5313	5
5314	5
5315	3
5316	2
5317	2
5318	3
5319	3
5320	3
5321	9
5322	9
5324	1
5325	9
5326	9
5327	2
5328	2
5329	2
5330	2
5331	2
5332	2
5333	1
5334	3
5335	5
5336	5
5337	5
5338	5
5339	2
5340	5
5341	5
5342	3
5343	2
5344	2
5345	1
5346	2
5347	2
5348	3
5349	2
5350	1
5351	2
5352	1
5353	9
5354	2
5355	5
5356	2
5357	1
5358	8
5359	8
5360	8
5361	8
5362	2
5363	2
5364	2
5365	2
5366	2
5367	2
5368	2
5369	5
5370	2
5371	5
5372	2
5373	2
5374	2
5375	2
5376	2
5377	5
5378	2
5379	2
5380	2
5381	9
5382	5
5383	3
5384	5
5385	1
5386	2
5387	5
5388	2
5389	5
5390	2
5391	5
5392	2
5393	2
5394	2
5395	2
5396	2
5397	2
5398	1
5399	2
5400	1
5401	1
5402	3
5403	2
5404	5
5405	2
5406	2
5407	2
5408	2
5409	2
5410	2
5411	5
5412	2
5413	2
5414	2
5415	2
5416	2
5417	5
5418	5
5419	2
5420	2
5421	2
5422	1
5423	2
5424	1
5425	2
5426	2
5427	5
5428	2
5429	2
5430	2
5431	2
5432	5
5433	2
5434	2
5435	5
5436	2
5437	2
5438	2
5439	5
5440	2
5441	5
5442	2
5443	5
5444	1
5445	5
5446	2
5447	2
5448	2
5449	2
5450	2
5451	2
5452	2
5453	2
5454	2
5455	2
5456	3
5457	2
5458	3
5459	5
5460	2
5461	2
5462	2
5463	5
5464	9
5465	2
5466	3
5467	9
5468	2
5469	2
5470	2
5471	2
5472	9
5473	1
5474	2
5475	2
5476	2
5477	9
5478	2
5479	3
5480	9
5481	2
5482	5
5483	3
5484	5
5485	2
5486	2
5487	5
5488	2
5489	2
5490	2
5491	2
5492	2
5493	3
5494	2
5495	2
5496	3
5497	2
5498	9
5499	1
5500	2
5501	2
5502	2
5503	2
5504	2
5505	5
5506	5
5507	5
5508	5
5509	2
5510	5
5511	2
5512	9
5513	9
5514	3
5515	3
5516	5
5517	2
5518	5
5519	3
5520	2
5521	3
5522	9
5523	2
5524	2
5525	2
5526	5
5527	2
5528	2
5529	3
5530	2
5531	2
5532	2
5533	2
5534	5
5535	5
5536	5
5537	5
5538	2
5539	2
5540	2
5541	2
5542	2
5543	2
5544	2
5545	2
5546	2
5547	2
5548	2
5549	5
5550	2
5551	2
5552	5
5553	2
5554	2
5555	2
5556	9
5557	9
5558	9
5559	9
5560	9
5561	9
5562	2
5563	3
5564	9
5565	9
5566	9
5567	9
5568	3
5569	2
5570	9
5571	1
5572	2
5573	1
5574	1
5575	3
5576	2
5577	2
5578	2
5579	2
5580	2
5581	2
5582	2
5583	2
5584	2
5585	5
5586	5
5587	2
5588	2
5589	2
5590	3
5591	3
5592	3
5593	2
5594	2
5595	2
5596	2
5597	2
5598	5
5599	5
5600	2
5601	9
5602	9
5603	9
5604	3
5605	3
5606	3
5607	3
5608	2
5609	3
5610	3
5611	5
5612	1
5613	2
5614	3
5615	2
5616	2
5617	3
5618	5
5619	5
5620	9
5621	2
5622	1
5623	2
5624	2
5625	8
5626	3
5627	2
5628	2
5629	5
5630	2
5631	2
5632	2
5633	2
5634	2
5635	2
5636	2
5637	2
5638	5
5639	5
5640	2
5641	5
5642	1
5643	2
5644	2
5645	2
5646	8
5647	2
5648	2
5649	8
5650	8
5651	5
5652	5
5653	5
5654	2
5655	5
5656	2
5657	2
5658	9
5659	2
5660	5
5661	2
5662	1
5663	2
5664	3
5665	2
5666	2
5667	2
5668	1
5669	2
5670	5
5671	5
5672	2
5673	2
5674	2
5675	9
5676	2
5677	9
5678	2
5679	2
5680	2
5681	2
5682	2
5683	2
5684	2
5685	3
5686	1
5687	3
5688	5
5689	1
5690	2
5691	8
5692	3
5693	2
5694	3
5695	2
5696	8
5697	3
5698	8
5699	2
5700	2
5701	2
5702	5
5703	2
5704	2
5705	5
5706	2
5707	2
5708	2
5709	2
5710	2
5711	5
5712	2
5713	5
5714	5
5715	2
5716	3
5717	5
5718	2
5719	2
5720	1
5721	3
5722	2
5723	5
5725	2
5726	2
5727	2
5728	1
5729	2
5730	2
5731	5
5732	2
5733	2
5734	5
5735	2
5736	5
5737	2
5738	9
5739	1
5740	2
5741	2
5742	2
5743	3
5744	3
5745	2
5746	3
5747	2
5748	2
5749	2
5750	2
5751	2
5752	2
5753	2
5754	2
5755	2
5756	5
5757	9
5758	9
5759	2
5766	9
5767	9
5768	2
5769	3
5770	9
5771	3
5772	2
5773	3
5774	2
5775	5
5776	9
5777	3
5778	2
5779	2
5780	5
5781	2
5782	1
5783	9
5784	3
5785	9
5786	1
5787	3
5788	5
5789	3
5790	1
5791	3
5792	1
5793	1
5794	2
5795	2
5796	3
5797	2
5798	3
5799	2
5800	3
5801	2
5802	2
5803	2
5804	2
5805	3
5806	3
5807	8
5810	1
5811	1
5812	2
5813	3
5814	9
5815	9
5816	9
5817	9
5818	9
5819	2
5820	2
5821	5
5822	5
5823	2
5824	2
5825	2
5826	2
5827	2
5828	5
5829	2
5830	5
5831	3
5832	9
5833	5
5834	9
5835	9
5836	9
5837	8
5838	3
5839	1
5840	1
5841	1
5842	1
5843	1
5844	8
5845	3
5846	2
5847	2
5848	2
5849	8
5850	2
5851	2
5852	2
5853	2
5854	2
5855	3
5856	8
5857	1
5858	3
5859	2
5860	3
5861	3
5862	1
5863	2
5864	1
5865	5
5866	1
5867	2
5868	2
5869	5
5870	5
5871	3
5872	2
5873	2
5874	2
5875	3
5876	3
5877	3
5878	5
5879	3
5880	1
5881	1
5882	1
5883	1
5884	9
5885	8
5886	3
5887	2
5888	2
5889	2
5890	2
5891	7
5892	7
5893	7
5894	7
5895	7
5896	7
5897	7
5898	7
5899	7
5900	7
5901	7
5902	7
5903	7
5904	7
5905	7
5906	7
5907	7
5908	7
5909	7
5910	7
5911	7
5912	7
5913	7
5914	7
5915	7
5916	7
5917	7
5918	7
5919	7
5920	7
5921	7
5922	7
5923	7
5924	7
5925	7
5926	7
5927	7
5928	7
5929	7
5930	7
5931	7
5932	7
5933	7
5934	7
5935	7
5936	7
5937	7
5938	7
5939	7
5940	7
5941	7
5942	7
5943	7
5944	7
5945	7
5946	7
5947	7
5948	7
5949	7
5950	7
5951	7
5952	7
5953	7
5954	7
5955	7
5956	7
5957	7
5958	7
5959	7
5960	7
5961	7
5962	7
5963	7
5964	7
5965	7
5966	7
5967	7
5968	7
5969	7
5970	7
5971	7
5972	7
5973	7
5974	7
5975	7
5976	7
5977	7
5978	7
5979	7
5980	7
5981	7
5982	7
5983	7
5984	7
5985	7
5986	7
5987	7
5988	7
5989	7
5990	7
5991	7
5992	7
5993	7
5994	7
5995	7
5996	7
5997	7
5998	7
5999	7
6000	7
6001	7
6002	7
6003	7
6004	7
6005	7
6006	7
6007	7
6008	7
6009	7
6010	7
6011	7
6012	7
6013	7
6014	7
6015	7
6016	7
6017	7
6018	7
6019	7
6020	7
6021	7
6022	7
6023	7
6024	7
6025	7
6026	7
6027	7
6028	7
6029	7
6030	7
6031	7
6032	7
6033	7
6034	7
6035	7
6036	7
6037	7
6038	7
6039	7
6040	7
6041	7
6042	7
6043	7
6044	7
6045	7
6046	7
6047	7
6048	7
6049	7
6050	7
6051	7
6052	7
6053	7
6054	7
6055	7
6056	7
6057	7
6058	7
6059	7
6060	7
6061	7
6062	7
6063	7
6064	7
6065	7
6066	7
6067	7
6068	7
6069	7
6070	7
6071	7
6072	7
6073	7
6074	7
6075	7
6076	7
6077	7
6078	7
6079	7
6080	7
6081	7
6082	7
6083	7
6084	7
6085	7
6086	7
6087	7
6088	7
6089	7
6090	7
6091	7
6092	7
6093	7
6094	7
6095	7
6096	7
6097	7
6098	7
6099	7
6100	7
6101	7
6102	7
6103	7
6104	7
6105	7
6106	7
6107	7
6108	7
6109	7
6110	7
6111	7
6112	7
6113	7
6114	7
6115	7
6116	7
6117	7
6118	7
6119	7
6120	7
6121	7
6122	7
6123	7
6124	7
6125	7
6126	7
6127	7
6128	7
6129	7
6130	7
6131	7
6132	7
6133	7
6134	7
6135	7
6136	7
6137	7
6138	7
6139	7
6140	7
6141	7
6142	7
6143	7
6144	7
6145	7
6146	7
6147	7
6148	7
6149	7
6150	7
6151	7
6152	7
6153	7
6154	7
6155	7
6156	7
6157	1
6158	7
6159	7
6160	7
6161	7
6162	7
6163	7
6164	7
6165	7
6166	7
6167	7
6168	7
6169	7
6170	7
6171	7
6172	7
6173	7
6174	7
6175	7
6176	7
6177	7
6178	7
6179	7
6180	7
6181	7
6182	7
6183	7
6184	7
6185	7
6186	7
6187	7
6188	7
6189	7
6190	1
6191	7
6192	7
6193	1
6194	7
6195	7
6196	7
6197	7
6198	7
6199	7
6200	7
6201	7
6202	7
6203	1
6204	7
6205	7
6206	7
6207	7
6208	7
6209	7
6210	7
6211	9
6212	7
6213	1
6214	7
6215	7
6216	7
6217	7
6218	7
6219	7
6220	7
6221	7
6222	7
6223	7
6224	7
6225	1
6226	7
6227	7
6228	7
6229	7
6230	7
6231	7
6232	7
6233	7
6234	7
6235	7
6236	7
6237	7
6238	1
6239	9
6240	9
6241	9
6242	9
6243	8
6244	9
6245	9
6246	9
6247	9
6248	8
6249	9
6250	9
6251	6
6252	8
6253	8
6254	9
6255	9
6256	9
6257	6
6258	8
6259	9
6260	9
6261	8
6262	9
6263	8
6264	8
6265	9
6266	8
6267	9
6268	9
6269	9
6270	9
6271	8
6272	8
6273	9
6274	8
6275	8
6276	9
6277	8
6278	8
6279	8
6280	9
6281	6
6282	8
6283	8
6284	0
6285	8
6286	9
6287	0
6288	8
6289	9
6290	9
6291	8
6292	0
6293	9
6294	9
6295	6
6296	6
6297	3
6298	0
6299	6
6300	6
6301	8
6302	6
6303	6
6304	3
6305	8
6306	6
6307	0
6308	6
6309	6
6310	6
6311	8
6312	8
6313	8
6314	6
6315	6
6316	0
6317	0
6318	6
6319	8
6320	3
6321	6
6322	6
6323	8
6324	0
6325	8
6326	9
6327	6
6328	6
6329	6
6330	9
6331	8
6332	8
6333	9
6334	9
6335	9
6336	9
6337	0
6338	8
6339	9
6340	8
6341	8
6342	9
6343	8
6344	8
6345	8
6346	0
6347	6
6348	8
6349	8
6350	8
6351	9
6352	6
6353	9
6354	9
6355	6
6356	9
6357	6
6358	0
6359	3
6360	0
6361	0
6362	6
6363	8
6364	9
6365	8
6366	6
6367	6
6368	1
6369	6
6370	9
6371	0
6372	0
6373	0
6374	0
6375	3
6376	9
6377	9
6378	0
6379	9
6380	8
6381	8
6382	0
6383	6
6384	0
6385	8
6386	6
6387	0
6388	8
6389	0
6390	8
6391	0
6392	1
6393	6
6394	8
6395	9
6396	1
6397	6
6398	6
6399	9
6400	9
6401	8
6402	6
6403	6
6404	8
6405	9
6406	6
6407	8
6408	6
6409	9
6410	8
6411	0
6412	8
6413	6
6414	6
6415	0
6416	8
6417	9
6418	6
6419	6
6420	8
6421	6
6422	3
6423	0
6424	0
6425	0
6426	9
6427	8
6428	9
6429	9
6430	8
6431	8
6432	8
6433	6
6435	0
6436	9
6437	8
6438	8
6439	9
6440	9
6441	0
6442	9
6443	8
6444	9
6445	1
6446	6
6447	3
6448	3
6449	1
6450	6
6451	1
6452	1
6453	1
6454	6
6455	6
6456	9
6457	6
6458	9
6459	8
6460	9
6461	8
6462	8
6463	6
6464	9
6465	6
6466	1
6467	6
6468	1
6469	1
6470	8
6471	6
6472	8
6474	9
6475	9
6476	8
6477	6
6478	6
6479	6
6480	9
6481	1
6482	3
6483	3
6484	3
6485	3
6486	0
6487	6
6488	8
6489	0
6490	9
6491	6
6492	3
6493	9
6494	9
6495	8
6496	8
6497	8
6498	8
6499	0
6500	9
6501	8
6502	0
6503	6
6504	1
6505	8
6506	3
6507	0
6508	9
6509	6
6510	6
6511	6
6512	8
6513	9
6514	8
6515	9
6516	6
6517	6
6518	8
6519	6
6520	9
6521	6
6522	9
6523	9
6524	8
6525	9
6526	9
6527	9
6528	3
6529	0
6530	9
6531	9
6532	6
6533	6
6534	9
6535	8
6536	6
6537	6
6538	9
6539	6
6540	0
6541	8
6542	6
6543	3
6544	3
6545	3
6546	3
6547	8
6548	6
6549	6
6550	6
6551	6
6552	0
6553	8
6554	9
6555	0
6556	9
6557	0
6558	0
6559	9
6560	9
6561	9
6562	0
6563	0
6564	0
6565	1
6566	1
6567	1
6568	1
6569	1
6570	1
6571	1
6572	1
6573	1
6574	1
6575	1
6576	1
6577	1
6578	1
6579	0
6580	1
6581	1
6582	0
6583	1
6584	0
6585	0
6586	1
6587	7
6588	7
6589	7
6590	7
6591	1
6592	1
6593	1
6594	1
6595	3
6596	7
6597	1
6598	1
6599	1
6600	1
6601	3
6602	1
6603	1
6604	1
6605	7
6606	1
6607	0
6608	3
6609	1
6610	7
6611	0
6612	0
6613	1
6614	0
6615	7
6616	7
6617	9
6618	1
6619	0
6620	0
6621	9
6622	9
6623	9
6624	8
6625	8
6626	8
6627	9
6628	9
6629	8
6630	8
6631	8
6632	8
6633	8
6634	8
6635	9
6636	8
6637	8
6638	8
6639	8
6640	8
6641	8
6642	8
6643	8
6644	8
6645	8
6646	8
6647	3
6648	8
6650	8
6651	8
6652	8
6653	8
6654	3
6655	8
6656	8
6657	3
6658	8
6659	8
6660	3
6661	8
6662	8
6663	8
6664	3
6665	3
6666	3
6667	8
6668	3
6669	8
6671	8
6672	3
6679	8
6683	3
6684	3
6685	3
6686	3
6687	9
6688	3
6689	9
6690	8
6691	8
6692	3
6693	9
6694	3
6695	3
6696	3
6697	3
6698	3
6699	3
6700	3
6701	8
6702	8
6703	3
6704	3
6705	3
6706	8
6707	3
6708	8
6709	8
6710	3
6711	3
6712	8
6713	3
6714	8
6715	8
6716	8
6717	8
6718	3
6719	3
6720	3
6721	3
6722	8
6723	8
6724	8
6725	8
6726	8
6727	8
6728	8
6729	8
6730	8
6731	8
6732	8
6733	8
6734	8
6735	8
6736	8
6737	8
6738	8
6739	8
6740	8
6741	8
6742	8
6743	8
6744	8
6745	8
6746	8
6747	8
6748	3
6749	3
6750	8
6751	3
6752	3
6753	8
6754	3
6755	3
6756	3
6757	3
6758	3
6759	3
6760	8
6761	9
6762	8
6763	8
6764	7
6765	7
6766	7
6767	7
6768	7
6769	7
6770	7
6771	7
6772	7
6773	7
6774	7
6775	7
6776	7
6777	7
6778	1
6779	1
6780	7
6781	7
6782	7
6783	7
6784	7
6785	7
6786	7
6787	7
6788	7
6789	7
6790	7
6791	7
6792	7
6793	7
6794	7
6795	7
6796	7
6797	7
6798	7
6799	7
6800	7
6801	7
6802	7
6803	7
6804	7
6805	7
6806	7
6807	7
6808	7
6809	7
6810	7
6811	7
6812	1
6813	7
6814	7
6815	7
6816	7
6817	7
6818	7
6819	7
6820	5
6821	3
6822	0
6823	0
6824	5
6825	3
6826	3
6827	5
6828	5
6829	5
6830	3
6831	1
6832	1
6833	0
6834	1
6835	0
6836	1
6837	0
6838	0
6839	1
6840	0
6841	1
6842	1
6843	1
6844	0
6845	1
6846	1
6847	0
6848	0
6849	1
6850	1
6851	1
6852	1
6853	1
6854	1
6855	0
6856	0
6857	0
6858	1
6859	0
6860	1
6861	0
6862	1
6863	0
6864	5
6865	0
6866	0
6867	3
6868	0
6869	1
6870	1
6871	7
6872	7
6873	7
6874	3
6875	7
6876	0
6877	0
6878	0
6879	0
6880	1
6881	3
6882	3
6883	0
6884	3
6885	3
6886	1
6887	3
6888	5
6889	5
6890	5
6891	5
6892	5
6893	3
6894	7
6895	7
6896	3
6897	1
6898	0
6899	0
6900	0
6901	3
6902	1
6903	0
6904	7
6905	7
6906	0
6907	7
6908	7
6909	0
6910	5
6911	0
6912	5
6913	7
6914	1
6915	3
6916	3
6917	3
6918	3
6919	3
6920	3
6921	5
6922	0
6923	0
6924	5
6925	5
6926	5
6927	0
6928	5
6929	5
6930	5
6931	5
6932	0
6933	3
6934	3
6935	0
6936	5
6937	7
6938	3
6939	0
6940	0
6941	0
6942	0
6943	5
6944	0
6945	0
6946	0
6947	0
6948	0
6949	5
6950	0
6951	3
6952	0
6953	0
6954	0
6955	0
6956	0
6957	0
6958	0
6959	0
6960	0
6961	0
6962	0
6963	0
6964	0
6965	0
6966	0
