District 0: num of precincts (474) pop (528167)
District 1: num of precincts (642) pop (503578)
District 2: num of precincts (1003) pop (743705)
District 3: num of precincts (677) pop (675345)
District 4: num of precincts (865) pop (697577)
District 5: num of precincts (657) pop (550910)
District 6: num of precincts (419) pop (747198)
District 7: num of precincts (703) pop (694394)
District 8: num of precincts (525) pop (703766)
District 9: num of precincts (865) pop (825939)
population error: 12.5482510589%

1	1
2	7
3	1
4	1
5	1
6	7
7	7
8	1
9	7
10	7
11	1
12	7
13	7
14	7
15	7
16	7
17	7
18	7
19	7
20	7
21	7
22	7
23	7
24	7
25	1
26	7
27	7
28	7
29	7
30	7
31	1
32	7
33	1
34	1
35	1
36	1
37	1
38	1
39	1
40	1
41	1
42	1
43	1
44	1
45	1
46	1
47	1
48	1
49	1
50	1
51	1
52	1
53	1
54	1
55	1
56	1
57	1
58	1
59	1
60	1
61	1
62	1
63	0
64	0
65	0
66	0
67	0
68	0
69	0
70	9
71	0
72	0
73	9
74	0
75	0
76	0
77	0
78	0
79	0
80	0
81	0
82	0
83	0
84	0
85	0
86	0
87	0
88	0
89	0
90	0
91	0
92	0
93	0
94	9
95	9
96	0
97	0
98	0
99	0
100	0
101	0
102	0
103	0
104	9
105	0
106	0
107	0
108	0
109	9
110	9
111	9
112	0
113	0
114	9
115	9
116	0
117	9
118	0
119	0
120	0
121	0
122	0
123	0
124	0
125	0
126	0
127	0
128	1
129	9
130	9
131	9
132	0
133	0
134	0
135	0
136	0
137	0
138	0
139	9
140	9
141	0
142	9
143	9
144	9
145	9
146	0
147	0
148	0
149	0
150	0
151	0
152	0
153	0
154	0
155	0
156	0
157	0
158	1
159	0
160	1
161	0
162	9
163	0
164	0
165	0
166	9
167	9
168	9
169	0
170	0
171	9
172	0
173	0
174	0
175	0
176	0
177	0
178	0
179	0
180	0
181	0
182	9
183	0
184	0
185	9
186	0
187	9
188	9
189	9
190	9
191	0
192	0
193	9
194	0
195	0
196	0
197	0
198	0
199	9
200	0
201	0
202	0
203	9
204	0
205	0
206	0
207	0
208	9
209	0
210	0
211	0
212	9
213	9
214	0
215	0
216	9
217	0
218	0
219	0
220	0
221	0
222	0
223	0
224	9
225	9
226	0
227	9
228	0
229	0
230	0
231	0
232	0
233	0
234	0
235	0
236	0
237	0
238	0
239	9
240	0
241	0
242	0
243	0
244	0
245	0
246	0
247	0
248	0
249	0
250	1
251	9
252	0
253	0
254	0
255	0
256	0
257	1
258	1
259	1
260	1
261	1
262	1
263	1
264	1
265	1
266	1
267	1
268	1
269	1
270	1
271	1
272	1
273	1
274	1
275	1
276	3
277	3
278	1
279	1
280	1
281	1
282	1
283	1
284	1
285	1
286	1
287	1
288	1
289	3
290	1
291	1
292	1
293	1
294	1
295	1
296	1
297	1
298	1
299	1
300	1
301	1
302	1
303	1
304	1
305	1
306	1
307	1
308	1
309	1
310	1
311	1
312	1
313	1
314	1
315	1
316	1
317	1
318	1
319	1
320	1
321	1
322	1
323	1
324	1
325	1
326	1
327	1
328	1
329	1
330	1
331	1
332	1
333	1
334	1
335	1
336	1
337	3
338	1
339	1
340	1
341	1
342	1
343	9
344	9
345	9
346	9
347	9
348	9
349	9
350	9
351	9
352	9
353	9
354	9
355	9
357	9
358	9
359	9
360	9
361	9
362	9
363	9
365	9
366	9
367	9
368	9
369	9
370	9
372	9
373	9
374	9
375	9
376	9
377	9
378	9
379	9
380	9
381	9
382	9
383	9
384	9
385	9
386	9
387	9
388	9
389	9
390	9
391	9
392	9
393	9
394	9
395	9
396	9
397	9
398	9
399	9
400	9
401	9
402	9
403	9
404	9
405	9
406	9
407	9
408	9
409	9
410	9
411	9
412	9
413	9
414	9
415	9
416	9
417	9
418	9
419	9
420	9
421	9
422	9
423	9
424	9
425	9
426	9
427	9
428	9
429	9
430	9
431	9
432	9
434	9
435	9
436	9
438	9
439	8
440	8
441	8
442	8
443	8
444	8
445	8
446	0
447	0
448	0
449	0
450	0
451	0
452	9
453	9
454	8
455	8
456	8
457	8
458	8
459	8
460	8
461	8
462	8
463	8
464	0
465	0
466	0
467	0
468	8
469	0
470	8
471	8
472	0
473	0
474	0
475	0
476	0
477	0
478	8
479	8
480	8
481	0
482	0
483	8
484	8
485	0
486	8
487	8
488	8
489	0
490	0
491	0
492	8
493	8
494	8
495	8
496	8
497	8
498	8
499	0
500	8
501	8
502	0
503	0
504	8
505	8
506	8
507	8
508	8
509	8
510	8
511	8
512	8
513	8
514	8
515	8
516	8
517	8
518	8
519	8
520	8
521	8
522	8
523	8
524	8
525	8
526	8
527	8
528	8
529	8
530	9
531	8
532	8
533	8
534	8
535	8
536	8
538	0
539	0
540	8
541	8
542	8
543	8
544	8
545	8
546	8
547	8
548	8
549	8
550	8
551	8
552	8
553	8
554	8
555	8
556	0
557	8
558	8
559	0
560	0
561	8
562	0
563	8
564	9
565	8
566	8
567	9
568	8
569	0
570	0
571	0
572	0
573	0
574	8
575	0
576	8
577	8
578	8
579	8
580	8
581	9
582	9
583	8
584	8
585	8
586	8
587	8
588	8
589	9
590	8
591	0
592	0
593	9
594	9
595	8
596	9
597	8
598	8
599	0
600	0
601	8
602	8
603	8
604	8
605	8
606	8
607	0
608	0
609	8
610	0
611	0
612	0
613	0
614	0
615	0
616	0
617	0
618	8
619	8
620	8
621	8
622	9
623	8
624	8
625	8
626	8
627	8
628	8
629	8
630	8
631	8
632	9
633	9
634	8
635	9
636	8
637	8
638	8
639	8
640	8
641	8
642	8
643	0
644	0
645	0
646	1
647	1
648	1
649	1
650	1
651	1
652	1
653	1
654	1
655	1
656	7
657	7
658	7
659	1
660	8
661	8
662	0
663	8
664	0
665	0
666	0
667	0
668	8
669	0
670	8
671	0
672	8
673	0
674	0
675	9
676	8
677	9
678	8
679	9
680	8
681	8
682	8
683	8
684	8
685	9
686	8
687	8
688	8
689	8
690	8
691	8
692	8
693	8
694	8
695	9
696	0
697	8
698	8
699	8
700	8
701	8
702	8
703	8
704	8
705	8
706	0
707	0
708	0
709	0
710	0
711	0
712	0
713	0
714	0
715	0
716	0
717	0
718	9
719	0
720	1
721	9
722	9
723	0
724	0
725	0
726	8
727	8
728	8
729	8
730	8
731	8
732	8
733	8
734	8
735	8
736	8
737	8
738	8
739	8
740	8
741	8
742	8
743	0
744	0
745	8
746	0
747	0
748	9
749	9
750	1
751	9
752	1
753	1
754	0
755	0
756	7
757	0
758	7
759	1
760	1
761	1
762	1
763	1
764	1
765	1
766	1
767	1
768	1
769	1
770	1
771	1
772	1
773	1
774	1
775	1
776	1
777	1
778	1
779	1
780	1
781	1
782	1
783	1
784	1
785	1
786	1
787	1
788	1
789	1
790	1
791	1
792	1
793	0
794	1
795	7
796	0
797	9
798	7
799	9
800	7
801	7
802	7
803	7
804	7
805	7
806	7
807	7
808	7
809	7
810	7
811	7
812	7
813	7
814	7
815	7
816	7
817	7
818	7
819	7
820	7
821	7
822	7
823	9
824	9
825	9
826	7
827	7
828	7
829	7
830	7
831	9
832	9
833	9
834	1
835	0
836	0
837	0
838	1
839	1
840	1
841	9
842	9
843	1
844	1
845	7
846	0
847	9
848	9
849	0
850	1
851	0
852	1
853	9
854	1
855	9
856	9
857	1
858	0
859	0
860	0
861	0
862	9
863	0
864	9
865	0
866	0
867	0
868	0
869	0
870	9
871	0
872	9
873	9
874	1
875	0
876	7
877	7
878	0
879	0
880	7
881	0
882	9
883	1
884	9
885	1
886	1
887	1
888	1
889	1
890	7
891	0
892	1
893	7
894	7
895	7
896	1
897	7
898	7
899	7
900	1
901	7
902	0
903	0
904	9
905	0
906	0
907	0
908	0
909	0
910	0
911	9
912	9
913	0
914	0
915	0
916	9
917	0
918	9
919	9
920	9
921	9
922	9
923	9
924	0
925	7
926	1
927	1
928	1
929	7
930	1
931	7
932	7
933	1
934	1
935	7
936	7
937	1
938	7
939	1
940	7
941	7
942	7
943	1
944	7
945	1
946	7
947	1
948	1
949	1
950	1
951	7
952	7
953	7
954	7
955	7
956	7
957	7
958	7
959	1
960	7
961	1
962	1
963	1
964	1
965	0
966	7
967	1
968	0
969	7
970	7
971	0
972	7
973	7
974	7
975	7
976	3
977	3
978	1
979	3
980	7
981	7
982	7
983	7
984	7
985	7
986	7
987	7
988	7
989	1
990	1
991	7
992	3
993	7
994	7
995	7
996	7
997	7
998	1
999	7
1000	1
1001	1
1002	1
1003	1
1004	1
1005	1
1006	7
1007	7
1008	1
1009	8
1010	9
1011	9
1012	9
1013	9
1014	9
1015	0
1016	8
1017	9
1018	9
1019	9
1020	9
1021	0
1022	9
1023	9
1024	0
1025	0
1026	9
1027	8
1028	0
1029	0
1030	9
1031	9
1032	0
1033	8
1034	0
1035	9
1036	9
1037	0
1038	0
1039	8
1040	9
1041	8
1042	9
1043	0
1044	9
1045	8
1046	8
1051	0
1052	0
1053	9
1054	9
1055	9
1056	9
1057	0
1058	0
1059	9
1060	8
1061	8
1062	8
1063	0
1064	9
1065	9
1066	9
1068	9
1069	9
1070	9
1071	9
1072	9
1073	9
1074	9
1075	9
1076	9
1077	9
1078	9
1079	9
1080	9
1081	9
1082	9
1084	8
1085	8
1087	8
1088	8
1089	8
1090	8
1091	8
1092	8
1093	8
1094	8
1095	8
1096	8
1097	8
1099	8
1101	8
1102	8
1103	9
1104	8
1105	9
1106	9
1107	9
1108	9
1109	8
1110	9
1111	9
1112	9
1113	8
1114	8
1115	8
1116	8
1117	8
1118	8
1120	8
1121	8
1122	9
1123	8
1124	8
1125	8
1126	8
1127	8
1128	8
1129	8
1130	8
1131	8
1132	8
1133	8
1134	8
1135	8
1136	8
1137	8
1138	8
1139	9
1140	9
1141	9
1142	9
1143	8
1144	8
1145	8
1146	9
1147	8
1149	8
1151	8
1157	8
1160	8
1161	8
1162	8
1163	8
1164	8
1165	8
1167	8
1168	9
1169	8
1170	8
1171	8
1172	8
1173	8
1174	9
1175	8
1176	8
1177	9
1178	9
1179	9
1181	9
1182	9
1185	9
1189	9
1190	9
1191	9
1192	9
1193	9
1194	9
1195	9
1196	9
1197	9
1198	9
1199	9
1200	9
1201	9
1202	9
1203	9
1204	9
1205	9
1206	9
1207	9
1208	9
1209	9
1210	9
1211	9
1212	9
1213	9
1214	9
1215	9
1216	9
1217	3
1218	6
1219	3
1220	3
1221	3
1222	3
1223	1
1224	3
1225	6
1226	3
1227	6
1228	6
1229	6
1230	6
1231	3
1232	6
1233	9
1234	9
1235	9
1236	4
1237	4
1238	4
1239	4
1240	4
1241	4
1242	4
1243	4
1244	4
1245	4
1246	4
1247	4
1249	4
1250	4
1251	4
1252	4
1253	4
1254	4
1255	4
1256	4
1257	4
1258	4
1259	4
1260	4
1261	4
1263	4
1264	4
1265	4
1266	4
1267	4
1268	4
1269	4
1270	4
1271	2
1272	4
1273	2
1274	2
1275	2
1276	2
1277	4
1278	4
1279	4
1280	4
1281	4
1282	4
1283	4
1284	4
1285	2
1286	4
1287	4
1288	2
1289	2
1290	2
1291	4
1292	4
1293	2
1294	2
1295	2
1296	2
1297	2
1298	2
1299	2
1300	2
1301	2
1302	2
1303	2
1304	2
1305	2
1306	2
1307	2
1308	5
1309	5
1310	5
1311	5
1312	5
1313	4
1314	4
1315	4
1316	4
1317	4
1318	4
1319	5
1320	4
1321	3
1322	5
1323	5
1324	5
1325	5
1326	5
1327	5
1328	5
1329	5
1330	5
1331	5
1332	5
1333	5
1334	4
1335	4
1336	2
1337	4
1338	5
1339	5
1340	2
1341	2
1342	2
1343	5
1344	5
1345	5
1346	2
1347	5
1348	5
1349	5
1350	5
1351	5
1352	5
1353	5
1354	5
1355	5
1356	5
1357	3
1358	5
1359	6
1360	2
1361	2
1362	2
1363	2
1364	2
1365	4
1366	2
1367	5
1368	2
1369	5
1370	5
1371	5
1372	5
1374	4
1375	4
1376	4
1377	4
1378	3
1379	3
1380	3
1381	3
1382	1
1383	1
1384	1
1385	1
1386	3
1387	3
1388	3
1389	3
1390	4
1391	4
1392	6
1393	4
1394	6
1395	3
1396	3
1397	9
1398	9
1399	9
1400	9
1401	9
1402	9
1403	9
1404	9
1405	9
1406	9
1407	9
1408	4
1409	4
1410	4
1411	4
1412	4
1413	4
1414	4
1415	4
1416	4
1417	4
1418	4
1419	4
1420	4
1421	4
1422	4
1423	4
1424	4
1425	4
1426	4
1427	4
1429	4
1432	4
1433	4
1434	4
1435	4
1436	4
1437	2
1438	2
1439	2
1440	4
1441	4
1442	2
1443	2
1444	2
1445	2
1446	2
1447	5
1448	5
1449	5
1450	5
1451	2
1452	2
1453	2
1454	2
1455	2
1456	2
1457	2
1458	2
1459	2
1460	2
1461	2
1462	5
1463	2
1464	5
1465	2
1466	3
1467	4
1468	4
1469	4
1470	4
1471	4
1472	4
1473	4
1474	4
1475	4
1476	5
1477	5
1478	5
1479	5
1480	5
1481	5
1482	5
1483	5
1484	5
1485	5
1486	5
1487	5
1488	5
1489	5
1490	2
1491	2
1492	5
1493	2
1494	5
1495	5
1496	5
1497	5
1498	5
1499	5
1500	5
1501	5
1502	5
1503	5
1504	5
1505	5
1506	5
1507	2
1508	5
1509	5
1510	2
1511	2
1512	2
1513	5
1514	5
1515	2
1516	2
1517	5
1518	5
1519	5
1520	5
1521	5
1522	5
1523	5
1524	5
1525	5
1526	4
1527	4
1528	4
1529	4
1530	4
1531	4
1533	4
1534	4
1535	5
1536	2
1537	4
1538	2
1539	2
1540	2
1541	2
1542	2
1543	2
1544	3
1545	3
1546	3
1547	3
1548	3
1549	3
1550	3
1551	3
1552	3
1553	3
1554	3
1555	6
1556	6
1557	6
1558	6
1559	6
1560	6
1561	6
1562	6
1563	9
1564	9
1565	9
1566	9
1567	9
1568	3
1569	3
1570	4
1571	4
1572	4
1573	4
1574	4
1575	4
1576	4
1577	4
1578	4
1579	4
1580	4
1581	4
1582	4
1584	4
1585	4
1586	4
1587	4
1588	4
1589	4
1590	4
1591	4
1592	4
1593	4
1594	4
1596	4
1597	4
1598	4
1599	2
1600	2
1601	2
1602	2
1603	2
1604	2
1605	2
1606	2
1607	2
1608	2
1609	2
1610	2
1611	2
1612	2
1613	2
1614	2
1615	2
1616	2
1617	5
1618	2
1619	2
1620	5
1621	2
1622	5
1623	5
1624	5
1625	5
1626	5
1627	5
1628	5
1629	5
1630	5
1631	5
1632	2
1633	5
1634	2
1635	5
1636	5
1637	4
1638	5
1639	5
1640	4
1641	4
1642	4
1643	4
1644	4
1645	4
1646	5
1647	5
1648	5
1649	5
1650	5
1651	5
1652	5
1653	5
1654	5
1655	5
1656	5
1657	5
1658	5
1659	5
1660	5
1661	5
1662	5
1663	5
1664	5
1665	5
1666	5
1667	5
1668	5
1669	5
1670	5
1671	5
1672	2
1673	2
1674	2
1675	2
1676	5
1677	2
1678	2
1679	5
1680	2
1681	2
1682	2
1683	2
1684	2
1685	2
1686	2
1687	2
1688	5
1689	5
1690	5
1691	3
1692	5
1693	3
1694	3
1695	5
1696	2
1697	5
1698	5
1699	5
1700	2
1701	2
1702	2
1703	2
1704	2
1705	2
1706	2
1707	2
1708	2
1709	2
1710	2
1711	2
1712	2
1713	4
1714	5
1715	3
1716	3
1717	3
1718	3
1719	3
1720	3
1721	3
1722	3
1723	6
1724	6
1725	6
1726	6
1727	6
1728	6
1729	6
1730	6
1731	4
1732	4
1733	4
1734	6
1735	3
1736	3
1737	4
1738	4
1739	4
1740	4
1741	4
1742	4
1743	4
1744	4
1745	4
1746	4
1747	4
1748	4
1749	4
1750	4
1751	4
1752	4
1753	4
1754	4
1755	4
1756	4
1757	4
1758	4
1759	4
1760	4
1761	4
1762	4
1763	4
1764	2
1765	2
1766	2
1767	2
1769	2
1770	2
1771	2
1772	2
1773	2
1774	2
1775	2
1776	2
1777	2
1778	2
1779	2
1780	2
1781	2
1782	2
1783	2
1784	5
1785	5
1786	2
1787	2
1788	5
1789	2
1790	2
1791	5
1792	2
1793	2
1795	2
1796	2
1797	2
1798	2
1799	2
1800	2
1801	4
1802	5
1803	5
1804	4
1805	4
1806	5
1807	5
1808	5
1809	5
1810	4
1811	5
1812	5
1813	5
1814	5
1815	5
1816	5
1817	5
1818	5
1819	5
1820	4
1821	3
1822	5
1823	5
1824	5
1825	5
1826	5
1827	5
1828	5
1829	5
1830	5
1831	5
1832	5
1833	2
1834	2
1835	2
1836	2
1837	2
1838	2
1839	2
1840	2
1841	2
1842	2
1843	2
1844	2
1845	2
1846	2
1847	2
1848	2
1849	2
1850	3
1851	5
1852	5
1853	5
1854	5
1855	5
1856	5
1857	4
1858	4
1859	4
1860	4
1861	5
1862	5
1863	4
1864	4
1865	4
1866	3
1867	1
1868	1
1869	3
1870	3
1871	3
1872	3
1873	3
1874	3
1875	3
1876	3
1877	4
1878	4
1879	6
1880	6
1881	6
1882	6
1883	4
1884	4
1885	3
1886	3
1887	4
1888	6
1889	4
1890	4
1891	4
1892	4
1893	4
1894	4
1895	4
1896	4
1897	4
1898	4
1899	4
1900	4
1901	4
1902	4
1903	4
1904	4
1905	4
1906	4
1907	4
1908	4
1909	4
1910	4
1911	4
1912	4
1913	4
1914	4
1915	4
1916	4
1917	4
1918	4
1919	4
1920	4
1921	4
1922	4
1923	4
1924	4
1925	2
1926	2
1927	2
1928	2
1929	2
1930	2
1931	2
1932	2
1933	2
1934	2
1935	2
1936	2
1937	2
1938	2
1939	2
1940	2
1941	2
1942	2
1943	2
1944	2
1945	2
1946	5
1947	2
1948	2
1949	5
1950	5
1951	5
1952	5
1953	5
1954	2
1955	5
1956	5
1957	5
1958	5
1959	5
1960	2
1961	5
1962	5
1963	5
1964	5
1965	5
1966	5
1967	5
1968	4
1969	3
1970	4
1971	4
1972	4
1973	5
1974	5
1975	5
1976	5
1977	5
1978	5
1979	5
1980	5
1981	2
1982	5
1983	2
1984	5
1985	5
1986	5
1987	5
1988	5
1989	5
1990	5
1991	5
1992	2
1993	2
1994	2
1995	2
1996	2
1997	2
1998	2
1999	2
2000	2
2001	2
2002	2
2003	2
2004	2
2005	2
2006	2
2007	2
2008	2
2009	5
2010	5
2011	5
2012	3
2013	5
2014	5
2015	1
2016	1
2017	3
2018	1
2019	3
2020	1
2021	1
2022	1
2023	3
2024	3
2025	3
2026	3
2027	3
2028	3
2029	3
2030	3
2031	3
2032	3
2033	6
2034	6
2035	6
2036	6
2037	6
2038	6
2039	6
2040	6
2041	4
2042	4
2043	4
2044	4
2045	4
2046	4
2047	3
2048	4
2049	4
2050	4
2051	4
2052	4
2053	4
2054	4
2055	4
2056	4
2057	4
2058	4
2059	4
2060	4
2061	4
2062	4
2063	4
2064	4
2065	4
2066	4
2067	4
2068	4
2069	4
2070	4
2071	4
2072	4
2073	4
2074	4
2075	4
2076	4
2077	4
2078	2
2079	2
2080	2
2081	2
2082	2
2083	2
2084	2
2085	2
2086	2
2087	2
2088	2
2089	2
2090	2
2091	2
2092	2
2093	2
2094	2
2095	2
2096	2
2097	5
2098	2
2099	5
2100	2
2101	2
2102	2
2103	2
2104	5
2105	2
2106	2
2107	2
2108	2
2109	2
2110	2
2111	2
2112	2
2113	4
2114	4
2115	4
2116	5
2117	4
2118	4
2119	5
2120	4
2121	5
2122	5
2123	5
2124	5
2125	5
2126	5
2127	5
2128	5
2129	5
2130	5
2131	5
2132	5
2133	5
2134	5
2135	5
2136	5
2137	5
2138	5
2139	5
2140	5
2141	5
2142	2
2143	2
2144	5
2145	5
2146	2
2147	5
2148	2
2149	2
2150	2
2151	2
2152	5
2153	4
2154	4
2155	5
2156	5
2157	5
2158	4
2161	4
2162	3
2163	3
2164	3
2165	3
2166	3
2167	3
2168	5
2169	5
2170	5
2171	5
2172	5
2173	1
2174	3
2175	1
2176	1
2177	1
2178	3
2179	1
2180	1
2181	1
2182	3
2183	3
2184	3
2185	3
2186	3
2187	3
2188	4
2189	4
2190	4
2191	3
2192	4
2193	6
2194	6
2195	6
2196	6
2197	6
2198	6
2199	6
2200	6
2201	6
2202	4
2203	4
2204	4
2205	4
2206	4
2207	4
2208	4
2209	4
2210	4
2211	4
2212	4
2213	4
2215	4
2216	4
2217	4
2218	4
2219	4
2220	4
2221	4
2222	4
2223	4
2224	4
2225	4
2226	4
2227	4
2228	4
2229	4
2230	4
2231	4
2232	4
2233	4
2234	2
2235	2
2236	2
2237	2
2238	2
2239	2
2240	2
2241	4
2242	2
2243	2
2244	2
2245	2
2246	2
2247	2
2248	2
2249	2
2250	2
2251	2
2252	2
2253	2
2254	2
2255	2
2256	2
2257	4
2258	4
2259	3
2260	3
2261	4
2262	4
2263	4
2264	4
2265	5
2266	4
2267	4
2268	5
2269	5
2270	5
2271	5
2272	5
2273	5
2274	5
2275	5
2276	5
2277	5
2278	5
2279	5
2280	5
2281	5
2282	5
2283	2
2284	5
2285	2
2286	2
2287	5
2288	5
2289	2
2290	5
2291	5
2292	2
2293	2
2294	2
2295	2
2296	2
2297	2
2298	2
2299	2
2300	2
2301	2
2302	5
2303	5
2304	3
2305	3
2306	3
2307	3
2308	3
2309	3
2310	3
2311	3
2312	3
2313	3
2314	3
2315	3
2316	3
2317	5
2318	3
2319	3
2320	3
2321	3
2322	3
2323	3
2324	1
2325	1
2326	1
2327	1
2328	1
2329	1
2330	1
2331	3
2332	3
2333	3
2334	3
2335	4
2336	4
2337	3
2338	3
2339	3
2340	3
2341	3
2342	4
2343	4
2344	6
2345	6
2346	4
2347	6
2348	6
2349	6
2350	4
2351	6
2352	6
2353	6
2354	6
2355	4
2356	4
2357	4
2358	6
2359	6
2360	3
2361	4
2362	4
2363	4
2364	6
2365	4
2366	3
2367	4
2368	3
2369	4
2370	4
2371	4
2372	4
2373	4
2374	4
2375	4
2376	4
2377	4
2378	4
2379	4
2380	4
2381	4
2382	4
2383	4
2384	4
2385	4
2386	4
2387	4
2388	4
2389	4
2390	4
2391	4
2392	4
2393	4
2394	4
2395	4
2396	4
2397	4
2398	4
2399	4
2400	4
2401	4
2402	4
2403	2
2404	2
2405	2
2406	2
2407	2
2408	2
2409	2
2410	2
2411	2
2412	2
2413	2
2414	2
2415	2
2416	2
2417	2
2418	2
2419	2
2420	2
2421	2
2422	2
2423	2
2424	2
2425	3
2426	4
2427	4
2428	3
2429	4
2430	4
2431	3
2432	3
2433	4
2434	4
2435	4
2436	4
2437	5
2438	5
2439	5
2440	3
2441	3
2442	5
2443	5
2444	5
2445	5
2446	5
2447	5
2448	5
2449	5
2450	5
2451	5
2452	5
2453	5
2454	5
2455	5
2456	5
2457	2
2458	2
2459	2
2460	2
2461	2
2462	2
2463	2
2464	2
2465	5
2466	3
2467	3
2468	3
2469	5
2470	3
2471	3
2472	3
2473	3
2474	3
2475	3
2476	5
2477	3
2478	3
2479	3
2480	3
2481	3
2482	5
2483	3
2484	3
2485	5
2486	5
2487	5
2488	5
2489	5
2490	3
2491	3
2492	3
2493	3
2494	3
2495	3
2496	3
2497	3
2498	4
2499	4
2500	4
2501	4
2502	3
2503	4
2504	3
2505	4
2506	4
2507	4
2508	4
2509	4
2510	4
2511	4
2512	4
2513	4
2514	4
2515	4
2516	4
2517	4
2518	4
2520	4
2521	4
2522	4
2523	4
2524	4
2525	4
2526	4
2527	4
2528	4
2529	4
2530	4
2531	4
2532	4
2533	4
2534	4
2535	4
2536	4
2537	4
2538	4
2539	4
2540	4
2541	4
2542	4
2543	4
2544	4
2545	4
2546	4
2547	4
2548	4
2549	4
2550	4
2551	4
2552	4
2553	4
2554	4
2555	4
2556	4
2557	4
2558	4
2559	4
2560	4
2561	4
2562	4
2563	4
2564	4
2565	4
2566	4
2567	4
2568	4
2569	2
2570	2
2571	2
2572	2
2573	2
2574	2
2575	2
2576	2
2577	2
2578	2
2579	2
2580	4
2581	2
2582	2
2583	2
2584	2
2585	2
2586	2
2587	5
2588	5
2589	5
2590	4
2591	4
2592	4
2593	4
2594	4
2595	4
2596	4
2597	4
2598	3
2599	3
2600	4
2601	5
2602	3
2603	5
2604	5
2605	3
2606	5
2607	5
2608	5
2609	5
2610	5
2611	5
2612	5
2613	5
2614	5
2615	4
2616	2
2617	5
2618	5
2619	2
2620	5
2621	2
2622	2
2623	2
2624	2
2625	2
2626	5
2627	3
2628	5
2629	3
2630	4
2631	3
2632	3
2633	3
2634	4
2635	5
2636	5
2637	5
2638	3
2639	3
2640	5
2641	3
2642	5
2643	5
2644	5
2645	2
2646	2
2647	5
2648	5
2649	3
2650	3
2651	3
2652	3
2653	3
2654	3
2655	3
2656	3
2657	4
2658	4
2659	4
2660	4
2661	4
2662	4
2663	4
2664	4
2665	4
2666	3
2667	3
2668	4
2669	4
2670	4
2671	4
2672	4
2673	2
2674	2
2675	2
2676	2
2677	4
2678	4
2679	4
2680	4
2681	4
2682	4
2683	4
2684	4
2685	4
2686	4
2687	4
2688	4
2689	4
2690	4
2691	4
2692	4
2693	4
2694	4
2695	4
2696	4
2697	4
2698	4
2699	4
2700	4
2701	4
2702	4
2703	4
2704	4
2705	4
2706	4
2707	4
2708	2
2710	2
2711	2
2712	2
2713	2
2714	2
2715	2
2716	2
2717	2
2718	2
2719	2
2720	2
2721	2
2722	5
2723	2
2724	2
2725	4
2726	4
2727	4
2728	2
2729	2
2730	2
2731	4
2732	5
2733	2
2734	2
2735	5
2736	5
2737	5
2738	5
2739	5
2740	5
2741	4
2742	3
2743	4
2744	4
2745	4
2746	4
2747	4
2748	4
2749	4
2750	3
2751	4
2752	4
2753	4
2754	3
2755	3
2756	3
2757	5
2758	5
2759	5
2760	3
2761	5
2762	5
2763	2
2764	4
2765	5
2766	5
2767	5
2768	5
2769	4
2770	4
2771	5
2772	5
2773	5
2774	5
2775	5
2776	5
2777	3
2778	4
2779	2
2780	2
2781	5
2782	2
2783	5
2784	2
2785	5
2786	5
2787	5
2788	5
2789	5
2790	5
2791	2
2792	2
2793	2
2794	5
2795	2
2796	4
2797	2
2798	4
2799	4
2800	4
2801	5
2802	5
2803	3
2804	3
2805	3
2806	3
2807	3
2808	3
2809	3
2810	2
2811	2
2812	5
2813	2
2814	2
2815	2
2816	2
2817	2
2818	3
2819	3
2820	4
2821	3
2822	3
2823	3
2824	3
2825	3
2826	3
2827	4
2828	4
2829	4
2830	4
2831	4
2832	4
2833	4
2834	4
2835	4
2836	2
2837	2
2838	2
2839	2
2840	2
2841	2
2842	2
2843	2
2844	2
2845	2
2846	2
2847	2
2848	5
2849	5
2850	5
2851	5
2852	5
2853	5
2854	4
2855	4
2856	4
2857	4
2858	4
2859	4
2860	4
2861	4
2862	4
2863	4
2864	4
2865	4
2866	4
2867	4
2868	4
2869	4
2870	4
2871	4
2872	4
2873	4
2874	4
2875	2
2876	4
2877	4
2878	2
2879	2
2880	2
2881	2
2882	2
2883	4
2884	4
2885	2
2886	2
2887	2
2888	4
2889	2
2890	4
2891	4
2892	4
2893	4
2894	4
2895	4
2896	2
2897	2
2898	2
2899	4
2900	5
2901	4
2902	2
2903	5
2904	5
2905	2
2906	2
2907	2
2908	5
2909	2
2910	5
2911	5
2912	5
2913	4
2914	4
2915	4
2916	4
2917	4
2918	4
2919	4
2920	4
2921	4
2922	4
2923	4
2924	3
2925	5
2926	3
2927	3
2928	5
2929	5
2930	5
2931	3
2932	3
2933	5
2934	5
2935	5
2936	4
2937	5
2938	5
2939	5
2940	4
2941	4
2942	2
2943	2
2944	4
2945	4
2946	4
2947	4
2948	2
2949	5
2950	2
2951	2
2952	2
2953	2
2954	2
2955	2
2956	2
2957	2
2958	2
2959	4
2960	2
2961	5
2962	3
2964	3
2965	3
2966	2
2967	3
2968	3
2969	3
2970	3
2971	3
2972	3
2973	2
2974	2
2975	2
2976	2
2977	2
2978	2
2979	2
2980	3
2981	3
2982	4
2983	3
2984	3
2985	4
2986	4
2987	3
2988	3
2989	3
2990	3
2991	1
2992	3
2993	3
2994	3
2995	3
2996	5
2997	5
2998	5
2999	5
3000	5
3001	5
3002	5
3003	5
3004	5
3005	5
3006	5
3007	4
3008	4
3009	4
3010	4
3011	4
3012	4
3013	4
3014	4
3015	4
3016	4
3017	4
3018	4
3019	4
3020	4
3021	4
3022	4
3023	4
3024	4
3025	4
3026	4
3027	4
3028	4
3029	4
3030	4
3031	4
3032	4
3033	4
3034	4
3035	4
3036	4
3037	4
3038	4
3039	4
3040	4
3041	4
3042	4
3043	2
3044	2
3045	4
3046	2
3047	2
3048	2
3049	2
3050	2
3051	2
3052	2
3053	2
3054	2
3055	2
3056	4
3057	2
3058	2
3059	2
3060	2
3061	2
3062	4
3063	2
3064	5
3065	5
3066	2
3067	5
3068	5
3069	5
3070	5
3071	5
3072	2
3073	2
3074	2
3075	2
3076	2
3077	2
3078	5
3079	2
3080	5
3081	4
3082	4
3083	4
3084	4
3085	4
3086	4
3087	4
3088	4
3089	4
3090	4
3091	4
3092	4
3093	3
3094	5
3095	3
3096	5
3097	3
3098	4
3099	4
3100	5
3101	5
3102	4
3103	4
3104	5
3105	4
3106	5
3107	4
3108	4
3109	2
3110	2
3111	5
3112	2
3113	5
3114	5
3115	5
3116	5
3117	5
3118	5
3119	2
3120	5
3121	2
3122	2
3123	2
3124	6
3125	6
3126	4
3127	4
3128	4
3129	5
3130	4
3131	3
3132	5
3133	6
3135	2
3136	3
3137	3
3138	3
3139	3
3140	3
3141	3
3142	2
3143	2
3144	2
3145	5
3146	2
3147	2
3148	3
3149	4
3150	3
3151	1
3152	3
3153	1
3154	3
3155	3
3156	3
3157	3
3158	3
3159	3
3160	6
3161	3
3162	3
3163	5
3164	5
3165	5
3166	5
3167	5
3168	5
3169	2
3170	2
3171	2
3172	4
3173	4
3174	4
3175	4
3176	4
3177	4
3178	4
3179	2
3180	2
3181	2
3184	2
3185	2
3186	2
3187	5
3188	5
3189	4
3190	4
3191	4
3192	4
3193	4
3194	4
3195	4
3196	4
3197	4
3198	4
3199	4
3200	4
3201	4
3202	2
3203	2
3204	2
3205	2
3206	2
3212	2
3213	2
3214	2
3215	2
3216	2
3217	4
3218	4
3219	4
3220	4
3221	4
3222	5
3223	2
3224	5
3225	5
3226	5
3227	2
3228	2
3229	2
3230	5
3231	5
3232	5
3233	2
3234	2
3235	2
3236	2
3237	2
3238	2
3239	2
3240	2
3241	4
3242	4
3243	4
3244	4
3245	4
3246	4
3247	4
3248	4
3249	4
3250	4
3251	4
3252	4
3253	5
3254	4
3255	4
3256	4
3257	4
3258	5
3259	4
3260	5
3261	5
3262	4
3263	5
3264	5
3265	5
3266	5
3267	5
3268	5
3269	5
3270	5
3271	5
3272	5
3273	2
3274	2
3275	2
3276	2
3277	2
3278	2
3279	2
3280	2
3281	4
3282	3
3284	3
3285	2
3286	2
3287	4
3288	5
3289	3
3292	4
3293	3
3294	3
3295	3
3296	5
3297	3
3298	5
3299	2
3300	2
3301	3
3302	4
3303	4
3304	1
3305	3
3306	1
3307	1
3308	1
3309	3
3310	3
3311	3
3312	3
3313	3
3314	1
3315	1
3316	4
3317	6
3318	3
3319	6
3320	3
3321	3
3322	2
3323	3
3324	2
3325	2
3326	2
3327	2
3328	5
3329	2
3330	2
3331	6
3332	6
3333	2
3334	2
3335	5
3336	5
3337	4
3338	4
3339	4
3340	4
3341	4
3342	4
3343	4
3344	4
3345	4
3346	4
3347	4
3348	4
3350	4
3351	4
3352	4
3353	4
3355	4
3356	2
3357	4
3358	4
3359	2
3360	2
3361	2
3362	2
3363	2
3364	2
3365	2
3366	2
3367	2
3368	2
3369	2
3370	2
3371	5
3372	5
3373	2
3374	2
3375	2
3376	2
3377	2
3378	2
3379	2
3380	2
3381	2
3382	2
3383	2
3384	2
3385	2
3386	2
3387	2
3388	2
3389	2
3390	2
3391	2
3392	2
3393	2
3394	2
3395	2
3396	2
3397	2
3398	2
3399	2
3400	4
3401	4
3402	4
3403	4
3404	4
3405	4
3406	4
3407	4
3408	4
3409	4
3410	4
3411	3
3412	5
3413	5
3414	5
3415	5
3416	5
3417	5
3418	5
3419	5
3420	5
3421	5
3422	5
3423	5
3424	5
3425	5
3426	5
3427	5
3428	5
3429	5
3430	3
3431	2
3432	2
3433	2
3434	2
3435	2
3436	2
3437	2
3438	2
3439	4
3440	4
3441	4
3442	2
3443	4
3444	4
3445	2
3446	4
3447	5
3448	4
3449	5
3450	4
3451	5
3452	5
3453	5
3454	5
3455	5
3456	5
3457	5
3458	5
3459	5
3460	3
3461	3
3462	1
3463	4
3464	4
3465	4
3466	4
3467	1
3468	4
3469	3
3470	1
3471	3
3472	3
3473	3
3474	3
3475	3
3476	3
3477	3
3478	3
3479	3
3480	3
3481	3
3482	4
3483	6
3484	6
3485	6
3486	6
3487	6
3488	6
3489	6
3490	6
3491	6
3492	6
3493	4
3494	4
3495	4
3496	4
3497	4
3498	4
3499	4
3500	4
3501	5
3502	5
3503	5
3504	4
3505	4
3506	4
3507	4
3508	4
3509	4
3510	4
3513	4
3514	4
3515	4
3516	4
3517	4
3518	4
3519	4
3520	4
3521	4
3522	4
3523	4
3524	2
3525	4
3526	4
3527	4
3528	4
3529	4
3530	4
3531	4
3533	4
3534	4
3535	4
3536	4
3537	4
3538	4
3539	4
3540	4
3541	4
3542	4
3543	4
3544	4
3545	2
3546	2
3547	2
3548	2
3549	2
3550	2
3551	2
3552	2
3553	2
3554	2
3555	2
3556	2
3557	2
3558	2
3559	2
3560	5
3561	2
3562	5
3563	2
3564	2
3565	5
3566	2
3567	5
3568	4
3569	4
3570	4
3571	4
3572	4
3573	4
3574	4
3575	4
3576	4
3577	4
3578	5
3579	5
3580	5
3581	5
3582	3
3583	3
3584	3
3585	3
3586	5
3587	5
3588	5
3589	5
3590	5
3591	5
3592	5
3593	5
3594	2
3595	2
3596	2
3597	2
3598	2
3599	2
3600	2
3601	2
3602	2
3603	4
3604	3
3605	3
3606	3
3607	5
3608	5
3609	4
3610	4
3611	4
3612	5
3614	5
3615	4
3616	5
3617	5
3618	5
3619	5
3620	5
3621	5
3622	4
3623	3
3624	3
3625	3
3626	3
3627	1
3628	1
3629	1
3630	1
3631	1
3632	1
3633	1
3634	1
3635	1
3636	1
3637	1
3638	3
3639	1
3640	3
3641	3
3642	3
3643	3
3644	3
3645	4
3646	4
3647	3
3648	4
3649	4
3650	3
3651	6
3652	6
3653	6
3654	6
3655	6
3656	6
3657	5
3658	5
3659	4
3660	5
3661	5
3662	5
3663	5
3664	5
3665	5
3666	5
3667	5
3668	4
3669	4
3670	4
3671	4
3672	4
3673	4
3674	4
3675	4
3676	4
3677	4
3678	4
3679	4
3680	4
3681	4
3682	4
3684	4
3685	4
3686	4
3687	4
3688	2
3689	4
3690	4
3691	4
3692	4
3693	4
3694	4
3695	4
3696	4
3697	4
3698	4
3699	4
3700	4
3701	4
3702	4
3703	4
3704	4
3705	4
3706	4
3707	4
3708	2
3709	2
3710	2
3711	5
3712	5
3713	5
3715	2
3717	2
3718	2
3719	2
3720	2
3721	2
3722	2
3723	2
3724	2
3725	2
3726	4
3727	4
3728	4
3729	4
3730	4
3731	5
3732	4
3733	4
3734	4
3735	3
3736	5
3737	5
3738	5
3739	5
3740	5
3741	5
3742	5
3743	5
3744	5
3745	5
3746	5
3747	5
3748	5
3749	5
3750	5
3751	5
3752	5
3753	5
3754	5
3755	5
3756	2
3757	2
3758	2
3759	2
3760	2
3761	2
3762	2
3763	2
3764	2
3768	4
3769	4
3770	2
3771	5
3772	5
3773	5
3774	5
3775	5
3776	5
3777	3
3778	1
3779	6
3780	6
3781	6
3782	4
3783	4
3784	6
3785	6
3786	6
3787	6
3788	6
3789	6
3790	9
3791	9
3792	9
3793	9
3794	9
3795	9
3796	9
3797	9
3798	9
3799	9
3800	9
3801	9
3802	9
3803	9
3804	9
3805	9
3806	9
3807	9
3808	9
3809	9
3810	9
3811	9
3812	9
3813	9
3814	9
3815	9
3816	9
3817	9
3818	9
3819	9
3820	9
3821	9
3822	9
3823	9
3824	9
3825	9
3826	9
3827	9
3828	8
3829	8
3830	8
3831	8
3832	8
3833	8
3834	8
3835	9
3836	9
3837	8
3838	8
3839	8
3840	8
3841	9
3842	9
3843	9
3844	8
3845	8
3846	8
3847	8
3848	9
3849	8
3850	8
3851	8
3852	8
3853	8
3854	8
3855	8
3856	9
3857	9
3858	9
3859	9
3860	9
3861	9
3862	8
3863	8
3864	8
3865	8
3866	8
3867	8
3868	9
3869	9
3870	9
3871	9
3872	9
3873	9
3874	8
3875	8
3876	8
3877	9
3878	8
3879	8
3880	8
3883	8
3884	8
3885	8
3886	8
3887	8
3888	8
3889	8
3890	8
3892	8
3893	8
3894	8
3897	9
3898	9
3899	9
3900	9
3901	9
3902	9
3903	9
3904	9
3905	9
3906	8
3907	8
3908	8
3909	8
3910	8
3911	9
3912	8
3913	9
3914	8
3915	9
3916	9
3917	9
3918	9
3919	8
3920	8
3921	8
3922	8
3923	9
3924	9
3925	9
3926	9
3927	9
3928	8
3929	8
3930	9
3931	8
3932	8
3933	8
3934	8
3935	8
3936	9
3937	8
3938	8
3939	9
3940	9
3941	9
3942	9
3943	9
3944	9
3945	9
3946	8
3947	8
3948	9
3949	9
3950	9
3951	9
3952	9
3953	9
3954	9
3955	9
3956	9
3957	9
3958	9
3959	9
3960	9
3961	9
3962	9
3963	9
3964	9
3965	9
3966	9
3967	9
3968	9
3969	9
3970	9
3971	9
3972	9
3973	9
3974	9
3975	9
3976	9
3977	9
3978	9
3979	9
3980	8
3981	8
3982	8
3983	8
3985	9
3986	8
3987	3
3988	3
3989	3
3990	1
3991	1
3992	3
3993	3
3994	1
3995	1
3996	1
3997	1
3998	1
3999	1
4000	3
4001	3
4002	3
4003	1
4004	1
4005	1
4006	1
4007	3
4008	3
4009	3
4010	1
4011	1
4012	1
4013	1
4014	1
4015	1
4016	1
4017	1
4018	1
4019	1
4020	1
4021	3
4022	3
4023	3
4024	3
4025	0
4026	3
4027	3
4028	1
4029	1
4030	1
4031	1
4032	1
4033	1
4034	3
4035	3
4036	3
4037	3
4038	1
4039	1
4040	1
4041	1
4042	1
4043	1
4044	3
4045	1
4046	1
4047	3
4048	1
4049	0
4050	0
4051	9
4052	9
4053	9
4054	0
4055	9
4056	9
4057	0
4058	0
4059	0
4060	0
4061	0
4062	0
4063	0
4064	0
4065	0
4066	0
4067	0
4068	9
4069	9
4070	3
4071	3
4072	9
4073	3
4074	3
4075	0
4076	0
4077	9
4078	9
4079	1
4080	0
4081	0
4082	0
4083	0
4084	1
4085	0
4086	0
4087	1
4088	1
4089	0
4090	1
4091	0
4092	0
4093	1
4094	0
4095	1
4096	1
4097	0
4098	0
4099	0
4100	0
4101	0
4102	0
4103	0
4104	0
4105	1
4106	3
4107	0
4108	0
4109	0
4110	3
4111	1
4112	0
4113	3
4114	9
4115	1
4116	0
4117	1
4118	0
4119	1
4120	9
4121	3
4122	3
4123	3
4124	1
4125	0
4126	3
4127	3
4128	1
4129	3
4130	1
4131	0
4132	0
4133	0
4134	0
4135	3
4136	3
4137	0
4138	1
4139	3
4140	1
4141	0
4142	9
4143	1
4144	1
4145	1
4146	9
4147	1
4148	0
4149	9
4150	3
4151	0
4152	3
4153	1
4154	1
4155	9
4156	9
4157	1
4158	1
4159	1
4160	3
4161	7
4162	7
4163	7
4164	7
4165	7
4166	7
4167	7
4168	7
4169	7
4170	7
4171	7
4172	7
4173	7
4174	7
4175	7
4176	1
4177	1
4178	7
4179	7
4180	1
4181	7
4182	7
4183	7
4184	7
4185	7
4186	7
4187	7
4188	7
4189	7
4190	7
4191	7
4192	7
4193	7
4194	7
4195	7
4196	7
4197	7
4198	7
4199	7
4200	7
4201	7
4202	7
4203	1
4204	7
4205	7
4206	1
4207	1
4208	1
4209	8
4210	9
4211	8
4212	8
4213	8
4214	0
4215	8
4216	8
4217	8
4218	8
4219	8
4220	8
4221	8
4222	8
4223	9
4224	8
4225	0
4226	8
4227	8
4228	9
4229	9
4230	8
4231	9
4232	9
4233	8
4234	8
4235	8
4236	9
4237	9
4238	9
4239	8
4240	9
4241	9
4242	9
4243	9
4244	9
4245	9
4246	9
4247	9
4248	9
4249	9
4250	9
4251	9
4252	9
4253	8
4254	8
4255	0
4256	8
4257	9
4258	8
4259	8
4260	8
4261	8
4262	8
4263	8
4264	8
4265	8
4266	7
4267	7
4268	7
4269	7
4270	7
4271	1
4272	7
4273	7
4274	7
4275	7
4276	1
4277	9
4278	1
4279	1
4280	1
4281	1
4282	1
4283	1
4284	1
4285	1
4286	7
4287	9
4288	7
4289	7
4290	1
4291	1
4292	1
4293	7
4294	7
4295	7
4296	7
4297	7
4298	7
4299	7
4300	7
4301	7
4302	7
4303	7
4304	7
4305	7
4306	7
4307	7
4308	1
4309	7
4310	9
4311	1
4312	1
4313	1
4314	9
4315	1
4316	9
4317	9
4318	7
4319	7
4320	7
4321	7
4322	1
4323	7
4324	7
4325	1
4326	1
4327	9
4328	9
4329	1
4330	1
4331	1
4332	1
4333	1
4334	1
4335	1
4336	1
4337	7
4338	7
4339	7
4340	7
4341	1
4342	1
4343	1
4344	1
4345	1
4346	7
4347	1
4348	7
4349	7
4350	1
4351	1
4352	7
4353	1
4354	7
4355	7
4356	7
4357	9
4358	9
4359	9
4360	7
4361	7
4362	7
4363	9
4364	7
4365	1
4366	1
4367	7
4368	9
4369	1
4370	7
4371	1
4372	1
4373	1
4374	1
4375	7
4376	1
4377	9
4378	7
4379	1
4380	1
4381	7
4382	7
4383	7
4384	1
4385	7
4386	1
4387	7
4388	7
4389	7
4390	7
4391	7
4392	1
4393	7
4394	1
4395	7
4396	1
4397	1
4398	1
4399	7
4400	7
4401	9
4402	1
4403	1
4404	7
4405	7
4406	7
4407	7
4408	7
4409	7
4410	7
4411	7
4412	7
4413	7
4414	7
4415	1
4416	7
4417	7
4418	7
4419	1
4420	7
4421	1
4422	7
4423	7
4424	7
4425	9
4426	1
4427	1
4428	9
4429	7
4430	7
4431	1
4432	7
4433	7
4434	7
4435	7
4436	7
4437	7
4438	7
4439	7
4440	1
4441	7
4442	7
4443	1
4444	1
4445	7
4446	7
4447	7
4448	7
4449	0
4450	1
4451	1
4452	7
4453	0
4454	9
4455	1
4456	9
4457	1
4458	1
4459	1
4460	7
4461	9
4462	1
4463	1
4464	7
4465	7
4466	9
4467	1
4468	9
4469	1
4470	1
4471	7
4472	1
4473	1
4474	7
4475	9
4476	7
4477	7
4478	7
4479	7
4480	9
4481	9
4482	9
4483	7
4484	7
4485	7
4486	7
4487	7
4488	7
4489	7
4490	0
4496	0
4497	0
4498	9
4499	0
4500	0
4501	9
4502	9
4503	0
4504	0
4510	0
4511	0
4512	0
4513	0
4514	0
4515	0
4516	0
4517	0
4518	0
4519	0
4520	9
4521	9
4522	0
4523	0
4524	0
4525	0
4526	0
4527	7
4528	7
4529	7
4530	7
4531	7
4532	7
4533	7
4534	7
4535	7
4536	7
4537	7
4538	7
4539	7
4540	7
4541	7
4542	7
4543	7
4544	7
4545	7
4546	7
4547	7
4548	7
4549	7
4550	7
4551	7
4552	7
4553	7
4554	1
4555	3
4556	3
4557	1
4558	6
4559	6
4560	6
4561	6
4562	6
4563	6
4564	6
4565	6
4566	6
4567	6
4568	6
4569	6
4570	6
4571	6
4572	6
4573	3
4574	6
4575	6
4576	3
4577	3
4578	3
4579	3
4580	6
4581	1
4582	3
4583	6
4584	6
4585	6
4586	9
4587	9
4588	1
4589	1
4590	3
4591	6
4592	6
4596	6
4597	9
4599	9
4600	9
4601	9
4602	9
4603	9
4607	8
4608	6
4609	3
4610	3
4611	3
4612	6
4613	6
4614	6
4615	6
4616	6
4617	9
4618	9
4619	9
4620	8
4621	8
4622	0
4623	3
4624	6
4625	6
4626	6
4627	3
4628	3
4629	6
4630	6
4631	6
4632	6
4633	6
4634	6
4635	6
4636	6
4637	6
4638	9
4639	9
4640	9
4641	8
4642	6
4643	3
4644	3
4645	3
4646	3
4647	6
4648	6
4649	6
4650	6
4651	6
4652	3
4653	8
4654	8
4655	9
4656	8
4657	3
4658	3
4659	3
4660	6
4661	6
4662	3
4663	3
4664	6
4665	6
4666	6
4667	6
4668	6
4669	6
4670	6
4671	3
4672	6
4673	6
4674	6
4675	3
4676	3
4677	6
4678	3
4679	3
4680	3
4681	3
4682	3
4683	3
4684	3
4685	3
4686	6
4687	6
4688	6
4689	6
4690	6
4691	6
4692	3
4693	6
4694	6
4695	6
4696	6
4697	6
4698	3
4699	3
4700	3
4701	3
4702	3
4703	3
4704	3
4705	3
4706	6
4707	6
4708	6
4709	6
4710	6
4711	6
4712	6
4713	6
4714	6
4715	6
4716	3
4717	6
4718	6
4719	3
4720	6
4721	6
4722	6
4723	3
4724	6
4725	6
4726	6
4727	6
4728	6
4729	6
4730	6
4731	6
4732	6
4733	6
4734	6
4735	6
4736	6
4737	6
4738	6
4739	6
4740	6
4741	6
4742	6
4743	6
4744	6
4745	6
4746	6
4747	6
4748	6
4749	6
4750	6
4751	6
4752	6
4753	6
4754	6
4755	6
4756	6
4757	6
4758	6
4759	6
4760	6
4761	6
4762	6
4763	6
4764	6
4765	6
4766	6
4767	6
4768	6
4769	6
4770	6
4771	6
4772	6
4773	6
4774	6
4775	6
4776	6
4777	6
4778	6
4779	6
4780	6
4781	6
4782	6
4783	6
4784	9
4785	6
4786	6
4787	6
4788	6
4789	6
4790	6
4791	6
4792	6
4793	6
4794	6
4795	6
4796	6
4797	6
4798	6
4799	3
4800	6
4801	6
4802	6
4803	6
4804	6
4805	6
4806	3
4807	6
4808	6
4809	3
4810	3
4811	6
4812	6
4813	3
4815	8
4816	9
4817	9
4818	9
4819	9
4820	8
4821	9
4822	9
4823	9
4826	6
4827	6
4828	6
4829	6
4830	6
4831	6
4832	6
4833	6
4834	6
4835	6
4836	6
4837	6
4838	6
4839	6
4840	6
4841	6
4842	6
4843	6
4844	6
4845	3
4846	3
4847	6
4848	3
4849	6
4850	3
4851	6
4852	6
4853	6
4854	6
4855	6
4856	6
4857	6
4858	6
4859	6
4860	6
4861	6
4862	6
4863	6
4864	6
4865	6
4866	6
4867	6
4868	3
4869	6
4870	6
4871	6
4872	3
4873	3
4874	3
4875	1
4876	6
4877	6
4878	6
4879	6
4880	6
4881	6
4882	6
4883	6
4884	6
4885	6
4886	6
4887	6
4888	6
4889	6
4890	6
4891	6
4892	6
4893	6
4894	6
4895	6
4896	6
4897	6
4898	3
4899	6
4900	3
4901	8
4902	0
4903	8
4904	6
4905	6
4906	6
4907	6
4908	6
4909	6
4910	6
4911	6
4912	6
4913	6
4914	6
4915	6
4916	6
4917	6
4918	6
4919	3
4920	6
4921	6
4922	6
4923	6
4924	6
4925	6
4926	6
4927	6
4928	6
4929	6
4930	6
4931	6
4932	6
4933	6
4934	3
4935	3
4936	3
4937	3
4938	3
4939	6
4940	8
4941	6
4942	0
4943	6
4944	6
4945	6
4946	6
4947	6
4948	9
4949	8
4950	9
4951	9
4953	9
4954	9
4955	9
4956	9
4958	9
4959	9
4961	9
4966	9
4968	1
4969	1
4970	1
4971	1
4972	1
4973	1
4974	1
4975	1
4976	9
4977	1
4978	9
4979	9
4980	9
4981	9
4982	9
4983	9
4984	9
4985	9
4986	9
4987	9
4988	9
4989	9
4990	9
4991	9
4992	9
4993	9
4994	9
4995	9
4996	9
4997	9
4998	9
4999	9
5000	9
5001	9
5002	9
5003	9
5004	9
5005	9
5006	9
5007	9
5008	9
5009	9
5010	9
5011	9
5012	9
5013	9
5014	9
5015	1
5016	9
5017	1
5018	1
5019	1
5020	9
5021	9
5022	9
5023	1
5024	9
5025	9
5026	9
5027	9
5028	9
5029	9
5030	9
5031	9
5032	9
5033	9
5034	9
5035	9
5036	9
5037	8
5038	8
5039	8
5040	8
5041	8
5042	8
5043	8
5044	8
5045	8
5046	8
5047	8
5048	8
5049	8
5050	9
5051	8
5052	9
5053	9
5054	9
5055	9
5058	9
5059	1
5063	8
5066	1
5067	1
5068	1
5069	1
5070	1
5071	1
5072	1
5073	1
5074	1
5075	1
5076	1
5077	1
5078	1
5079	1
5080	1
5081	9
5082	9
5083	9
5084	9
5085	9
5086	1
5087	9
5088	9
5089	9
5090	1
5091	1
5092	3
5093	0
5094	3
5095	9
5096	3
5097	9
5098	9
5099	9
5100	9
5101	8
5102	9
5103	9
5104	9
5105	0
5106	3
5107	3
5108	8
5109	8
5110	8
5111	8
5112	0
5113	0
5114	0
5115	8
5116	9
5117	3
5118	3
5119	2
5120	2
5121	3
5122	2
5123	3
5124	3
5125	2
5126	2
5127	2
5128	2
5129	2
5130	2
5131	2
5132	1
5133	2
5134	3
5135	3
5136	3
5137	9
5138	9
5139	3
5140	5
5141	5
5142	5
5143	3
5144	2
5145	2
5146	2
5147	3
5148	3
5149	3
5150	2
5151	2
5152	2
5153	1
5154	1
5155	1
5156	1
5157	3
5158	1
5159	1
5160	9
5161	3
5162	2
5163	2
5164	2
5165	2
5166	2
5167	3
5168	8
5169	3
5170	3
5171	3
5172	3
5173	1
5174	5
5175	2
5176	3
5177	1
5178	1
5179	2
5180	5
5181	3
5182	3
5183	1
5184	9
5185	1
5186	2
5187	2
5188	3
5189	3
5190	3
5191	2
5192	2
5193	2
5194	2
5195	2
5196	2
5197	3
5198	2
5199	2
5200	2
5201	3
5202	1
5203	1
5204	1
5205	1
5206	3
5207	1
5208	5
5209	2
5210	2
5211	9
5212	2
5213	1
5214	9
5215	9
5216	2
5217	3
5218	2
5219	3
5220	3
5221	3
5222	2
5223	3
5224	3
5225	3
5226	2
5227	2
5228	3
5229	1
5230	2
5231	1
5232	1
5233	3
5234	1
5235	3
5236	2
5237	2
5238	9
5239	9
5240	5
5241	2
5242	2
5243	2
5244	3
5245	1
5246	1
5247	1
5248	1
5249	1
5250	2
5251	2
5252	5
5253	3
5254	3
5255	2
5256	2
5257	3
5258	2
5259	8
5260	3
5261	3
5262	8
5263	3
5264	1
5265	1
5266	1
5267	3
5268	5
5269	5
5270	5
5271	2
5272	1
5273	1
5274	1
5275	9
5276	1
5277	1
5278	3
5279	2
5280	9
5281	9
5282	3
5283	3
5284	2
5285	2
5286	2
5287	1
5288	2
5289	2
5290	2
5291	5
5292	3
5293	2
5294	2
5295	2
5296	5
5297	2
5298	2
5299	3
5300	3
5301	3
5302	1
5303	3
5304	3
5305	1
5306	3
5307	8
5308	1
5309	1
5310	1
5311	2
5312	2
5313	5
5314	5
5315	1
5316	2
5317	2
5318	3
5319	3
5320	3
5321	1
5322	9
5324	9
5325	9
5326	9
5327	2
5328	2
5329	2
5330	5
5331	2
5332	2
5333	1
5334	1
5335	5
5336	2
5337	2
5338	2
5339	2
5340	5
5341	5
5342	5
5343	2
5344	2
5345	1
5346	2
5347	2
5348	3
5349	2
5350	9
5351	2
5352	3
5353	9
5354	2
5355	5
5356	3
5357	3
5358	8
5359	3
5360	3
5361	3
5362	2
5363	2
5364	2
5365	2
5366	2
5367	2
5368	2
5369	2
5370	2
5371	2
5372	2
5373	3
5374	2
5375	2
5376	2
5377	3
5378	2
5379	2
5380	2
5381	9
5382	5
5383	9
5384	5
5385	9
5386	2
5387	2
5388	5
5389	2
5390	2
5391	5
5392	2
5393	2
5394	2
5395	2
5396	2
5397	5
5398	1
5399	2
5400	3
5401	1
5402	3
5403	2
5404	2
5405	2
5406	2
5407	2
5408	2
5409	2
5410	2
5411	2
5412	2
5413	2
5414	2
5415	2
5416	5
5417	2
5418	3
5419	2
5420	2
5421	2
5422	2
5423	2
5424	3
5425	2
5426	2
5427	2
5428	2
5429	5
5430	5
5431	2
5432	2
5433	5
5434	2
5435	3
5436	2
5437	2
5438	5
5439	5
5440	2
5441	2
5442	2
5443	3
5444	3
5445	5
5446	2
5447	2
5448	2
5449	2
5450	2
5451	2
5452	2
5453	2
5454	2
5455	2
5456	3
5457	2
5458	9
5459	3
5460	2
5461	2
5462	2
5463	2
5464	9
5465	2
5466	1
5467	9
5468	5
5469	2
5470	3
5471	2
5472	9
5473	3
5474	2
5475	2
5476	2
5477	9
5478	2
5479	1
5480	9
5481	2
5482	2
5483	3
5484	3
5485	2
5486	2
5487	2
5488	5
5489	2
5490	5
5491	2
5492	2
5493	3
5494	2
5495	2
5496	1
5497	2
5498	9
5499	3
5500	2
5501	2
5502	2
5503	2
5504	2
5505	2
5506	2
5507	2
5508	2
5509	2
5510	5
5511	2
5512	1
5513	9
5514	3
5515	9
5516	2
5517	2
5518	3
5519	3
5520	2
5521	1
5522	1
5523	2
5524	2
5525	2
5526	2
5527	2
5528	2
5529	3
5530	2
5531	3
5532	2
5533	3
5534	2
5535	2
5536	2
5537	3
5538	2
5539	2
5540	2
5541	2
5542	2
5543	5
5544	5
5545	5
5546	2
5547	2
5548	2
5549	3
5550	2
5551	2
5552	2
5553	2
5554	2
5555	2
5556	9
5557	9
5558	9
5559	9
5560	9
5561	1
5562	2
5563	9
5564	3
5565	9
5566	9
5567	9
5568	9
5569	2
5570	3
5571	3
5572	2
5573	2
5574	1
5575	9
5576	2
5577	2
5578	2
5579	2
5580	2
5581	2
5582	2
5583	2
5584	2
5585	2
5586	3
5587	2
5588	2
5589	2
5590	3
5591	3
5592	3
5593	2
5594	3
5595	3
5596	2
5597	2
5598	2
5599	2
5600	2
5601	9
5602	3
5603	9
5604	9
5605	3
5606	9
5607	9
5608	2
5609	3
5610	1
5611	3
5612	3
5613	1
5614	1
5615	2
5616	2
5617	3
5618	5
5619	2
5620	9
5621	2
5622	5
5623	2
5624	2
5625	1
5626	3
5627	2
5628	2
5629	1
5630	2
5631	2
5632	2
5633	2
5634	2
5635	2
5636	2
5637	5
5638	2
5639	2
5640	2
5641	3
5642	2
5643	2
5644	2
5645	2
5646	1
5647	3
5648	3
5649	3
5650	3
5651	3
5652	2
5653	2
5654	2
5655	2
5656	2
5657	2
5658	1
5659	2
5660	2
5661	2
5662	1
5663	2
5664	3
5665	2
5666	2
5667	2
5668	3
5669	2
5670	3
5671	3
5672	2
5673	2
5674	2
5675	1
5676	2
5677	8
5678	2
5679	2
5680	2
5681	2
5682	2
5683	2
5684	2
5685	2
5686	1
5687	9
5688	2
5689	3
5690	3
5691	3
5692	3
5693	3
5694	3
5695	8
5696	8
5697	2
5698	3
5699	2
5700	2
5701	2
5702	2
5703	2
5704	2
5705	1
5706	2
5707	2
5708	2
5709	2
5710	2
5711	2
5712	2
5713	3
5714	3
5715	2
5716	9
5717	3
5718	2
5719	3
5720	1
5721	1
5722	2
5723	3
5725	2
5726	2
5727	2
5728	3
5729	2
5730	2
5731	3
5732	2
5733	2
5734	5
5735	2
5736	2
5737	2
5738	1
5739	1
5740	2
5741	2
5742	3
5743	2
5744	2
5745	2
5746	3
5747	2
5748	2
5749	2
5750	2
5751	2
5752	2
5753	2
5754	2
5755	2
5756	3
5757	1
5758	9
5759	2
5766	9
5767	3
5768	2
5769	3
5770	1
5771	5
5772	5
5773	9
5774	2
5775	3
5776	3
5777	9
5778	2
5779	2
5780	3
5781	2
5782	3
5783	9
5784	9
5785	9
5786	3
5787	3
5788	1
5789	1
5790	3
5791	1
5792	1
5793	3
5794	2
5795	2
5796	2
5797	2
5798	3
5799	2
5800	2
5801	2
5802	2
5803	2
5804	2
5805	9
5806	5
5807	1
5810	3
5811	5
5812	2
5813	1
5814	1
5815	1
5816	1
5817	1
5818	8
5819	2
5820	2
5821	1
5822	3
5823	2
5824	2
5825	5
5826	2
5827	2
5828	3
5829	1
5830	2
5831	3
5832	9
5833	1
5834	9
5835	9
5836	3
5837	1
5838	9
5839	3
5840	3
5841	3
5842	1
5843	1
5844	3
5845	3
5846	3
5847	2
5848	3
5849	3
5850	2
5851	2
5852	2
5853	5
5854	2
5855	1
5856	3
5857	3
5858	3
5859	2
5860	9
5861	3
5862	3
5863	2
5864	3
5865	2
5866	5
5867	5
5868	5
5869	2
5870	3
5871	3
5872	2
5873	2
5874	2
5875	3
5876	3
5877	3
5878	1
5879	1
5880	3
5881	1
5882	3
5883	3
5884	9
5885	3
5886	2
5887	3
5888	2
5889	2
5890	3
5891	7
5892	7
5893	7
5894	7
5895	7
5896	7
5897	7
5898	7
5899	7
5900	7
5901	7
5902	7
5903	7
5904	7
5905	7
5906	7
5907	7
5908	7
5909	7
5910	7
5911	7
5912	7
5913	7
5914	7
5915	7
5916	7
5917	7
5918	7
5919	7
5920	7
5921	7
5922	7
5923	7
5924	7
5925	7
5926	7
5927	7
5928	7
5929	7
5930	7
5931	7
5932	7
5933	7
5934	7
5935	7
5936	7
5937	7
5938	7
5939	7
5940	7
5941	7
5942	7
5943	7
5944	7
5945	7
5946	7
5947	7
5948	7
5949	7
5950	7
5951	7
5952	7
5953	7
5954	7
5955	7
5956	7
5957	7
5958	7
5959	7
5960	7
5961	7
5962	7
5963	7
5964	7
5965	7
5966	7
5967	7
5968	7
5969	7
5970	7
5971	7
5972	7
5973	7
5974	7
5975	7
5976	7
5977	7
5978	7
5979	7
5980	7
5981	7
5982	7
5983	7
5984	7
5985	7
5986	7
5987	7
5988	7
5989	7
5990	7
5991	7
5992	7
5993	7
5994	7
5995	7
5996	7
5997	7
5998	7
5999	7
6000	7
6001	7
6002	7
6003	7
6004	7
6005	7
6006	7
6007	7
6008	7
6009	7
6010	7
6011	7
6012	7
6013	7
6014	7
6015	7
6016	7
6017	7
6018	7
6019	7
6020	7
6021	7
6022	7
6023	7
6024	7
6025	7
6026	7
6027	7
6028	7
6029	7
6030	7
6031	7
6032	7
6033	7
6034	7
6035	7
6036	7
6037	7
6038	7
6039	7
6040	7
6041	7
6042	7
6043	7
6044	7
6045	7
6046	7
6047	7
6048	7
6049	7
6050	7
6051	7
6052	7
6053	7
6054	7
6055	7
6056	7
6057	7
6058	7
6059	7
6060	7
6061	7
6062	7
6063	7
6064	7
6065	7
6066	7
6067	7
6068	7
6069	7
6070	7
6071	7
6072	7
6073	7
6074	7
6075	7
6076	7
6077	7
6078	7
6079	7
6080	7
6081	7
6082	7
6083	7
6084	7
6085	7
6086	7
6087	7
6088	7
6089	7
6090	7
6091	7
6092	7
6093	7
6094	7
6095	7
6096	7
6097	7
6098	7
6099	7
6100	7
6101	7
6102	7
6103	7
6104	7
6105	7
6106	7
6107	7
6108	7
6109	7
6110	7
6111	7
6112	7
6113	7
6114	7
6115	7
6116	7
6117	7
6118	7
6119	7
6120	7
6121	7
6122	7
6123	7
6124	7
6125	7
6126	7
6127	7
6128	7
6129	7
6130	7
6131	7
6132	7
6133	7
6134	7
6135	7
6136	7
6137	7
6138	7
6139	7
6140	7
6141	7
6142	7
6143	7
6144	7
6145	7
6146	7
6147	7
6148	7
6149	7
6150	7
6151	7
6152	7
6153	7
6154	7
6155	7
6156	7
6157	7
6158	7
6159	7
6160	7
6161	7
6162	7
6163	7
6164	7
6165	7
6166	7
6167	7
6168	7
6169	7
6170	7
6171	7
6172	7
6173	7
6174	7
6175	7
6176	7
6177	7
6178	7
6179	7
6180	7
6181	7
6182	7
6183	7
6184	7
6185	7
6186	7
6187	7
6188	7
6189	7
6190	7
6191	7
6192	7
6193	7
6194	7
6195	7
6196	7
6197	7
6198	7
6199	7
6200	7
6201	7
6202	7
6203	7
6204	9
6205	7
6206	9
6207	7
6208	7
6209	7
6210	7
6211	9
6212	9
6213	7
6214	7
6215	9
6216	7
6217	7
6218	7
6219	7
6220	7
6221	7
6222	7
6223	7
6224	9
6225	9
6226	7
6227	7
6228	7
6229	7
6230	7
6231	7
6232	7
6233	7
6234	7
6235	7
6236	7
6237	7
6238	7
6239	9
6240	8
6241	9
6242	9
6243	9
6244	6
6245	9
6246	6
6247	9
6248	9
6249	9
6250	6
6251	6
6252	8
6253	9
6254	9
6255	9
6256	9
6257	9
6258	9
6259	9
6260	9
6261	9
6262	6
6263	9
6264	9
6265	9
6266	9
6267	9
6268	9
6269	9
6270	9
6271	9
6272	9
6273	9
6274	8
6275	9
6276	9
6277	9
6278	8
6279	9
6280	9
6281	8
6282	8
6283	9
6284	9
6285	9
6286	9
6287	8
6288	9
6289	9
6290	8
6291	9
6292	6
6293	9
6294	9
6295	3
6296	5
6297	6
6298	6
6299	8
6300	8
6301	8
6302	8
6303	8
6304	8
6305	9
6306	8
6307	9
6308	8
6309	8
6310	8
6311	9
6312	8
6313	8
6314	8
6315	8
6316	8
6317	9
6318	8
6319	9
6320	8
6321	9
6322	9
6323	9
6324	8
6325	9
6326	8
6327	6
6328	9
6329	9
6330	8
6331	8
6332	9
6333	6
6334	9
6335	9
6336	9
6337	8
6338	8
6339	9
6340	8
6341	9
6342	9
6343	9
6344	9
6345	9
6346	8
6347	9
6348	9
6349	8
6350	9
6351	0
6352	9
6353	9
6354	9
6355	0
6356	9
6357	0
6358	3
6359	3
6360	6
6361	3
6362	6
6363	9
6364	8
6365	9
6366	6
6367	8
6368	1
6369	9
6370	9
6371	6
6372	6
6373	6
6374	0
6375	0
6376	8
6377	9
6378	9
6379	9
6380	9
6381	9
6382	9
6383	9
6384	9
6385	9
6386	8
6387	9
6388	9
6389	9
6390	9
6391	9
6392	0
6393	6
6394	9
6395	9
6396	0
6397	6
6398	0
6399	8
6400	6
6401	9
6402	6
6403	6
6404	9
6405	9
6406	6
6407	6
6408	6
6409	6
6410	9
6411	6
6412	8
6413	8
6414	8
6415	8
6416	8
6417	9
6418	6
6419	8
6420	9
6421	1
6422	3
6423	9
6424	9
6425	9
6426	9
6427	9
6428	9
6429	9
6430	6
6431	6
6432	9
6433	9
6435	6
6436	9
6437	9
6438	9
6439	8
6440	6
6441	9
6442	8
6443	9
6444	9
6445	6
6446	0
6447	6
6448	1
6449	0
6450	8
6451	0
6452	0
6453	8
6454	8
6455	9
6456	8
6457	6
6458	8
6459	8
6460	9
6461	9
6462	9
6463	6
6464	6
6465	6
6466	8
6467	0
6468	0
6469	0
6470	8
6471	0
6472	9
6474	6
6475	9
6476	9
6477	6
6478	6
6479	6
6480	9
6481	0
6482	6
6483	6
6484	6
6485	8
6486	1
6487	8
6488	8
6489	9
6490	8
6491	9
6492	3
6493	9
6494	9
6495	6
6496	6
6497	9
6498	9
6499	0
6500	6
6501	9
6502	8
6503	8
6504	0
6505	9
6506	6
6507	6
6508	8
6509	0
6510	8
6511	8
6512	9
6513	0
6514	9
6515	0
6516	8
6517	9
6518	6
6519	9
6520	8
6521	8
6522	9
6523	9
6524	9
6525	8
6526	9
6527	9
6528	3
6529	9
6530	8
6531	9
6532	6
6533	6
6534	9
6535	9
6536	9
6537	8
6538	8
6539	6
6540	9
6541	8
6542	6
6543	8
6544	8
6545	8
6546	8
6547	9
6548	1
6549	9
6550	8
6551	9
6552	0
6553	9
6554	9
6555	9
6556	0
6557	0
6558	9
6559	9
6560	9
6561	9
6562	0
6563	0
6564	0
6565	1
6566	1
6567	1
6568	1
6569	1
6570	1
6571	1
6572	1
6573	1
6574	1
6575	1
6576	1
6577	1
6578	1
6579	1
6580	1
6581	1
6582	1
6583	1
6584	1
6585	1
6586	1
6587	1
6588	1
6589	1
6590	1
6591	1
6592	1
6593	1
6594	1
6595	1
6596	1
6597	1
6598	1
6599	1
6600	1
6601	1
6602	1
6603	1
6604	1
6605	1
6606	1
6607	1
6608	1
6609	1
6610	1
6611	1
6612	1
6613	7
6614	1
6615	7
6616	1
6617	7
6618	1
6619	1
6620	0
6621	7
6622	0
6623	7
6624	3
6625	9
6626	3
6627	1
6628	1
6629	9
6630	9
6631	8
6632	8
6633	8
6634	1
6635	1
6636	9
6637	1
6638	1
6639	9
6640	8
6641	9
6642	8
6643	8
6644	9
6645	9
6646	8
6647	8
6648	8
6650	8
6651	8
6652	8
6653	3
6654	3
6655	8
6656	8
6657	8
6658	8
6659	8
6660	3
6661	8
6662	3
6663	8
6664	3
6665	3
6666	8
6667	8
6668	3
6669	3
6671	8
6672	9
6679	8
6683	9
6684	3
6685	3
6686	1
6687	1
6688	1
6689	1
6690	9
6691	3
6692	3
6693	9
6694	9
6695	9
6696	9
6697	9
6698	9
6699	9
6700	9
6701	9
6702	9
6703	9
6704	9
6705	9
6706	9
6707	9
6708	3
6709	9
6710	9
6711	3
6712	3
6713	3
6714	8
6715	8
6716	3
6717	3
6718	1
6719	3
6720	3
6721	9
6722	3
6723	3
6724	3
6725	3
6726	3
6727	3
6728	9
6729	3
6730	3
6731	8
6732	9
6733	8
6734	8
6735	8
6736	8
6737	8
6738	8
6739	8
6740	8
6741	1
6742	8
6743	8
6744	8
6745	8
6746	8
6747	8
6748	8
6749	8
6750	8
6751	3
6752	3
6753	1
6754	3
6755	3
6756	3
6757	1
6758	9
6759	9
6760	1
6761	3
6762	3
6763	9
6764	7
6765	7
6766	7
6767	7
6768	7
6769	7
6770	7
6771	7
6772	7
6773	7
6774	7
6775	7
6776	7
6777	7
6778	1
6779	7
6780	7
6781	7
6782	7
6783	7
6784	7
6785	7
6786	7
6787	7
6788	7
6789	7
6790	7
6791	7
6792	7
6793	7
6794	7
6795	7
6796	7
6797	7
6798	7
6799	7
6800	1
6801	1
6802	1
6803	1
6804	7
6805	7
6806	7
6807	7
6808	7
6809	7
6810	7
6811	7
6812	7
6813	7
6814	7
6815	7
6816	7
6817	7
6818	7
6819	7
6820	5
6821	0
6822	5
6823	0
6824	0
6825	1
6826	1
6827	1
6828	0
6829	0
6830	0
6831	7
6832	0
6833	0
6834	0
6835	0
6836	9
6837	9
6838	0
6839	0
6840	9
6841	0
6842	0
6843	9
6844	0
6845	0
6846	7
6847	0
6848	7
6849	0
6850	0
6851	0
6852	0
6853	0
6854	0
6855	0
6856	7
6857	0
6858	0
6859	0
6860	0
6861	0
6862	0
6863	0
6864	0
6865	0
6866	0
6867	0
6868	0
6869	0
6870	0
6871	0
6872	3
6873	3
6874	3
6875	3
6876	3
6877	3
6878	0
6879	0
6880	0
6881	3
6882	0
6883	3
6884	3
6885	0
6886	3
6887	0
6888	0
6889	0
6890	3
6891	5
6892	5
6893	5
6894	5
6895	5
6896	3
6897	3
6898	3
6899	3
6900	3
6901	1
6902	0
6903	0
6904	5
6905	3
6906	3
6907	3
6908	3
6909	0
6910	3
6911	1
6912	3
6913	3
6914	0
6915	0
6916	5
6917	5
6918	0
6919	0
6920	5
6921	5
6922	5
6923	5
6924	5
6925	5
6926	5
6927	0
6928	0
6929	0
6930	5
6931	0
6932	0
6933	0
6934	5
6935	0
6936	0
6937	3
6938	5
6939	5
6940	5
6941	5
6942	5
6943	5
6944	0
6945	0
6946	0
6947	3
6948	5
6949	5
6950	5
6951	0
6952	5
6953	5
6954	5
6955	5
6956	3
6957	3
6958	3
6959	3
6960	3
6961	3
6962	5
6963	0
6964	0
6965	5
6966	3
