District 0: num of precincts (641) pop (747445)
District 1: num of precincts (666) pop (537491)
District 2: num of precincts (996) pop (755423)
District 3: num of precincts (755) pop (764564)
District 4: num of precincts (877) pop (709651)
District 5: num of precincts (702) pop (553725)
District 6: num of precincts (505) pop (799771)
District 7: num of precincts (618) pop (647860)
District 8: num of precincts (345) pop (467853)
District 9: num of precincts (725) pop (686796)
population error: 13.8309882845%

1	7
2	1
3	7
4	0
5	7
6	0
7	0
8	7
9	1
10	7
11	1
12	7
13	0
14	7
15	0
16	7
17	0
18	0
19	7
20	7
21	7
22	7
23	7
24	7
25	7
26	1
27	7
28	7
29	1
30	1
31	1
32	1
33	1
34	1
35	1
36	1
37	1
38	1
39	1
40	1
41	1
42	7
43	1
44	7
45	1
46	1
47	1
48	1
49	1
50	7
51	7
52	1
53	1
54	1
55	1
56	1
57	1
58	1
59	1
60	1
61	1
62	7
63	0
64	0
65	0
66	0
67	0
68	0
69	0
70	7
71	0
72	0
73	7
74	0
75	0
76	7
77	7
78	0
79	0
80	0
81	0
82	0
83	0
84	0
85	9
86	9
87	9
88	7
89	0
90	0
91	0
92	0
93	0
94	7
95	7
96	0
97	1
98	9
99	9
100	9
101	0
102	9
103	9
104	0
105	0
106	0
107	0
108	0
109	0
110	7
111	1
112	1
113	9
114	0
115	1
116	0
117	0
118	7
119	7
120	0
121	0
122	1
123	0
124	0
125	7
126	0
127	0
128	0
129	0
130	0
131	0
132	7
133	0
134	0
135	0
136	0
137	0
138	0
139	0
140	0
141	0
142	0
143	7
144	7
145	7
146	0
147	0
148	0
149	0
150	0
151	0
152	0
153	1
154	0
155	1
156	1
157	1
158	1
159	1
160	1
161	0
162	0
163	0
164	7
165	7
166	7
167	7
168	7
169	0
170	0
171	0
172	0
173	0
174	0
175	0
176	0
177	0
178	0
179	0
180	0
181	0
182	1
183	1
184	1
185	0
186	1
187	0
188	0
189	7
190	0
191	0
192	0
193	0
194	0
195	0
196	0
197	0
198	0
199	0
200	0
201	0
202	0
203	0
204	0
205	0
206	0
207	0
208	0
209	0
210	0
211	0
212	0
213	7
214	0
215	0
216	0
217	0
218	0
219	0
220	0
221	0
222	0
223	0
224	1
225	0
226	0
227	7
228	7
229	0
230	0
231	0
232	0
233	0
234	0
235	7
236	7
237	0
238	7
239	0
240	1
241	1
242	0
243	0
244	0
245	0
246	0
247	0
248	0
249	0
250	1
251	0
252	0
253	7
254	0
255	7
256	7
257	1
258	1
259	3
260	1
261	1
262	1
263	1
264	1
265	9
266	1
267	1
268	9
269	9
270	1
271	1
272	1
273	1
274	1
275	1
276	1
277	9
278	1
279	1
280	1
281	1
282	1
283	1
284	1
285	1
286	1
287	1
288	9
289	3
290	1
291	9
292	3
293	1
294	1
295	1
296	1
297	1
298	1
299	1
300	1
301	1
302	1
303	1
304	1
305	1
306	1
307	1
308	1
309	1
310	9
311	1
312	1
313	1
314	1
315	1
316	1
317	1
318	1
319	1
320	1
321	1
322	1
323	1
324	1
325	1
326	1
327	1
328	1
329	1
330	1
331	1
332	1
333	1
334	1
335	1
336	1
337	7
338	1
339	3
340	1
341	1
342	1
343	9
344	9
345	9
346	9
347	9
348	9
349	9
350	9
351	9
352	9
353	9
354	9
355	9
357	9
358	9
359	9
360	9
361	9
362	9
363	9
365	9
366	9
367	9
368	9
369	9
370	9
372	9
373	9
374	9
375	9
376	9
377	9
378	9
379	9
380	9
381	9
382	9
383	9
384	9
385	9
386	9
387	9
388	9
389	9
390	9
391	9
392	9
393	9
394	9
395	9
396	9
397	9
398	9
399	9
400	9
401	9
402	9
403	9
404	9
405	9
406	9
407	9
408	9
409	9
410	9
411	9
412	9
413	9
414	9
415	9
416	9
417	9
418	9
419	9
420	9
421	9
422	9
423	9
424	9
425	9
426	9
427	9
428	9
429	9
430	9
431	9
432	9
434	9
435	9
436	9
438	9
439	0
440	0
441	0
442	0
443	0
444	0
445	0
446	8
447	8
448	8
449	0
450	0
451	8
452	0
453	8
454	8
455	8
456	8
457	0
458	0
459	8
460	0
461	0
462	0
463	0
464	8
465	8
466	0
467	8
468	0
469	0
470	8
471	0
472	8
473	8
474	8
475	8
476	0
477	0
478	0
479	0
480	0
481	0
482	0
483	0
484	8
485	0
486	8
487	0
488	0
489	0
490	0
491	8
492	8
493	8
494	0
495	0
496	0
497	0
498	0
499	8
500	0
501	8
502	8
503	0
504	0
505	0
506	0
507	0
508	0
509	9
510	0
511	8
512	8
513	8
514	8
515	8
516	0
517	0
518	8
519	8
520	8
521	8
522	0
523	8
524	8
525	8
526	8
527	8
528	0
529	0
530	8
531	0
532	0
533	0
534	0
535	0
536	0
538	0
539	8
540	0
541	8
542	8
543	8
544	8
545	8
546	8
547	8
548	0
549	8
550	0
551	8
552	8
553	8
554	8
555	0
556	0
557	0
558	0
559	0
560	0
561	0
562	0
563	0
564	0
565	8
566	0
567	0
568	0
569	8
570	0
571	0
572	0
573	0
574	8
575	0
576	0
577	8
578	0
579	0
580	0
581	9
582	8
583	8
584	8
585	8
586	8
587	8
588	0
589	8
590	0
591	0
592	0
593	0
594	0
595	0
596	0
597	0
598	8
599	0
600	0
601	0
602	0
603	0
604	0
605	0
606	0
607	8
608	0
609	0
610	8
611	8
612	8
613	8
614	8
615	0
616	0
617	0
618	0
619	0
620	9
621	0
622	0
623	0
624	0
625	0
626	0
627	0
628	0
629	8
630	8
631	9
632	8
633	8
634	8
635	8
636	0
637	9
638	0
639	8
640	0
641	0
642	0
643	8
644	8
645	8
646	1
647	1
648	1
649	1
650	1
651	7
652	7
653	1
654	1
655	7
656	7
657	7
658	7
659	1
660	8
661	9
662	9
663	9
664	8
665	9
666	9
667	8
668	9
669	0
670	8
671	3
672	0
673	0
674	0
675	9
676	0
677	3
678	8
679	8
680	3
681	3
682	0
683	0
684	1
685	8
686	3
687	1
688	1
689	3
690	3
691	3
692	1
693	1
694	3
695	9
696	9
697	8
698	8
699	1
700	1
701	3
702	1
703	1
704	3
705	1
706	0
707	0
708	1
709	1
710	1
711	0
712	9
713	9
714	9
715	9
716	9
717	9
718	9
719	3
720	9
721	3
722	0
723	0
724	1
725	0
726	9
727	9
728	0
729	9
730	0
731	8
732	8
733	0
734	8
735	8
736	9
737	0
738	0
739	9
740	9
741	8
742	9
743	8
744	9
745	9
746	1
747	0
748	0
749	9
750	9
751	3
752	1
753	1
754	0
755	0
756	1
757	0
758	1
759	1
760	1
761	1
762	1
763	1
764	1
765	1
766	1
767	1
768	0
769	1
770	1
771	1
772	1
773	1
774	1
775	1
776	1
777	1
778	1
779	1
780	1
781	1
782	1
783	1
784	1
785	1
786	1
787	1
788	1
789	1
790	1
791	1
792	1
793	0
794	1
795	0
796	0
797	7
798	1
799	1
800	1
801	1
802	7
803	7
804	7
805	7
806	1
807	7
808	7
809	1
810	7
811	7
812	9
813	9
814	1
815	9
816	9
817	7
818	7
819	9
820	9
821	7
822	1
823	1
824	7
825	1
826	1
827	1
828	1
829	1
830	7
831	7
832	7
833	0
834	0
835	0
836	0
837	0
838	0
839	0
840	0
841	0
842	0
843	0
844	0
845	0
846	0
847	0
848	0
849	0
850	0
851	0
852	0
853	0
854	0
855	0
856	0
857	0
858	0
859	7
860	9
861	9
862	9
863	0
864	9
865	9
866	0
867	1
868	0
869	0
870	0
871	1
872	9
873	1
874	1
875	1
876	9
877	9
878	0
879	1
880	1
881	1
882	1
883	1
884	1
885	1
886	1
887	1
888	1
889	1
890	1
891	7
892	7
893	7
894	1
895	1
896	1
897	1
898	7
899	1
900	1
901	1
902	0
903	0
904	0
905	1
906	0
907	0
908	0
909	0
910	0
911	0
912	0
913	0
914	9
915	9
916	0
917	7
918	7
919	7
920	7
921	9
922	0
923	0
924	0
925	1
926	7
927	7
928	7
929	7
930	1
931	1
932	7
933	7
934	1
935	7
936	1
937	1
938	1
939	7
940	7
941	1
942	1
943	7
944	7
945	1
946	1
947	1
948	0
949	1
950	0
951	7
952	1
953	7
954	7
955	7
956	7
957	1
958	1
959	0
960	0
961	0
962	7
963	0
964	0
965	0
966	7
967	0
968	1
969	1
970	1
971	1
972	1
973	1
974	1
975	1
976	1
977	7
978	1
979	7
980	7
981	7
982	7
983	1
984	7
985	1
986	7
987	7
988	7
989	7
990	0
991	7
992	1
993	1
994	0
995	0
996	1
997	1
998	1
999	1
1000	0
1001	0
1002	0
1003	7
1004	1
1005	7
1006	7
1007	1
1008	1
1009	0
1010	6
1011	8
1012	9
1013	0
1014	9
1015	0
1016	0
1017	9
1018	6
1019	6
1020	9
1021	6
1022	0
1023	9
1024	0
1025	6
1026	9
1027	6
1028	0
1029	0
1030	9
1031	0
1032	0
1033	6
1034	0
1035	9
1036	9
1037	9
1038	9
1039	0
1040	0
1041	6
1042	0
1043	0
1044	9
1045	1
1046	9
1051	0
1052	0
1053	9
1054	9
1055	9
1056	9
1057	1
1058	6
1059	6
1060	0
1061	6
1062	0
1063	6
1064	8
1065	9
1066	8
1068	8
1069	9
1070	6
1071	6
1072	6
1073	9
1074	8
1075	9
1076	8
1077	9
1078	8
1079	9
1080	9
1081	0
1082	0
1084	1
1085	1
1087	1
1088	1
1089	1
1090	1
1091	1
1092	1
1093	9
1094	9
1095	9
1096	9
1097	9
1099	1
1101	9
1102	9
1103	9
1104	9
1105	8
1106	1
1107	1
1108	9
1109	9
1110	1
1111	9
1112	9
1113	8
1114	9
1115	9
1116	9
1117	9
1118	9
1120	8
1121	9
1122	9
1123	9
1124	9
1125	9
1126	9
1127	9
1128	9
1129	8
1130	9
1131	8
1132	8
1133	8
1134	8
1135	8
1136	8
1137	8
1138	1
1139	9
1140	9
1141	9
1142	9
1143	8
1144	1
1145	8
1146	8
1147	8
1149	8
1151	1
1157	8
1160	1
1161	1
1162	1
1163	1
1164	1
1165	1
1167	1
1168	8
1169	8
1170	9
1171	9
1172	9
1173	9
1174	9
1175	9
1176	8
1177	9
1178	9
1179	9
1181	9
1182	9
1185	9
1189	9
1190	9
1191	9
1192	9
1193	9
1194	9
1195	9
1196	9
1197	9
1198	9
1199	9
1200	9
1201	9
1202	9
1203	9
1204	9
1205	9
1206	9
1207	9
1208	9
1209	9
1210	9
1211	9
1212	9
1213	9
1214	9
1215	9
1216	9
1217	3
1218	4
1219	6
1220	4
1221	6
1222	6
1223	3
1224	6
1225	4
1226	6
1227	4
1228	4
1229	4
1230	4
1231	6
1232	6
1233	9
1234	9
1235	9
1236	4
1237	4
1238	4
1239	4
1240	4
1241	4
1242	4
1243	4
1244	4
1245	4
1246	4
1247	4
1249	4
1250	4
1251	4
1252	4
1253	4
1254	4
1255	4
1256	4
1257	4
1258	4
1259	4
1260	4
1261	4
1263	4
1264	4
1265	4
1266	4
1267	4
1268	4
1269	4
1270	4
1271	2
1272	2
1273	4
1274	2
1275	2
1276	4
1277	4
1278	4
1279	2
1280	4
1281	4
1282	4
1283	2
1284	2
1285	4
1286	4
1287	4
1288	4
1289	4
1290	4
1291	4
1292	4
1293	4
1294	4
1295	2
1296	2
1297	2
1298	5
1299	2
1300	2
1301	2
1302	2
1303	2
1304	2
1305	2
1306	2
1307	2
1308	5
1309	5
1310	5
1311	2
1312	2
1313	5
1314	4
1315	4
1316	5
1317	5
1318	5
1319	4
1320	4
1321	1
1322	5
1323	5
1324	5
1325	5
1326	5
1327	5
1328	5
1329	4
1330	5
1331	4
1332	4
1333	5
1334	3
1335	4
1336	4
1337	5
1338	3
1339	4
1340	5
1341	5
1342	5
1343	5
1344	5
1345	5
1346	5
1347	5
1348	2
1349	3
1350	3
1351	5
1352	5
1353	3
1354	3
1355	5
1356	3
1357	5
1358	3
1359	6
1360	2
1361	2
1362	2
1363	2
1364	2
1365	2
1366	2
1367	2
1368	5
1369	5
1370	5
1371	2
1372	5
1374	4
1375	4
1376	4
1377	3
1378	4
1379	4
1380	5
1381	4
1382	3
1383	4
1384	3
1385	4
1386	4
1387	6
1388	6
1389	6
1390	4
1391	6
1392	3
1393	6
1394	3
1395	3
1396	6
1397	9
1398	9
1399	9
1400	9
1401	9
1402	9
1403	9
1404	9
1405	9
1406	9
1407	9
1408	4
1409	4
1410	4
1411	4
1412	4
1413	4
1414	4
1415	4
1416	4
1417	4
1418	4
1419	4
1420	4
1421	4
1422	4
1423	4
1424	4
1425	4
1426	4
1427	4
1429	4
1432	4
1433	4
1434	4
1435	2
1436	2
1437	2
1438	2
1439	2
1440	2
1441	4
1442	4
1443	4
1444	2
1445	2
1446	2
1447	2
1448	2
1449	2
1450	2
1451	5
1452	5
1453	5
1454	2
1455	5
1456	5
1457	2
1458	2
1459	2
1460	2
1461	2
1462	5
1463	2
1464	2
1465	2
1466	1
1467	1
1468	1
1469	5
1470	1
1471	5
1472	5
1473	4
1474	4
1475	4
1476	5
1477	5
1478	5
1479	5
1480	3
1481	3
1482	3
1483	5
1484	3
1485	3
1486	3
1487	3
1488	5
1489	5
1490	5
1491	5
1492	5
1493	5
1494	5
1495	4
1496	5
1497	3
1498	5
1499	5
1500	5
1501	4
1502	5
1503	4
1504	5
1505	2
1506	2
1507	5
1508	4
1509	4
1510	2
1511	2
1512	2
1513	2
1514	2
1515	2
1516	2
1517	5
1518	3
1519	3
1520	3
1521	3
1522	3
1523	3
1524	3
1525	3
1526	4
1527	4
1528	4
1529	4
1530	4
1531	4
1533	4
1534	4
1535	5
1536	5
1537	5
1538	5
1539	5
1540	5
1541	2
1542	5
1543	5
1544	3
1545	3
1546	5
1547	4
1548	1
1549	5
1550	4
1551	5
1552	5
1553	6
1554	6
1555	6
1556	6
1557	6
1558	6
1559	6
1560	6
1561	6
1562	6
1563	9
1564	9
1565	9
1566	9
1567	9
1568	6
1569	6
1570	4
1571	4
1572	4
1573	4
1574	4
1575	4
1576	4
1577	4
1578	4
1579	4
1580	4
1581	4
1582	4
1584	4
1585	4
1586	4
1587	4
1588	4
1589	4
1590	4
1591	4
1592	4
1593	4
1594	4
1596	4
1597	4
1598	4
1599	2
1600	2
1601	2
1602	2
1603	2
1604	2
1605	2
1606	2
1607	2
1608	2
1609	2
1610	2
1611	2
1612	2
1613	2
1614	2
1615	2
1616	2
1617	2
1618	2
1619	2
1620	2
1621	2
1622	2
1623	5
1624	5
1625	2
1626	2
1627	2
1628	2
1629	5
1630	5
1631	5
1632	5
1633	2
1634	2
1635	2
1636	4
1637	4
1638	4
1639	4
1640	4
1641	4
1642	5
1643	5
1644	4
1645	5
1646	5
1647	5
1648	5
1649	3
1650	5
1651	3
1652	5
1653	2
1654	4
1655	2
1656	2
1657	5
1658	5
1659	5
1660	5
1661	5
1662	5
1663	5
1664	5
1665	5
1666	5
1667	4
1668	4
1669	4
1670	5
1671	4
1672	2
1673	2
1674	2
1675	2
1676	2
1677	2
1678	2
1679	2
1680	2
1681	2
1682	2
1683	2
1684	2
1685	2
1686	5
1687	2
1688	3
1689	5
1690	3
1691	3
1692	3
1693	3
1694	5
1695	5
1696	5
1697	5
1698	5
1699	5
1700	2
1701	2
1702	2
1703	2
1704	2
1705	2
1706	2
1707	2
1708	2
1709	2
1710	2
1711	2
1712	2
1713	5
1714	5
1715	4
1716	4
1717	4
1718	4
1719	4
1720	3
1721	5
1722	5
1723	6
1724	6
1725	6
1726	6
1727	6
1728	6
1729	6
1730	4
1731	4
1732	4
1733	4
1734	6
1735	6
1736	4
1737	4
1738	4
1739	4
1740	4
1741	4
1742	4
1743	4
1744	4
1745	4
1746	4
1747	4
1748	4
1749	4
1750	4
1751	4
1752	4
1753	4
1754	4
1755	4
1756	5
1757	4
1758	4
1759	4
1760	4
1761	4
1762	4
1763	4
1764	2
1765	2
1766	2
1767	2
1769	2
1770	2
1771	2
1772	2
1773	2
1774	2
1775	2
1776	2
1777	2
1778	2
1779	2
1780	2
1781	2
1782	2
1783	2
1784	2
1785	2
1786	2
1787	2
1788	2
1789	5
1790	2
1791	2
1792	2
1793	2
1795	5
1796	5
1797	5
1798	5
1799	2
1800	2
1801	5
1802	4
1803	5
1804	4
1805	4
1806	5
1807	4
1808	4
1809	5
1810	4
1811	5
1812	2
1813	5
1814	5
1815	5
1816	2
1817	3
1818	2
1819	5
1820	5
1821	5
1822	4
1823	5
1824	5
1825	5
1826	5
1827	5
1828	5
1829	5
1830	5
1831	5
1832	5
1833	2
1834	2
1835	5
1836	5
1837	2
1838	2
1839	2
1840	2
1841	2
1842	2
1843	2
1844	2
1845	2
1846	2
1847	2
1848	2
1849	2
1850	3
1851	5
1852	5
1853	3
1854	3
1855	3
1856	3
1857	5
1858	4
1859	5
1860	4
1861	4
1862	4
1863	4
1864	4
1865	4
1866	4
1867	3
1868	3
1869	5
1870	4
1871	5
1872	5
1873	4
1874	4
1875	4
1876	6
1877	6
1878	6
1879	6
1880	3
1881	6
1882	6
1883	6
1884	6
1885	6
1886	4
1887	4
1888	4
1889	4
1890	4
1891	4
1892	4
1893	4
1894	4
1895	4
1896	4
1897	4
1898	4
1899	4
1900	4
1901	4
1902	4
1903	4
1904	4
1905	4
1906	4
1907	4
1908	4
1909	4
1910	4
1911	4
1912	4
1913	4
1914	4
1915	4
1916	4
1917	4
1918	4
1919	4
1920	4
1921	4
1922	4
1923	4
1924	4
1925	2
1926	2
1927	2
1928	2
1929	2
1930	2
1931	2
1932	2
1933	2
1934	2
1935	2
1936	2
1937	2
1938	2
1939	2
1940	2
1941	2
1942	2
1943	2
1944	2
1945	2
1946	5
1947	5
1948	5
1949	2
1950	2
1951	2
1952	2
1953	2
1954	2
1955	2
1956	2
1957	2
1958	2
1959	2
1960	2
1961	2
1962	2
1963	2
1964	2
1965	5
1966	5
1967	4
1968	1
1969	5
1970	4
1971	4
1972	4
1973	5
1974	5
1975	5
1976	5
1977	5
1978	5
1979	5
1980	5
1981	5
1982	5
1983	4
1984	5
1985	4
1986	4
1987	4
1988	4
1989	5
1990	5
1991	4
1992	2
1993	2
1994	2
1995	2
1996	2
1997	2
1998	2
1999	2
2000	2
2001	2
2002	2
2003	2
2004	2
2005	2
2006	2
2007	2
2008	2
2009	2
2010	2
2011	3
2012	3
2013	5
2014	3
2015	3
2016	3
2017	3
2018	3
2019	3
2020	3
2021	3
2022	3
2023	4
2024	4
2025	4
2026	4
2027	1
2028	4
2029	3
2030	3
2031	3
2032	3
2033	6
2034	6
2035	6
2036	6
2037	6
2038	6
2039	6
2040	6
2041	4
2042	4
2043	4
2044	4
2045	4
2046	4
2047	4
2048	4
2049	4
2050	4
2051	4
2052	4
2053	4
2054	4
2055	4
2056	4
2057	4
2058	4
2059	4
2060	4
2061	4
2062	4
2063	4
2064	4
2065	4
2066	4
2067	5
2068	4
2069	4
2070	4
2071	4
2072	4
2073	4
2074	4
2075	4
2076	4
2077	4
2078	2
2079	5
2080	5
2081	5
2082	5
2083	2
2084	2
2085	2
2086	2
2087	2
2088	2
2089	2
2090	2
2091	2
2092	2
2093	5
2094	5
2095	2
2096	2
2097	2
2098	2
2099	2
2100	2
2101	2
2102	2
2103	2
2104	2
2105	2
2106	2
2107	2
2108	2
2109	2
2110	2
2111	2
2112	2
2113	4
2114	4
2115	4
2116	4
2117	5
2118	5
2119	4
2120	5
2121	5
2122	5
2123	4
2124	5
2125	5
2126	5
2127	5
2128	5
2129	5
2130	4
2131	4
2132	4
2133	5
2134	5
2135	5
2136	5
2137	5
2138	4
2139	5
2140	5
2141	2
2142	5
2143	5
2144	5
2145	5
2146	5
2147	5
2148	5
2149	5
2150	5
2151	5
2152	3
2153	5
2154	5
2155	4
2156	4
2157	5
2158	2
2161	4
2162	4
2163	5
2164	3
2165	3
2166	5
2167	5
2168	5
2169	3
2170	3
2171	3
2172	3
2173	3
2174	3
2175	3
2176	1
2177	1
2178	3
2179	6
2180	6
2181	3
2182	3
2183	3
2184	4
2185	3
2186	3
2187	3
2188	3
2189	3
2190	4
2191	3
2192	4
2193	6
2194	6
2195	6
2196	6
2197	6
2198	6
2199	6
2200	6
2201	6
2202	4
2203	4
2204	4
2205	4
2206	4
2207	4
2208	4
2209	4
2210	4
2211	4
2212	4
2213	4
2215	4
2216	4
2217	4
2218	4
2219	4
2220	4
2221	4
2222	4
2223	4
2224	4
2225	4
2226	4
2227	4
2228	4
2229	4
2230	4
2231	4
2232	4
2233	4
2234	2
2235	2
2236	2
2237	2
2238	2
2239	2
2240	2
2241	2
2242	2
2243	2
2244	2
2245	2
2246	2
2247	2
2248	2
2249	2
2250	2
2251	2
2252	2
2253	2
2254	2
2255	2
2256	2
2257	4
2258	4
2259	3
2260	3
2261	4
2262	4
2263	4
2264	4
2265	5
2266	5
2267	5
2268	4
2269	3
2270	2
2271	2
2272	5
2273	5
2274	5
2275	5
2276	5
2277	5
2278	4
2279	4
2280	4
2281	5
2282	5
2283	5
2284	5
2285	2
2286	2
2287	4
2288	5
2289	2
2290	2
2291	2
2292	2
2293	5
2294	2
2295	5
2296	2
2297	2
2298	2
2299	5
2300	2
2301	2
2302	5
2303	3
2304	4
2305	9
2306	5
2307	5
2308	3
2309	3
2310	3
2311	3
2312	3
2313	5
2314	3
2315	5
2316	3
2317	3
2318	3
2319	5
2320	3
2321	3
2322	3
2323	5
2324	6
2325	1
2326	1
2327	1
2328	1
2329	3
2330	6
2331	4
2332	4
2333	4
2334	4
2335	3
2336	4
2337	4
2338	4
2339	3
2340	3
2341	4
2342	4
2343	4
2344	6
2345	6
2346	4
2347	6
2348	6
2349	4
2350	6
2351	6
2352	6
2353	6
2354	6
2355	4
2356	4
2357	4
2358	4
2359	4
2360	6
2361	4
2362	4
2363	4
2364	6
2365	4
2366	4
2367	4
2368	4
2369	4
2370	4
2371	4
2372	4
2373	4
2374	4
2375	4
2376	4
2377	4
2378	4
2379	4
2380	4
2381	4
2382	4
2383	4
2384	4
2385	4
2386	4
2387	4
2388	4
2389	4
2390	2
2391	2
2392	2
2393	4
2394	4
2395	4
2396	4
2397	4
2398	2
2399	2
2400	4
2401	2
2402	2
2403	2
2404	2
2405	2
2406	2
2407	2
2408	2
2409	2
2410	2
2411	2
2412	2
2413	2
2414	2
2415	2
2416	2
2417	2
2418	2
2419	2
2420	2
2421	2
2422	2
2423	2
2424	2
2425	3
2426	4
2427	4
2428	4
2429	4
2430	4
2431	4
2432	4
2433	4
2434	4
2435	5
2436	5
2437	5
2438	5
2439	3
2440	5
2441	5
2442	5
2443	3
2444	3
2445	5
2446	5
2447	3
2448	5
2449	5
2450	5
2451	5
2452	5
2453	5
2454	3
2455	5
2456	5
2457	4
2458	2
2459	5
2460	5
2461	5
2462	5
2463	4
2464	5
2465	5
2466	3
2467	4
2468	5
2469	3
2470	3
2471	5
2472	3
2473	5
2474	3
2475	5
2476	3
2477	3
2478	3
2479	3
2480	3
2481	3
2482	3
2483	3
2484	3
2485	3
2486	5
2487	3
2488	3
2489	3
2490	4
2491	4
2492	4
2493	4
2494	3
2495	1
2496	3
2497	1
2498	3
2499	3
2500	4
2501	3
2502	3
2503	4
2504	3
2505	4
2506	4
2507	4
2508	4
2509	4
2510	4
2511	4
2512	4
2513	5
2514	5
2515	5
2516	4
2517	4
2518	4
2520	4
2521	4
2522	4
2523	4
2524	4
2525	4
2526	4
2527	4
2528	4
2529	4
2530	4
2531	4
2532	4
2533	4
2534	4
2535	4
2536	4
2537	4
2538	4
2539	4
2540	4
2541	4
2542	4
2543	4
2544	4
2545	4
2546	4
2547	4
2548	4
2549	4
2550	4
2551	4
2552	2
2553	4
2554	4
2555	4
2556	2
2557	2
2558	2
2559	4
2560	4
2561	4
2562	4
2563	4
2564	4
2565	4
2566	2
2567	4
2568	4
2569	2
2570	2
2571	2
2572	2
2573	2
2574	2
2575	2
2576	2
2577	2
2578	2
2579	2
2580	2
2581	2
2582	2
2583	2
2584	2
2585	2
2586	2
2587	2
2588	5
2589	5
2590	4
2591	4
2592	4
2593	4
2594	4
2595	4
2596	4
2597	4
2598	4
2599	4
2600	3
2601	5
2602	5
2603	5
2604	5
2605	5
2606	5
2607	5
2608	5
2609	5
2610	5
2611	5
2612	3
2613	4
2614	3
2615	3
2616	5
2617	4
2618	4
2619	4
2620	5
2621	4
2622	4
2623	5
2624	5
2625	4
2626	5
2627	4
2628	5
2629	4
2630	5
2631	1
2632	3
2633	3
2634	4
2635	3
2636	3
2637	5
2638	3
2639	3
2640	3
2641	3
2642	2
2643	3
2644	3
2645	5
2646	5
2647	5
2648	5
2649	3
2650	1
2651	3
2652	3
2653	1
2654	4
2655	4
2656	4
2657	4
2658	4
2659	4
2660	4
2661	4
2662	4
2663	3
2664	4
2665	3
2666	4
2667	3
2668	4
2669	4
2670	4
2671	4
2672	4
2673	2
2674	2
2675	2
2676	2
2677	2
2678	5
2679	2
2680	4
2681	4
2682	5
2683	4
2684	4
2685	4
2686	4
2687	4
2688	4
2689	4
2690	4
2691	4
2692	4
2693	4
2694	4
2695	4
2696	4
2697	4
2698	4
2699	4
2700	4
2701	4
2702	4
2703	4
2704	4
2705	4
2706	4
2707	4
2708	2
2710	2
2711	2
2712	2
2713	2
2714	2
2715	2
2716	2
2717	2
2718	2
2719	2
2720	2
2721	2
2722	5
2723	5
2724	2
2725	2
2726	2
2727	5
2728	2
2729	2
2730	2
2731	2
2732	5
2733	5
2734	5
2735	5
2736	5
2737	5
2738	5
2739	4
2740	4
2741	4
2742	4
2743	4
2744	4
2745	4
2746	4
2747	4
2748	4
2749	4
2750	3
2751	4
2752	4
2753	4
2754	5
2755	5
2756	5
2757	5
2758	5
2759	5
2760	5
2761	5
2762	5
2763	3
2764	3
2765	2
2766	5
2767	2
2768	3
2769	2
2770	4
2771	5
2772	4
2773	3
2774	4
2775	4
2776	5
2777	3
2778	4
2779	2
2780	2
2781	2
2782	2
2783	2
2784	2
2785	2
2786	2
2787	2
2788	2
2789	2
2790	2
2791	2
2792	2
2793	4
2794	4
2795	5
2796	4
2797	4
2798	4
2799	4
2800	4
2801	3
2802	3
2803	5
2804	3
2805	5
2806	5
2807	5
2808	5
2809	5
2810	5
2811	5
2812	2
2813	5
2814	5
2815	5
2816	5
2817	5
2818	1
2819	4
2820	4
2821	4
2822	3
2823	3
2824	1
2825	3
2826	3
2827	3
2828	3
2829	4
2830	3
2831	3
2832	3
2833	3
2834	3
2835	2
2836	2
2837	2
2838	2
2839	2
2840	2
2841	2
2842	2
2843	5
2844	2
2845	2
2846	2
2847	2
2848	3
2849	5
2850	3
2851	5
2852	5
2853	5
2854	4
2855	4
2856	4
2857	4
2858	4
2859	4
2860	4
2861	4
2862	4
2863	4
2864	4
2865	4
2866	4
2867	4
2868	4
2869	4
2870	4
2871	4
2872	4
2873	4
2874	2
2875	2
2876	4
2877	4
2878	2
2879	2
2880	2
2881	2
2882	2
2883	2
2884	2
2885	2
2886	2
2887	2
2888	2
2889	2
2890	2
2891	2
2892	2
2893	5
2894	5
2895	5
2896	5
2897	2
2898	5
2899	2
2900	2
2901	5
2902	2
2903	5
2904	5
2905	2
2906	5
2907	2
2908	5
2909	2
2910	5
2911	5
2912	5
2913	4
2914	4
2915	4
2916	4
2917	4
2918	4
2919	4
2920	4
2921	4
2922	4
2923	4
2924	5
2925	3
2926	3
2927	5
2928	5
2929	3
2930	5
2931	5
2932	5
2933	4
2934	4
2935	5
2936	2
2937	2
2938	2
2939	4
2940	5
2941	4
2942	4
2943	4
2944	5
2945	4
2946	4
2947	5
2948	5
2949	5
2950	4
2951	4
2952	4
2953	5
2954	5
2955	2
2956	2
2957	2
2958	5
2959	4
2960	5
2961	3
2962	3
2964	5
2965	6
2966	5
2967	3
2968	3
2969	5
2970	5
2971	5
2972	5
2973	3
2974	2
2975	5
2976	5
2977	5
2978	5
2979	3
2980	1
2981	4
2982	1
2983	1
2984	1
2985	3
2986	3
2987	3
2988	3
2989	3
2990	3
2991	3
2992	3
2993	3
2994	3
2995	3
2996	5
2997	5
2998	3
2999	5
3000	5
3001	5
3002	5
3003	3
3004	3
3005	3
3006	3
3007	4
3008	4
3009	4
3010	4
3011	4
3012	4
3013	4
3014	4
3015	4
3016	4
3017	4
3018	4
3019	4
3020	4
3021	4
3022	4
3023	4
3024	4
3025	4
3026	2
3027	4
3028	4
3029	4
3030	4
3031	4
3032	4
3033	4
3034	5
3035	4
3036	4
3037	5
3038	4
3039	5
3040	5
3041	2
3042	2
3043	2
3044	2
3045	2
3046	2
3047	2
3048	2
3049	2
3050	2
3051	2
3052	2
3053	2
3054	2
3055	2
3056	2
3057	2
3058	2
3059	2
3060	2
3061	2
3062	2
3063	2
3064	5
3065	5
3066	5
3067	2
3068	5
3069	2
3070	2
3071	2
3072	2
3073	2
3074	5
3075	2
3076	2
3077	2
3078	2
3079	5
3080	2
3081	4
3082	4
3083	4
3084	4
3085	4
3086	4
3087	4
3088	4
3089	4
3090	4
3091	4
3092	4
3093	5
3094	5
3095	5
3096	5
3097	5
3098	5
3099	5
3100	5
3101	5
3102	4
3103	4
3104	4
3105	4
3106	4
3107	4
3108	4
3109	5
3110	4
3111	3
3112	3
3113	3
3114	3
3115	3
3116	3
3117	3
3118	2
3119	2
3120	4
3121	4
3122	2
3123	5
3124	6
3125	6
3126	4
3127	3
3128	2
3129	5
3130	4
3131	3
3132	5
3133	4
3135	5
3136	5
3137	3
3138	3
3139	3
3140	3
3141	5
3142	3
3143	3
3144	3
3145	5
3146	5
3147	5
3148	1
3149	1
3150	4
3151	3
3152	4
3153	3
3154	3
3155	3
3156	3
3157	3
3158	3
3159	3
3160	3
3161	3
3162	3
3163	5
3164	3
3165	3
3166	3
3167	3
3168	5
3169	4
3170	2
3171	2
3172	2
3173	2
3174	2
3175	2
3176	4
3177	4
3178	4
3179	2
3180	2
3181	2
3184	2
3185	2
3186	2
3187	5
3188	5
3189	4
3190	4
3191	4
3192	4
3193	4
3194	4
3195	4
3196	4
3197	4
3198	4
3199	4
3200	4
3201	4
3202	2
3203	2
3204	2
3205	2
3206	2
3212	2
3213	2
3214	2
3215	2
3216	2
3217	4
3218	4
3219	4
3220	2
3221	2
3222	5
3223	5
3224	5
3225	2
3226	2
3227	2
3228	2
3229	2
3230	2
3231	2
3232	2
3233	2
3234	2
3235	2
3236	2
3237	2
3238	2
3239	2
3240	2
3241	4
3242	4
3243	4
3244	4
3245	4
3246	4
3247	5
3248	4
3249	4
3250	4
3251	4
3252	4
3253	4
3254	4
3255	4
3256	4
3257	4
3258	4
3259	4
3260	4
3261	4
3262	4
3263	5
3264	3
3265	3
3266	3
3267	5
3268	4
3269	5
3270	3
3271	3
3272	3
3273	2
3274	2
3275	5
3276	4
3277	4
3278	5
3279	5
3280	2
3281	3
3282	4
3284	5
3285	4
3286	2
3287	3
3288	3
3289	5
3292	4
3293	5
3294	5
3295	5
3296	5
3297	4
3298	3
3299	5
3300	5
3301	3
3302	1
3303	5
3304	3
3305	3
3306	3
3307	3
3308	3
3309	3
3310	3
3311	3
3312	3
3313	3
3314	3
3315	6
3316	3
3317	3
3318	4
3319	3
3320	3
3321	3
3322	5
3323	5
3324	2
3325	5
3326	4
3327	4
3328	4
3329	5
3330	5
3331	6
3332	6
3333	5
3334	5
3335	5
3336	5
3337	5
3338	5
3339	5
3340	5
3341	5
3342	5
3343	5
3344	4
3345	4
3346	4
3347	4
3348	4
3350	4
3351	4
3352	4
3353	4
3355	2
3356	2
3357	4
3358	2
3359	2
3360	4
3361	2
3362	2
3363	2
3364	2
3365	2
3366	2
3367	2
3368	2
3369	2
3370	2
3371	4
3372	4
3373	4
3374	2
3375	2
3376	2
3377	2
3378	2
3379	2
3380	2
3381	2
3382	2
3383	2
3384	2
3385	2
3386	2
3387	2
3388	2
3389	2
3390	2
3391	2
3392	2
3393	2
3394	2
3395	2
3396	2
3397	2
3398	2
3399	2
3400	4
3401	4
3402	4
3403	4
3404	4
3405	4
3406	4
3407	4
3408	4
3409	4
3410	4
3411	5
3412	5
3413	5
3414	5
3415	5
3416	3
3417	5
3418	4
3419	4
3420	5
3421	3
3422	5
3423	5
3424	5
3425	5
3426	5
3427	5
3428	5
3429	5
3430	9
3431	2
3432	5
3433	5
3434	4
3435	5
3436	4
3437	4
3438	5
3439	4
3440	6
3441	2
3442	2
3443	4
3444	4
3445	2
3446	4
3447	3
3448	4
3449	3
3450	1
3451	3
3452	3
3453	5
3454	3
3455	5
3456	5
3457	3
3458	3
3459	3
3460	4
3461	3
3462	3
3463	3
3464	3
3465	3
3466	3
3467	3
3468	3
3469	3
3470	3
3471	3
3472	3
3473	3
3474	3
3475	3
3476	3
3477	3
3478	3
3479	3
3480	3
3481	3
3482	3
3483	6
3484	6
3485	6
3486	6
3487	6
3488	6
3489	6
3490	6
3491	6
3492	6
3493	4
3494	6
3495	6
3496	5
3497	5
3498	5
3499	5
3500	4
3501	5
3502	5
3503	5
3504	4
3505	4
3506	4
3507	4
3508	4
3509	4
3510	4
3513	4
3514	4
3515	4
3516	4
3517	4
3518	4
3519	4
3520	4
3521	4
3522	4
3523	4
3524	4
3525	4
3526	4
3527	4
3528	4
3529	2
3530	4
3531	4
3533	2
3534	4
3535	4
3536	4
3537	4
3538	2
3539	2
3540	2
3541	2
3542	2
3543	4
3544	2
3545	2
3546	2
3547	2
3548	2
3549	2
3550	2
3551	2
3552	2
3553	2
3554	2
3555	2
3556	2
3557	2
3558	5
3559	5
3560	5
3561	5
3562	2
3563	5
3564	5
3565	5
3566	5
3567	5
3568	4
3569	4
3570	4
3571	4
3572	5
3573	4
3574	4
3575	4
3576	4
3577	5
3578	5
3579	5
3580	5
3581	5
3582	5
3583	5
3584	4
3585	5
3586	3
3587	3
3588	5
3589	5
3590	5
3591	5
3592	5
3593	5
3594	5
3595	4
3596	4
3597	5
3598	5
3599	5
3600	5
3601	5
3602	5
3603	1
3604	3
3605	5
3606	5
3607	3
3608	5
3609	4
3610	4
3611	4
3612	4
3614	3
3615	4
3616	3
3617	5
3618	3
3619	5
3620	5
3621	3
3622	3
3623	3
3624	4
3625	4
3626	4
3627	3
3628	3
3629	3
3630	3
3631	3
3632	3
3633	3
3634	4
3635	3
3636	1
3637	3
3638	4
3639	1
3640	3
3641	3
3642	3
3643	6
3644	6
3645	3
3646	6
3647	3
3648	4
3649	4
3650	3
3651	6
3652	6
3653	4
3654	6
3655	6
3656	4
3657	5
3658	5
3659	5
3660	5
3661	5
3662	4
3663	5
3664	5
3665	5
3666	3
3667	5
3668	4
3669	4
3670	4
3671	4
3672	4
3673	4
3674	4
3675	4
3676	4
3677	4
3678	4
3679	4
3680	4
3681	4
3682	4
3684	4
3685	2
3686	2
3687	4
3688	2
3689	2
3690	4
3691	4
3692	2
3693	4
3694	4
3695	4
3696	4
3697	4
3698	4
3699	4
3700	4
3701	4
3702	4
3703	4
3704	4
3705	4
3706	4
3707	2
3708	4
3709	4
3710	2
3711	5
3712	5
3713	2
3715	2
3717	2
3718	2
3719	2
3720	2
3721	2
3722	2
3723	2
3724	2
3725	2
3726	5
3727	5
3728	5
3729	4
3730	4
3731	5
3732	5
3733	5
3734	5
3735	5
3736	5
3737	5
3738	5
3739	4
3740	5
3741	5
3742	5
3743	5
3744	5
3745	5
3746	5
3747	5
3748	5
3749	5
3750	5
3751	5
3752	5
3753	5
3754	5
3755	5
3756	5
3757	5
3758	5
3759	5
3760	5
3761	5
3762	5
3763	5
3764	5
3768	4
3769	4
3770	4
3771	3
3772	3
3773	3
3774	3
3775	3
3776	3
3777	3
3778	3
3779	6
3780	6
3781	6
3782	6
3783	6
3784	6
3785	6
3786	6
3787	6
3788	6
3789	6
3790	9
3791	9
3792	9
3793	9
3794	9
3795	9
3796	9
3797	9
3798	9
3799	9
3800	9
3801	9
3802	9
3803	9
3804	9
3805	9
3806	9
3807	9
3808	9
3809	9
3810	9
3811	9
3812	9
3813	9
3814	9
3815	9
3816	9
3817	9
3818	9
3819	9
3820	9
3821	9
3822	9
3823	9
3824	9
3825	9
3826	9
3827	9
3828	9
3829	9
3830	9
3831	8
3832	8
3833	9
3834	8
3835	9
3836	9
3837	8
3838	8
3839	9
3840	9
3841	9
3842	9
3843	9
3844	9
3845	8
3846	8
3847	9
3848	9
3849	9
3850	9
3851	9
3852	9
3853	9
3854	9
3855	9
3856	9
3857	8
3858	8
3859	9
3860	9
3861	9
3862	9
3863	9
3864	9
3865	9
3866	8
3867	9
3868	8
3869	9
3870	9
3871	9
3872	9
3873	9
3874	8
3875	8
3876	8
3877	9
3878	8
3879	9
3880	9
3883	8
3884	8
3885	8
3886	8
3887	8
3888	8
3889	9
3890	8
3892	9
3893	8
3894	8
3897	9
3898	9
3899	8
3900	8
3901	9
3902	9
3903	9
3904	8
3905	8
3906	9
3907	8
3908	9
3909	9
3910	9
3911	8
3912	9
3913	9
3914	8
3915	8
3916	9
3917	9
3918	9
3919	9
3920	9
3921	9
3922	9
3923	9
3924	9
3925	9
3926	9
3927	9
3928	9
3929	9
3930	9
3931	9
3932	9
3933	9
3934	9
3935	9
3936	9
3937	9
3938	9
3939	9
3940	9
3941	9
3942	9
3943	9
3944	9
3945	9
3946	9
3947	9
3948	9
3949	9
3950	9
3951	9
3952	9
3953	9
3954	9
3955	9
3956	9
3957	9
3958	9
3959	9
3960	9
3961	9
3962	9
3963	9
3964	9
3965	9
3966	9
3967	9
3968	9
3969	9
3970	9
3971	9
3972	9
3973	9
3974	9
3975	9
3976	9
3977	9
3978	9
3979	9
3980	9
3981	8
3982	8
3983	8
3985	9
3986	8
3987	1
3988	5
3989	0
3990	1
3991	3
3992	1
3993	3
3994	3
3995	1
3996	3
3997	3
3998	3
3999	3
4000	5
4001	1
4002	3
4003	3
4004	3
4005	1
4006	1
4007	5
4008	5
4009	1
4010	3
4011	1
4012	3
4013	3
4014	3
4015	3
4016	1
4017	1
4018	1
4019	3
4020	1
4021	5
4022	3
4023	3
4024	1
4025	5
4026	5
4027	3
4028	3
4029	3
4030	3
4031	3
4032	3
4033	3
4034	3
4035	3
4036	3
4037	3
4038	3
4039	3
4040	3
4041	3
4042	3
4043	3
4044	3
4045	3
4046	3
4047	3
4048	3
4049	3
4050	5
4051	5
4052	1
4053	3
4054	3
4055	3
4056	3
4057	3
4058	3
4059	3
4060	3
4061	3
4062	3
4063	3
4064	3
4065	3
4066	3
4067	3
4068	3
4069	3
4070	3
4071	3
4072	3
4073	3
4074	3
4075	3
4076	3
4077	3
4078	0
4079	0
4080	0
4081	1
4082	1
4083	3
4084	3
4085	3
4086	3
4087	3
4088	1
4089	3
4090	1
4091	1
4092	1
4093	0
4094	1
4095	1
4096	1
4097	1
4098	1
4099	1
4100	0
4101	1
4102	0
4103	0
4104	0
4105	0
4106	3
4107	1
4108	1
4109	1
4110	3
4111	1
4112	0
4113	3
4114	0
4115	3
4116	1
4117	1
4118	1
4119	1
4120	0
4121	1
4122	3
4123	9
4124	0
4125	3
4126	3
4127	0
4128	3
4129	3
4130	1
4131	0
4132	1
4133	6
4134	3
4135	3
4136	0
4137	1
4138	0
4139	0
4140	0
4141	1
4142	0
4143	0
4144	0
4145	0
4146	0
4147	3
4148	3
4149	1
4150	0
4151	1
4152	0
4153	0
4154	3
4155	0
4156	0
4157	1
4158	0
4159	0
4160	3
4161	1
4162	0
4163	7
4164	0
4165	1
4166	0
4167	0
4168	0
4169	0
4170	1
4171	0
4172	0
4173	0
4174	0
4175	0
4176	0
4177	0
4178	0
4179	0
4180	0
4181	0
4182	0
4183	0
4184	0
4185	1
4186	0
4187	0
4188	0
4189	0
4190	0
4191	1
4192	1
4193	1
4194	0
4195	1
4196	1
4197	7
4198	1
4199	0
4200	1
4201	0
4202	0
4203	0
4204	0
4205	0
4206	0
4207	0
4208	1
4209	6
4210	8
4211	8
4212	0
4213	8
4214	8
4215	8
4216	6
4217	8
4218	6
4219	8
4220	6
4221	8
4222	8
4223	8
4224	8
4225	0
4226	6
4227	6
4228	8
4229	6
4230	9
4231	8
4232	9
4233	8
4234	9
4235	9
4236	9
4237	9
4238	9
4239	9
4240	9
4241	9
4242	9
4243	9
4244	9
4245	9
4246	6
4247	9
4248	9
4249	9
4250	9
4251	0
4252	6
4253	6
4254	6
4255	8
4256	8
4257	0
4258	8
4259	8
4260	0
4261	8
4262	8
4263	6
4264	6
4265	6
4266	7
4267	7
4268	9
4269	7
4270	9
4271	9
4272	7
4273	7
4274	7
4275	7
4276	9
4277	9
4278	9
4279	3
4280	3
4281	1
4282	1
4283	1
4284	1
4285	1
4286	7
4287	9
4288	1
4289	7
4290	1
4291	1
4292	1
4293	7
4294	1
4295	7
4296	7
4297	7
4298	7
4299	7
4300	1
4301	7
4302	7
4303	7
4304	7
4305	7
4306	7
4307	1
4308	7
4309	7
4310	9
4311	7
4312	7
4313	9
4314	9
4315	7
4316	9
4317	9
4318	7
4319	7
4320	9
4321	7
4322	7
4323	7
4324	7
4325	9
4326	9
4327	9
4328	9
4329	3
4330	1
4331	1
4332	1
4333	1
4334	3
4335	3
4336	3
4337	3
4338	3
4339	3
4340	9
4341	1
4342	9
4343	1
4344	1
4345	1
4346	7
4347	9
4348	1
4349	7
4350	3
4351	1
4352	9
4353	7
4354	9
4355	7
4356	7
4357	9
4358	9
4359	9
4360	1
4361	7
4362	7
4363	9
4364	9
4365	9
4366	7
4367	1
4368	1
4369	3
4370	1
4371	1
4372	9
4373	9
4374	9
4375	9
4376	1
4377	7
4378	1
4379	1
4380	1
4381	9
4382	7
4383	7
4384	7
4385	7
4386	9
4387	9
4388	7
4389	7
4390	7
4391	7
4392	7
4393	0
4394	7
4395	7
4396	3
4397	3
4398	1
4399	7
4400	7
4401	7
4402	1
4403	9
4404	7
4405	9
4406	9
4407	9
4408	9
4409	1
4410	1
4411	7
4412	1
4413	9
4414	7
4415	7
4416	7
4417	7
4418	9
4419	9
4420	9
4421	1
4422	7
4423	7
4424	9
4425	9
4426	1
4427	1
4428	9
4429	1
4430	1
4431	3
4432	7
4433	7
4434	7
4435	7
4436	7
4437	7
4438	7
4439	7
4440	3
4441	7
4442	9
4443	1
4444	1
4445	3
4446	1
4447	7
4448	7
4449	9
4450	7
4451	1
4452	7
4453	0
4454	9
4455	1
4456	9
4457	3
4458	3
4459	7
4460	9
4461	9
4462	1
4463	9
4464	7
4465	7
4466	1
4467	1
4468	7
4469	1
4470	9
4471	1
4472	1
4473	1
4474	7
4475	7
4476	7
4477	7
4478	7
4479	9
4480	9
4481	9
4482	9
4483	1
4484	7
4485	7
4486	7
4487	7
4488	9
4489	9
4490	0
4496	0
4497	0
4498	0
4499	0
4500	0
4501	0
4502	0
4503	0
4504	0
4510	0
4511	0
4512	0
4513	0
4514	1
4515	1
4516	0
4517	0
4518	0
4519	0
4520	0
4521	0
4522	1
4523	0
4524	0
4525	0
4526	0
4527	7
4528	7
4529	7
4530	7
4531	7
4532	7
4533	7
4534	7
4535	7
4536	7
4537	7
4538	7
4539	7
4540	7
4541	7
4542	7
4543	7
4544	7
4545	7
4546	7
4547	7
4548	7
4549	7
4550	7
4551	7
4552	7
4553	7
4554	3
4555	3
4556	3
4557	3
4558	6
4559	6
4560	6
4561	6
4562	6
4563	6
4564	6
4565	6
4566	6
4567	6
4568	6
4569	6
4570	6
4571	6
4572	6
4573	6
4574	0
4575	3
4576	3
4577	6
4578	3
4579	3
4580	3
4581	3
4582	3
4583	6
4584	6
4585	6
4586	9
4587	9
4588	3
4589	3
4590	3
4591	3
4592	6
4596	6
4597	9
4599	9
4600	9
4601	9
4602	9
4603	9
4607	9
4608	3
4609	3
4610	3
4611	3
4612	6
4613	6
4614	6
4615	6
4616	6
4617	9
4618	9
4619	9
4620	9
4621	3
4622	3
4623	3
4624	3
4625	3
4626	6
4627	3
4628	3
4629	3
4630	3
4631	3
4632	6
4633	6
4634	6
4635	6
4636	6
4637	6
4638	9
4639	9
4640	9
4641	8
4642	6
4643	3
4644	3
4645	3
4646	3
4647	6
4648	6
4649	6
4650	6
4651	6
4652	3
4653	9
4654	9
4655	9
4656	9
4657	6
4658	3
4659	3
4660	6
4661	3
4662	3
4663	3
4664	6
4665	6
4666	6
4667	6
4668	6
4669	6
4670	6
4671	3
4672	6
4673	6
4674	6
4675	3
4676	3
4677	3
4678	3
4679	3
4680	3
4681	3
4682	3
4683	3
4684	3
4685	3
4686	6
4687	6
4688	6
4689	6
4690	6
4691	6
4692	6
4693	3
4694	6
4695	6
4696	6
4697	6
4698	6
4699	3
4700	3
4701	3
4702	3
4703	3
4704	3
4705	3
4706	6
4707	6
4708	6
4709	6
4710	6
4711	6
4712	6
4713	6
4714	6
4715	6
4716	6
4717	3
4718	6
4719	6
4720	3
4721	6
4722	6
4723	6
4724	6
4725	6
4726	6
4727	6
4728	6
4729	6
4730	6
4731	6
4732	6
4733	6
4734	6
4735	6
4736	6
4737	6
4738	6
4739	6
4740	6
4741	6
4742	6
4743	6
4744	6
4745	6
4746	6
4747	6
4748	6
4749	6
4750	6
4751	6
4752	6
4753	6
4754	6
4755	6
4756	6
4757	6
4758	6
4759	6
4760	6
4761	6
4762	6
4763	6
4764	6
4765	6
4766	6
4767	6
4768	6
4769	6
4770	6
4771	6
4772	6
4773	6
4774	6
4775	6
4776	6
4777	6
4778	6
4779	6
4780	6
4781	6
4782	6
4783	6
4784	9
4785	6
4786	6
4787	6
4788	6
4789	6
4790	6
4791	6
4792	6
4793	6
4794	6
4795	6
4796	6
4797	6
4798	6
4799	6
4800	6
4801	6
4802	6
4803	6
4804	6
4805	6
4806	6
4807	6
4808	6
4809	6
4810	6
4811	6
4812	6
4813	6
4815	9
4816	9
4817	9
4818	9
4819	9
4820	9
4821	8
4822	9
4823	9
4826	6
4827	6
4828	6
4829	6
4830	6
4831	6
4832	6
4833	6
4834	6
4835	6
4836	6
4837	6
4838	6
4839	6
4840	6
4841	6
4842	6
4843	6
4844	6
4845	6
4846	6
4847	6
4848	3
4849	6
4850	3
4851	6
4852	6
4853	6
4854	6
4855	6
4856	6
4857	6
4858	6
4859	6
4860	6
4861	6
4862	6
4863	6
4864	6
4865	6
4866	6
4867	6
4868	6
4869	6
4870	6
4871	6
4872	5
4873	5
4874	5
4875	3
4876	3
4877	6
4878	6
4879	6
4880	6
4881	6
4882	6
4883	6
4884	6
4885	6
4886	6
4887	6
4888	6
4889	6
4890	6
4891	6
4892	6
4893	6
4894	6
4895	6
4896	6
4897	3
4898	3
4899	6
4900	6
4901	3
4902	6
4903	0
4904	3
4905	3
4906	3
4907	0
4908	9
4909	3
4910	3
4911	3
4912	3
4913	3
4914	3
4915	6
4916	3
4917	3
4918	6
4919	6
4920	6
4921	6
4922	6
4923	6
4924	6
4925	6
4926	3
4927	9
4928	6
4929	9
4930	6
4931	6
4932	9
4933	9
4934	3
4935	3
4936	3
4937	3
4938	6
4939	6
4940	3
4941	6
4942	3
4943	6
4944	6
4945	6
4946	6
4947	6
4948	9
4949	9
4950	9
4951	9
4953	9
4954	9
4955	9
4956	9
4958	9
4959	9
4961	9
4966	9
4968	9
4969	9
4970	9
4971	9
4972	1
4973	1
4974	8
4975	1
4976	9
4977	1
4978	9
4979	1
4980	9
4981	9
4982	9
4983	9
4984	9
4985	1
4986	1
4987	1
4988	9
4989	9
4990	9
4991	9
4992	9
4993	9
4994	1
4995	1
4996	1
4997	9
4998	9
4999	9
5000	9
5001	9
5002	9
5003	9
5004	1
5005	9
5006	1
5007	9
5008	1
5009	1
5010	9
5011	1
5012	1
5013	1
5014	9
5015	1
5016	1
5017	8
5018	1
5019	8
5020	9
5021	9
5022	8
5023	1
5024	1
5025	9
5026	1
5027	9
5028	9
5029	9
5030	9
5031	9
5032	9
5033	9
5034	1
5035	9
5036	8
5037	8
5038	9
5039	9
5040	9
5041	9
5042	9
5043	8
5044	8
5045	8
5046	8
5047	9
5048	9
5049	8
5050	8
5051	8
5052	9
5053	9
5054	1
5055	1
5058	9
5059	1
5063	8
5066	1
5067	1
5068	1
5069	9
5070	1
5071	9
5072	9
5073	1
5074	9
5075	9
5076	1
5077	9
5078	9
5079	9
5080	1
5081	3
5082	9
5083	9
5084	9
5085	9
5086	9
5087	9
5088	9
5089	9
5090	1
5091	1
5092	9
5093	3
5094	3
5095	3
5096	3
5097	3
5098	3
5099	3
5100	9
5101	3
5102	9
5103	3
5104	9
5105	9
5106	0
5107	0
5108	9
5109	9
5110	9
5111	9
5112	9
5113	9
5114	0
5115	9
5116	9
5117	3
5118	9
5119	3
5120	2
5121	2
5122	2
5123	2
5124	2
5125	2
5126	5
5127	5
5128	2
5129	2
5130	2
5131	5
5132	1
5133	2
5134	3
5135	9
5136	1
5137	3
5138	3
5139	3
5140	1
5141	2
5142	1
5143	2
5144	5
5145	1
5146	2
5147	1
5148	5
5149	2
5150	2
5151	2
5152	2
5153	1
5154	3
5155	1
5156	3
5157	3
5158	3
5159	1
5160	9
5161	5
5162	2
5163	2
5164	2
5165	2
5166	2
5167	2
5168	3
5169	2
5170	2
5171	2
5172	2
5173	9
5174	2
5175	5
5176	5
5177	1
5178	9
5179	2
5180	2
5181	1
5182	3
5183	1
5184	3
5185	1
5186	2
5187	2
5188	1
5189	5
5190	1
5191	2
5192	2
5193	2
5194	2
5195	2
5196	2
5197	2
5198	2
5199	2
5200	2
5201	3
5202	1
5203	1
5204	3
5205	1
5206	1
5207	3
5208	1
5209	2
5210	2
5211	3
5212	2
5213	9
5214	1
5215	3
5216	2
5217	1
5218	2
5219	2
5220	2
5221	2
5222	2
5223	2
5224	2
5225	3
5226	2
5227	2
5228	3
5229	1
5230	2
5231	1
5232	3
5233	1
5234	1
5235	1
5236	2
5237	2
5238	9
5239	9
5240	3
5241	2
5242	2
5243	2
5244	2
5245	1
5246	1
5247	1
5248	3
5249	3
5250	2
5251	2
5252	1
5253	3
5254	1
5255	2
5256	2
5257	2
5258	2
5259	2
5260	2
5261	2
5262	2
5263	2
5264	2
5265	2
5266	2
5267	5
5268	5
5269	5
5270	5
5271	5
5272	3
5273	1
5274	1
5275	3
5276	3
5277	3
5278	1
5279	2
5280	3
5281	9
5282	2
5283	2
5284	2
5285	2
5286	2
5287	1
5288	2
5289	2
5290	2
5291	2
5292	5
5293	5
5294	2
5295	5
5296	2
5297	2
5298	2
5299	5
5300	2
5301	2
5302	3
5303	2
5304	8
5305	8
5306	2
5307	8
5308	3
5309	3
5310	3
5311	5
5312	5
5313	5
5314	5
5315	1
5316	2
5317	4
5318	1
5319	3
5320	5
5321	3
5322	9
5324	1
5325	3
5326	3
5327	2
5328	2
5329	2
5330	1
5331	2
5332	2
5333	9
5334	1
5335	5
5336	5
5337	2
5338	5
5339	5
5340	5
5341	2
5342	3
5343	5
5344	2
5345	2
5346	2
5347	2
5348	1
5349	2
5350	9
5351	2
5352	1
5353	9
5354	2
5355	5
5356	2
5357	5
5358	8
5359	8
5360	8
5361	8
5362	2
5363	2
5364	2
5365	2
5366	4
5367	5
5368	2
5369	5
5370	5
5371	2
5372	2
5373	2
5374	2
5375	2
5376	2
5377	5
5378	2
5379	2
5380	2
5381	9
5382	1
5383	3
5384	1
5385	1
5386	2
5387	2
5388	5
5389	5
5390	5
5391	5
5392	2
5393	2
5394	2
5395	2
5396	2
5397	2
5398	1
5399	2
5400	1
5401	3
5402	5
5403	2
5404	2
5405	2
5406	2
5407	5
5408	2
5409	5
5410	4
5411	2
5412	2
5413	4
5414	5
5415	5
5416	2
5417	2
5418	5
5419	2
5420	1
5421	2
5422	2
5423	2
5424	1
5425	2
5426	2
5427	2
5428	2
5429	5
5430	2
5431	5
5432	5
5433	2
5434	1
5435	2
5436	2
5437	2
5438	5
5439	5
5440	2
5441	2
5442	2
5443	1
5444	1
5445	2
5446	2
5447	2
5448	2
5449	2
5450	2
5451	2
5452	5
5453	2
5454	5
5455	4
5456	5
5457	2
5458	1
5459	5
5460	2
5461	2
5462	2
5463	5
5464	3
5465	2
5466	8
5467	9
5468	5
5469	2
5470	2
5471	2
5472	9
5473	3
5474	5
5475	2
5476	2
5477	9
5478	2
5479	9
5480	9
5481	5
5482	1
5483	5
5484	1
5485	2
5486	2
5487	2
5488	2
5489	2
5490	2
5491	2
5492	2
5493	3
5494	2
5495	2
5496	1
5497	2
5498	9
5499	1
5500	2
5501	2
5502	2
5503	2
5504	2
5505	2
5506	5
5507	2
5508	5
5509	2
5510	5
5511	5
5512	1
5513	3
5514	9
5515	3
5516	5
5517	2
5518	1
5519	5
5520	5
5521	3
5522	9
5523	2
5524	2
5525	2
5526	5
5527	2
5528	2
5529	5
5530	1
5531	2
5532	2
5533	2
5534	5
5535	2
5536	5
5537	2
5538	2
5539	2
5540	2
5541	2
5542	2
5543	5
5544	5
5545	2
5546	2
5547	2
5548	2
5549	5
5550	2
5551	2
5552	5
5553	5
5554	2
5555	5
5556	9
5557	9
5558	3
5559	3
5560	3
5561	3
5562	3
5563	3
5564	3
5565	3
5566	3
5567	9
5568	9
5569	1
5570	3
5571	1
5572	2
5573	2
5574	1
5575	3
5576	2
5577	2
5578	2
5579	2
5580	2
5581	2
5582	5
5583	2
5584	5
5585	5
5586	5
5587	2
5588	2
5589	2
5590	2
5591	2
5592	2
5593	2
5594	2
5595	2
5596	2
5597	2
5598	2
5599	2
5600	2
5601	3
5602	9
5603	9
5604	3
5605	3
5606	3
5607	3
5608	2
5609	2
5610	3
5611	2
5612	1
5613	2
5614	1
5615	2
5616	2
5617	3
5618	5
5619	2
5620	9
5621	2
5622	1
5623	2
5624	2
5625	3
5626	2
5627	2
5628	2
5629	3
5630	2
5631	2
5632	2
5633	2
5634	2
5635	2
5636	2
5637	5
5638	2
5639	5
5640	5
5641	5
5642	2
5643	2
5644	2
5645	2
5646	3
5647	2
5648	2
5649	2
5650	2
5651	2
5652	2
5653	2
5654	2
5655	2
5656	5
5657	2
5658	3
5659	2
5660	2
5661	2
5662	1
5663	2
5664	3
5665	2
5666	2
5667	2
5668	3
5669	2
5670	5
5671	5
5672	2
5673	2
5674	5
5675	9
5676	2
5677	9
5678	2
5679	2
5680	2
5681	2
5682	2
5683	2
5684	2
5685	2
5686	1
5687	3
5688	5
5689	3
5690	2
5691	2
5692	2
5693	2
5694	2
5695	3
5696	8
5697	2
5698	3
5699	5
5700	2
5701	5
5702	5
5703	5
5704	2
5705	3
5706	1
5707	2
5708	2
5709	2
5710	2
5711	5
5712	2
5713	5
5714	5
5715	2
5716	3
5717	5
5718	2
5719	2
5720	1
5721	9
5722	2
5723	5
5725	2
5726	2
5727	2
5728	5
5729	2
5730	2
5731	5
5732	2
5733	2
5734	2
5735	1
5736	5
5737	2
5738	3
5739	3
5740	2
5741	2
5742	2
5743	2
5744	2
5745	2
5746	2
5747	2
5748	2
5749	2
5750	2
5751	2
5752	2
5753	2
5754	2
5755	2
5756	5
5757	9
5758	9
5759	2
5766	3
5767	3
5768	2
5769	1
5770	9
5771	3
5772	2
5773	3
5774	2
5775	5
5776	1
5777	1
5778	1
5779	2
5780	1
5781	2
5782	1
5783	9
5784	3
5785	9
5786	1
5787	1
5788	3
5789	1
5790	1
5791	1
5792	1
5793	3
5794	2
5795	2
5796	2
5797	2
5798	2
5799	2
5800	2
5801	2
5802	2
5803	2
5804	2
5805	3
5806	2
5807	8
5810	1
5811	2
5812	5
5813	1
5814	9
5815	9
5816	9
5817	9
5818	9
5819	2
5820	2
5821	3
5822	5
5823	2
5824	2
5825	1
5826	2
5827	2
5828	5
5829	2
5830	5
5831	5
5832	9
5833	8
5834	3
5835	3
5836	3
5837	1
5838	3
5839	3
5840	1
5841	1
5842	1
5843	1
5844	2
5845	2
5846	2
5847	2
5848	2
5849	2
5850	2
5851	2
5852	2
5853	2
5854	2
5855	9
5856	3
5857	1
5858	3
5859	2
5860	3
5861	3
5862	1
5863	1
5864	1
5865	2
5866	2
5867	2
5868	1
5869	2
5870	5
5871	5
5872	2
5873	2
5874	2
5875	1
5876	3
5877	3
5878	3
5879	3
5880	1
5881	1
5882	1
5883	1
5884	9
5885	2
5886	2
5887	2
5888	2
5889	2
5890	2
5891	7
5892	1
5893	7
5894	1
5895	7
5896	7
5897	1
5898	1
5899	1
5900	7
5901	1
5902	7
5903	7
5904	7
5905	7
5906	7
5907	7
5908	7
5909	7
5910	7
5911	7
5912	7
5913	7
5914	7
5915	7
5916	7
5917	7
5918	7
5919	7
5920	7
5921	7
5922	7
5923	7
5924	7
5925	7
5926	7
5927	7
5928	7
5929	7
5930	7
5931	7
5932	7
5933	7
5934	7
5935	7
5936	7
5937	7
5938	7
5939	7
5940	7
5941	7
5942	7
5943	7
5944	7
5945	7
5946	7
5947	7
5948	7
5949	7
5950	7
5951	7
5952	7
5953	7
5954	7
5955	7
5956	7
5957	7
5958	7
5959	7
5960	7
5961	7
5962	7
5963	7
5964	7
5965	7
5966	7
5967	7
5968	7
5969	7
5970	7
5971	7
5972	7
5973	7
5974	7
5975	7
5976	7
5977	7
5978	7
5979	7
5980	7
5981	7
5982	7
5983	7
5984	7
5985	7
5986	7
5987	7
5988	7
5989	7
5990	7
5991	7
5992	7
5993	7
5994	7
5995	7
5996	7
5997	7
5998	7
5999	7
6000	7
6001	7
6002	7
6003	7
6004	7
6005	7
6006	7
6007	7
6008	7
6009	7
6010	7
6011	7
6012	7
6013	1
6014	7
6015	7
6016	7
6017	7
6018	7
6019	7
6020	7
6021	7
6022	7
6023	7
6024	7
6025	7
6026	7
6027	7
6028	7
6029	7
6030	7
6031	7
6032	7
6033	7
6034	7
6035	7
6036	7
6037	7
6038	7
6039	7
6040	7
6041	7
6042	7
6043	7
6044	7
6045	7
6046	7
6047	7
6048	7
6049	7
6050	7
6051	7
6052	7
6053	7
6054	7
6055	7
6056	7
6057	7
6058	7
6059	7
6060	7
6061	7
6062	7
6063	7
6064	7
6065	7
6066	7
6067	7
6068	7
6069	7
6070	7
6071	7
6072	7
6073	7
6074	7
6075	7
6076	7
6077	7
6078	7
6079	7
6080	7
6081	7
6082	7
6083	7
6084	7
6085	7
6086	7
6087	7
6088	7
6089	7
6090	7
6091	7
6092	7
6093	7
6094	7
6095	7
6096	7
6097	7
6098	7
6099	7
6100	7
6101	7
6102	7
6103	7
6104	7
6105	7
6106	7
6107	7
6108	7
6109	7
6110	7
6111	7
6112	7
6113	7
6114	7
6115	7
6116	7
6117	7
6118	7
6119	7
6120	7
6121	7
6122	7
6123	7
6124	7
6125	7
6126	7
6127	7
6128	7
6129	7
6130	7
6131	7
6132	1
6133	1
6134	7
6135	7
6136	7
6137	7
6138	7
6139	7
6140	7
6141	7
6142	7
6143	7
6144	7
6145	7
6146	7
6147	7
6148	7
6149	7
6150	7
6151	7
6152	7
6153	7
6154	7
6155	7
6156	7
6157	7
6158	1
6159	1
6160	7
6161	7
6162	7
6163	1
6164	7
6165	7
6166	7
6167	7
6168	7
6169	7
6170	7
6171	7
6172	7
6173	7
6174	7
6175	7
6176	7
6177	7
6178	7
6179	7
6180	7
6181	7
6182	7
6183	7
6184	7
6185	7
6186	7
6187	7
6188	7
6189	7
6190	7
6191	7
6192	7
6193	7
6194	7
6195	7
6196	7
6197	7
6198	7
6199	7
6200	7
6201	7
6202	7
6203	7
6204	7
6205	7
6206	7
6207	7
6208	7
6209	7
6210	7
6211	7
6212	7
6213	1
6214	9
6215	7
6216	7
6217	7
6218	7
6219	7
6220	7
6221	7
6222	7
6223	9
6224	1
6225	7
6226	7
6227	7
6228	7
6229	7
6230	7
6231	7
6232	7
6233	7
6234	7
6235	7
6236	7
6237	7
6238	7
6239	6
6240	6
6241	6
6242	6
6243	6
6244	6
6245	6
6246	6
6247	6
6248	6
6249	6
6250	8
6251	8
6252	6
6253	6
6254	6
6255	6
6256	6
6257	6
6258	9
6259	6
6260	6
6261	9
6262	8
6263	6
6264	6
6265	6
6266	6
6267	6
6268	6
6269	6
6270	6
6271	9
6272	8
6273	6
6274	8
6275	9
6276	9
6277	0
6278	9
6279	6
6280	9
6281	8
6282	0
6283	8
6284	8
6285	8
6286	6
6287	9
6288	8
6289	0
6290	9
6291	8
6292	8
6293	0
6294	9
6295	3
6296	3
6297	3
6298	3
6299	0
6300	0
6301	6
6302	0
6303	6
6304	8
6305	8
6306	8
6307	0
6308	6
6309	6
6310	6
6311	6
6312	8
6313	0
6314	8
6315	0
6316	6
6317	0
6318	0
6319	8
6320	0
6321	8
6322	8
6323	0
6324	0
6325	6
6326	6
6327	8
6328	6
6329	6
6330	6
6331	6
6332	6
6333	8
6334	6
6335	6
6336	6
6337	0
6338	0
6339	9
6340	8
6341	0
6342	6
6343	0
6344	8
6345	6
6346	0
6347	6
6348	0
6349	0
6350	0
6351	6
6352	6
6353	9
6354	0
6355	0
6356	9
6357	6
6358	3
6359	3
6360	0
6361	3
6362	6
6363	9
6364	8
6365	9
6366	9
6367	0
6368	0
6369	6
6370	8
6371	0
6372	0
6373	3
6374	0
6375	1
6376	0
6377	6
6378	0
6379	6
6380	8
6381	8
6382	9
6383	6
6384	9
6385	8
6386	0
6387	8
6388	8
6389	0
6390	8
6391	8
6392	6
6393	0
6394	8
6395	8
6396	0
6397	6
6398	0
6399	6
6400	8
6401	6
6402	6
6403	8
6404	8
6405	8
6406	8
6407	8
6408	0
6409	8
6410	8
6411	0
6412	9
6413	0
6414	0
6415	0
6416	0
6417	8
6418	6
6419	8
6420	6
6421	0
6422	3
6423	6
6424	6
6425	9
6426	9
6427	9
6428	9
6429	9
6430	9
6431	9
6432	0
6433	6
6435	8
6436	0
6437	0
6438	0
6439	9
6440	8
6441	0
6442	9
6443	8
6444	0
6445	6
6446	6
6447	0
6448	1
6449	1
6450	9
6451	1
6452	1
6453	0
6454	6
6455	6
6456	9
6457	0
6458	8
6459	6
6460	6
6461	6
6462	6
6463	9
6464	0
6465	0
6466	6
6467	1
6468	3
6469	1
6470	6
6471	0
6472	6
6474	6
6475	0
6476	8
6477	0
6478	0
6479	6
6480	6
6481	0
6482	3
6483	1
6484	3
6485	9
6486	0
6487	6
6488	0
6489	0
6490	6
6491	6
6492	3
6493	9
6494	6
6495	0
6496	0
6497	8
6498	8
6499	0
6500	6
6501	8
6502	6
6503	9
6504	6
6505	6
6506	6
6507	6
6508	6
6509	9
6510	0
6511	0
6512	8
6513	6
6514	9
6515	6
6516	6
6517	6
6518	6
6519	0
6520	8
6521	3
6522	9
6523	9
6524	9
6525	6
6526	9
6527	6
6528	3
6529	9
6530	8
6531	6
6532	8
6533	8
6534	0
6535	0
6536	6
6537	8
6538	8
6539	8
6540	9
6541	8
6542	0
6543	3
6544	3
6545	3
6546	6
6547	6
6548	0
6549	0
6550	6
6551	8
6552	0
6553	6
6554	3
6555	0
6556	0
6557	0
6558	0
6559	3
6560	3
6561	0
6562	0
6563	0
6564	0
6565	1
6566	1
6567	1
6568	1
6569	1
6570	9
6571	1
6572	1
6573	1
6574	1
6575	1
6576	1
6577	1
6578	1
6579	9
6580	1
6581	1
6582	1
6583	1
6584	1
6585	1
6586	1
6587	1
6588	1
6589	1
6590	1
6591	1
6592	1
6593	1
6594	7
6595	1
6596	1
6597	1
6598	1
6599	1
6600	1
6601	1
6602	1
6603	7
6604	1
6605	1
6606	1
6607	1
6608	1
6609	1
6610	1
6611	1
6612	0
6613	7
6614	1
6615	1
6616	1
6617	1
6618	1
6619	1
6620	0
6621	9
6622	0
6623	9
6624	8
6625	8
6626	8
6627	8
6628	8
6629	8
6630	8
6631	8
6632	8
6633	8
6634	8
6635	8
6636	8
6637	8
6638	8
6639	8
6640	8
6641	8
6642	8
6643	8
6644	8
6645	8
6646	8
6647	8
6648	3
6650	8
6651	3
6652	8
6653	3
6654	3
6655	3
6656	3
6657	3
6658	8
6659	3
6660	3
6661	3
6662	3
6663	8
6664	3
6665	3
6666	3
6667	3
6668	3
6669	3
6671	1
6672	8
6679	8
6683	3
6684	3
6685	3
6686	8
6687	1
6688	1
6689	1
6690	8
6691	8
6692	3
6693	8
6694	8
6695	3
6696	3
6697	8
6698	3
6699	3
6700	3
6701	8
6702	8
6703	3
6704	3
6705	3
6706	3
6707	3
6708	3
6709	3
6710	3
6711	3
6712	3
6713	8
6714	8
6715	8
6716	8
6717	8
6718	1
6719	3
6720	3
6721	8
6722	3
6723	8
6724	8
6725	8
6726	8
6727	3
6728	8
6729	8
6730	8
6731	8
6732	8
6733	8
6734	8
6735	8
6736	8
6737	8
6738	8
6739	8
6740	8
6741	8
6742	8
6743	8
6744	8
6745	8
6746	8
6747	8
6748	3
6749	3
6750	3
6751	3
6752	3
6753	8
6754	3
6755	3
6756	3
6757	8
6758	8
6759	8
6760	8
6761	8
6762	8
6763	8
6764	7
6765	7
6766	7
6767	7
6768	7
6769	7
6770	7
6771	7
6772	7
6773	7
6774	7
6775	7
6776	7
6777	1
6778	7
6779	1
6780	1
6781	1
6782	1
6783	1
6784	1
6785	7
6786	1
6787	7
6788	1
6789	7
6790	7
6791	7
6792	1
6793	7
6794	7
6795	1
6796	1
6797	7
6798	1
6799	7
6800	7
6801	7
6802	7
6803	7
6804	7
6805	7
6806	7
6807	7
6808	7
6809	7
6810	7
6811	7
6812	7
6813	7
6814	7
6815	7
6816	7
6817	7
6818	7
6819	7
6820	3
6821	0
6822	3
6823	3
6824	0
6825	3
6826	3
6827	5
6828	5
6829	5
6830	5
6831	5
6832	1
6833	1
6834	5
6835	1
6836	0
6837	0
6838	0
6839	0
6840	0
6841	0
6842	0
6843	0
6844	0
6845	0
6846	0
6847	5
6848	5
6849	0
6850	0
6851	0
6852	0
6853	0
6854	0
6855	5
6856	5
6857	5
6858	0
6859	5
6860	0
6861	0
6862	5
6863	5
6864	5
6865	5
6866	0
6867	0
6868	5
6869	3
6870	0
6871	1
6872	7
6873	7
6874	0
6875	7
6876	7
6877	0
6878	0
6879	0
6880	0
6881	3
6882	0
6883	0
6884	0
6885	0
6886	0
6887	3
6888	0
6889	0
6890	0
6891	0
6892	0
6893	3
6894	3
6895	0
6896	3
6897	0
6898	0
6899	5
6900	3
6901	0
6902	0
6903	7
6904	0
6905	3
6906	3
6907	0
6908	3
6909	1
6910	3
6911	3
6912	0
6913	0
6914	0
6915	0
6916	3
6917	3
6918	3
6919	3
6920	3
6921	3
6922	3
6923	3
6924	3
6925	0
6926	0
6927	3
6928	0
6929	3
6930	0
6931	0
6932	3
6933	0
6934	7
6935	0
6936	0
6937	0
6938	0
6939	3
6940	3
6941	0
6942	3
6943	0
6944	0
6945	3
6946	0
6947	0
6948	0
6949	0
6950	0
6951	3
6952	3
6953	3
6954	3
6955	3
6956	5
6957	0
6958	0
6959	0
6960	0
6961	0
6962	0
6963	0
6964	0
6965	0
6966	0
