District 0: num of precincts (468) pop (528107)
District 1: num of precincts (718) pop (586273)
District 2: num of precincts (867) pop (664951)
District 3: num of precincts (694) pop (717704)
District 4: num of precincts (847) pop (639355)
District 5: num of precincts (840) pop (706873)
District 6: num of precincts (429) pop (717984)
District 7: num of precincts (665) pop (646914)
District 8: num of precincts (493) pop (664343)
District 9: num of precincts (809) pop (798075)
population error: 8.16731201295%

1	1
2	7
3	7
4	7
5	1
6	1
7	7
8	7
9	7
10	7
11	7
12	7
13	7
14	7
15	7
16	7
17	7
18	7
19	7
20	7
21	1
22	7
23	7
24	1
25	7
26	1
27	7
28	7
29	1
30	1
31	1
32	7
33	1
34	1
35	1
36	1
37	1
38	1
39	1
40	1
41	1
42	1
43	1
44	1
45	1
46	1
47	1
48	1
49	1
50	1
51	1
52	1
53	1
54	1
55	1
56	1
57	1
58	1
59	1
60	1
61	1
62	1
63	0
64	0
65	0
66	0
67	0
68	0
69	0
70	9
71	9
72	0
73	0
74	0
75	0
76	9
77	0
78	0
79	0
80	0
81	0
82	0
83	0
84	0
85	0
86	0
87	1
88	0
89	0
90	0
91	0
92	0
93	0
94	9
95	0
96	0
97	0
98	1
99	0
100	9
101	0
102	0
103	0
104	9
105	9
106	0
107	0
108	9
109	0
110	0
111	0
112	0
113	9
114	5
115	0
116	5
117	0
118	9
119	0
120	0
121	9
122	9
123	0
124	9
125	0
126	0
127	0
128	0
129	9
130	0
131	0
132	0
133	0
134	0
135	0
136	0
137	0
138	0
139	0
140	0
141	0
142	0
143	0
144	0
145	0
146	0
147	0
148	0
149	0
150	0
151	0
152	0
153	0
154	0
155	0
156	0
157	0
158	0
159	0
160	0
161	0
162	0
163	0
164	0
165	0
166	0
167	0
168	0
169	0
170	0
171	0
172	0
173	0
174	0
175	0
176	0
177	0
178	0
179	0
180	0
181	0
182	0
183	0
184	1
185	0
186	0
187	0
188	0
189	9
190	0
191	0
192	0
193	0
194	0
195	0
196	0
197	0
198	0
199	0
200	0
201	0
202	0
203	0
204	0
205	0
206	0
207	0
208	0
209	0
210	0
211	9
212	0
213	0
214	9
215	0
216	9
217	0
218	0
219	0
220	0
221	0
222	0
223	0
224	9
225	0
226	0
227	0
228	0
229	0
230	0
231	0
232	0
233	0
234	0
235	9
236	0
237	9
238	0
239	0
240	0
241	0
242	0
243	0
244	0
245	0
246	0
247	0
248	0
249	0
250	0
251	0
252	0
253	9
254	0
255	0
256	0
257	1
258	1
259	3
260	1
261	1
262	1
263	1
264	1
265	1
266	1
267	1
268	1
269	1
270	1
271	1
272	1
273	1
274	1
275	1
276	1
277	3
278	1
279	1
280	1
281	1
282	1
283	1
284	1
285	1
286	1
287	1
288	1
289	1
290	5
291	1
292	1
293	1
294	1
295	1
296	1
297	1
298	1
299	1
300	1
301	1
302	1
303	1
304	1
305	1
306	1
307	1
308	1
309	1
310	1
311	1
312	1
313	1
314	1
315	1
316	1
317	1
318	1
319	1
320	1
321	1
322	1
323	1
324	1
325	1
326	1
327	3
328	1
329	1
330	1
331	1
332	1
333	1
334	1
335	1
336	1
337	1
338	3
339	7
340	3
341	1
342	1
343	9
344	9
345	9
346	9
347	9
348	9
349	9
350	9
351	9
352	9
353	9
354	9
355	9
357	9
358	9
359	9
360	9
361	9
362	9
363	9
365	9
366	9
367	9
368	9
369	9
370	9
372	9
373	9
374	9
375	9
376	9
377	9
378	9
379	9
380	9
381	9
382	9
383	9
384	9
385	9
386	9
387	9
388	9
389	9
390	9
391	9
392	9
393	9
394	9
395	9
396	9
397	9
398	9
399	9
400	9
401	9
402	9
403	9
404	9
405	9
406	9
407	9
408	9
409	9
410	9
411	9
412	9
413	9
414	9
415	9
416	9
417	9
418	9
419	9
420	9
421	9
422	9
423	9
424	9
425	9
426	9
427	9
428	9
429	9
430	9
431	9
432	9
434	9
435	9
436	9
438	9
439	8
440	8
441	8
442	8
443	8
444	8
445	8
446	9
447	9
448	9
449	9
450	8
451	8
452	8
453	8
454	8
455	8
456	8
457	0
458	0
459	0
460	0
461	8
462	8
463	8
464	9
465	9
466	8
467	8
468	8
469	0
470	8
471	8
472	8
473	8
474	8
475	8
476	8
477	8
478	8
479	8
480	8
481	8
482	8
483	0
484	8
485	0
486	8
487	8
488	8
489	8
490	8
491	8
492	8
493	8
494	8
495	8
496	9
497	8
498	0
499	0
500	0
501	8
502	9
503	8
504	8
505	9
506	0
507	8
508	8
509	0
510	8
511	9
512	8
513	8
514	0
515	8
516	9
517	8
518	8
519	8
520	8
521	8
522	0
523	8
524	8
525	0
526	8
527	8
528	9
529	8
530	0
531	8
532	0
533	9
534	8
535	8
536	8
538	8
539	0
540	0
541	0
542	8
543	0
544	8
545	8
546	0
547	0
548	8
549	0
550	0
551	0
552	8
553	8
554	8
555	8
556	0
557	8
558	8
559	8
560	8
561	9
562	0
563	0
564	0
565	0
566	8
567	8
568	8
569	8
570	8
571	8
572	8
573	8
574	8
575	9
576	8
577	8
578	8
579	9
580	8
581	8
582	0
583	8
584	0
585	0
586	8
587	8
588	8
589	8
590	8
591	8
592	8
593	8
594	0
595	8
596	8
597	8
598	8
599	8
600	8
601	8
602	8
603	8
604	8
605	8
606	8
607	8
608	8
609	8
610	8
611	8
612	8
613	9
614	9
615	9
616	9
617	8
618	8
619	8
620	8
621	8
622	8
623	8
624	8
625	0
626	8
627	8
628	8
629	8
630	9
631	8
632	8
633	8
634	8
635	8
636	8
637	8
638	8
639	8
640	8
641	8
642	8
643	9
644	9
645	8
646	7
647	7
648	7
649	7
650	7
651	7
652	7
653	7
654	7
655	1
656	7
657	1
658	7
659	7
660	0
661	0
662	8
663	0
664	0
665	0
666	0
667	0
668	8
669	8
670	0
671	0
672	0
673	6
674	6
675	9
676	8
677	0
678	8
679	8
680	9
681	9
682	0
683	9
684	0
685	9
686	9
687	9
688	9
689	9
690	9
691	9
692	9
693	9
694	9
695	9
696	0
697	9
698	9
699	9
700	9
701	9
702	9
703	0
704	9
705	0
706	0
707	9
708	9
709	9
710	0
711	0
712	9
713	9
714	0
715	9
716	0
717	0
718	9
719	6
720	0
721	9
722	9
723	9
724	9
725	6
726	8
727	0
728	9
729	8
730	9
731	9
732	9
733	9
734	9
735	9
736	0
737	0
738	9
739	0
740	8
741	0
742	0
743	0
744	0
745	0
746	0
747	0
748	0
749	0
750	0
751	0
752	1
753	1
754	1
755	1
756	1
757	1
758	1
759	1
760	1
761	1
762	1
763	1
764	1
765	1
766	1
767	1
768	3
769	1
770	1
771	7
772	1
773	1
774	1
775	1
776	1
777	1
778	1
779	1
780	1
781	1
782	1
783	1
784	1
785	1
786	1
787	1
788	1
789	1
790	1
791	1
792	1
793	1
794	1
795	1
796	1
797	9
798	9
799	9
800	9
801	9
802	9
803	9
804	7
805	9
806	9
807	9
808	9
809	9
810	7
811	7
812	9
813	9
814	7
815	9
816	7
817	7
818	7
819	7
820	7
821	7
822	9
823	9
824	9
825	9
826	9
827	9
828	9
829	9
830	9
831	9
832	9
833	0
834	0
835	0
836	1
837	1
838	0
839	0
840	1
841	1
842	0
843	1
844	1
845	1
846	0
847	0
848	0
849	1
850	1
851	0
852	1
853	1
854	1
855	1
856	1
857	1
858	1
859	9
860	1
861	0
862	1
863	1
864	0
865	0
866	1
867	1
868	1
869	1
870	1
871	1
872	1
873	1
874	1
875	1
876	7
877	1
878	1
879	0
880	1
881	0
882	0
883	0
884	0
885	1
886	7
887	1
888	1
889	7
890	0
891	1
892	1
893	7
894	1
895	1
896	1
897	1
898	1
899	1
900	7
901	1
902	0
903	0
904	0
905	0
906	0
907	0
908	0
909	0
910	0
911	0
912	0
913	0
914	0
915	0
916	0
917	9
918	9
919	9
920	9
921	9
922	1
923	0
924	0
925	1
926	7
927	1
928	1
929	1
930	1
931	7
932	7
933	7
934	7
935	1
936	7
937	7
938	1
939	1
940	1
941	1
942	1
943	1
944	1
945	1
946	7
947	7
948	5
949	1
950	5
951	7
952	7
953	7
954	7
955	7
956	7
957	1
958	1
959	7
960	7
961	1
962	1
963	9
964	7
965	7
966	1
967	1
968	3
969	7
970	1
971	7
972	7
973	7
974	7
975	7
976	7
977	7
978	1
979	1
980	1
981	1
982	1
983	7
984	1
985	7
986	1
987	1
988	1
989	1
990	7
991	7
992	5
993	5
994	7
995	7
996	7
997	7
998	1
999	1
1000	1
1001	7
1002	1
1003	7
1004	1
1005	1
1006	1
1007	7
1008	7
1009	9
1010	9
1011	9
1012	9
1013	9
1014	9
1015	0
1016	1
1017	9
1018	8
1019	9
1020	9
1021	9
1022	0
1023	9
1024	9
1025	9
1026	9
1027	9
1028	8
1029	9
1030	9
1031	9
1032	0
1033	8
1034	0
1035	9
1036	9
1037	9
1038	9
1039	9
1040	8
1041	8
1042	9
1043	0
1044	9
1045	9
1046	8
1051	0
1052	0
1053	9
1054	9
1055	9
1056	9
1057	1
1058	9
1059	9
1060	9
1061	8
1062	9
1063	9
1064	9
1065	9
1066	9
1068	9
1069	9
1070	9
1071	8
1072	9
1073	9
1074	9
1075	9
1076	8
1077	9
1078	9
1079	9
1080	8
1081	9
1082	9
1084	8
1085	8
1087	8
1088	8
1089	8
1090	8
1091	8
1092	8
1093	8
1094	8
1095	8
1096	8
1097	8
1099	8
1101	8
1102	8
1103	8
1104	8
1105	8
1106	8
1107	9
1108	8
1109	8
1110	8
1111	8
1112	8
1113	9
1114	9
1115	9
1116	8
1117	8
1118	9
1120	8
1121	9
1122	8
1123	9
1124	9
1125	9
1126	9
1127	9
1128	9
1129	9
1130	9
1131	8
1132	9
1133	8
1134	9
1135	8
1136	8
1137	9
1138	9
1139	8
1140	8
1141	8
1142	8
1143	8
1144	8
1145	8
1146	8
1147	8
1149	9
1151	8
1157	8
1160	1
1161	1
1162	8
1163	8
1164	8
1165	8
1167	8
1168	8
1169	8
1170	8
1171	8
1172	8
1173	8
1174	8
1175	8
1176	9
1177	9
1178	9
1179	9
1181	9
1182	9
1185	9
1189	9
1190	9
1191	8
1192	8
1193	8
1194	9
1195	9
1196	9
1197	9
1198	8
1199	8
1200	8
1201	9
1202	8
1203	9
1204	8
1205	9
1206	9
1207	9
1208	8
1209	9
1210	9
1211	9
1212	9
1213	9
1214	9
1215	9
1216	9
1217	4
1218	4
1219	4
1220	3
1221	3
1222	3
1223	3
1224	3
1225	4
1226	4
1227	6
1228	4
1229	6
1230	6
1231	4
1232	6
1233	9
1234	9
1235	9
1236	4
1237	4
1238	4
1239	4
1240	3
1241	3
1242	4
1243	3
1244	4
1245	4
1246	4
1247	4
1249	4
1250	4
1251	4
1252	4
1253	4
1254	4
1255	4
1256	4
1257	4
1258	4
1259	4
1260	4
1261	4
1263	4
1264	4
1265	4
1266	4
1267	4
1268	4
1269	4
1270	4
1271	4
1272	4
1273	4
1274	4
1275	4
1276	4
1277	4
1278	4
1279	4
1280	4
1281	4
1282	4
1283	4
1284	4
1285	4
1286	4
1287	4
1288	4
1289	4
1290	4
1291	4
1292	4
1293	4
1294	4
1295	2
1296	2
1297	2
1298	2
1299	2
1300	2
1301	2
1302	2
1303	2
1304	2
1305	2
1306	2
1307	2
1308	2
1309	2
1310	2
1311	2
1312	2
1313	4
1314	4
1315	4
1316	4
1317	3
1318	4
1319	3
1320	5
1321	3
1322	5
1323	3
1324	3
1325	5
1326	5
1327	3
1328	5
1329	5
1330	5
1331	5
1332	5
1333	5
1334	5
1335	5
1336	5
1337	5
1338	5
1339	5
1340	5
1341	2
1342	2
1343	2
1344	2
1345	2
1346	2
1347	2
1348	5
1349	5
1350	5
1351	5
1352	5
1353	5
1354	5
1355	5
1356	5
1357	5
1358	5
1359	6
1360	2
1361	2
1362	2
1363	2
1364	2
1365	5
1366	5
1367	5
1368	2
1369	2
1370	2
1371	2
1372	2
1374	4
1375	4
1376	4
1377	3
1378	3
1379	3
1380	3
1381	3
1382	3
1383	3
1384	3
1385	3
1386	3
1387	6
1388	6
1389	4
1390	3
1391	4
1392	3
1393	3
1394	6
1395	6
1396	3
1397	9
1398	9
1399	9
1400	9
1401	9
1402	9
1403	9
1404	9
1405	9
1406	9
1407	9
1408	4
1409	3
1410	4
1411	4
1412	4
1413	4
1414	4
1415	4
1416	4
1417	4
1418	4
1419	4
1420	4
1421	4
1422	4
1423	4
1424	4
1425	4
1426	4
1427	4
1429	4
1432	4
1433	4
1434	4
1435	4
1436	2
1437	4
1438	4
1439	4
1440	2
1441	2
1442	2
1443	2
1444	4
1445	4
1446	2
1447	2
1448	2
1449	4
1450	2
1451	2
1452	4
1453	2
1454	2
1455	2
1456	5
1457	5
1458	2
1459	2
1460	2
1461	2
1462	5
1463	5
1464	5
1465	5
1466	3
1467	3
1468	3
1469	3
1470	3
1471	3
1472	3
1473	3
1474	3
1475	3
1476	5
1477	5
1478	5
1479	5
1480	5
1481	5
1482	5
1483	5
1484	5
1485	5
1486	5
1487	5
1488	5
1489	5
1490	5
1491	5
1492	5
1493	5
1494	5
1495	5
1496	5
1497	5
1498	5
1499	5
1500	5
1501	5
1502	5
1503	5
1504	5
1505	2
1506	2
1507	5
1508	2
1509	2
1510	2
1511	2
1512	5
1513	5
1514	2
1515	2
1516	2
1517	5
1518	5
1519	5
1520	5
1521	5
1522	5
1523	5
1524	5
1525	5
1526	4
1527	4
1528	4
1529	4
1530	4
1531	4
1533	4
1534	4
1535	5
1536	2
1537	5
1538	5
1539	5
1540	5
1541	5
1542	2
1543	2
1544	3
1545	3
1546	3
1547	5
1548	3
1549	3
1550	3
1551	5
1552	5
1553	3
1554	6
1555	6
1556	6
1557	6
1558	6
1559	6
1560	6
1561	6
1562	6
1563	9
1564	9
1565	9
1566	9
1567	9
1568	6
1569	3
1570	4
1571	3
1572	4
1573	4
1574	4
1575	4
1576	4
1577	4
1578	4
1579	4
1580	4
1581	4
1582	4
1584	4
1585	4
1586	4
1587	4
1588	4
1589	4
1590	4
1591	4
1592	4
1593	4
1594	4
1596	4
1597	4
1598	4
1599	2
1600	2
1601	2
1602	4
1603	2
1604	2
1605	2
1606	2
1607	2
1608	2
1609	2
1610	2
1611	4
1612	4
1613	2
1614	2
1615	2
1616	5
1617	2
1618	2
1619	5
1620	2
1621	5
1622	5
1623	2
1624	5
1625	5
1626	5
1627	5
1628	5
1629	5
1630	2
1631	2
1632	2
1633	2
1634	2
1635	2
1636	3
1637	3
1638	3
1639	3
1640	4
1641	4
1642	3
1643	3
1644	3
1645	3
1646	5
1647	5
1648	5
1649	5
1650	5
1651	5
1652	5
1653	5
1654	5
1655	5
1656	5
1657	5
1658	5
1659	5
1660	5
1661	5
1662	5
1663	5
1664	5
1665	5
1666	5
1667	5
1668	5
1669	5
1670	5
1671	5
1672	2
1673	2
1674	2
1675	2
1676	2
1677	2
1678	2
1679	2
1680	2
1681	2
1682	2
1683	2
1684	2
1685	2
1686	2
1687	2
1688	5
1689	5
1690	5
1691	5
1692	5
1693	5
1694	5
1695	5
1696	2
1697	2
1698	2
1699	5
1700	2
1701	2
1702	2
1703	2
1704	2
1705	2
1706	2
1707	2
1708	2
1709	2
1710	2
1711	2
1712	4
1713	4
1714	4
1715	5
1716	5
1717	5
1718	5
1719	9
1720	5
1721	3
1722	3
1723	6
1724	6
1725	6
1726	6
1727	6
1728	6
1729	4
1730	4
1731	4
1732	3
1733	4
1734	4
1735	4
1736	3
1737	4
1738	4
1739	4
1740	4
1741	4
1742	4
1743	4
1744	4
1745	4
1746	4
1747	4
1748	4
1749	4
1750	4
1751	4
1752	4
1753	4
1754	4
1755	4
1756	4
1757	4
1758	4
1759	4
1760	4
1761	4
1762	4
1763	4
1764	2
1765	2
1766	2
1767	2
1769	2
1770	2
1771	2
1772	2
1773	2
1774	2
1775	2
1776	2
1777	2
1778	2
1779	2
1780	2
1781	2
1782	2
1783	2
1784	2
1785	2
1786	2
1787	2
1788	2
1789	2
1790	2
1791	2
1792	2
1793	2
1795	2
1796	2
1797	2
1798	2
1799	2
1800	2
1801	3
1802	4
1803	3
1804	4
1805	4
1806	3
1807	3
1808	3
1809	3
1810	5
1811	5
1812	5
1813	3
1814	3
1815	4
1816	4
1817	3
1818	4
1819	4
1820	4
1821	5
1822	5
1823	5
1824	5
1825	5
1826	5
1827	5
1828	5
1829	5
1830	5
1831	5
1832	5
1833	2
1834	2
1835	2
1836	2
1837	2
1838	2
1839	2
1840	2
1841	2
1842	2
1843	2
1844	2
1845	2
1846	2
1847	2
1848	2
1849	2
1850	5
1851	5
1852	5
1853	5
1854	5
1855	5
1856	5
1857	4
1858	4
1859	4
1860	4
1861	4
1862	4
1863	4
1864	4
1865	4
1866	5
1867	3
1868	3
1869	5
1870	5
1871	3
1872	3
1873	3
1874	3
1875	3
1876	6
1877	3
1878	4
1879	4
1880	4
1881	4
1882	6
1883	6
1884	6
1885	4
1886	4
1887	4
1888	4
1889	4
1890	4
1891	4
1892	4
1893	4
1894	4
1895	4
1896	4
1897	4
1898	4
1899	4
1900	4
1901	4
1902	4
1903	4
1904	4
1905	4
1906	4
1907	4
1908	4
1909	4
1910	4
1911	4
1912	4
1913	4
1914	4
1915	4
1916	4
1917	4
1918	4
1919	4
1920	4
1921	4
1922	4
1923	4
1924	4
1925	2
1926	2
1927	2
1928	2
1929	2
1930	2
1931	4
1932	2
1933	2
1934	4
1935	2
1936	4
1937	4
1938	4
1939	4
1940	2
1941	4
1942	4
1943	4
1944	4
1945	4
1946	2
1947	2
1948	5
1949	2
1950	5
1951	5
1952	5
1953	5
1954	5
1955	5
1956	5
1957	5
1958	5
1959	5
1960	5
1961	5
1962	5
1963	5
1964	2
1965	5
1966	4
1967	5
1968	5
1969	5
1970	3
1971	4
1972	4
1973	3
1974	3
1975	3
1976	3
1977	5
1978	5
1979	5
1980	5
1981	5
1982	5
1983	5
1984	5
1985	5
1986	5
1987	5
1988	5
1989	5
1990	5
1991	5
1992	2
1993	2
1994	2
1995	2
1996	2
1997	2
1998	5
1999	2
2000	2
2001	5
2002	5
2003	2
2004	5
2005	2
2006	2
2007	2
2008	2
2009	5
2010	5
2011	5
2012	5
2013	5
2014	5
2015	3
2016	3
2017	3
2018	1
2019	3
2020	1
2021	3
2022	5
2023	3
2024	3
2025	3
2026	4
2027	3
2028	3
2029	3
2030	3
2031	3
2032	3
2033	6
2034	6
2035	6
2036	6
2037	6
2038	6
2039	6
2040	6
2041	4
2042	4
2043	4
2044	4
2045	4
2046	4
2047	4
2048	4
2049	4
2050	4
2051	4
2052	4
2053	4
2054	4
2055	4
2056	4
2057	4
2058	4
2059	4
2060	4
2061	4
2062	4
2063	4
2064	4
2065	4
2066	4
2067	4
2068	4
2069	4
2070	4
2071	4
2072	4
2073	4
2074	4
2075	4
2076	4
2077	4
2078	2
2079	2
2080	2
2081	2
2082	2
2083	2
2084	4
2085	2
2086	2
2087	2
2088	2
2089	2
2090	4
2091	2
2092	2
2093	2
2094	2
2095	2
2096	2
2097	5
2098	5
2099	2
2100	2
2101	2
2102	2
2103	2
2104	2
2105	2
2106	2
2107	2
2108	2
2109	2
2110	2
2111	2
2112	2
2113	4
2114	4
2115	4
2116	4
2117	4
2118	4
2119	5
2120	4
2121	4
2122	5
2123	5
2124	5
2125	5
2126	3
2127	5
2128	5
2129	4
2130	5
2131	5
2132	5
2133	5
2134	5
2135	5
2136	5
2137	5
2138	5
2139	5
2140	5
2141	5
2142	2
2143	2
2144	2
2145	2
2146	2
2147	2
2148	2
2149	2
2150	2
2151	2
2152	5
2153	4
2154	4
2155	4
2156	5
2157	5
2158	2
2161	5
2162	5
2163	5
2164	5
2165	5
2166	5
2167	3
2168	5
2169	5
2170	5
2171	5
2172	5
2173	3
2174	3
2175	3
2176	1
2177	1
2178	1
2179	3
2180	1
2181	1
2182	3
2183	3
2184	3
2185	3
2186	3
2187	3
2188	3
2189	3
2190	3
2191	3
2192	3
2193	6
2194	6
2195	6
2196	6
2197	6
2198	6
2199	6
2200	6
2201	6
2202	4
2203	3
2204	4
2205	4
2206	4
2207	4
2208	4
2209	3
2210	3
2211	4
2212	4
2213	4
2215	4
2216	3
2217	3
2218	4
2219	3
2220	4
2221	4
2222	4
2223	4
2224	4
2225	4
2226	4
2227	4
2228	4
2229	4
2230	4
2231	4
2232	4
2233	4
2234	2
2235	2
2236	2
2237	2
2238	2
2239	2
2240	4
2241	2
2242	2
2243	2
2244	2
2245	2
2246	4
2247	2
2248	5
2249	2
2250	5
2251	2
2252	2
2253	2
2254	2
2255	4
2256	2
2257	3
2258	4
2259	3
2260	3
2261	5
2262	5
2263	3
2264	3
2265	5
2266	3
2267	3
2268	5
2269	4
2270	3
2271	5
2272	4
2273	5
2274	5
2275	5
2276	5
2277	5
2278	5
2279	5
2280	5
2281	5
2282	5
2283	5
2284	5
2285	5
2286	5
2287	5
2288	5
2289	2
2290	2
2291	2
2292	2
2293	2
2294	2
2295	2
2296	2
2297	2
2298	2
2299	2
2300	2
2301	2
2302	5
2303	5
2304	3
2305	5
2306	5
2307	5
2308	5
2309	5
2310	3
2311	5
2312	3
2313	5
2314	3
2315	3
2316	5
2317	5
2318	5
2319	5
2320	5
2321	5
2322	5
2323	5
2324	3
2325	1
2326	1
2327	3
2328	3
2329	3
2330	3
2331	3
2332	9
2333	3
2334	9
2335	3
2336	3
2337	3
2338	3
2339	3
2340	3
2341	3
2342	3
2343	3
2344	6
2345	6
2346	6
2347	6
2348	6
2349	6
2350	4
2351	6
2352	6
2353	6
2354	4
2355	4
2356	4
2357	4
2358	6
2359	4
2360	4
2361	4
2362	4
2363	4
2364	4
2365	4
2366	3
2367	3
2368	4
2369	3
2370	4
2371	4
2372	4
2373	4
2374	4
2375	4
2376	4
2377	4
2378	4
2379	4
2380	4
2381	4
2382	4
2383	4
2384	4
2385	4
2386	4
2387	4
2388	4
2389	4
2390	4
2391	4
2392	4
2393	4
2394	4
2395	4
2396	4
2397	4
2398	4
2399	4
2400	4
2401	4
2402	4
2403	2
2404	2
2405	2
2406	4
2407	2
2408	4
2409	2
2410	2
2411	2
2412	5
2413	5
2414	2
2415	2
2416	5
2417	5
2418	5
2419	5
2420	2
2421	2
2422	2
2423	2
2424	2
2425	3
2426	3
2427	3
2428	5
2429	3
2430	5
2431	3
2432	3
2433	3
2434	5
2435	3
2436	3
2437	3
2438	4
2439	5
2440	5
2441	5
2442	3
2443	5
2444	5
2445	5
2446	5
2447	5
2448	5
2449	5
2450	5
2451	5
2452	5
2453	5
2454	5
2455	5
2456	2
2457	5
2458	2
2459	2
2460	2
2461	5
2462	5
2463	2
2464	2
2465	5
2466	3
2467	4
2468	5
2469	5
2470	3
2471	3
2472	3
2473	3
2474	3
2475	3
2476	5
2477	5
2478	5
2479	5
2480	5
2481	5
2482	5
2483	5
2484	5
2485	5
2486	5
2487	5
2488	5
2489	5
2490	5
2491	9
2492	3
2493	5
2494	5
2495	3
2496	3
2497	5
2498	3
2499	3
2500	3
2501	3
2502	3
2503	3
2504	3
2505	3
2506	3
2507	3
2508	3
2509	4
2510	4
2511	4
2512	4
2513	4
2514	4
2515	4
2516	4
2517	4
2518	4
2520	4
2521	4
2522	4
2523	4
2524	4
2525	4
2526	4
2527	4
2528	4
2529	4
2530	4
2531	3
2532	3
2533	4
2534	4
2535	4
2536	4
2537	4
2538	4
2539	4
2540	4
2541	4
2542	4
2543	4
2544	4
2545	4
2546	4
2547	4
2548	4
2549	4
2550	4
2551	4
2552	4
2553	4
2554	4
2555	4
2556	4
2557	4
2558	4
2559	4
2560	4
2561	4
2562	4
2563	2
2564	4
2565	4
2566	4
2567	4
2568	4
2569	4
2570	4
2571	2
2572	2
2573	2
2574	2
2575	2
2576	2
2577	2
2578	5
2579	2
2580	2
2581	2
2582	2
2583	2
2584	2
2585	2
2586	2
2587	2
2588	2
2589	2
2590	3
2591	3
2592	3
2593	3
2594	3
2595	3
2596	3
2597	3
2598	3
2599	3
2600	3
2601	3
2602	3
2603	3
2604	3
2605	5
2606	5
2607	5
2608	5
2609	5
2610	5
2611	5
2612	5
2613	5
2614	5
2615	5
2616	2
2617	5
2618	5
2619	2
2620	5
2621	5
2622	5
2623	5
2624	5
2625	5
2626	5
2627	5
2628	5
2629	3
2630	5
2631	5
2632	3
2633	3
2634	3
2635	5
2636	5
2637	5
2638	5
2639	5
2640	5
2641	5
2642	5
2643	5
2644	5
2645	5
2646	5
2647	5
2648	5
2649	3
2650	5
2651	5
2652	5
2653	3
2654	5
2655	5
2656	3
2657	4
2658	4
2659	3
2660	4
2661	4
2662	4
2663	4
2664	4
2665	4
2666	4
2667	3
2668	4
2669	4
2670	4
2671	4
2672	4
2673	5
2674	2
2675	2
2676	2
2677	2
2678	4
2679	4
2680	4
2681	4
2682	4
2683	4
2684	4
2685	4
2686	3
2687	4
2688	4
2689	4
2690	4
2691	4
2692	4
2693	4
2694	4
2695	4
2696	4
2697	4
2698	4
2699	4
2700	4
2701	4
2702	4
2703	4
2704	4
2705	4
2706	4
2707	4
2708	4
2710	4
2711	4
2712	2
2713	2
2714	2
2715	2
2716	2
2717	2
2718	2
2719	2
2720	2
2721	2
2722	2
2723	5
2724	2
2725	2
2726	2
2727	2
2728	5
2729	5
2730	2
2731	2
2732	5
2733	2
2734	2
2735	5
2736	5
2737	5
2738	5
2739	5
2740	5
2741	3
2742	3
2743	3
2744	3
2745	3
2746	3
2747	3
2748	3
2749	4
2750	3
2751	4
2752	4
2753	5
2754	5
2755	5
2756	5
2757	5
2758	3
2759	5
2760	5
2761	5
2762	5
2763	5
2764	5
2765	5
2766	4
2767	5
2768	5
2769	5
2770	4
2771	5
2772	5
2773	5
2774	5
2775	5
2776	5
2777	5
2778	5
2779	2
2780	5
2781	5
2782	2
2783	5
2784	2
2785	5
2786	5
2787	5
2788	5
2789	5
2790	5
2791	2
2792	2
2793	5
2794	5
2795	5
2796	4
2797	5
2798	3
2799	3
2800	3
2801	5
2802	5
2803	5
2804	3
2805	5
2806	5
2807	5
2808	5
2809	3
2810	5
2811	5
2812	5
2813	5
2814	5
2815	5
2816	5
2817	5
2818	5
2819	3
2820	3
2821	3
2822	3
2823	5
2824	3
2825	3
2826	3
2827	3
2828	4
2829	4
2830	4
2831	3
2832	3
2833	4
2834	3
2835	4
2836	2
2837	2
2838	2
2839	4
2840	2
2841	2
2842	4
2843	4
2844	4
2845	4
2846	2
2847	4
2848	5
2849	5
2850	5
2851	5
2852	5
2853	3
2854	4
2855	4
2856	4
2857	4
2858	4
2859	4
2860	4
2861	4
2862	4
2863	4
2864	4
2865	3
2866	3
2867	4
2868	4
2869	4
2870	4
2871	4
2872	4
2873	4
2874	5
2875	4
2876	4
2877	4
2878	2
2879	2
2880	2
2881	2
2882	2
2883	2
2884	2
2885	4
2886	2
2887	2
2888	2
2889	2
2890	2
2891	4
2892	4
2893	5
2894	5
2895	5
2896	5
2897	5
2898	5
2899	5
2900	5
2901	5
2902	2
2903	2
2904	2
2905	5
2906	2
2907	2
2908	2
2909	2
2910	5
2911	5
2912	5
2913	4
2914	3
2915	4
2916	3
2917	3
2918	3
2919	3
2920	3
2921	4
2922	3
2923	3
2924	5
2925	5
2926	5
2927	5
2928	5
2929	3
2930	5
2931	3
2932	3
2933	5
2934	5
2935	5
2936	4
2937	4
2938	4
2939	4
2940	5
2941	4
2942	4
2943	4
2944	4
2945	4
2946	5
2947	2
2948	5
2949	5
2950	5
2951	5
2952	2
2953	5
2954	2
2955	2
2956	2
2957	2
2958	5
2959	4
2960	5
2961	5
2962	9
2964	5
2965	4
2966	5
2967	5
2968	5
2969	3
2970	3
2971	3
2972	3
2973	5
2974	5
2975	5
2976	5
2977	5
2978	5
2979	5
2980	5
2981	3
2982	5
2983	3
2984	3
2985	3
2986	3
2987	1
2988	1
2989	1
2990	1
2991	1
2992	1
2993	3
2994	3
2995	3
2996	3
2997	5
2998	5
2999	5
3000	5
3001	5
3002	5
3003	5
3004	5
3005	5
3006	5
3007	4
3008	4
3009	4
3010	4
3011	4
3012	4
3013	4
3014	4
3015	4
3016	4
3017	4
3018	4
3019	4
3020	4
3021	4
3022	4
3023	4
3024	4
3025	4
3026	4
3027	4
3028	4
3029	4
3030	4
3031	4
3032	4
3033	4
3034	4
3035	4
3036	4
3037	4
3038	4
3039	4
3040	4
3041	2
3042	2
3043	2
3044	4
3045	2
3046	2
3047	4
3048	4
3049	4
3050	4
3051	4
3052	4
3053	4
3054	4
3055	4
3056	4
3057	4
3058	4
3059	4
3060	4
3061	4
3062	4
3063	4
3064	2
3065	2
3066	2
3067	5
3068	2
3069	5
3070	5
3071	5
3072	4
3073	2
3074	4
3075	2
3076	4
3077	4
3078	4
3079	4
3080	4
3081	3
3082	3
3083	3
3084	3
3085	3
3086	3
3087	3
3088	3
3089	3
3090	3
3091	3
3092	3
3093	3
3094	3
3095	3
3096	3
3097	3
3098	4
3099	4
3100	4
3101	4
3102	4
3103	4
3104	4
3105	2
3106	4
3107	5
3108	5
3109	2
3110	5
3111	5
3112	5
3113	5
3114	5
3115	5
3116	5
3117	5
3118	5
3119	5
3120	5
3121	2
3122	2
3123	2
3124	6
3125	6
3126	3
3127	3
3128	4
3129	3
3130	3
3131	3
3132	5
3133	6
3135	2
3136	3
3137	3
3138	5
3139	5
3140	3
3141	5
3142	5
3143	5
3144	5
3145	5
3146	5
3147	5
3148	3
3149	3
3150	3
3151	3
3152	5
3153	3
3154	1
3155	1
3156	3
3157	3
3158	3
3159	3
3160	3
3161	1
3162	1
3163	5
3164	5
3165	5
3166	5
3167	5
3168	5
3169	2
3170	2
3171	2
3172	4
3173	4
3174	4
3175	4
3176	4
3177	4
3178	4
3179	2
3180	2
3181	2
3184	2
3185	2
3186	2
3187	2
3188	5
3189	4
3190	4
3191	4
3192	4
3193	4
3194	4
3195	4
3196	4
3197	4
3198	4
3199	4
3200	4
3201	4
3202	4
3203	4
3204	4
3205	4
3206	4
3212	4
3213	4
3214	4
3215	4
3216	4
3217	4
3218	4
3219	4
3220	4
3221	4
3222	5
3223	5
3224	5
3225	5
3226	5
3227	4
3228	4
3229	2
3230	4
3231	2
3232	2
3233	2
3234	4
3235	2
3236	2
3237	2
3238	2
3239	2
3240	4
3241	4
3242	4
3243	4
3244	3
3245	3
3246	3
3247	3
3248	3
3249	4
3250	3
3251	4
3252	4
3253	4
3254	4
3255	4
3256	4
3257	4
3258	4
3259	4
3260	4
3261	4
3262	4
3263	5
3264	5
3265	5
3266	5
3267	5
3268	5
3269	5
3270	5
3271	5
3272	5
3273	5
3274	2
3275	2
3276	2
3277	2
3278	2
3279	2
3280	2
3281	4
3282	9
3284	3
3285	4
3286	2
3287	3
3288	5
3289	5
3292	4
3293	5
3294	5
3295	3
3296	3
3297	3
3298	5
3299	5
3300	5
3301	3
3302	5
3303	5
3304	1
3305	3
3306	3
3307	1
3308	1
3309	1
3310	3
3311	3
3312	1
3313	1
3314	3
3315	3
3316	3
3317	3
3318	3
3319	3
3320	3
3321	3
3322	2
3323	3
3324	5
3325	2
3326	2
3327	2
3328	5
3329	5
3330	2
3331	4
3332	4
3333	2
3334	5
3335	5
3336	5
3337	4
3338	4
3339	4
3340	4
3341	4
3342	4
3343	4
3344	4
3345	4
3346	4
3347	4
3348	4
3350	4
3351	4
3352	4
3353	4
3355	4
3356	4
3357	4
3358	4
3359	4
3360	4
3361	4
3362	4
3363	4
3364	2
3365	2
3366	2
3367	2
3368	2
3369	2
3370	2
3371	2
3372	2
3373	2
3374	2
3375	2
3376	2
3377	2
3378	2
3379	2
3380	2
3381	4
3382	4
3383	4
3384	2
3385	2
3386	2
3387	2
3388	2
3389	2
3390	2
3391	4
3392	2
3393	2
3394	2
3395	2
3396	2
3397	2
3398	2
3399	2
3400	4
3401	3
3402	4
3403	3
3404	4
3405	3
3406	4
3407	4
3408	4
3409	4
3410	4
3411	3
3412	3
3413	3
3414	5
3415	3
3416	3
3417	5
3418	5
3419	5
3420	5
3421	5
3422	5
3423	5
3424	5
3425	5
3426	5
3427	5
3428	5
3429	5
3430	3
3431	2
3432	2
3433	5
3434	5
3435	2
3436	2
3437	2
3438	2
3439	3
3440	4
3441	4
3442	2
3443	4
3444	4
3445	2
3446	4
3447	5
3448	4
3449	5
3450	3
3451	5
3452	5
3453	5
3454	5
3455	5
3456	5
3457	5
3458	5
3459	5
3460	5
3461	3
3462	3
3463	4
3464	3
3465	3
3466	3
3467	3
3468	3
3469	3
3470	3
3471	3
3472	3
3473	3
3474	3
3475	3
3476	3
3477	3
3478	3
3479	3
3480	3
3481	3
3482	4
3483	4
3484	6
3485	6
3486	4
3487	4
3488	4
3489	4
3490	4
3491	4
3492	6
3493	6
3494	6
3495	6
3496	4
3497	4
3498	4
3499	4
3500	4
3501	5
3502	5
3503	3
3504	4
3505	4
3506	4
3507	4
3508	4
3509	4
3510	4
3513	4
3514	4
3515	4
3516	4
3517	4
3518	4
3519	4
3520	4
3521	4
3522	4
3523	4
3524	2
3525	4
3526	4
3527	4
3528	4
3529	4
3530	4
3531	4
3533	4
3534	4
3535	4
3536	4
3537	4
3538	4
3539	4
3540	4
3541	4
3542	4
3543	4
3544	4
3545	2
3546	2
3547	2
3548	2
3549	2
3550	2
3551	2
3552	2
3553	2
3554	2
3555	2
3556	2
3557	2
3558	2
3559	2
3560	5
3561	5
3562	5
3563	5
3564	2
3565	4
3566	4
3567	2
3568	4
3569	4
3570	4
3571	4
3572	4
3573	4
3574	4
3575	4
3576	4
3577	4
3578	3
3579	3
3580	5
3581	5
3582	3
3583	3
3584	5
3585	5
3586	5
3587	5
3588	5
3589	5
3590	5
3591	5
3592	5
3593	5
3594	2
3595	5
3596	5
3597	5
3598	2
3599	2
3600	2
3601	2
3602	2
3603	3
3604	5
3605	5
3606	3
3607	5
3608	5
3609	3
3610	3
3611	3
3612	5
3614	5
3615	5
3616	5
3617	5
3618	5
3619	5
3620	5
3621	5
3622	3
3623	4
3624	3
3625	4
3626	4
3627	3
3628	3
3629	3
3630	3
3631	3
3632	3
3633	3
3634	3
3635	3
3636	3
3637	3
3638	3
3639	3
3640	3
3641	3
3642	3
3643	3
3644	3
3645	3
3646	3
3647	4
3648	6
3649	6
3650	3
3651	3
3652	4
3653	6
3654	6
3655	6
3656	4
3657	5
3658	3
3659	4
3660	4
3661	4
3662	3
3663	3
3664	3
3665	3
3666	5
3667	3
3668	4
3669	4
3670	4
3671	4
3672	4
3673	4
3674	4
3675	4
3676	4
3677	4
3678	4
3679	4
3680	4
3681	4
3682	4
3684	4
3685	4
3686	4
3687	4
3688	4
3689	4
3690	4
3691	4
3692	4
3693	4
3694	4
3695	4
3696	4
3697	4
3698	4
3699	4
3700	4
3701	4
3702	4
3703	4
3704	4
3705	4
3706	4
3707	4
3708	4
3709	4
3710	4
3711	4
3712	4
3713	4
3715	2
3717	2
3718	2
3719	2
3720	2
3721	2
3722	2
3723	2
3724	2
3725	2
3726	4
3727	4
3728	4
3729	4
3730	4
3731	4
3732	4
3733	4
3734	4
3735	5
3736	4
3737	3
3738	4
3739	5
3740	3
3741	3
3742	5
3743	5
3744	5
3745	5
3746	5
3747	5
3748	5
3749	5
3750	5
3751	5
3752	5
3753	5
3754	5
3755	5
3756	2
3757	5
3758	2
3759	2
3760	2
3761	2
3762	2
3763	5
3764	2
3768	4
3769	4
3770	5
3771	5
3772	5
3773	5
3774	5
3775	5
3776	5
3777	3
3778	1
3779	6
3780	4
3781	6
3782	6
3783	6
3784	6
3785	6
3786	6
3787	6
3788	6
3789	6
3790	9
3791	9
3792	9
3793	9
3794	9
3795	9
3796	9
3797	9
3798	9
3799	9
3800	9
3801	9
3802	9
3803	9
3804	9
3805	9
3806	9
3807	9
3808	9
3809	9
3810	9
3811	9
3812	9
3813	9
3814	9
3815	9
3816	9
3817	9
3818	9
3819	9
3820	9
3821	9
3822	9
3823	9
3824	9
3825	9
3826	9
3827	9
3828	8
3829	8
3830	8
3831	8
3832	8
3833	8
3834	8
3835	8
3836	8
3837	8
3838	8
3839	8
3840	8
3841	8
3842	8
3843	8
3844	8
3845	8
3846	8
3847	8
3848	8
3849	8
3850	8
3851	8
3852	8
3853	8
3854	8
3855	9
3856	9
3857	8
3858	9
3859	8
3860	8
3861	8
3862	9
3863	8
3864	8
3865	8
3866	8
3867	8
3868	8
3869	8
3870	9
3871	9
3872	9
3873	9
3874	8
3875	8
3876	8
3877	9
3878	8
3879	8
3880	8
3883	8
3884	8
3885	8
3886	8
3887	8
3888	8
3889	8
3890	8
3892	8
3893	8
3894	8
3897	9
3898	9
3899	9
3900	8
3901	9
3902	8
3903	8
3904	8
3905	9
3906	8
3907	8
3908	8
3909	8
3910	8
3911	8
3912	9
3913	9
3914	8
3915	8
3916	9
3917	9
3918	9
3919	9
3920	9
3921	9
3922	9
3923	9
3924	9
3925	8
3926	9
3927	9
3928	9
3929	8
3930	9
3931	9
3932	9
3933	9
3934	9
3935	9
3936	8
3937	9
3938	8
3939	8
3940	8
3941	9
3942	8
3943	9
3944	9
3945	9
3946	9
3947	9
3948	9
3949	9
3950	9
3951	9
3952	9
3953	9
3954	9
3955	9
3956	9
3957	9
3958	9
3959	9
3960	9
3961	9
3962	9
3963	9
3964	9
3965	9
3966	9
3967	9
3968	9
3969	9
3970	9
3971	9
3972	9
3973	9
3974	9
3975	9
3976	9
3977	9
3978	9
3979	9
3980	8
3981	8
3982	8
3983	8
3985	9
3986	8
3987	1
3988	3
3989	5
3990	3
3991	1
3992	1
3993	3
3994	1
3995	1
3996	1
3997	3
3998	1
3999	1
4000	5
4001	1
4002	5
4003	1
4004	1
4005	1
4006	3
4007	1
4008	1
4009	1
4010	1
4011	1
4012	1
4013	1
4014	1
4015	3
4016	3
4017	1
4018	1
4019	3
4020	1
4021	1
4022	1
4023	1
4024	3
4025	3
4026	1
4027	5
4028	1
4029	1
4030	1
4031	1
4032	1
4033	1
4034	3
4035	1
4036	1
4037	1
4038	1
4039	1
4040	1
4041	1
4042	1
4043	1
4044	1
4045	1
4046	1
4047	1
4048	1
4049	6
4050	0
4051	0
4052	0
4053	5
4054	5
4055	6
4056	5
4057	0
4058	0
4059	0
4060	6
4061	0
4062	0
4063	0
4064	0
4065	0
4066	6
4067	0
4068	9
4069	9
4070	9
4071	9
4072	9
4073	0
4074	9
4075	0
4076	6
4077	5
4078	9
4079	0
4080	0
4081	0
4082	0
4083	0
4084	1
4085	0
4086	0
4087	1
4088	8
4089	0
4090	0
4091	0
4092	0
4093	5
4094	1
4095	5
4096	1
4097	0
4098	1
4099	0
4100	0
4101	0
4102	5
4103	0
4104	1
4105	9
4106	5
4107	0
4108	0
4109	0
4110	0
4111	0
4112	0
4113	9
4114	0
4115	5
4116	0
4117	1
4118	0
4119	1
4120	9
4121	9
4122	6
4123	9
4124	0
4125	0
4126	6
4127	0
4128	0
4129	0
4130	9
4131	9
4132	0
4133	1
4134	9
4135	9
4136	0
4137	1
4138	0
4139	0
4140	0
4141	9
4142	0
4143	9
4144	1
4145	0
4146	0
4147	0
4148	6
4149	0
4150	0
4151	1
4152	6
4153	0
4154	0
4155	0
4156	0
4157	0
4158	0
4159	0
4160	9
4161	9
4162	7
4163	7
4164	7
4165	7
4166	7
4167	7
4168	7
4169	7
4170	7
4171	7
4172	7
4173	7
4174	7
4175	7
4176	7
4177	7
4178	7
4179	7
4180	7
4181	7
4182	9
4183	7
4184	9
4185	7
4186	7
4187	7
4188	7
4189	7
4190	7
4191	7
4192	7
4193	7
4194	7
4195	7
4196	7
4197	7
4198	7
4199	7
4200	7
4201	7
4202	7
4203	7
4204	7
4205	7
4206	1
4207	7
4208	7
4209	9
4210	8
4211	8
4212	8
4213	8
4214	8
4215	8
4216	8
4217	9
4218	8
4219	8
4220	9
4221	8
4222	8
4223	9
4224	8
4225	8
4226	9
4227	8
4228	8
4229	8
4230	8
4231	8
4232	8
4233	8
4234	9
4235	9
4236	9
4237	9
4238	9
4239	9
4240	9
4241	9
4242	9
4243	9
4244	9
4245	9
4246	8
4247	8
4248	8
4249	8
4250	9
4251	9
4252	9
4253	9
4254	9
4255	8
4256	8
4257	8
4258	8
4259	8
4260	8
4261	8
4262	9
4263	9
4264	8
4265	9
4266	1
4267	1
4268	1
4269	7
4270	1
4271	7
4272	7
4273	7
4274	7
4275	7
4276	7
4277	7
4278	7
4279	1
4280	1
4281	1
4282	1
4283	1
4284	1
4285	1
4286	7
4287	7
4288	7
4289	1
4290	1
4291	1
4292	1
4293	7
4294	7
4295	7
4296	7
4297	7
4298	7
4299	7
4300	7
4301	7
4302	7
4303	7
4304	7
4305	7
4306	7
4307	7
4308	7
4309	7
4310	7
4311	7
4312	7
4313	7
4314	7
4315	7
4316	7
4317	7
4318	7
4319	7
4320	7
4321	7
4322	7
4323	7
4324	7
4325	7
4326	7
4327	7
4328	7
4329	1
4330	1
4331	1
4332	1
4333	1
4334	1
4335	1
4336	1
4337	1
4338	1
4339	1
4340	1
4341	1
4342	1
4343	1
4344	1
4345	1
4346	1
4347	7
4348	1
4349	7
4350	1
4351	1
4352	7
4353	1
4354	7
4355	1
4356	1
4357	1
4358	7
4359	1
4360	1
4361	1
4362	1
4363	7
4364	1
4365	1
4366	1
4367	7
4368	9
4369	1
4370	9
4371	1
4372	7
4373	7
4374	1
4375	1
4376	7
4377	7
4378	9
4379	1
4380	1
4381	7
4382	1
4383	7
4384	1
4385	7
4386	1
4387	7
4388	7
4389	1
4390	1
4391	1
4392	7
4393	3
4394	7
4395	1
4396	1
4397	1
4398	1
4399	7
4400	7
4401	9
4402	1
4403	1
4404	1
4405	1
4406	1
4407	1
4408	1
4409	7
4410	7
4411	7
4412	1
4413	1
4414	1
4415	1
4416	1
4417	1
4418	1
4419	7
4420	7
4421	1
4422	7
4423	9
4424	7
4425	7
4426	7
4427	1
4428	7
4429	1
4430	9
4431	1
4432	1
4433	1
4434	1
4435	1
4436	1
4437	1
4438	1
4439	1
4440	1
4441	7
4442	1
4443	1
4444	1
4445	1
4446	7
4447	7
4448	1
4449	3
4450	7
4451	1
4452	7
4453	1
4454	1
4455	7
4456	7
4457	1
4458	1
4459	1
4460	7
4461	7
4462	7
4463	7
4464	1
4465	1
4466	1
4467	1
4468	1
4469	1
4470	1
4471	1
4472	1
4473	1
4474	7
4475	7
4476	7
4477	7
4478	7
4479	7
4480	1
4481	1
4482	1
4483	9
4484	1
4485	1
4486	1
4487	1
4488	1
4489	1
4490	0
4496	0
4497	0
4498	0
4499	0
4500	0
4501	0
4502	0
4503	0
4504	0
4510	0
4511	9
4512	0
4513	9
4514	0
4515	0
4516	0
4517	0
4518	0
4519	0
4520	0
4521	9
4522	9
4523	9
4524	0
4525	0
4526	0
4527	7
4528	7
4529	7
4530	7
4531	7
4532	7
4533	7
4534	7
4535	7
4536	7
4537	7
4538	7
4539	7
4540	7
4541	7
4542	7
4543	7
4544	7
4545	7
4546	7
4547	7
4548	7
4549	7
4550	7
4551	7
4552	7
4553	7
4554	3
4555	3
4556	3
4557	3
4558	6
4559	6
4560	6
4561	6
4562	3
4563	3
4564	6
4565	6
4566	6
4567	6
4568	6
4569	6
4570	6
4571	3
4572	6
4573	6
4574	6
4575	6
4576	3
4577	3
4578	3
4579	3
4580	3
4581	3
4582	3
4583	6
4584	6
4585	6
4586	9
4587	9
4588	3
4589	3
4590	1
4591	3
4592	6
4596	6
4597	9
4599	9
4600	9
4601	9
4602	9
4603	9
4607	9
4608	3
4609	3
4610	3
4611	3
4612	6
4613	6
4614	6
4615	6
4616	6
4617	9
4618	9
4619	9
4620	9
4621	5
4622	6
4623	3
4624	6
4625	3
4626	6
4627	1
4628	3
4629	3
4630	3
4631	3
4632	3
4633	3
4634	6
4635	6
4636	6
4637	6
4638	9
4639	9
4640	9
4641	9
4642	3
4643	6
4644	3
4645	3
4646	3
4647	6
4648	6
4649	6
4650	6
4651	6
4652	3
4653	9
4654	9
4655	9
4656	9
4657	3
4658	3
4659	3
4660	3
4661	3
4662	3
4663	3
4664	6
4665	6
4666	6
4667	6
4668	6
4669	6
4670	6
4671	6
4672	6
4673	6
4674	3
4675	5
4676	5
4677	6
4678	3
4679	3
4680	3
4681	1
4682	6
4683	3
4684	3
4685	3
4686	6
4687	6
4688	6
4689	6
4690	6
4691	6
4692	3
4693	6
4694	3
4695	3
4696	6
4697	6
4698	3
4699	3
4700	3
4701	3
4702	3
4703	3
4704	3
4705	3
4706	6
4707	6
4708	6
4709	6
4710	6
4711	6
4712	6
4713	6
4714	6
4715	6
4716	6
4717	3
4718	3
4719	3
4720	3
4721	3
4722	6
4723	3
4724	6
4725	6
4726	6
4727	6
4728	6
4729	6
4730	6
4731	6
4732	6
4733	6
4734	6
4735	6
4736	6
4737	6
4738	3
4739	3
4740	3
4741	3
4742	3
4743	6
4744	6
4745	6
4746	6
4747	6
4748	6
4749	6
4750	6
4751	6
4752	6
4753	6
4754	6
4755	6
4756	6
4757	6
4758	6
4759	6
4760	6
4761	6
4762	6
4763	6
4764	6
4765	6
4766	3
4767	3
4768	3
4769	6
4770	3
4771	6
4772	6
4773	6
4774	6
4775	6
4776	6
4777	6
4778	6
4779	6
4780	6
4781	6
4782	6
4783	6
4784	9
4785	3
4786	6
4787	6
4788	6
4789	6
4790	6
4791	6
4792	6
4793	6
4794	6
4795	6
4796	3
4797	6
4798	6
4799	3
4800	6
4801	6
4802	6
4803	6
4804	6
4805	6
4806	3
4807	3
4808	6
4809	3
4810	3
4811	3
4812	6
4813	3
4815	9
4816	9
4817	9
4818	9
4819	9
4820	9
4821	9
4822	9
4823	9
4826	6
4827	6
4828	6
4829	6
4830	6
4831	6
4832	6
4833	6
4834	6
4835	6
4836	6
4837	6
4838	6
4839	6
4840	6
4841	6
4842	6
4843	6
4844	6
4845	3
4846	3
4847	3
4848	6
4849	6
4850	3
4851	6
4852	6
4853	6
4854	6
4855	6
4856	6
4857	6
4858	6
4859	6
4860	6
4861	6
4862	6
4863	6
4864	6
4865	6
4866	6
4867	6
4868	3
4869	3
4870	6
4871	6
4872	3
4873	3
4874	5
4875	5
4876	3
4877	9
4878	6
4879	6
4880	6
4881	6
4882	6
4883	3
4884	6
4885	3
4886	3
4887	6
4888	6
4889	6
4890	6
4891	3
4892	6
4893	3
4894	3
4895	3
4896	3
4897	6
4898	6
4899	6
4900	6
4901	6
4902	6
4903	5
4904	6
4905	6
4906	6
4907	6
4908	6
4909	6
4910	6
4911	6
4912	6
4913	6
4914	6
4915	6
4916	6
4917	6
4918	6
4919	6
4920	6
4921	3
4922	6
4923	6
4924	3
4925	6
4926	6
4927	6
4928	6
4929	6
4930	6
4931	6
4932	6
4933	6
4934	6
4935	3
4936	3
4937	6
4938	3
4939	6
4940	6
4941	6
4942	6
4943	6
4944	6
4945	6
4946	6
4947	6
4948	9
4949	9
4950	9
4951	9
4953	9
4954	9
4955	9
4956	9
4958	9
4959	9
4961	9
4966	9
4968	9
4969	3
4970	3
4971	9
4972	3
4973	3
4974	3
4975	3
4976	3
4977	9
4978	9
4979	9
4980	9
4981	9
4982	9
4983	9
4984	8
4985	9
4986	9
4987	9
4988	9
4989	9
4990	9
4991	9
4992	9
4993	9
4994	9
4995	9
4996	9
4997	9
4998	9
4999	9
5000	9
5001	9
5002	9
5003	9
5004	9
5005	9
5006	9
5007	9
5008	9
5009	9
5010	3
5011	9
5012	9
5013	9
5014	9
5015	3
5016	3
5017	3
5018	3
5019	3
5020	1
5021	9
5022	9
5023	9
5024	9
5025	9
5026	9
5027	9
5028	8
5029	8
5030	8
5031	8
5032	8
5033	8
5034	9
5035	9
5036	8
5037	9
5038	9
5039	9
5040	8
5041	8
5042	8
5043	8
5044	8
5045	9
5046	9
5047	8
5048	8
5049	8
5050	8
5051	9
5052	9
5053	9
5054	9
5055	9
5058	9
5059	9
5063	9
5066	1
5067	1
5068	1
5069	9
5070	1
5071	1
5072	9
5073	9
5074	9
5075	1
5076	1
5077	9
5078	9
5079	9
5080	9
5081	1
5082	1
5083	8
5084	1
5085	1
5086	9
5087	8
5088	9
5089	9
5090	3
5091	3
5092	0
5093	6
5094	9
5095	9
5096	9
5097	0
5098	0
5099	9
5100	0
5101	9
5102	9
5103	0
5104	0
5105	9
5106	9
5107	9
5108	9
5109	9
5110	8
5111	0
5112	0
5113	0
5114	9
5115	9
5116	8
5117	6
5118	8
5119	8
5120	8
5121	8
5122	2
5123	2
5124	8
5125	5
5126	2
5127	2
5128	2
5129	5
5130	2
5131	5
5132	1
5133	2
5134	1
5135	1
5136	1
5137	3
5138	1
5139	1
5140	3
5141	3
5142	3
5143	3
5144	2
5145	3
5146	2
5147	1
5148	3
5149	2
5150	2
5151	2
5152	2
5153	1
5154	3
5155	1
5156	1
5157	3
5158	1
5159	1
5160	1
5161	3
5162	5
5163	2
5164	2
5165	2
5166	2
5167	8
5168	3
5169	8
5170	3
5171	3
5172	3
5173	8
5174	5
5175	2
5176	3
5177	2
5178	9
5179	5
5180	5
5181	1
5182	3
5183	9
5184	1
5185	3
5186	2
5187	2
5188	1
5189	3
5190	1
5191	2
5192	2
5193	2
5194	2
5195	2
5196	2
5197	2
5198	2
5199	2
5200	2
5201	1
5202	1
5203	1
5204	1
5205	1
5206	1
5207	1
5208	3
5209	5
5210	2
5211	1
5212	2
5213	1
5214	1
5215	1
5216	2
5217	1
5218	2
5219	3
5220	3
5221	3
5222	2
5223	3
5224	3
5225	1
5226	2
5227	2
5228	3
5229	1
5230	2
5231	3
5232	3
5233	3
5234	3
5235	9
5236	2
5237	2
5238	1
5239	1
5240	5
5241	2
5242	2
5243	2
5244	2
5245	1
5246	1
5247	1
5248	1
5249	1
5250	2
5251	2
5252	3
5253	1
5254	1
5255	2
5256	2
5257	2
5258	2
5259	3
5260	3
5261	1
5262	1
5263	1
5264	8
5265	8
5266	8
5267	3
5268	2
5269	2
5270	2
5271	2
5272	3
5273	3
5274	3
5275	1
5276	1
5277	1
5278	5
5279	2
5280	1
5281	3
5282	2
5283	2
5284	2
5285	2
5286	3
5287	3
5288	2
5289	5
5290	2
5291	2
5292	3
5293	2
5294	5
5295	5
5296	3
5297	2
5298	2
5299	3
5300	5
5301	5
5302	1
5303	8
5304	8
5305	1
5306	2
5307	8
5308	8
5309	8
5310	8
5311	2
5312	2
5313	2
5314	2
5315	1
5316	2
5317	2
5318	1
5319	1
5320	3
5321	1
5322	9
5324	3
5325	3
5326	3
5327	2
5328	2
5329	2
5330	5
5331	2
5332	2
5333	1
5334	1
5335	2
5336	2
5337	2
5338	2
5339	2
5340	2
5341	2
5342	5
5343	2
5344	2
5345	3
5346	2
5347	2
5348	3
5349	5
5350	1
5351	2
5352	3
5353	9
5354	2
5355	3
5356	2
5357	1
5358	8
5359	8
5360	8
5361	8
5362	2
5363	2
5364	2
5365	2
5366	2
5367	2
5368	2
5369	2
5370	2
5371	5
5372	2
5373	2
5374	2
5375	2
5376	5
5377	3
5378	5
5379	2
5380	2
5381	1
5382	3
5383	1
5384	3
5385	3
5386	2
5387	2
5388	5
5389	5
5390	5
5391	5
5392	2
5393	2
5394	2
5395	2
5396	2
5397	2
5398	3
5399	5
5400	1
5401	1
5402	3
5403	2
5404	2
5405	2
5406	2
5407	2
5408	2
5409	2
5410	2
5411	2
5412	2
5413	2
5414	2
5415	2
5416	2
5417	5
5418	3
5419	2
5420	2
5421	2
5422	5
5423	5
5424	2
5425	5
5426	5
5427	5
5428	5
5429	5
5430	2
5431	2
5432	2
5433	2
5434	2
5435	5
5436	2
5437	2
5438	2
5439	2
5440	2
5441	2
5442	2
5443	3
5444	3
5445	3
5446	5
5447	2
5448	2
5449	2
5450	2
5451	2
5452	2
5453	2
5454	5
5455	5
5456	3
5457	5
5458	3
5459	3
5460	2
5461	2
5462	5
5463	5
5464	9
5465	5
5466	8
5467	1
5468	5
5469	5
5470	8
5471	5
5472	1
5473	1
5474	2
5475	2
5476	2
5477	1
5478	2
5479	3
5480	1
5481	5
5482	5
5483	3
5484	5
5485	5
5486	2
5487	2
5488	2
5489	2
5490	2
5491	2
5492	2
5493	1
5494	2
5495	2
5496	1
5497	2
5498	8
5499	1
5500	5
5501	2
5502	2
5503	2
5504	2
5505	2
5506	2
5507	2
5508	5
5509	5
5510	2
5511	2
5512	1
5513	1
5514	3
5515	1
5516	2
5517	2
5518	3
5519	3
5520	2
5521	3
5522	9
5523	2
5524	5
5525	5
5526	2
5527	5
5528	2
5529	2
5530	2
5531	2
5532	5
5533	5
5534	5
5535	3
5536	5
5537	5
5538	2
5539	2
5540	2
5541	2
5542	2
5543	2
5544	2
5545	3
5546	5
5547	2
5548	2
5549	3
5550	5
5551	2
5552	2
5553	2
5554	2
5555	2
5556	3
5557	1
5558	3
5559	1
5560	1
5561	1
5562	5
5563	1
5564	1
5565	9
5566	1
5567	1
5568	1
5569	5
5570	1
5571	2
5572	2
5573	3
5574	3
5575	1
5576	2
5577	2
5578	2
5579	2
5580	2
5581	2
5582	2
5583	2
5584	2
5585	2
5586	3
5587	2
5588	2
5589	2
5590	2
5591	2
5592	2
5593	2
5594	2
5595	2
5596	2
5597	2
5598	2
5599	2
5600	2
5601	1
5602	1
5603	3
5604	3
5605	3
5606	3
5607	3
5608	2
5609	5
5610	1
5611	3
5612	1
5613	3
5614	3
5615	2
5616	2
5617	1
5618	3
5619	5
5620	9
5621	2
5622	3
5623	5
5624	2
5625	8
5626	2
5627	2
5628	2
5629	3
5630	2
5631	2
5632	2
5633	2
5634	2
5635	2
5636	2
5637	2
5638	2
5639	2
5640	2
5641	3
5642	5
5643	2
5644	2
5645	2
5646	8
5647	8
5648	2
5649	2
5650	8
5651	3
5652	2
5653	2
5654	2
5655	2
5656	2
5657	2
5658	3
5659	2
5660	2
5661	2
5662	1
5663	2
5664	1
5665	2
5666	2
5667	2
5668	1
5669	2
5670	3
5671	3
5672	2
5673	2
5674	2
5675	1
5676	2
5677	9
5678	2
5679	2
5680	2
5681	2
5682	2
5683	2
5684	2
5685	5
5686	1
5687	1
5688	2
5689	1
5690	2
5691	2
5692	2
5693	2
5694	2
5695	8
5696	8
5697	2
5698	8
5699	2
5700	2
5701	2
5702	2
5703	2
5704	2
5705	1
5706	2
5707	2
5708	2
5709	5
5710	2
5711	2
5712	2
5713	3
5714	3
5715	2
5716	9
5717	2
5718	2
5719	2
5720	9
5721	1
5722	5
5723	3
5725	2
5726	5
5727	2
5728	2
5729	2
5730	5
5731	1
5732	2
5733	2
5734	2
5735	2
5736	2
5737	2
5738	1
5739	3
5740	2
5741	2
5742	2
5743	3
5744	2
5745	2
5746	2
5747	2
5748	2
5749	2
5750	2
5751	2
5752	2
5753	2
5754	2
5755	2
5756	3
5757	8
5758	8
5759	2
5766	1
5767	3
5768	2
5769	1
5770	8
5771	5
5772	3
5773	1
5774	2
5775	3
5776	1
5777	1
5778	2
5779	2
5780	3
5781	2
5782	1
5783	1
5784	3
5785	9
5786	3
5787	1
5788	3
5789	3
5790	9
5791	3
5792	9
5793	9
5794	2
5795	2
5796	2
5797	2
5798	2
5799	2
5800	2
5801	2
5802	2
5803	2
5804	2
5805	1
5806	5
5807	3
5810	9
5811	5
5812	2
5813	3
5814	8
5815	8
5816	8
5817	8
5818	8
5819	5
5820	2
5821	3
5822	1
5823	2
5824	5
5825	5
5826	2
5827	2
5828	3
5829	8
5830	2
5831	3
5832	9
5833	1
5834	3
5835	3
5836	1
5837	1
5838	1
5839	1
5840	1
5841	9
5842	9
5843	3
5844	2
5845	2
5846	2
5847	2
5848	2
5849	2
5850	8
5851	2
5852	2
5853	5
5854	2
5855	1
5856	1
5857	1
5858	3
5859	2
5860	3
5861	3
5862	1
5863	5
5864	3
5865	2
5866	3
5867	3
5868	3
5869	2
5870	3
5871	3
5872	2
5873	2
5874	5
5875	1
5876	1
5877	1
5878	1
5879	1
5880	1
5881	3
5882	9
5883	1
5884	1
5885	3
5886	2
5887	2
5888	2
5889	2
5890	2
5891	7
5892	7
5893	7
5894	7
5895	7
5896	7
5897	7
5898	7
5899	7
5900	7
5901	7
5902	7
5903	7
5904	7
5905	7
5906	7
5907	7
5908	7
5909	7
5910	7
5911	7
5912	7
5913	7
5914	7
5915	7
5916	7
5917	7
5918	7
5919	7
5920	7
5921	7
5922	7
5923	7
5924	7
5925	7
5926	7
5927	7
5928	7
5929	7
5930	7
5931	7
5932	7
5933	7
5934	7
5935	7
5936	7
5937	7
5938	7
5939	7
5940	7
5941	7
5942	7
5943	7
5944	7
5945	7
5946	7
5947	7
5948	7
5949	7
5950	7
5951	7
5952	7
5953	7
5954	7
5955	7
5956	7
5957	7
5958	7
5959	7
5960	7
5961	7
5962	7
5963	7
5964	7
5965	7
5966	7
5967	7
5968	7
5969	7
5970	7
5971	7
5972	7
5973	7
5974	7
5975	7
5976	7
5977	7
5978	7
5979	7
5980	7
5981	7
5982	7
5983	7
5984	7
5985	7
5986	7
5987	7
5988	7
5989	7
5990	7
5991	7
5992	7
5993	7
5994	7
5995	7
5996	7
5997	7
5998	7
5999	7
6000	7
6001	7
6002	7
6003	7
6004	7
6005	7
6006	7
6007	7
6008	7
6009	7
6010	7
6011	7
6012	7
6013	7
6014	7
6015	7
6016	7
6017	7
6018	7
6019	7
6020	7
6021	7
6022	7
6023	7
6024	7
6025	7
6026	7
6027	7
6028	7
6029	7
6030	7
6031	7
6032	7
6033	7
6034	7
6035	7
6036	7
6037	7
6038	7
6039	7
6040	7
6041	7
6042	7
6043	7
6044	7
6045	7
6046	7
6047	7
6048	7
6049	7
6050	7
6051	7
6052	7
6053	7
6054	7
6055	7
6056	7
6057	7
6058	7
6059	7
6060	7
6061	7
6062	7
6063	7
6064	7
6065	7
6066	7
6067	7
6068	7
6069	7
6070	7
6071	7
6072	7
6073	7
6074	7
6075	7
6076	7
6077	7
6078	7
6079	7
6080	7
6081	7
6082	7
6083	7
6084	7
6085	7
6086	7
6087	7
6088	7
6089	7
6090	7
6091	7
6092	7
6093	7
6094	7
6095	7
6096	7
6097	7
6098	7
6099	7
6100	7
6101	7
6102	7
6103	7
6104	7
6105	7
6106	7
6107	7
6108	7
6109	7
6110	7
6111	7
6112	7
6113	7
6114	7
6115	7
6116	7
6117	7
6118	7
6119	7
6120	7
6121	7
6122	7
6123	7
6124	7
6125	7
6126	7
6127	7
6128	7
6129	7
6130	7
6131	7
6132	7
6133	7
6134	7
6135	7
6136	7
6137	7
6138	7
6139	7
6140	7
6141	7
6142	7
6143	7
6144	7
6145	7
6146	7
6147	7
6148	7
6149	7
6150	7
6151	7
6152	7
6153	7
6154	7
6155	7
6156	7
6157	7
6158	7
6159	7
6160	7
6161	7
6162	7
6163	7
6164	7
6165	7
6166	7
6167	7
6168	7
6169	7
6170	7
6171	7
6172	7
6173	7
6174	7
6175	7
6176	7
6177	7
6178	7
6179	7
6180	7
6181	7
6182	7
6183	7
6184	9
6185	7
6186	7
6187	7
6188	9
6189	7
6190	7
6191	7
6192	7
6193	9
6194	9
6195	7
6196	7
6197	7
6198	7
6199	7
6200	7
6201	7
6202	7
6203	7
6204	7
6205	9
6206	7
6207	7
6208	7
6209	7
6210	7
6211	9
6212	7
6213	7
6214	7
6215	7
6216	9
6217	7
6218	7
6219	7
6220	7
6221	7
6222	7
6223	7
6224	9
6225	9
6226	7
6227	7
6228	7
6229	7
6230	7
6231	7
6232	7
6233	7
6234	7
6235	7
6236	7
6237	7
6238	9
6239	9
6240	6
6241	9
6242	9
6243	6
6244	6
6245	9
6246	6
6247	9
6248	9
6249	1
6250	6
6251	6
6252	1
6253	9
6254	9
6255	9
6256	6
6257	6
6258	8
6259	6
6260	9
6261	8
6262	6
6263	8
6264	1
6265	8
6266	8
6267	8
6268	9
6269	9
6270	1
6271	8
6272	6
6273	9
6274	9
6275	9
6276	9
6277	9
6278	6
6279	9
6280	9
6281	8
6282	8
6283	8
6284	8
6285	9
6286	9
6287	9
6288	9
6289	9
6290	9
6291	6
6292	9
6293	9
6294	9
6295	5
6296	5
6297	1
6298	1
6299	1
6300	9
6301	9
6302	9
6303	1
6304	6
6305	1
6306	8
6307	8
6308	6
6309	6
6310	9
6311	6
6312	9
6313	8
6314	9
6315	9
6316	6
6317	1
6318	8
6319	6
6320	6
6321	6
6322	9
6323	9
6324	9
6325	6
6326	1
6327	6
6328	6
6329	6
6330	1
6331	1
6332	6
6333	6
6334	9
6335	9
6336	9
6337	9
6338	9
6339	8
6340	9
6341	8
6342	9
6343	9
6344	9
6345	9
6346	9
6347	8
6348	9
6349	8
6350	9
6351	6
6352	8
6353	9
6354	9
6355	0
6356	9
6357	1
6358	5
6359	5
6360	6
6361	5
6362	5
6363	1
6364	6
6365	6
6366	6
6367	6
6368	0
6369	6
6370	6
6371	5
6372	5
6373	6
6374	5
6375	1
6376	9
6377	9
6378	9
6379	9
6380	9
6381	9
6382	9
6383	8
6384	9
6385	8
6386	9
6387	9
6388	8
6389	9
6390	9
6391	8
6392	0
6393	6
6394	6
6395	9
6396	6
6397	6
6398	1
6399	1
6400	6
6401	8
6402	6
6403	9
6404	1
6405	9
6406	6
6407	6
6408	6
6409	6
6410	9
6411	6
6412	8
6413	9
6414	9
6415	8
6416	8
6417	6
6418	6
6419	6
6420	6
6421	1
6422	5
6423	9
6424	9
6425	9
6426	9
6427	9
6428	8
6429	9
6430	9
6431	9
6432	9
6433	6
6435	9
6436	9
6437	8
6438	9
6439	9
6440	9
6441	9
6442	9
6443	8
6444	8
6445	1
6446	1
6447	1
6448	0
6449	1
6450	1
6451	0
6452	0
6453	0
6454	1
6455	6
6456	9
6457	6
6458	9
6459	6
6460	9
6461	8
6462	6
6463	6
6464	6
6465	6
6466	1
6467	1
6468	6
6469	0
6470	6
6471	1
6472	6
6474	6
6475	6
6476	9
6477	6
6478	5
6479	6
6480	9
6481	0
6482	0
6483	0
6484	0
6485	6
6486	1
6487	6
6488	6
6489	9
6490	9
6491	9
6492	5
6493	9
6494	6
6495	9
6496	6
6497	9
6498	8
6499	0
6500	6
6501	6
6502	9
6503	6
6504	1
6505	6
6506	5
6507	6
6508	9
6509	6
6510	9
6511	8
6512	6
6513	6
6514	8
6515	6
6516	6
6517	6
6518	6
6519	9
6520	1
6521	6
6522	9
6523	9
6524	9
6525	9
6526	9
6527	9
6528	6
6529	9
6530	9
6531	9
6532	6
6533	6
6534	6
6535	8
6536	6
6537	8
6538	9
6539	6
6540	9
6541	9
6542	6
6543	5
6544	6
6545	6
6546	6
6547	8
6548	1
6549	9
6550	6
6551	6
6552	5
6553	8
6554	9
6555	9
6556	9
6557	0
6558	9
6559	9
6560	9
6561	9
6562	0
6563	0
6564	0
6565	1
6566	1
6567	1
6568	1
6569	1
6570	1
6571	1
6572	1
6573	1
6574	1
6575	7
6576	7
6577	1
6578	1
6579	1
6580	1
6581	1
6582	1
6583	1
6584	1
6585	1
6586	1
6587	1
6588	1
6589	1
6590	1
6591	1
6592	1
6593	7
6594	1
6595	1
6596	1
6597	1
6598	7
6599	1
6600	7
6601	1
6602	1
6603	1
6604	1
6605	1
6606	1
6607	1
6608	7
6609	1
6610	7
6611	7
6612	1
6613	7
6614	7
6615	1
6616	7
6617	7
6618	7
6619	7
6620	7
6621	1
6622	1
6623	1
6624	3
6625	3
6626	3
6627	9
6628	9
6629	3
6630	3
6631	3
6632	3
6633	1
6634	1
6635	1
6636	1
6637	1
6638	1
6639	3
6640	1
6641	8
6642	9
6643	8
6644	1
6645	8
6646	8
6647	8
6648	8
6650	8
6651	8
6652	8
6653	8
6654	1
6655	8
6656	3
6657	3
6658	8
6659	8
6660	1
6661	3
6662	3
6663	8
6664	3
6665	8
6666	8
6667	1
6668	8
6669	8
6671	1
6672	8
6679	8
6683	9
6684	8
6685	8
6686	1
6687	1
6688	1
6689	1
6690	8
6691	8
6692	8
6693	9
6694	3
6695	9
6696	9
6697	9
6698	9
6699	9
6700	9
6701	9
6702	9
6703	8
6704	9
6705	9
6706	8
6707	1
6708	1
6709	8
6710	1
6711	8
6712	8
6713	3
6714	3
6715	1
6716	1
6717	8
6718	1
6719	3
6720	3
6721	3
6722	3
6723	8
6724	1
6725	9
6726	8
6727	9
6728	1
6729	9
6730	9
6731	3
6732	3
6733	9
6734	1
6735	9
6736	9
6737	9
6738	8
6739	8
6740	9
6741	1
6742	1
6743	8
6744	1
6745	8
6746	8
6747	8
6748	8
6749	8
6750	8
6751	8
6752	8
6753	9
6754	8
6755	8
6756	8
6757	3
6758	3
6759	9
6760	3
6761	3
6762	3
6763	3
6764	7
6765	7
6766	7
6767	7
6768	7
6769	7
6770	7
6771	7
6772	7
6773	7
6774	7
6775	7
6776	7
6777	7
6778	7
6779	1
6780	7
6781	7
6782	7
6783	7
6784	7
6785	7
6786	7
6787	7
6788	7
6789	7
6790	7
6791	7
6792	7
6793	7
6794	7
6795	7
6796	7
6797	7
6798	7
6799	7
6800	7
6801	7
6802	7
6803	7
6804	7
6805	7
6806	7
6807	7
6808	7
6809	7
6810	7
6811	7
6812	7
6813	7
6814	7
6815	7
6816	7
6817	7
6818	7
6819	7
6820	0
6821	0
6822	0
6823	0
6824	0
6825	0
6826	5
6827	5
6828	5
6829	5
6830	5
6831	5
6832	0
6833	5
6834	0
6835	5
6836	0
6837	0
6838	0
6839	0
6840	0
6841	0
6842	5
6843	5
6844	0
6845	5
6846	0
6847	0
6848	0
6849	5
6850	0
6851	5
6852	0
6853	0
6854	0
6855	5
6856	0
6857	5
6858	0
6859	0
6860	5
6861	0
6862	5
6863	5
6864	0
6865	0
6866	5
6867	0
6868	5
6869	0
6870	5
6871	0
6872	0
6873	0
6874	0
6875	0
6876	0
6877	5
6878	5
6879	5
6880	0
6881	1
6882	5
6883	5
6884	5
6885	5
6886	5
6887	0
6888	1
6889	1
6890	0
6891	5
6892	1
6893	1
6894	5
6895	5
6896	5
6897	5
6898	5
6899	5
6900	5
6901	5
6902	5
6903	5
6904	5
6905	5
6906	5
6907	5
6908	5
6909	3
6910	5
6911	5
6912	5
6913	1
6914	0
6915	0
6916	0
6917	5
6918	0
6919	0
6920	0
6921	0
6922	0
6923	0
6924	5
6925	0
6926	0
6927	0
6928	1
6929	0
6930	0
6931	0
6932	0
6933	0
6934	5
6935	0
6936	1
6937	0
6938	0
6939	0
6940	0
6941	0
6942	0
6943	0
6944	5
6945	5
6946	0
6947	5
6948	5
6949	1
6950	0
6951	0
6952	0
6953	0
6954	0
6955	0
6956	5
6957	5
6958	5
6959	1
6960	5
6961	5
6962	5
6963	0
6964	0
6965	0
6966	5
