1
2
3
4
5
6
7
8
9
10
11
12
13
14
15
16
17
18
19
20
21
22
23
24
25
26
27
28
29
30
31
32
33
34
35
36
37
38
39
40
41
42
43
44
45
46
47
48
49
50
51
52
53
54
55
56
57
58
59
60
61
62
63
64
65
66
67
68
69
70
71
72
73
74
75
76
77
78
79
80
81
82
83
84
85
86
87
88
89
90
91
92
93
94
95
96
97
98
99
separator
1	2
1	12
2	3
2	13
3	4
3	14
4	5
4	15
5	6
5	15
5	16
5	26
6	7
6	16
7	8
7	17
8	9
8	17
8	18
9	10
9	19
10	11
10	19
10	20
11	21
12	13
12	22
13	14
13	23
14	15
14	24
15	25
16	17
16	27
17	18
17	28
18	19
18	29
19	20
19	30
20	21
20	30
20	40
21	41
21	42
22	23
22	31
23	24
23	31
23	32
24	25
24	33
25	26
25	34
25	35
26	27
26	35
27	28
27	35
27	36
28	29
28	37
29	30
29	38
29	39
30	39
31	32
31	43
32	33
32	44
33	34
33	44
33	45
34	35
34	45
34	46
35	36
35	46
35	47
36	37
36	47
36	48
37	38
37	48
37	49
38	39
38	49
38	50
39	40
39	50
39	51
40	41
40	51
40	52
41	42
41	52
41	53
42	53
42	54
43	44
43	55
44	45
44	55
44	56
45	46
45	57
45	58
46	47
46	58
46	59
47	48
47	59
47	60
48	49
48	60
48	61
49	50
49	61
50	51
50	62
51	52
51	63
52	53
52	64
52	65
53	54
53	65
53	66
54	66
55	56
55	67
56	57
56	67
56	68
57	58
57	68
58	59
58	69
59	60
59	70
60	61
60	71
60	72
61	62
61	72
61	73
62	63
62	73
62	74
63	64
63	74
63	75
64	65
64	75
64	76
64	77
65	66
65	77
65	78
66	78
67	68
67	79
67	80
68	69
68	80
68	81
69	70
69	81
69	82
70	71
70	82
70	83
71	72
71	83
71	84
72	73
72	84
72	85
73	74
73	85
73	86
74	75
74	86
74	87
75	76
75	87
75	88
76	77
76	88
76	89
77	78
79	80
79	90
80	81
80	91
81	82
81	92
82	83
82	93
83	84
83	94
84	85
84	95
85	86
85	96
86	87
86	97
87	88
87	98
88	89
88	98
88	99
89	99
90	91
91	92
92	93
93	94
94	95
95	96
96	97
97	98
98	99

			