1	0
2	0
3	0
4	0
5	0
6	0
7	0
8	0
9	0
10	0
11	0
12	0
13	0
14	0
15	0
16	0
17	0
18	0
19	0
20	6
21	0
22	0
23	0
24	6
25	0
26	0
27	0
28	0
29	0
30	0
31	0
32	0
33	0
34	0
35	0
36	0
37	0
38	0
39	0
40	0
41	0
42	0
43	0
44	0
45	0
46	0
47	0
48	0
49	0
50	0
51	0
52	0
53	0
54	0
55	0
56	0
57	0
58	0
59	0
60	0
61	0
62	0
63	0
64	0
65	0
66	0
67	0
68	0
69	0
70	0
71	0
72	0
73	0
74	0
75	0
76	0
77	0
78	0
79	0
80	0
81	0
82	0
83	0
84	0
85	6
86	0
87	0
88	0
89	0
90	0
91	0
92	0
93	0
94	0
95	0
96	0
97	0
98	0
99	0
100	0
101	0
102	0
103	0
104	0
105	0
106	0
107	0
108	0
109	0
110	0
111	0
112	0
113	6
114	0
115	6
116	0
117	0
118	0
119	0
120	0
121	0
122	0
123	0
124	0
125	0
126	0
127	0
128	0
129	0
130	0
131	0
132	0
133	0
134	0
135	0
136	0
137	0
138	0
139	0
140	0
141	0
142	0
143	0
144	0
145	0
146	0
147	0
148	0
149	0
150	0
151	0
152	0
153	0
154	0
155	0
156	0
157	0
158	0
159	6
160	0
161	0
162	0
163	0
164	0
165	0
166	0
167	0
168	0
169	0
170	0
171	0
172	0
173	0
174	0
175	0
176	0
177	0
178	0
179	0
180	0
181	0
182	0
183	6
184	0
185	0
186	0
187	0
188	0
189	0
190	0
191	0
192	0
193	0
194	0
195	0
196	0
197	0
198	0
199	0
200	0
201	0
202	0
203	0
204	0
205	0
206	0
207	0
208	0
209	0
210	0
211	0
212	0
213	0
214	0
215	0
216	0
217	0
218	0
219	0
220	0
221	0
222	0
223	0
224	0
225	0
226	0
227	0
228	0
229	0
230	0
231	0
232	0
233	0
234	0
235	0
236	0
237	0
238	0
239	0
240	0
241	0
242	0
243	0
244	0
245	0
246	0
247	0
248	0
249	0
250	6
251	0
252	0
253	0
254	0
255	0
256	0
257	0
258	6
259	6
260	0
261	0
262	6
263	6
264	6
265	6
266	0
267	0
268	6
269	0
270	6
271	0
272	6
273	0
274	6
275	0
276	0
277	0
278	0
279	0
280	0
281	0
282	0
283	0
284	6
285	0
286	0
287	6
288	0
289	6
290	0
291	6
292	6
293	6
294	8
295	6
296	6
297	6
298	6
299	6
300	6
301	6
302	0
303	6
304	0
305	8
306	8
307	8
308	6
309	6
310	6
311	8
312	8
313	8
314	8
315	0
316	8
317	0
318	8
319	8
320	6
321	0
322	6
323	6
324	0
325	0
326	0
327	6
328	6
329	0
330	0
331	0
332	6
333	0
334	6
335	6
336	6
337	0
338	0
339	6
340	6
341	6
342	0
343	0
344	0
345	0
346	0
347	0
348	0
349	0
350	0
351	0
352	0
353	0
354	0
355	0
357	0
358	0
359	0
360	0
361	0
362	0
363	0
365	0
366	0
367	0
368	0
369	0
370	0
372	0
373	0
374	0
375	0
376	0
377	0
378	0
379	0
380	0
381	0
382	0
383	0
384	0
385	0
386	0
387	0
388	0
389	0
390	0
391	0
392	0
393	0
394	0
395	0
396	0
397	0
398	0
399	0
400	0
401	0
402	0
403	0
404	0
405	0
406	0
407	0
408	0
409	0
410	0
411	0
412	0
413	0
414	0
415	0
416	0
417	0
418	0
419	0
420	0
421	0
422	0
423	0
424	0
425	0
426	0
427	0
428	0
429	0
430	0
431	0
432	0
434	0
435	0
436	0
438	0
439	0
440	0
441	0
442	0
443	0
444	0
445	0
446	0
447	0
448	0
449	0
450	0
451	0
452	0
453	0
454	0
455	0
456	0
457	0
458	0
459	0
460	0
461	0
462	0
463	0
464	0
465	0
466	0
467	0
468	0
469	0
470	0
471	0
472	0
473	0
474	0
475	0
476	0
477	0
478	0
479	0
480	0
481	0
482	0
483	0
484	0
485	0
486	0
487	0
488	0
489	0
490	0
491	0
492	0
493	0
494	0
495	0
496	0
497	0
498	0
499	0
500	0
501	0
502	0
503	0
504	0
505	0
506	0
507	0
508	0
509	0
510	0
511	0
512	0
513	0
514	0
515	0
516	0
517	0
518	0
519	0
520	0
521	0
522	0
523	0
524	0
525	7
526	0
527	0
528	0
529	0
530	0
531	7
532	0
533	0
534	0
535	0
536	0
538	0
539	0
540	0
541	0
542	0
543	0
544	0
545	0
546	0
547	0
548	0
549	0
550	0
551	0
552	0
553	0
554	0
555	0
556	0
557	0
558	0
559	0
560	0
561	0
562	0
563	0
564	0
565	0
566	0
567	0
568	0
569	0
570	0
571	0
572	0
573	0
574	0
575	0
576	0
577	0
578	0
579	0
580	0
581	0
582	0
583	0
584	0
585	0
586	0
587	0
588	0
589	0
590	0
591	0
592	0
593	0
594	0
595	0
596	0
597	0
598	0
599	0
600	0
601	0
602	0
603	0
604	0
605	0
606	0
607	0
608	0
609	0
610	0
611	0
612	0
613	0
614	0
615	0
616	0
617	0
618	0
619	0
620	0
621	0
622	0
623	0
624	0
625	0
626	0
627	0
628	0
629	0
630	0
631	0
632	0
633	0
634	0
635	0
636	0
637	0
638	0
639	0
640	0
641	0
642	0
643	0
644	0
645	0
646	0
647	0
648	0
649	0
650	0
651	0
652	0
653	0
654	0
655	0
656	0
657	0
658	0
659	0
660	0
661	0
662	0
663	0
664	0
665	0
666	0
667	0
668	0
669	0
670	7
671	0
672	7
673	0
674	7
675	0
676	0
677	0
678	0
679	0
680	0
681	0
682	0
683	0
684	0
685	0
686	0
687	0
688	0
689	0
690	0
691	0
692	0
693	0
694	0
695	0
696	0
697	0
698	0
699	0
700	0
701	0
702	0
703	0
704	0
705	0
706	0
707	0
708	0
709	0
710	0
711	0
712	0
713	0
714	0
715	0
716	0
717	0
718	7
719	0
720	7
721	0
722	7
723	0
724	0
725	7
726	7
727	0
728	0
729	0
730	0
731	0
732	0
733	0
734	0
735	0
736	0
737	0
738	0
739	0
740	0
741	7
742	0
743	7
744	7
745	7
746	7
747	0
748	0
749	0
750	0
751	0
752	0
753	0
754	0
755	0
756	0
757	0
758	0
759	8
760	8
761	8
762	6
763	0
764	0
765	8
766	8
767	8
768	0
769	8
770	0
771	0
772	0
773	0
774	0
775	0
776	0
777	0
778	6
779	0
780	0
781	0
782	0
783	0
784	0
785	0
786	0
787	0
788	0
789	0
790	0
791	0
792	0
793	0
794	6
795	0
796	0
797	0
798	0
799	0
800	0
801	0
802	0
803	0
804	0
805	0
806	0
807	0
808	0
809	0
810	0
811	0
812	0
813	0
814	0
815	0
816	0
817	0
818	0
819	0
820	0
821	0
822	0
823	0
824	0
825	0
826	0
827	0
828	0
829	0
830	0
831	0
832	0
833	0
834	0
835	0
836	0
837	0
838	0
839	0
840	0
841	0
842	0
843	6
844	0
845	0
846	0
847	0
848	0
849	0
850	0
851	0
852	0
853	0
854	0
855	0
856	0
857	0
858	0
859	0
860	0
861	0
862	0
863	0
864	0
865	0
866	0
867	0
868	0
869	0
870	0
871	0
872	0
873	0
874	0
875	0
876	0
877	0
878	0
879	0
880	0
881	0
882	0
883	0
884	0
885	0
886	0
887	0
888	0
889	0
890	0
891	0
892	0
893	0
894	0
895	0
896	0
897	0
898	0
899	0
900	0
901	6
902	0
903	0
904	0
905	0
906	0
907	0
908	0
909	0
910	0
911	0
912	0
913	0
914	0
915	0
916	0
917	0
918	0
919	0
920	0
921	0
922	0
923	0
924	0
925	0
926	0
927	0
928	0
929	0
930	0
931	0
932	0
933	0
934	0
935	0
936	0
937	0
938	0
939	0
940	0
941	0
942	0
943	0
944	0
945	0
946	6
947	0
948	0
949	0
950	0
951	8
952	0
953	8
954	0
955	0
956	0
957	0
958	0
959	0
960	0
961	0
962	0
963	0
964	0
965	0
966	0
967	0
968	0
969	6
970	0
971	6
972	6
973	0
974	6
975	0
976	0
977	0
978	0
979	8
980	8
981	0
982	0
983	0
984	0
985	0
986	8
987	0
988	0
989	0
990	0
991	8
992	0
993	8
994	0
995	0
996	0
997	8
998	8
999	0
1000	8
1001	0
1002	0
1003	0
1004	0
1005	0
1006	0
1007	0
1008	0
1009	7
1010	7
1011	7
1012	7
1013	7
1014	0
1015	0
1016	7
1017	0
1018	7
1019	7
1020	7
1021	0
1022	7
1023	0
1024	7
1025	7
1026	0
1027	0
1028	0
1029	7
1030	7
1031	0
1032	0
1033	7
1034	0
1035	7
1036	7
1037	7
1038	7
1039	7
1040	7
1041	7
1042	7
1043	0
1044	7
1045	7
1046	7
1051	0
1052	0
1053	0
1054	0
1055	0
1056	0
1057	0
1058	7
1059	7
1060	0
1061	7
1062	7
1063	0
1064	7
1065	0
1066	0
1068	0
1069	7
1070	7
1071	7
1072	7
1073	7
1074	7
1075	7
1076	7
1077	7
1078	7
1079	7
1080	7
1081	7
1082	7
1084	0
1085	8
1087	8
1088	8
1089	8
1090	8
1091	8
1092	8
1093	0
1094	0
1095	0
1096	0
1097	0
1099	0
1101	0
1102	0
1103	0
1104	0
1105	0
1106	8
1107	8
1108	8
1109	8
1110	8
1111	0
1112	0
1113	0
1114	0
1115	0
1116	0
1117	0
1118	0
1120	0
1121	0
1122	8
1123	0
1124	0
1125	0
1126	0
1127	0
1128	0
1129	0
1130	0
1131	0
1132	0
1133	0
1134	0
1135	0
1136	0
1137	0
1138	0
1139	0
1140	0
1141	0
1142	0
1143	0
1144	0
1145	0
1146	0
1147	0
1149	0
1151	0
1157	0
1160	8
1161	8
1162	8
1163	8
1164	8
1165	8
1167	8
1168	0
1169	0
1170	0
1171	0
1172	0
1173	0
1174	0
1175	0
1176	0
1177	0
1178	0
1179	0
1181	0
1182	0
1185	0
1189	0
1190	0
1191	0
1192	0
1193	0
1194	0
1195	0
1196	0
1197	0
1198	0
1199	0
1200	0
1201	7
1202	0
1203	0
1204	0
1205	0
1206	0
1207	0
1208	0
1209	0
1210	0
1211	0
1212	0
1213	0
1214	0
1215	0
1216	0
1217	3
1218	3
1219	3
1220	0
1221	3
1222	3
1223	3
1224	3
1225	0
1226	3
1227	0
1228	0
1229	0
1230	0
1231	3
1232	5
1233	0
1234	0
1235	0
1236	0
1237	0
1238	0
1239	0
1240	0
1241	0
1242	0
1243	0
1244	0
1245	0
1246	0
1247	0
1249	5
1250	5
1251	0
1252	0
1253	0
1254	0
1255	0
1256	5
1257	5
1258	5
1259	0
1260	0
1261	0
1263	5
1264	5
1265	5
1266	5
1267	0
1268	5
1269	5
1270	0
1271	5
1272	5
1273	5
1274	5
1275	5
1276	5
1277	5
1278	5
1279	5
1280	5
1281	5
1282	5
1283	0
1284	5
1285	5
1286	5
1287	5
1288	5
1289	5
1290	0
1291	5
1292	5
1293	5
1294	5
1295	2
1296	2
1297	2
1298	2
1299	2
1300	2
1301	2
1302	2
1303	2
1304	2
1305	2
1306	2
1307	5
1308	5
1309	5
1310	5
1311	5
1312	5
1313	5
1314	5
1315	5
1316	5
1317	5
1318	5
1319	5
1320	5
1321	0
1322	0
1323	5
1324	0
1325	0
1326	5
1327	5
1328	5
1329	4
1330	1
1331	1
1332	1
1333	1
1334	5
1335	1
1336	1
1337	1
1338	1
1339	1
1340	1
1341	5
1342	5
1343	0
1344	5
1345	0
1346	5
1347	0
1348	0
1349	4
1350	0
1351	4
1352	4
1353	6
1354	6
1355	0
1356	6
1357	0
1358	4
1359	0
1360	0
1361	0
1362	0
1363	0
1364	0
1365	5
1366	5
1367	5
1368	5
1369	0
1370	5
1371	0
1372	5
1374	0
1375	5
1376	5
1377	0
1378	3
1379	3
1380	0
1381	6
1382	6
1383	6
1384	6
1385	6
1386	0
1387	3
1388	0
1389	0
1390	3
1391	0
1392	0
1393	0
1394	0
1395	0
1396	0
1397	0
1398	0
1399	0
1400	0
1401	0
1402	0
1403	0
1404	0
1405	0
1406	0
1407	0
1408	0
1409	5
1410	0
1411	0
1412	0
1413	0
1414	0
1415	0
1416	0
1417	0
1418	5
1419	5
1420	5
1421	5
1422	5
1423	5
1424	5
1425	0
1426	5
1427	0
1429	0
1432	0
1433	0
1434	0
1435	5
1436	5
1437	5
1438	0
1439	5
1440	5
1441	5
1442	5
1443	5
1444	0
1445	0
1446	0
1447	5
1448	5
1449	5
1450	5
1451	5
1452	5
1453	5
1454	5
1455	5
1456	5
1457	5
1458	5
1459	5
1460	5
1461	5
1462	5
1463	5
1464	5
1465	5
1466	3
1467	0
1468	0
1469	5
1470	5
1471	5
1472	5
1473	5
1474	5
1475	5
1476	4
1477	4
1478	4
1479	4
1480	4
1481	4
1482	4
1483	4
1484	4
1485	4
1486	5
1487	4
1488	4
1489	5
1490	1
1491	1
1492	1
1493	1
1494	1
1495	1
1496	1
1497	1
1498	1
1499	1
1500	1
1501	1
1502	1
1503	1
1504	1
1505	2
1506	0
1507	5
1508	5
1509	5
1510	5
1511	5
1512	5
1513	0
1514	2
1515	2
1516	2
1517	4
1518	4
1519	4
1520	4
1521	4
1522	4
1523	4
1524	4
1525	4
1526	5
1527	5
1528	5
1529	0
1530	0
1531	0
1533	0
1534	5
1535	5
1536	5
1537	5
1538	5
1539	5
1540	5
1541	5
1542	5
1543	5
1544	6
1545	6
1546	6
1547	6
1548	6
1549	3
1550	3
1551	0
1552	6
1553	0
1554	0
1555	0
1556	0
1557	0
1558	0
1559	0
1560	0
1561	0
1562	0
1563	0
1564	0
1565	0
1566	0
1567	0
1568	0
1569	3
1570	5
1571	5
1572	5
1573	5
1574	5
1575	5
1576	0
1577	5
1578	5
1579	5
1580	5
1581	0
1582	5
1584	0
1585	5
1586	5
1587	5
1588	5
1589	0
1590	5
1591	5
1592	0
1593	5
1594	5
1596	5
1597	5
1598	5
1599	0
1600	0
1601	0
1602	0
1603	0
1604	0
1605	0
1606	0
1607	0
1608	0
1609	0
1610	0
1611	0
1612	0
1613	0
1614	0
1615	0
1616	5
1617	5
1618	5
1619	5
1620	5
1621	5
1622	0
1623	5
1624	5
1625	0
1626	2
1627	0
1628	5
1629	5
1630	5
1631	5
1632	5
1633	5
1634	5
1635	0
1636	5
1637	5
1638	5
1639	5
1640	5
1641	5
1642	5
1643	5
1644	5
1645	5
1646	5
1647	5
1648	5
1649	4
1650	4
1651	4
1652	4
1653	4
1654	4
1655	4
1656	4
1657	5
1658	1
1659	1
1660	1
1661	1
1662	1
1663	1
1664	1
1665	1
1666	1
1667	1
1668	1
1669	1
1670	1
1671	1
1672	2
1673	2
1674	2
1675	2
1676	2
1677	2
1678	2
1679	2
1680	2
1681	2
1682	2
1683	2
1684	2
1685	2
1686	2
1687	2
1688	4
1689	4
1690	0
1691	6
1692	6
1693	6
1694	6
1695	6
1696	5
1697	5
1698	5
1699	5
1700	0
1701	2
1702	2
1703	2
1704	0
1705	2
1706	0
1707	5
1708	5
1709	5
1710	5
1711	5
1712	5
1713	5
1714	5
1715	6
1716	6
1717	6
1718	6
1719	6
1720	3
1721	3
1722	3
1723	0
1724	0
1725	0
1726	0
1727	0
1728	0
1729	0
1730	0
1731	5
1732	0
1733	5
1734	5
1735	5
1736	5
1737	5
1738	5
1739	0
1740	5
1741	5
1742	5
1743	5
1744	5
1745	5
1746	5
1747	5
1748	5
1749	0
1750	5
1751	0
1752	5
1753	5
1754	5
1755	5
1756	5
1757	5
1758	5
1759	5
1760	5
1761	5
1762	5
1763	5
1764	0
1765	0
1766	0
1767	0
1769	0
1770	0
1771	0
1772	0
1773	0
1774	0
1775	0
1776	0
1777	0
1778	0
1779	0
1780	0
1781	0
1782	0
1783	0
1784	0
1785	2
1786	2
1787	2
1788	2
1789	0
1790	2
1791	2
1792	2
1793	2
1795	2
1796	2
1797	2
1798	2
1799	2
1800	2
1801	5
1802	5
1803	5
1804	5
1805	5
1806	5
1807	5
1808	5
1809	5
1810	5
1811	5
1812	0
1813	5
1814	5
1815	5
1816	5
1817	5
1818	5
1819	5
1820	5
1821	0
1822	1
1823	1
1824	1
1825	1
1826	1
1827	1
1828	1
1829	1
1830	1
1831	1
1832	1
1833	2
1834	2
1835	2
1836	2
1837	2
1838	2
1839	2
1840	2
1841	2
1842	2
1843	2
1844	2
1845	2
1846	2
1847	2
1848	2
1849	2
1850	6
1851	0
1852	0
1853	0
1854	0
1855	6
1856	6
1857	5
1858	5
1859	5
1860	5
1861	5
1862	5
1863	5
1864	5
1865	5
1866	6
1867	6
1868	0
1869	3
1870	3
1871	3
1872	3
1873	3
1874	0
1875	3
1876	0
1877	3
1878	0
1879	0
1880	0
1881	0
1882	0
1883	0
1884	0
1885	0
1886	0
1887	5
1888	5
1889	5
1890	5
1891	5
1892	3
1893	3
1894	0
1895	5
1896	5
1897	5
1898	5
1899	5
1900	5
1901	5
1902	5
1903	5
1904	5
1905	5
1906	5
1907	5
1908	5
1909	5
1910	5
1911	5
1912	5
1913	5
1914	5
1915	5
1916	5
1917	5
1918	5
1919	5
1920	5
1921	5
1922	5
1923	5
1924	5
1925	0
1926	0
1927	0
1928	0
1929	0
1930	0
1931	0
1932	0
1933	0
1934	0
1935	0
1936	0
1937	0
1938	0
1939	0
1940	0
1941	0
1942	0
1943	0
1944	0
1945	0
1946	0
1947	2
1948	2
1949	2
1950	2
1951	2
1952	2
1953	0
1954	5
1955	5
1956	5
1957	5
1958	5
1959	5
1960	5
1961	0
1962	2
1963	2
1964	2
1965	0
1966	5
1967	0
1968	3
1969	3
1970	5
1971	5
1972	5
1973	0
1974	5
1975	0
1976	0
1977	0
1978	5
1979	4
1980	1
1981	5
1982	0
1983	0
1984	1
1985	1
1986	1
1987	1
1988	1
1989	1
1990	1
1991	1
1992	2
1993	2
1994	2
1995	2
1996	2
1997	2
1998	2
1999	2
2000	2
2001	2
2002	2
2003	2
2004	2
2005	2
2006	2
2007	2
2008	2
2009	2
2010	0
2011	6
2012	6
2013	0
2014	6
2015	6
2016	6
2017	6
2018	0
2019	3
2020	6
2021	6
2022	6
2023	0
2024	0
2025	0
2026	0
2027	0
2028	3
2029	0
2030	3
2031	3
2032	3
2033	0
2034	0
2035	0
2036	0
2037	0
2038	0
2039	0
2040	0
2041	5
2042	5
2043	5
2044	5
2045	5
2046	5
2047	5
2048	5
2049	5
2050	5
2051	5
2052	0
2053	0
2054	0
2055	0
2056	0
2057	5
2058	5
2059	0
2060	0
2061	5
2062	0
2063	5
2064	5
2065	5
2066	5
2067	5
2068	5
2069	5
2070	5
2071	5
2072	5
2073	5
2074	5
2075	5
2076	5
2077	5
2078	0
2079	0
2080	0
2081	0
2082	0
2083	0
2084	0
2085	0
2086	0
2087	0
2088	0
2089	0
2090	0
2091	0
2092	0
2093	0
2094	5
2095	5
2096	5
2097	2
2098	2
2099	2
2100	2
2101	2
2102	2
2103	2
2104	2
2105	2
2106	2
2107	2
2108	2
2109	2
2110	2
2111	2
2112	2
2113	5
2114	5
2115	5
2116	5
2117	5
2118	0
2119	5
2120	0
2121	0
2122	5
2123	0
2124	5
2125	5
2126	0
2127	5
2128	5
2129	5
2130	5
2131	5
2132	5
2133	5
2134	1
2135	1
2136	1
2137	1
2138	1
2139	1
2140	1
2141	2
2142	5
2143	5
2144	5
2145	0
2146	2
2147	0
2148	2
2149	2
2150	2
2151	2
2152	4
2153	5
2154	5
2155	5
2156	1
2157	5
2158	5
2161	3
2162	3
2163	6
2164	6
2165	6
2166	6
2167	6
2168	0
2169	0
2170	4
2171	6
2172	6
2173	6
2174	6
2175	6
2176	6
2177	0
2178	6
2179	6
2180	6
2181	6
2182	3
2183	3
2184	3
2185	3
2186	3
2187	3
2188	3
2189	3
2190	3
2191	3
2192	3
2193	0
2194	0
2195	0
2196	0
2197	0
2198	0
2199	0
2200	0
2201	0
2202	5
2203	5
2204	5
2205	5
2206	0
2207	0
2208	5
2209	5
2210	5
2211	5
2212	5
2213	0
2215	0
2216	0
2217	5
2218	5
2219	5
2220	5
2221	5
2222	5
2223	5
2224	5
2225	5
2226	5
2227	5
2228	5
2229	5
2230	5
2231	5
2232	5
2233	5
2234	5
2235	0
2236	5
2237	5
2238	5
2239	5
2240	5
2241	5
2242	5
2243	0
2244	5
2245	0
2246	5
2247	0
2248	0
2249	5
2250	5
2251	5
2252	5
2253	5
2254	5
2255	0
2256	5
2257	3
2258	0
2259	0
2260	3
2261	3
2262	3
2263	5
2264	3
2265	5
2266	0
2267	0
2268	0
2269	0
2270	5
2271	5
2272	5
2273	5
2274	5
2275	5
2276	5
2277	0
2278	1
2279	1
2280	0
2281	1
2282	0
2283	5
2284	1
2285	5
2286	5
2287	1
2288	1
2289	2
2290	2
2291	2
2292	2
2293	2
2294	2
2295	2
2296	2
2297	2
2298	2
2299	2
2300	2
2301	2
2302	1
2303	6
2304	3
2305	6
2306	6
2307	6
2308	6
2309	0
2310	0
2311	6
2312	6
2313	6
2314	6
2315	6
2316	6
2317	6
2318	0
2319	0
2320	6
2321	6
2322	0
2323	6
2324	0
2325	0
2326	6
2327	6
2328	6
2329	0
2330	6
2331	6
2332	6
2333	6
2334	6
2335	3
2336	3
2337	3
2338	3
2339	3
2340	3
2341	3
2342	3
2343	3
2344	0
2345	0
2346	0
2347	0
2348	0
2349	0
2350	0
2351	0
2352	0
2353	0
2354	0
2355	5
2356	5
2357	5
2358	5
2359	0
2360	5
2361	5
2362	5
2363	0
2364	0
2365	5
2366	0
2367	0
2368	0
2369	0
2370	5
2371	5
2372	5
2373	5
2374	5
2375	5
2376	5
2377	5
2378	5
2379	5
2380	5
2381	0
2382	5
2383	5
2384	0
2385	0
2386	5
2387	5
2388	0
2389	5
2390	5
2391	5
2392	5
2393	5
2394	5
2395	5
2396	5
2397	0
2398	5
2399	5
2400	5
2401	5
2402	5
2403	0
2404	5
2405	5
2406	5
2407	5
2408	5
2409	5
2410	5
2411	5
2412	5
2413	5
2414	5
2415	0
2416	5
2417	5
2418	5
2419	5
2420	5
2421	5
2422	5
2423	5
2424	5
2425	5
2426	0
2427	0
2428	3
2429	5
2430	0
2431	0
2432	5
2433	5
2434	5
2435	0
2436	0
2437	0
2438	5
2439	6
2440	6
2441	3
2442	3
2443	5
2444	4
2445	0
2446	4
2447	4
2448	4
2449	4
2450	4
2451	0
2452	4
2453	4
2454	4
2455	0
2456	0
2457	1
2458	0
2459	0
2460	0
2461	5
2462	5
2463	5
2464	5
2465	0
2466	3
2467	3
2468	6
2469	6
2470	3
2471	6
2472	6
2473	6
2474	6
2475	6
2476	6
2477	6
2478	6
2479	6
2480	0
2481	0
2482	6
2483	6
2484	6
2485	0
2486	6
2487	0
2488	4
2489	6
2490	6
2491	6
2492	6
2493	6
2494	6
2495	3
2496	3
2497	3
2498	3
2499	3
2500	3
2501	3
2502	3
2503	3
2504	3
2505	3
2506	3
2507	3
2508	3
2509	3
2510	5
2511	5
2512	5
2513	5
2514	5
2515	5
2516	5
2517	5
2518	5
2520	0
2521	0
2522	0
2523	5
2524	0
2525	5
2526	5
2527	5
2528	5
2529	0
2530	0
2531	0
2532	0
2533	0
2534	0
2535	5
2536	0
2537	5
2538	0
2539	0
2540	5
2541	0
2542	5
2543	0
2544	0
2545	0
2546	5
2547	5
2548	5
2549	5
2550	5
2551	5
2552	5
2553	5
2554	5
2555	5
2556	5
2557	5
2558	5
2559	5
2560	5
2561	5
2562	5
2563	5
2564	5
2565	5
2566	5
2567	5
2568	5
2569	0
2570	0
2571	5
2572	5
2573	5
2574	5
2575	5
2576	5
2577	5
2578	5
2579	5
2580	5
2581	5
2582	5
2583	5
2584	5
2585	5
2586	0
2587	0
2588	5
2589	5
2590	5
2591	0
2592	3
2593	3
2594	3
2595	5
2596	5
2597	5
2598	3
2599	3
2600	0
2601	3
2602	0
2603	0
2604	0
2605	0
2606	6
2607	4
2608	4
2609	4
2610	4
2611	4
2612	4
2613	4
2614	4
2615	4
2616	5
2617	5
2618	0
2619	5
2620	5
2621	5
2622	5
2623	5
2624	5
2625	5
2626	5
2627	0
2628	1
2629	0
2630	0
2631	0
2632	6
2633	3
2634	5
2635	6
2636	6
2637	0
2638	6
2639	0
2640	6
2641	6
2642	0
2643	6
2644	6
2645	1
2646	0
2647	6
2648	6
2649	3
2650	3
2651	3
2652	6
2653	3
2654	3
2655	3
2656	3
2657	3
2658	0
2659	0
2660	5
2661	3
2662	0
2663	5
2664	5
2665	5
2666	5
2667	3
2668	0
2669	5
2670	0
2671	5
2672	5
2673	5
2674	5
2675	5
2676	5
2677	5
2678	5
2679	5
2680	5
2681	5
2682	5
2683	5
2684	0
2685	0
2686	0
2687	0
2688	0
2689	0
2690	0
2691	0
2692	0
2693	0
2694	0
2695	0
2696	0
2697	5
2698	5
2699	5
2700	5
2701	5
2702	5
2703	5
2704	5
2705	0
2706	5
2707	5
2708	0
2710	0
2711	0
2712	0
2713	0
2714	0
2715	0
2716	0
2717	0
2718	0
2719	0
2720	0
2721	0
2722	5
2723	5
2724	5
2725	5
2726	5
2727	5
2728	5
2729	5
2730	5
2731	5
2732	5
2733	5
2734	5
2735	5
2736	5
2737	5
2738	5
2739	5
2740	5
2741	0
2742	5
2743	0
2744	5
2745	5
2746	0
2747	5
2748	5
2749	5
2750	5
2751	5
2752	5
2753	5
2754	3
2755	3
2756	3
2757	3
2758	4
2759	6
2760	6
2761	0
2762	0
2763	4
2764	1
2765	4
2766	4
2767	4
2768	4
2769	4
2770	4
2771	4
2772	4
2773	4
2774	4
2775	4
2776	4
2777	6
2778	5
2779	2
2780	2
2781	2
2782	0
2783	5
2784	2
2785	2
2786	2
2787	2
2788	2
2789	2
2790	2
2791	2
2792	2
2793	5
2794	5
2795	5
2796	0
2797	5
2798	0
2799	0
2800	5
2801	6
2802	1
2803	6
2804	6
2805	6
2806	6
2807	6
2808	6
2809	6
2810	1
2811	0
2812	0
2813	0
2814	0
2815	0
2816	1
2817	1
2818	3
2819	0
2820	5
2821	0
2822	3
2823	3
2824	3
2825	0
2826	3
2827	3
2828	3
2829	0
2830	3
2831	3
2832	3
2833	3
2834	3
2835	5
2836	0
2837	0
2838	0
2839	0
2840	0
2841	0
2842	0
2843	0
2844	0
2845	0
2846	0
2847	0
2848	4
2849	4
2850	4
2851	4
2852	4
2853	0
2854	5
2855	5
2856	5
2857	5
2858	5
2859	5
2860	5
2861	5
2862	5
2863	5
2864	5
2865	5
2866	5
2867	0
2868	0
2869	5
2870	5
2871	5
2872	5
2873	5
2874	0
2875	0
2876	0
2877	0
2878	0
2879	0
2880	0
2881	0
2882	0
2883	0
2884	0
2885	0
2886	0
2887	0
2888	0
2889	0
2890	0
2891	0
2892	0
2893	5
2894	5
2895	5
2896	5
2897	5
2898	5
2899	5
2900	5
2901	5
2902	5
2903	5
2904	5
2905	5
2906	5
2907	0
2908	5
2909	5
2910	5
2911	5
2912	5
2913	5
2914	5
2915	5
2916	5
2917	5
2918	5
2919	5
2920	5
2921	5
2922	5
2923	0
2924	6
2925	4
2926	0
2927	3
2928	0
2929	4
2930	3
2931	0
2932	4
2933	4
2934	1
2935	1
2936	5
2937	5
2938	5
2939	4
2940	4
2941	5
2942	5
2943	4
2944	5
2945	5
2946	5
2947	5
2948	5
2949	5
2950	5
2951	5
2952	5
2953	1
2954	1
2955	0
2956	0
2957	0
2958	5
2959	0
2960	1
2961	6
2962	6
2964	4
2965	0
2966	5
2967	6
2968	6
2969	6
2970	6
2971	6
2972	6
2973	0
2974	1
2975	0
2976	1
2977	1
2978	1
2979	1
2980	3
2981	3
2982	0
2983	0
2984	3
2985	3
2986	3
2987	3
2988	3
2989	3
2990	3
2991	3
2992	3
2993	3
2994	3
2995	0
2996	4
2997	4
2998	4
2999	4
3000	4
3001	1
3002	1
3003	1
3004	1
3005	1
3006	1
3007	5
3008	0
3009	5
3010	5
3011	5
3012	5
3013	5
3014	5
3015	5
3016	5
3017	5
3018	5
3019	5
3020	5
3021	5
3022	5
3023	5
3024	5
3025	5
3026	5
3027	5
3028	5
3029	5
3030	5
3031	5
3032	5
3033	5
3034	5
3035	5
3036	5
3037	5
3038	5
3039	5
3040	5
3041	0
3042	0
3043	0
3044	0
3045	0
3046	0
3047	0
3048	0
3049	0
3050	0
3051	0
3052	0
3053	0
3054	0
3055	0
3056	0
3057	0
3058	0
3059	0
3060	0
3061	0
3062	0
3063	0
3064	5
3065	5
3066	5
3067	5
3068	5
3069	5
3070	5
3071	5
3072	5
3073	0
3074	0
3075	0
3076	0
3077	0
3078	5
3079	5
3080	5
3081	5
3082	5
3083	5
3084	5
3085	0
3086	5
3087	5
3088	5
3089	5
3090	5
3091	5
3092	5
3093	4
3094	0
3095	0
3096	0
3097	0
3098	5
3099	5
3100	5
3101	5
3102	5
3103	5
3104	5
3105	5
3106	5
3107	5
3108	5
3109	5
3110	5
3111	5
3112	5
3113	1
3114	1
3115	4
3116	4
3117	4
3118	1
3119	0
3120	1
3121	0
3122	0
3123	0
3124	0
3125	0
3126	5
3127	3
3128	5
3129	4
3130	5
3131	3
3132	6
3133	0
3135	5
3136	6
3137	6
3138	6
3139	6
3140	6
3141	6
3142	1
3143	1
3144	1
3145	1
3146	1
3147	1
3148	3
3149	0
3150	5
3151	0
3152	0
3153	3
3154	3
3155	0
3156	3
3157	3
3158	0
3159	0
3160	0
3161	3
3162	3
3163	1
3164	1
3165	1
3166	1
3167	1
3168	1
3169	0
3170	5
3171	0
3172	5
3173	5
3174	5
3175	5
3176	5
3177	5
3178	5
3179	0
3180	0
3181	0
3184	0
3185	0
3186	0
3187	5
3188	5
3189	5
3190	5
3191	5
3192	5
3193	5
3194	5
3195	5
3196	5
3197	5
3198	5
3199	5
3200	5
3201	5
3202	0
3203	0
3204	0
3205	0
3206	0
3212	0
3213	0
3214	0
3215	0
3216	0
3217	0
3218	5
3219	0
3220	5
3221	5
3222	5
3223	5
3224	5
3225	5
3226	5
3227	0
3228	0
3229	5
3230	5
3231	5
3232	5
3233	0
3234	5
3235	5
3236	0
3237	5
3238	0
3239	0
3240	0
3241	5
3242	0
3243	5
3244	5
3245	5
3246	5
3247	5
3248	5
3249	5
3250	5
3251	5
3252	5
3253	5
3254	5
3255	5
3256	5
3257	5
3258	5
3259	5
3260	5
3261	5
3262	5
3263	4
3264	1
3265	0
3266	1
3267	1
3268	4
3269	4
3270	4
3271	4
3272	0
3273	0
3274	5
3275	5
3276	5
3277	5
3278	5
3279	0
3280	0
3281	3
3282	6
3284	0
3285	0
3286	0
3287	3
3288	1
3289	3
3292	5
3293	6
3294	6
3295	6
3296	4
3297	0
3298	0
3299	1
3300	1
3301	0
3302	3
3303	0
3304	3
3305	3
3306	3
3307	3
3308	3
3309	3
3310	3
3311	0
3312	3
3313	3
3314	3
3315	3
3316	3
3317	3
3318	3
3319	3
3320	3
3321	3
3322	0
3323	0
3324	0
3325	0
3326	5
3327	5
3328	5
3329	5
3330	5
3331	0
3332	0
3333	5
3334	5
3335	5
3336	5
3337	5
3338	5
3339	5
3340	5
3341	5
3342	5
3343	5
3344	5
3345	5
3346	5
3347	5
3348	5
3350	0
3351	0
3352	0
3353	0
3355	5
3356	0
3357	5
3358	5
3359	0
3360	0
3361	5
3362	5
3363	5
3364	5
3365	5
3366	5
3367	5
3368	5
3369	5
3370	5
3371	5
3372	5
3373	5
3374	0
3375	0
3376	0
3377	2
3378	0
3379	0
3380	0
3381	0
3382	0
3383	0
3384	0
3385	0
3386	0
3387	2
3388	0
3389	0
3390	0
3391	0
3392	2
3393	0
3394	0
3395	0
3396	0
3397	0
3398	0
3399	0
3400	5
3401	5
3402	5
3403	5
3404	5
3405	5
3406	5
3407	0
3408	5
3409	5
3410	5
3411	0
3412	4
3413	4
3414	4
3415	4
3416	0
3417	4
3418	4
3419	4
3420	4
3421	4
3422	4
3423	4
3424	4
3425	4
3426	4
3427	4
3428	4
3429	4
3430	0
3431	0
3432	0
3433	0
3434	5
3435	5
3436	5
3437	5
3438	5
3439	3
3440	0
3441	0
3442	2
3443	5
3444	0
3445	2
3446	5
3447	6
3448	5
3449	6
3450	0
3451	0
3452	0
3453	0
3454	0
3455	4
3456	4
3457	0
3458	4
3459	0
3460	3
3461	6
3462	3
3463	3
3464	3
3465	3
3466	3
3467	3
3468	3
3469	3
3470	3
3471	3
3472	3
3473	0
3474	0
3475	3
3476	0
3477	3
3478	0
3479	3
3480	3
3481	0
3482	0
3483	0
3484	3
3485	0
3486	0
3487	0
3488	0
3489	0
3490	0
3491	0
3492	0
3493	0
3494	0
3495	0
3496	5
3497	5
3498	5
3499	5
3500	5
3501	5
3502	5
3503	5
3504	0
3505	5
3506	5
3507	5
3508	5
3509	5
3510	0
3513	0
3514	5
3515	5
3516	5
3517	5
3518	0
3519	5
3520	5
3521	5
3522	5
3523	5
3524	5
3525	0
3526	5
3527	5
3528	0
3529	0
3530	0
3531	0
3533	0
3534	5
3535	5
3536	5
3537	5
3538	0
3539	5
3540	5
3541	5
3542	5
3543	5
3544	5
3545	0
3546	0
3547	0
3548	0
3549	0
3550	0
3551	0
3552	0
3553	0
3554	0
3555	0
3556	0
3557	0
3558	5
3559	5
3560	5
3561	5
3562	0
3563	5
3564	0
3565	0
3566	5
3567	5
3568	5
3569	5
3570	5
3571	0
3572	5
3573	5
3574	0
3575	5
3576	5
3577	5
3578	4
3579	0
3580	0
3581	4
3582	0
3583	4
3584	0
3585	4
3586	4
3587	4
3588	0
3589	0
3590	0
3591	4
3592	1
3593	1
3594	5
3595	5
3596	5
3597	5
3598	5
3599	5
3600	5
3601	0
3602	0
3603	5
3604	6
3605	3
3606	6
3607	6
3608	1
3609	5
3610	5
3611	5
3612	5
3614	6
3615	5
3616	0
3617	0
3618	4
3619	4
3620	4
3621	4
3622	3
3623	3
3624	3
3625	3
3626	3
3627	6
3628	6
3629	6
3630	6
3631	6
3632	6
3633	3
3634	0
3635	6
3636	3
3637	3
3638	3
3639	3
3640	3
3641	0
3642	0
3643	0
3644	0
3645	0
3646	0
3647	0
3648	0
3649	0
3650	5
3651	0
3652	0
3653	5
3654	0
3655	0
3656	0
3657	5
3658	5
3659	5
3660	5
3661	5
3662	5
3663	5
3664	5
3665	5
3666	0
3667	0
3668	0
3669	0
3670	5
3671	5
3672	5
3673	5
3674	5
3675	5
3676	5
3677	0
3678	5
3679	5
3680	5
3681	0
3682	0
3684	0
3685	5
3686	5
3687	5
3688	5
3689	5
3690	5
3691	5
3692	5
3693	5
3694	5
3695	5
3696	5
3697	0
3698	5
3699	0
3700	5
3701	5
3702	5
3703	5
3704	5
3705	5
3706	5
3707	5
3708	5
3709	5
3710	5
3711	5
3712	5
3713	5
3715	0
3717	0
3718	0
3719	0
3720	0
3721	0
3722	2
3723	2
3724	2
3725	2
3726	5
3727	5
3728	5
3729	0
3730	5
3731	5
3732	5
3733	5
3734	5
3735	0
3736	5
3737	5
3738	5
3739	5
3740	0
3741	5
3742	1
3743	1
3744	1
3745	1
3746	1
3747	1
3748	1
3749	1
3750	1
3751	1
3752	1
3753	1
3754	1
3755	1
3756	5
3757	5
3758	5
3759	5
3760	5
3761	5
3762	5
3763	5
3764	5
3768	0
3769	5
3770	5
3771	4
3772	4
3773	0
3774	4
3775	4
3776	4
3777	3
3778	3
3779	0
3780	0
3781	0
3782	0
3783	0
3784	0
3785	0
3786	0
3787	0
3788	0
3789	0
3790	0
3791	0
3792	0
3793	0
3794	0
3795	0
3796	0
3797	0
3798	0
3799	0
3800	0
3801	0
3802	0
3803	0
3804	0
3805	0
3806	0
3807	0
3808	0
3809	0
3810	0
3811	0
3812	0
3813	0
3814	0
3815	0
3816	0
3817	0
3818	0
3819	0
3820	0
3821	0
3822	0
3823	0
3824	0
3825	0
3826	0
3827	0
3828	0
3829	0
3830	0
3831	0
3832	0
3833	0
3834	0
3835	0
3836	0
3837	0
3838	0
3839	0
3840	0
3841	0
3842	0
3843	0
3844	0
3845	0
3846	0
3847	0
3848	0
3849	0
3850	0
3851	0
3852	0
3853	0
3854	0
3855	0
3856	0
3857	0
3858	7
3859	7
3860	0
3861	7
3862	0
3863	0
3864	0
3865	0
3866	0
3867	0
3868	0
3869	0
3870	0
3871	7
3872	0
3873	7
3874	0
3875	0
3876	0
3877	7
3878	0
3879	0
3880	0
3883	0
3884	0
3885	0
3886	0
3887	0
3888	0
3889	0
3890	0
3892	0
3893	0
3894	0
3897	0
3898	0
3899	0
3900	0
3901	0
3902	0
3903	0
3904	0
3905	0
3906	0
3907	0
3908	0
3909	0
3910	0
3911	0
3912	0
3913	7
3914	0
3915	0
3916	0
3917	0
3918	0
3919	0
3920	0
3921	0
3922	0
3923	0
3924	0
3925	0
3926	0
3927	0
3928	0
3929	0
3930	0
3931	0
3932	0
3933	0
3934	0
3935	0
3936	0
3937	0
3938	0
3939	0
3940	0
3941	0
3942	0
3943	0
3944	0
3945	0
3946	0
3947	0
3948	0
3949	7
3950	0
3951	0
3952	0
3953	0
3954	0
3955	0
3956	0
3957	0
3958	0
3959	0
3960	7
3961	0
3962	0
3963	7
3964	7
3965	7
3966	7
3967	7
3968	0
3969	7
3970	0
3971	0
3972	0
3973	0
3974	0
3975	0
3976	0
3977	0
3978	0
3979	0
3980	7
3981	0
3982	0
3983	0
3985	0
3986	0
3987	6
3988	6
3989	6
3990	6
3991	6
3992	6
3993	6
3994	0
3995	0
3996	6
3997	0
3998	6
3999	6
4000	6
4001	0
4002	6
4003	6
4004	6
4005	6
4006	0
4007	6
4008	6
4009	6
4010	6
4011	6
4012	0
4013	6
4014	6
4015	6
4016	6
4017	6
4018	6
4019	6
4020	6
4021	0
4022	6
4023	6
4024	6
4025	6
4026	0
4027	6
4028	6
4029	6
4030	6
4031	6
4032	6
4033	6
4034	6
4035	6
4036	6
4037	0
4038	6
4039	6
4040	6
4041	6
4042	6
4043	0
4044	6
4045	6
4046	0
4047	6
4048	0
4049	0
4050	0
4051	0
4052	0
4053	0
4054	0
4055	0
4056	0
4057	0
4058	0
4059	0
4060	0
4061	0
4062	0
4063	0
4064	0
4065	0
4066	0
4067	0
4068	0
4069	0
4070	0
4071	0
4072	0
4073	0
4074	0
4075	0
4076	0
4077	0
4078	0
4079	7
4080	7
4081	0
4082	7
4083	7
4084	7
4085	7
4086	7
4087	7
4088	7
4089	7
4090	7
4091	7
4092	7
4093	7
4094	7
4095	7
4096	7
4097	7
4098	7
4099	7
4100	0
4101	7
4102	0
4103	7
4104	7
4105	7
4106	0
4107	7
4108	7
4109	7
4110	0
4111	7
4112	7
4113	0
4114	0
4115	0
4116	7
4117	7
4118	7
4119	7
4120	7
4121	7
4122	0
4123	0
4124	7
4125	7
4126	6
4127	7
4128	7
4129	6
4130	7
4131	0
4132	7
4133	7
4134	0
4135	0
4136	7
4137	7
4138	7
4139	7
4140	7
4141	7
4142	7
4143	7
4144	7
4145	7
4146	7
4147	7
4148	7
4149	7
4150	0
4151	7
4152	7
4153	7
4154	7
4155	7
4156	0
4157	7
4158	7
4159	7
4160	0
4161	0
4162	0
4163	0
4164	0
4165	0
4166	0
4167	0
4168	0
4169	0
4170	0
4171	0
4172	0
4173	0
4174	0
4175	0
4176	0
4177	0
4178	0
4179	0
4180	0
4181	0
4182	0
4183	0
4184	0
4185	0
4186	0
4187	0
4188	0
4189	0
4190	0
4191	0
4192	0
4193	0
4194	0
4195	0
4196	0
4197	0
4198	0
4199	0
4200	0
4201	0
4202	0
4203	0
4204	0
4205	0
4206	0
4207	0
4208	0
4209	0
4210	0
4211	0
4212	7
4213	0
4214	0
4215	7
4216	7
4217	0
4218	0
4219	7
4220	0
4221	0
4222	0
4223	0
4224	0
4225	0
4226	7
4227	0
4228	0
4229	7
4230	7
4231	0
4232	0
4233	0
4234	7
4235	7
4236	0
4237	7
4238	7
4239	7
4240	0
4241	0
4242	0
4243	7
4244	7
4245	7
4246	7
4247	7
4248	7
4249	7
4250	7
4251	7
4252	7
4253	7
4254	7
4255	0
4256	0
4257	7
4258	0
4259	0
4260	0
4261	7
4262	7
4263	7
4264	7
4265	7
4266	0
4267	0
4268	0
4269	0
4270	0
4271	0
4272	0
4273	0
4274	0
4275	0
4276	0
4277	0
4278	0
4279	0
4280	0
4281	0
4282	0
4283	8
4284	8
4285	8
4286	0
4287	0
4288	0
4289	0
4290	8
4291	8
4292	8
4293	0
4294	0
4295	0
4296	0
4297	0
4298	0
4299	0
4300	0
4301	0
4302	0
4303	0
4304	0
4305	0
4306	0
4307	0
4308	0
4309	0
4310	0
4311	0
4312	0
4313	0
4314	0
4315	0
4316	0
4317	0
4318	0
4319	0
4320	0
4321	0
4322	0
4323	0
4324	0
4325	0
4326	0
4327	0
4328	0
4329	8
4330	8
4331	8
4332	0
4333	0
4334	8
4335	0
4336	8
4337	0
4338	0
4339	8
4340	0
4341	8
4342	0
4343	8
4344	0
4345	8
4346	0
4347	0
4348	0
4349	0
4350	8
4351	8
4352	0
4353	0
4354	0
4355	0
4356	0
4357	0
4358	0
4359	0
4360	0
4361	0
4362	0
4363	0
4364	0
4365	8
4366	0
4367	0
4368	0
4369	0
4370	0
4371	8
4372	0
4373	0
4374	8
4375	0
4376	8
4377	0
4378	0
4379	8
4380	0
4381	0
4382	0
4383	0
4384	0
4385	0
4386	0
4387	0
4388	0
4389	0
4390	0
4391	0
4392	0
4393	0
4394	0
4395	0
4396	8
4397	8
4398	0
4399	0
4400	0
4401	0
4402	8
4403	8
4404	0
4405	0
4406	0
4407	0
4408	0
4409	0
4410	0
4411	0
4412	0
4413	0
4414	0
4415	0
4416	0
4417	0
4418	0
4419	0
4420	0
4421	0
4422	0
4423	0
4424	0
4425	0
4426	0
4427	0
4428	0
4429	0
4430	0
4431	0
4432	0
4433	0
4434	0
4435	0
4436	0
4437	0
4438	0
4439	0
4440	8
4441	0
4442	0
4443	8
4444	0
4445	0
4446	0
4447	0
4448	0
4449	0
4450	0
4451	0
4452	0
4453	0
4454	0
4455	0
4456	0
4457	8
4458	0
4459	8
4460	0
4461	0
4462	0
4463	0
4464	8
4465	0
4466	0
4467	8
4468	0
4469	8
4470	8
4471	0
4472	8
4473	8
4474	0
4475	0
4476	0
4477	0
4478	0
4479	0
4480	0
4481	0
4482	0
4483	0
4484	0
4485	0
4486	0
4487	0
4488	0
4489	0
4490	0
4496	7
4497	7
4498	7
4499	7
4500	7
4501	7
4502	7
4503	7
4504	7
4510	0
4511	0
4512	0
4513	7
4514	7
4515	7
4516	7
4517	7
4518	7
4519	7
4520	7
4521	7
4522	7
4523	7
4524	7
4525	0
4526	7
4527	0
4528	0
4529	0
4530	0
4531	0
4532	0
4533	0
4534	0
4535	0
4536	0
4537	0
4538	0
4539	0
4540	0
4541	0
4542	0
4543	0
4544	0
4545	0
4546	0
4547	0
4548	0
4549	0
4550	0
4551	0
4552	0
4553	0
4554	0
4555	0
4556	0
4557	0
4558	0
4559	0
4560	0
4561	0
4562	0
4563	0
4564	0
4565	0
4566	0
4567	0
4568	0
4569	0
4570	0
4571	0
4572	0
4573	0
4574	6
4575	6
4576	6
4577	0
4578	0
4579	0
4580	0
4581	0
4582	0
4583	0
4584	0
4585	0
4586	0
4587	0
4588	0
4589	3
4590	0
4591	3
4592	0
4596	0
4597	0
4599	0
4600	0
4601	0
4602	0
4603	0
4607	0
4608	0
4609	0
4610	0
4611	0
4612	0
4613	0
4614	0
4615	0
4616	0
4617	0
4618	0
4619	0
4620	0
4621	6
4622	6
4623	0
4624	6
4625	6
4626	6
4627	0
4628	0
4629	0
4630	0
4631	0
4632	0
4633	0
4634	0
4635	0
4636	0
4637	0
4638	0
4639	0
4640	0
4641	0
4642	0
4643	0
4644	0
4645	0
4646	0
4647	0
4648	0
4649	0
4650	0
4651	0
4652	3
4653	0
4654	0
4655	0
4656	0
4657	0
4658	3
4659	3
4660	0
4661	0
4662	0
4663	6
4664	0
4665	0
4666	0
4667	0
4668	0
4669	0
4670	0
4671	0
4672	0
4673	0
4674	0
4675	6
4676	6
4677	6
4678	0
4679	0
4680	0
4681	0
4682	0
4683	3
4684	0
4685	0
4686	0
4687	0
4688	0
4689	0
4690	0
4691	0
4692	0
4693	0
4694	0
4695	0
4696	0
4697	0
4698	0
4699	0
4700	0
4701	0
4702	0
4703	0
4704	0
4705	0
4706	0
4707	0
4708	0
4709	0
4710	0
4711	0
4712	0
4713	0
4714	0
4715	0
4716	0
4717	0
4718	0
4719	0
4720	0
4721	0
4722	6
4723	0
4724	0
4725	0
4726	0
4727	0
4728	0
4729	0
4730	0
4731	0
4732	0
4733	0
4734	0
4735	0
4736	0
4737	0
4738	0
4739	0
4740	0
4741	0
4742	0
4743	0
4744	0
4745	0
4746	0
4747	6
4748	0
4749	0
4750	0
4751	0
4752	0
4753	0
4754	0
4755	0
4756	0
4757	0
4758	0
4759	0
4760	0
4761	0
4762	0
4763	0
4764	0
4765	0
4766	0
4767	0
4768	0
4769	0
4770	0
4771	0
4772	0
4773	0
4774	0
4775	0
4776	0
4777	0
4778	0
4779	0
4780	0
4781	0
4782	0
4783	0
4784	0
4785	0
4786	0
4787	0
4788	0
4789	0
4790	0
4791	0
4792	0
4793	0
4794	0
4795	0
4796	0
4797	0
4798	0
4799	0
4800	0
4801	0
4802	0
4803	0
4804	0
4805	0
4806	0
4807	0
4808	0
4809	0
4810	0
4811	0
4812	0
4813	0
4815	0
4816	0
4817	0
4818	0
4819	0
4820	0
4821	0
4822	0
4823	0
4826	0
4827	0
4828	0
4829	0
4830	0
4831	0
4832	0
4833	0
4834	0
4835	0
4836	0
4837	0
4838	0
4839	0
4840	0
4841	0
4842	0
4843	0
4844	0
4845	0
4846	0
4847	0
4848	0
4849	0
4850	0
4851	0
4852	0
4853	0
4854	0
4855	0
4856	0
4857	0
4858	0
4859	0
4860	0
4861	0
4862	0
4863	0
4864	0
4865	0
4866	0
4867	0
4868	0
4869	0
4870	0
4871	0
4872	6
4873	6
4874	6
4875	6
4876	0
4877	0
4878	0
4879	0
4880	0
4881	0
4882	0
4883	0
4884	0
4885	0
4886	0
4887	0
4888	0
4889	0
4890	0
4891	0
4892	0
4893	0
4894	0
4895	0
4896	0
4897	0
4898	0
4899	0
4900	0
4901	6
4902	6
4903	6
4904	6
4905	6
4906	6
4907	6
4908	6
4909	6
4910	6
4911	6
4912	0
4913	0
4914	6
4915	6
4916	0
4917	0
4918	6
4919	0
4920	0
4921	0
4922	0
4923	0
4924	0
4925	0
4926	6
4927	6
4928	0
4929	6
4930	6
4931	0
4932	6
4933	6
4934	6
4935	0
4936	0
4937	0
4938	0
4939	6
4940	0
4941	0
4942	6
4943	0
4944	0
4945	0
4946	0
4947	0
4948	0
4949	0
4950	0
4951	0
4953	0
4954	0
4955	0
4956	0
4958	0
4959	0
4961	0
4966	0
4968	8
4969	8
4970	8
4971	8
4972	8
4973	8
4974	8
4975	8
4976	8
4977	8
4978	8
4979	8
4980	8
4981	8
4982	8
4983	8
4984	8
4985	8
4986	8
4987	8
4988	8
4989	8
4990	8
4991	8
4992	8
4993	8
4994	8
4995	8
4996	8
4997	8
4998	8
4999	8
5000	8
5001	8
5002	8
5003	8
5004	8
5005	8
5006	8
5007	8
5008	8
5009	8
5010	8
5011	8
5012	8
5013	8
5014	8
5015	8
5016	8
5017	8
5018	8
5019	8
5020	8
5021	8
5022	0
5023	0
5024	8
5025	8
5026	8
5027	8
5028	8
5029	8
5030	8
5031	8
5032	8
5033	8
5034	8
5035	8
5036	8
5037	0
5038	0
5039	0
5040	0
5041	0
5042	0
5043	0
5044	0
5045	0
5046	0
5047	0
5048	8
5049	0
5050	8
5051	0
5052	8
5053	0
5054	0
5055	0
5058	8
5059	8
5063	0
5066	8
5067	8
5068	8
5069	8
5070	8
5071	8
5072	8
5073	8
5074	8
5075	8
5076	8
5077	8
5078	8
5079	8
5080	8
5081	8
5082	8
5083	8
5084	8
5085	8
5086	8
5087	8
5088	8
5089	8
5090	8
5091	8
5092	0
5093	0
5094	0
5095	0
5096	0
5097	0
5098	0
5099	0
5100	0
5101	0
5102	0
5103	0
5104	0
5105	0
5106	0
5107	0
5108	0
5109	7
5110	0
5111	0
5112	0
5113	0
5114	0
5115	0
5116	0
5117	0
5118	7
5119	9
5120	9
5121	9
5122	9
5123	9
5124	9
5125	9
5126	0
5127	5
5128	9
5129	9
5130	9
5131	0
5132	9
5133	9
5134	0
5135	0
5136	0
5137	9
5138	9
5139	9
5140	9
5141	9
5142	9
5143	0
5144	0
5145	9
5146	9
5147	8
5148	8
5149	0
5150	9
5151	9
5152	0
5153	0
5154	0
5155	9
5156	9
5157	0
5158	9
5159	9
5160	8
5161	8
5162	0
5163	9
5164	9
5165	9
5166	9
5167	9
5168	9
5169	9
5170	9
5171	9
5172	9
5173	8
5174	0
5175	2
5176	0
5177	0
5178	8
5179	9
5180	9
5181	0
5182	9
5183	9
5184	8
5185	9
5186	0
5187	9
5188	0
5189	0
5190	8
5191	9
5192	9
5193	0
5194	0
5195	0
5196	0
5197	9
5198	0
5199	0
5200	0
5201	0
5202	9
5203	0
5204	9
5205	9
5206	9
5207	9
5208	0
5209	0
5210	9
5211	0
5212	9
5213	8
5214	8
5215	8
5216	9
5217	0
5218	9
5219	9
5220	9
5221	9
5222	9
5223	9
5224	9
5225	8
5226	9
5227	9
5228	8
5229	8
5230	9
5231	9
5232	9
5233	9
5234	9
5235	9
5236	9
5237	9
5238	8
5239	8
5240	0
5241	0
5242	9
5243	0
5244	0
5245	9
5246	0
5247	9
5248	9
5249	9
5250	9
5251	9
5252	0
5253	0
5254	8
5255	2
5256	9
5257	9
5258	9
5259	9
5260	9
5261	9
5262	9
5263	9
5264	9
5265	9
5266	9
5267	0
5268	2
5269	2
5270	2
5271	2
5272	9
5273	9
5274	9
5275	9
5276	9
5277	9
5278	9
5279	9
5280	0
5281	9
5282	9
5283	9
5284	9
5285	2
5286	9
5287	9
5288	9
5289	9
5290	9
5291	9
5292	6
5293	2
5294	9
5295	9
5296	9
5297	0
5298	9
5299	8
5300	0
5301	9
5302	8
5303	9
5304	9
5305	9
5306	0
5307	9
5308	9
5309	9
5310	9
5311	0
5312	2
5313	0
5314	2
5315	8
5316	9
5317	0
5318	0
5319	9
5320	0
5321	0
5322	8
5324	0
5325	8
5326	8
5327	9
5328	0
5329	0
5330	9
5331	9
5332	9
5333	0
5334	8
5335	0
5336	2
5337	2
5338	0
5339	2
5340	0
5341	2
5342	0
5343	9
5344	9
5345	9
5346	0
5347	0
5348	8
5349	9
5350	8
5351	9
5352	0
5353	8
5354	9
5355	9
5356	9
5357	8
5358	9
5359	9
5360	9
5361	9
5362	9
5363	9
5364	9
5365	9
5366	0
5367	0
5368	9
5369	0
5370	5
5371	0
5372	9
5373	0
5374	0
5375	0
5376	9
5377	8
5378	9
5379	9
5380	9
5381	0
5382	9
5383	0
5384	9
5385	8
5386	2
5387	2
5388	2
5389	2
5390	2
5391	0
5392	9
5393	9
5394	9
5395	0
5396	9
5397	0
5398	8
5399	9
5400	8
5401	8
5402	8
5403	2
5404	2
5405	2
5406	2
5407	2
5408	2
5409	5
5410	0
5411	0
5412	9
5413	0
5414	0
5415	9
5416	9
5417	9
5418	0
5419	9
5420	0
5421	9
5422	9
5423	9
5424	0
5425	0
5426	9
5427	9
5428	0
5429	2
5430	2
5431	2
5432	2
5433	2
5434	0
5435	0
5436	9
5437	2
5438	2
5439	2
5440	2
5441	2
5442	9
5443	6
5444	6
5445	9
5446	0
5447	2
5448	2
5449	2
5450	2
5451	2
5452	2
5453	2
5454	0
5455	5
5456	8
5457	9
5458	9
5459	0
5460	9
5461	9
5462	9
5463	9
5464	0
5465	0
5466	9
5467	0
5468	0
5469	0
5470	9
5471	0
5472	8
5473	8
5474	0
5475	9
5476	0
5477	9
5478	9
5479	8
5480	8
5481	9
5482	0
5483	9
5484	9
5485	9
5486	2
5487	0
5488	0
5489	0
5490	2
5491	0
5492	9
5493	8
5494	9
5495	9
5496	0
5497	0
5498	8
5499	8
5500	9
5501	9
5502	2
5503	2
5504	2
5505	2
5506	2
5507	0
5508	9
5509	9
5510	0
5511	9
5512	8
5513	8
5514	8
5515	8
5516	0
5517	9
5518	0
5519	8
5520	2
5521	9
5522	8
5523	9
5524	9
5525	9
5526	2
5527	0
5528	9
5529	8
5530	9
5531	9
5532	0
5533	9
5534	0
5535	9
5536	0
5537	9
5538	9
5539	9
5540	2
5541	2
5542	2
5543	2
5544	2
5545	0
5546	9
5547	0
5548	9
5549	6
5550	0
5551	9
5552	0
5553	2
5554	2
5555	2
5556	8
5557	8
5558	8
5559	8
5560	8
5561	9
5562	0
5563	9
5564	9
5565	9
5566	9
5567	9
5568	0
5569	9
5570	0
5571	8
5572	9
5573	9
5574	8
5575	9
5576	9
5577	9
5578	9
5579	9
5580	9
5581	2
5582	2
5583	2
5584	2
5585	2
5586	9
5587	0
5588	9
5589	9
5590	9
5591	9
5592	9
5593	9
5594	9
5595	9
5596	2
5597	2
5598	2
5599	2
5600	2
5601	8
5602	8
5603	8
5604	8
5605	8
5606	8
5607	8
5608	0
5609	0
5610	8
5611	9
5612	8
5613	9
5614	8
5615	9
5616	0
5617	0
5618	0
5619	0
5620	8
5621	9
5622	9
5623	9
5624	9
5625	9
5626	0
5627	9
5628	9
5629	9
5630	9
5631	0
5632	9
5633	9
5634	9
5635	9
5636	9
5637	2
5638	2
5639	2
5640	2
5641	0
5642	9
5643	9
5644	9
5645	9
5646	9
5647	9
5648	0
5649	9
5650	9
5651	9
5652	0
5653	0
5654	0
5655	0
5656	2
5657	2
5658	9
5659	9
5660	2
5661	9
5662	8
5663	9
5664	8
5665	0
5666	9
5667	9
5668	0
5669	2
5670	0
5671	0
5672	9
5673	9
5674	9
5675	8
5676	9
5677	8
5678	9
5679	9
5680	9
5681	9
5682	9
5683	9
5684	9
5685	9
5686	8
5687	0
5688	5
5689	0
5690	9
5691	0
5692	9
5693	9
5694	9
5695	9
5696	9
5697	9
5698	9
5699	2
5700	2
5701	2
5702	2
5703	2
5704	2
5705	9
5706	9
5707	9
5708	9
5709	0
5710	0
5711	9
5712	9
5713	0
5714	0
5715	9
5716	0
5717	8
5718	9
5719	9
5720	0
5721	8
5722	9
5723	0
5725	9
5726	9
5727	9
5728	8
5729	0
5730	9
5731	8
5732	0
5733	9
5734	9
5735	9
5736	0
5737	9
5738	8
5739	0
5740	9
5741	9
5742	0
5743	9
5744	9
5745	9
5746	9
5747	9
5748	9
5749	2
5750	2
5751	2
5752	2
5753	2
5754	2
5755	2
5756	0
5757	8
5758	8
5759	9
5766	9
5767	0
5768	9
5769	8
5770	8
5771	9
5772	9
5773	9
5774	9
5775	0
5776	0
5777	8
5778	9
5779	9
5780	6
5781	9
5782	8
5783	8
5784	8
5785	8
5786	6
5787	9
5788	9
5789	0
5790	9
5791	9
5792	9
5793	0
5794	9
5795	9
5796	9
5797	9
5798	9
5799	9
5800	9
5801	2
5802	2
5803	0
5804	0
5805	0
5806	0
5807	9
5810	0
5811	9
5812	2
5813	9
5814	8
5815	8
5816	8
5817	8
5818	8
5819	9
5820	9
5821	9
5822	0
5823	9
5824	9
5825	9
5826	9
5827	0
5828	0
5829	9
5830	0
5831	0
5832	0
5833	9
5834	8
5835	0
5836	8
5837	0
5838	0
5839	8
5840	0
5841	0
5842	0
5843	0
5844	9
5845	0
5846	9
5847	9
5848	9
5849	9
5850	9
5851	9
5852	9
5853	9
5854	9
5855	0
5856	0
5857	9
5858	9
5859	2
5860	8
5861	0
5862	9
5863	9
5864	0
5865	2
5866	0
5867	9
5868	9
5869	0
5870	0
5871	8
5872	9
5873	0
5874	0
5875	0
5876	0
5877	9
5878	0
5879	9
5880	0
5881	0
5882	0
5883	0
5884	0
5885	9
5886	9
5887	9
5888	9
5889	9
5890	9
5891	0
5892	0
5893	0
5894	0
5895	0
5896	0
5897	0
5898	0
5899	0
5900	0
5901	0
5902	0
5903	0
5904	0
5905	0
5906	0
5907	0
5908	0
5909	0
5910	0
5911	0
5912	0
5913	0
5914	0
5915	0
5916	0
5917	0
5918	0
5919	0
5920	0
5921	0
5922	0
5923	0
5924	0
5925	0
5926	0
5927	0
5928	0
5929	0
5930	0
5931	0
5932	0
5933	0
5934	0
5935	0
5936	0
5937	0
5938	0
5939	0
5940	0
5941	0
5942	0
5943	0
5944	0
5945	0
5946	0
5947	0
5948	0
5949	0
5950	0
5951	0
5952	0
5953	0
5954	0
5955	0
5956	0
5957	0
5958	0
5959	0
5960	0
5961	0
5962	0
5963	0
5964	0
5965	0
5966	0
5967	0
5968	0
5969	0
5970	0
5971	0
5972	0
5973	0
5974	0
5975	0
5976	0
5977	0
5978	0
5979	0
5980	0
5981	0
5982	0
5983	0
5984	0
5985	0
5986	0
5987	0
5988	0
5989	0
5990	0
5991	0
5992	0
5993	0
5994	0
5995	0
5996	0
5997	0
5998	0
5999	0
6000	0
6001	0
6002	0
6003	0
6004	0
6005	0
6006	0
6007	0
6008	0
6009	0
6010	0
6011	0
6012	0
6013	0
6014	0
6015	0
6016	0
6017	0
6018	0
6019	0
6020	0
6021	0
6022	0
6023	0
6024	0
6025	0
6026	0
6027	0
6028	0
6029	0
6030	0
6031	0
6032	0
6033	0
6034	0
6035	0
6036	0
6037	0
6038	0
6039	0
6040	0
6041	0
6042	0
6043	0
6044	0
6045	0
6046	0
6047	0
6048	0
6049	0
6050	0
6051	0
6052	0
6053	0
6054	0
6055	0
6056	0
6057	0
6058	0
6059	0
6060	0
6061	0
6062	0
6063	0
6064	0
6065	0
6066	0
6067	0
6068	0
6069	0
6070	0
6071	0
6072	0
6073	0
6074	0
6075	0
6076	0
6077	0
6078	0
6079	0
6080	0
6081	0
6082	0
6083	0
6084	0
6085	0
6086	0
6087	0
6088	0
6089	0
6090	0
6091	0
6092	0
6093	0
6094	0
6095	0
6096	0
6097	0
6098	0
6099	0
6100	0
6101	0
6102	0
6103	0
6104	0
6105	0
6106	0
6107	0
6108	0
6109	0
6110	0
6111	0
6112	0
6113	0
6114	0
6115	0
6116	0
6117	0
6118	0
6119	0
6120	0
6121	0
6122	0
6123	0
6124	0
6125	0
6126	0
6127	0
6128	0
6129	0
6130	0
6131	0
6132	0
6133	0
6134	0
6135	0
6136	0
6137	0
6138	0
6139	0
6140	0
6141	0
6142	0
6143	0
6144	0
6145	0
6146	0
6147	0
6148	0
6149	0
6150	0
6151	0
6152	0
6153	0
6154	0
6155	0
6156	0
6157	0
6158	0
6159	0
6160	0
6161	0
6162	0
6163	0
6164	0
6165	0
6166	0
6167	0
6168	0
6169	0
6170	0
6171	0
6172	0
6173	0
6174	0
6175	0
6176	0
6177	0
6178	0
6179	0
6180	0
6181	0
6182	0
6183	0
6184	0
6185	0
6186	0
6187	0
6188	0
6189	0
6190	0
6191	0
6192	0
6193	0
6194	0
6195	0
6196	0
6197	0
6198	0
6199	0
6200	0
6201	0
6202	0
6203	0
6204	0
6205	0
6206	0
6207	0
6208	0
6209	0
6210	0
6211	0
6212	0
6213	0
6214	0
6215	0
6216	0
6217	0
6218	0
6219	0
6220	0
6221	0
6222	0
6223	0
6224	0
6225	0
6226	0
6227	0
6228	0
6229	0
6230	0
6231	0
6232	0
6233	0
6234	0
6235	0
6236	0
6237	0
6238	0
6239	0
6240	0
6241	0
6242	0
6243	0
6244	0
6245	0
6246	0
6247	0
6248	0
6249	0
6250	0
6251	0
6252	0
6253	0
6254	0
6255	0
6256	0
6257	0
6258	0
6259	0
6260	0
6261	0
6262	0
6263	0
6264	0
6265	0
6266	0
6267	0
6268	0
6269	0
6270	0
6271	0
6272	0
6273	0
6274	0
6275	0
6276	0
6277	0
6278	0
6279	0
6280	0
6281	0
6282	0
6283	0
6284	0
6285	0
6286	0
6287	0
6288	0
6289	0
6290	0
6291	0
6292	0
6293	0
6294	0
6295	0
6296	0
6297	7
6298	7
6299	0
6300	0
6301	0
6302	0
6303	7
6304	7
6305	0
6306	0
6307	0
6308	0
6309	0
6310	0
6311	0
6312	0
6313	0
6314	0
6315	0
6316	0
6317	0
6318	0
6319	0
6320	0
6321	0
6322	0
6323	0
6324	0
6325	0
6326	0
6327	0
6328	0
6329	0
6330	0
6331	0
6332	0
6333	0
6334	0
6335	0
6336	0
6337	0
6338	0
6339	0
6340	0
6341	0
6342	0
6343	0
6344	0
6345	0
6346	0
6347	0
6348	0
6349	0
6350	0
6351	0
6352	0
6353	0
6354	0
6355	0
6356	0
6357	0
6358	0
6359	0
6360	0
6361	0
6362	6
6363	0
6364	0
6365	0
6366	0
6367	0
6368	7
6369	0
6370	0
6371	0
6372	0
6373	0
6374	0
6375	7
6376	0
6377	0
6378	0
6379	0
6380	0
6381	0
6382	0
6383	0
6384	0
6385	0
6386	0
6387	0
6388	0
6389	0
6390	0
6391	0
6392	0
6393	0
6394	0
6395	0
6396	0
6397	0
6398	0
6399	0
6400	0
6401	0
6402	0
6403	0
6404	0
6405	0
6406	0
6407	0
6408	6
6409	0
6410	0
6411	6
6412	0
6413	0
6414	0
6415	0
6416	0
6417	0
6418	0
6419	0
6420	0
6421	7
6422	0
6423	0
6424	0
6425	0
6426	0
6427	0
6428	0
6429	0
6430	0
6431	0
6432	0
6433	0
6435	0
6436	0
6437	0
6438	0
6439	0
6440	0
6441	0
6442	0
6443	0
6444	0
6445	7
6446	7
6447	7
6448	7
6449	0
6450	7
6451	0
6452	0
6453	0
6454	7
6455	0
6456	0
6457	0
6458	0
6459	0
6460	0
6461	0
6462	0
6463	0
6464	0
6465	0
6466	0
6467	0
6468	0
6469	7
6470	0
6471	7
6472	0
6474	6
6475	0
6476	0
6477	0
6478	6
6479	7
6480	0
6481	7
6482	7
6483	7
6484	7
6485	7
6486	0
6487	7
6488	0
6489	0
6490	0
6491	7
6492	0
6493	0
6494	0
6495	0
6496	0
6497	0
6498	0
6499	0
6500	0
6501	0
6502	0
6503	7
6504	7
6505	0
6506	0
6507	7
6508	0
6509	0
6510	0
6511	7
6512	0
6513	0
6514	0
6515	0
6516	7
6517	0
6518	0
6519	0
6520	0
6521	6
6522	0
6523	0
6524	0
6525	0
6526	0
6527	0
6528	0
6529	0
6530	0
6531	0
6532	0
6533	0
6534	0
6535	0
6536	0
6537	0
6538	0
6539	7
6540	0
6541	0
6542	0
6543	0
6544	0
6545	0
6546	7
6547	0
6548	0
6549	0
6550	7
6551	0
6552	0
6553	0
6554	0
6555	0
6556	0
6557	0
6558	0
6559	0
6560	0
6561	0
6562	0
6563	0
6564	0
6565	0
6566	0
6567	0
6568	0
6569	0
6570	0
6571	0
6572	0
6573	0
6574	0
6575	0
6576	0
6577	0
6578	0
6579	0
6580	0
6581	0
6582	0
6583	0
6584	0
6585	0
6586	0
6587	0
6588	0
6589	0
6590	0
6591	0
6592	0
6593	0
6594	0
6595	0
6596	0
6597	0
6598	0
6599	0
6600	0
6601	0
6602	0
6603	0
6604	0
6605	0
6606	0
6607	0
6608	0
6609	0
6610	0
6611	0
6612	0
6613	0
6614	0
6615	0
6616	0
6617	0
6618	0
6619	0
6620	0
6621	0
6622	6
6623	0
6624	0
6625	8
6626	8
6627	0
6628	8
6629	0
6630	8
6631	0
6632	0
6633	0
6634	0
6635	0
6636	0
6637	0
6638	0
6639	0
6640	0
6641	0
6642	0
6643	0
6644	0
6645	0
6646	0
6647	0
6648	0
6650	0
6651	0
6652	0
6653	0
6654	0
6655	0
6656	0
6657	0
6658	0
6659	0
6660	0
6661	0
6662	0
6663	0
6664	0
6665	0
6666	0
6667	0
6668	0
6669	0
6671	0
6672	0
6679	0
6683	0
6684	0
6685	0
6686	0
6687	0
6688	0
6689	8
6690	0
6691	0
6692	0
6693	8
6694	8
6695	8
6696	8
6697	0
6698	8
6699	0
6700	0
6701	8
6702	8
6703	8
6704	0
6705	0
6706	0
6707	0
6708	8
6709	0
6710	0
6711	0
6712	0
6713	0
6714	0
6715	0
6716	0
6717	0
6718	8
6719	0
6720	8
6721	8
6722	0
6723	0
6724	0
6725	0
6726	0
6727	0
6728	0
6729	0
6730	0
6731	0
6732	0
6733	0
6734	0
6735	0
6736	0
6737	0
6738	0
6739	0
6740	0
6741	0
6742	0
6743	0
6744	0
6745	0
6746	0
6747	0
6748	0
6749	0
6750	0
6751	0
6752	0
6753	0
6754	0
6755	0
6756	0
6757	8
6758	0
6759	8
6760	8
6761	8
6762	8
6763	0
6764	0
6765	0
6766	0
6767	0
6768	0
6769	0
6770	0
6771	0
6772	0
6773	0
6774	0
6775	0
6776	0
6777	0
6778	0
6779	0
6780	0
6781	0
6782	0
6783	0
6784	0
6785	0
6786	0
6787	0
6788	0
6789	0
6790	0
6791	0
6792	0
6793	0
6794	0
6795	0
6796	0
6797	0
6798	0
6799	0
6800	0
6801	0
6802	0
6803	0
6804	0
6805	0
6806	0
6807	0
6808	0
6809	0
6810	0
6811	0
6812	0
6813	0
6814	0
6815	0
6816	0
6817	0
6818	0
6819	0
6820	0
6821	0
6822	0
6823	0
6824	0
6825	0
6826	0
6827	0
6828	0
6829	0
6830	0
6831	0
6832	0
6833	0
6834	0
6835	0
6836	0
6837	0
6838	0
6839	0
6840	0
6841	0
6842	0
6843	0
6844	0
6845	0
6846	0
6847	0
6848	0
6849	0
6850	0
6851	0
6852	0
6853	0
6854	0
6855	0
6856	0
6857	0
6858	0
6859	0
6860	0
6861	6
6862	0
6863	0
6864	0
6865	0
6866	0
6867	0
6868	0
6869	0
6870	6
6871	6
6872	0
6873	0
6874	6
6875	6
6876	6
6877	6
6878	6
6879	0
6880	0
6881	6
6882	6
6883	6
6884	6
6885	6
6886	6
6887	0
6888	6
6889	0
6890	0
6891	6
6892	0
6893	0
6894	6
6895	0
6896	0
6897	6
6898	0
6899	6
6900	6
6901	6
6902	6
6903	6
6904	6
6905	6
6906	6
6907	6
6908	6
6909	6
6910	6
6911	6
6912	6
6913	0
6914	0
6915	0
6916	0
6917	0
6918	6
6919	6
6920	0
6921	0
6922	0
6923	0
6924	0
6925	0
6926	0
6927	6
6928	0
6929	0
6930	6
6931	0
6932	6
6933	6
6934	6
6935	6
6936	6
6937	6
6938	6
6939	6
6940	6
6941	0
6942	6
6943	0
6944	6
6945	6
6946	6
6947	6
6948	6
6949	0
6950	6
6951	0
6952	0
6953	0
6954	6
6955	6
6956	6
6957	0
6958	6
6959	0
6960	6
6961	6
6962	6
6963	6
6964	0
6965	6
6966	6
