1	105
2	209
3	83
4	164
5	101
6	564
7	55
8	105
9	208
10	65
11	310
12	279
13	259
14	358
15	332
16	365
17	292
18	326
19	829
20	1543
21	839
22	1691
23	982
24	1222
25	4
26	601
27	1556
28	1211
29	1943
30	1758
31	291
32	78
33	1061
34	1018
35	768
36	1052
37	1126
38	1134
39	669
40	486
41	918
42	787
43	836
44	633
45	741
46	1062
47	1297
48	801
49	861
50	0
51	998
52	0
53	0
54	1162
55	968
56	0
57	870
58	621
59	630
60	567
61	434
62	123
63	1398
64	961
65	2097
66	655
67	1294
68	45
69	2876
70	964
71	1140
72	45
73	21
74	0
75	108
76	869
77	0
78	1215
79	2054
80	1778
81	955
82	3461
83	1907
84	1067
85	4
86	495
87	609
88	471
89	240
90	558
91	322
92	357
93	498
94	108
95	77
96	46
97	9
98	756
99	642
100	458
101	503
102	486
103	583
104	708
105	1235
106	731
107	1739
108	262
109	23
110	668
111	1485
112	178
113	1866
114	823
115	38
116	45
117	660
118	1336
119	1590
120	1683
121	1377
122	815
123	1212
124	697
125	523
126	881
127	1412
128	931
129	794
130	558
131	942
132	705
133	1036
134	1219
135	1225
136	629
137	579
138	170
139	897
140	1057
141	895
142	938
143	658
144	1087
145	992
146	742
147	1557
148	56
149	0
150	487
151	99
152	336
153	2191
154	395
155	383
156	221
157	294
158	46
159	229
160	155
161	315
162	788
163	652
164	685
165	981
166	653
167	1299
168	1058
169	563
170	1389
171	1291
172	1485
173	1711
174	695
175	732
176	838
177	746
178	1468
179	1505
180	843
181	5050
182	0
183	0
184	0
185	0
186	1735
187	603
188	597
189	943
190	2101
191	541
192	2451
193	1092
194	1411
195	1030
196	1407
197	781
198	40
199	0
200	11
201	960
202	550
203	852
204	1000
205	733
206	662
207	609
208	985
209	897
210	529
211	775
212	3676
213	493
214	0
215	2130
216	93
217	842
218	1700
219	1172
220	1271
221	2498
222	784
223	1483
224	3082
225	1228
226	1697
227	1341
228	851
229	1626
230	1276
231	1537
232	1695
233	949
234	566
235	674
236	638
237	0
238	1641
239	0
240	6
241	0
242	2066
243	1130
244	833
245	1136
246	741
247	722
248	1438
249	856
250	1312
251	1720
252	0
253	1214
254	728
255	0
256	1668
257	90
258	1436
259	39
260	1653
261	1609
262	904
263	105
264	112
265	390
266	213
267	609
268	192
269	830
270	206
271	1100
272	100
273	325
274	1089
275	938
276	210
277	321
278	1089
279	2527
280	1632
281	3029
282	1215
283	2497
284	1631
285	1812
286	1062
287	1552
288	111
289	791
290	213
291	66
292	222
293	769
294	43
295	1582
296	1443
297	1002
298	1421
299	762
300	3564
301	3328
302	650
303	1210
304	1112
305	1091
306	879
307	1916
308	880
309	1146
310	819
311	104
312	894
313	1165
314	1524
315	1376
316	1354
317	69
318	35
319	102
320	344
321	455
322	42
323	115
324	129
325	37
326	664
327	1095
328	189
329	573
330	1391
331	1531
332	5
333	11
334	113
335	125
336	730
337	649
338	1465
339	381
340	125
341	73
342	51
343	790
344	618
345	279
346	458
347	43
348	331
349	792
350	592
351	577
352	1031
353	836
354	1269
355	844
356	899
357	610
358	553
359	1030
360	662
361	645
362	773
363	1035
364	495
365	657
366	619
367	740
368	548
369	878
370	451
371	662
372	630
373	628
374	596
375	934
376	673
377	622
378	782
379	570
380	668
381	591
382	770
383	633
384	963
385	827
386	626
387	727
388	733
389	615
390	347
391	803
392	721
393	701
394	648
395	748
396	941
397	978
398	1076
399	990
400	1014
401	1045
402	549
403	317
404	984
405	947
406	949
407	962
408	712
409	831
410	559
411	726
412	619
413	832
414	1215
415	1870
416	1294
417	841
418	1056
419	713
420	881
421	726
422	907
423	858
424	425
425	649
426	1234
427	434
428	766
429	487
430	775
431	1227
432	581
433	855
434	76
435	1185
436	549
437	0
438	496
439	2553
440	1648
441	1392
442	3591
443	1729
444	742
445	4363
446	2384
447	1103
448	2416
449	1652
450	1493
451	4268
452	1411
453	1729
454	1588
455	1774
456	1903
457	2833
458	2248
459	2319
460	1804
461	1931
462	1102
463	1916
464	1339
465	1484
466	3335
467	2460
468	3959
469	2867
470	1980
471	2527
472	2521
473	2080
474	1421
475	1993
476	1250
477	2461
478	3147
479	1525
480	2370
481	2114
482	2423
483	2150
484	1797
485	1100
486	1974
487	1728
488	833
489	2413
490	2262
491	683
492	2031
493	739
494	2303
495	1887
496	5315
497	1850
498	2079
499	751
500	2739
501	2384
502	2602
503	2117
504	3335
505	1626
506	1948
507	1585
508	3880
509	885
510	1904
511	2164
512	2592
513	2714
514	1673
515	2800
516	2122
517	1609
518	1573
519	2563
520	2984
521	2437
522	3276
523	1551
524	2284
525	1562
526	815
527	306
528	1471
529	883
530	0
531	0
532	0
533	0
534	0
535	0
536	0
537	0
538	0
539	0
540	0
541	0
542	0
543	1566
544	2807
545	958
546	2164
547	1195
548	2434
549	3371
550	5456
551	3484
552	3488
553	2725
554	2019
555	3602
556	2830
557	2404
558	2365
559	2129
560	2518
561	1831
562	2557
563	3688
564	2269
565	999
566	1441
567	1100
568	2034
569	2766
570	1855
571	1180
572	1293
573	610
574	1317
575	2416
576	1547
577	2048
578	404
579	3798
580	111
581	2944
582	3573
583	285
584	1185
585	2996
586	3236
587	2946
588	3109
589	2021
590	2535
591	1454
592	1554
593	2708
594	2611
595	1895
596	2105
597	1756
598	1288
599	2254
600	3219
601	2781
602	1114
603	2541
604	2896
605	2462
606	4154
607	2249
608	2266
609	2879
610	2697
611	1511
612	2540
613	1538
614	1724
615	2034
616	1720
617	3422
618	5370
619	603
620	2175
621	2046
622	1954
623	2500
624	2935
625	2972
626	1271
627	2612
628	3203
629	1120
630	3466
631	2138
632	1530
633	2711
634	2435
635	3698
636	2298
637	3816
638	2015
639	2423
640	1069
641	2109
642	3147
643	1463
644	2974
645	902
646	456
647	425
648	410
649	490
650	436
651	6
652	420
653	217
654	449
655	144
656	149
657	129
658	38
659	309
660	1653
661	1791
662	812
663	1390
664	970
665	751
666	1581
667	1738
668	1290
669	1498
670	258
671	1136
672	298
673	1320
674	1365
675	1125
676	402
677	1393
678	2114
679	761
680	1436
681	972
682	1875
683	1266
684	1688
685	1416
686	722
687	1718
688	1189
689	813
690	2190
691	813
692	722
693	1279
694	683
695	1000
696	792
697	607
698	719
699	1060
700	870
701	1120
702	1308
703	713
704	1075
705	1341
706	1143
707	2047
708	861
709	904
710	726
711	1128
712	1218
713	1415
714	1025
715	1052
716	646
717	912
718	1074
719	1176
720	902
721	1896
722	910
723	1239
724	425
725	1502
726	980
727	1179
728	806
729	876
730	1235
731	2997
732	2429
733	1021
734	833
735	1148
736	1186
737	1049
738	1295
739	800
740	1537
741	975
742	81
743	164
744	373
745	456
746	1164
747	1846
748	549
749	215
750	1113
751	869
752	320
753	224
754	60
755	27
756	874
757	363
758	2409
759	73
760	71
761	63
762	1607
763	550
764	132
765	148
766	109
767	103
768	1051
769	69
770	393
771	1138
772	648
773	1661
774	1696
775	1236
776	1679
777	1009
778	1056
779	1025
780	1079
781	1162
782	1588
783	975
784	667
785	751
786	819
787	1147
788	1698
789	756
790	1497
791	1402
792	1468
793	788
794	2560
795	93
796	187
797	204
798	221
799	172
800	137
801	201
802	267
803	257
804	114
805	296
806	124
807	210
808	184
809	192
810	188
811	52
812	165
813	146
814	223
815	270
816	156
817	145
818	180
819	175
820	155
821	348
822	297
823	122
824	503
825	358
826	201
827	328
828	223
829	321
830	100
831	204
832	112
833	1235
834	2422
835	619
836	1625
837	410
838	1335
839	2328
840	974
841	2033
842	1659
843	2381
844	4965
845	2950
846	607
847	762
848	270
849	707
850	598
851	689
852	117
853	1658
854	1836
855	965
856	973
857	918
858	939
859	542
860	670
861	184
862	2144
863	2248
864	707
865	10
866	1746
867	989
868	884
869	1592
870	1249
871	61
872	575
873	663
874	497
875	619
876	529
877	296
878	372
879	167
880	84
881	391
882	327
883	756
884	345
885	489
886	292
887	1120
888	439
889	397
890	219
891	111
892	222
893	193
894	104
895	392
896	7
897	752
898	474
899	2154
900	193
901	454
902	1094
903	1317
904	988
905	3425
906	396
907	215
908	275
909	250
910	238
911	388
912	438
913	136
914	933
915	330
916	545
917	151
918	431
919	421
920	222
921	268
922	558
923	993
924	695
925	822
926	6
927	22
928	309
929	85
930	157
931	189
932	454
933	436
934	346
935	81
936	53
937	128
938	1895
939	3554
940	3241
941	893
942	1687
943	0
944	3247
945	4437
946	2140
947	2692
948	1545
949	2048
950	3157
951	1830
952	1229
953	1137
954	1394
955	1156
956	918
957	693
958	821
959	205
960	48
961	562
962	151
963	968
964	988
965	0
966	0
967	0
968	0
969	688
970	3217
971	672
972	704
973	406
974	605
975	71
976	1749
977	1781
978	2232
979	414
980	2246
981	1488
982	1920
983	1839
984	2676
985	1246
986	548
987	2498
988	1740
989	2294
990	163
991	987
992	1712
993	978
994	142
995	123
996	146
997	1565
998	2043
999	309
1000	167
1001	127
1002	245
1003	131
1004	262
1005	2326
1006	3523
1007	0
1008	501
1009	1184
1010	1291
1011	1715
1012	987
1013	622
1014	424
1015	603
1016	75
1017	891
1018	338
1019	0
1020	888
1021	1635
1022	2824
1023	954
1024	243
1025	688
1026	848
1027	1178
1028	1372
1029	316
1030	304
1031	1140
1032	978
1033	75
1034	138
1035	837
1036	1128
1037	790
1038	874
1039	1023
1040	1714
1041	1419
1042	795
1043	1615
1044	519
1045	203
1046	19
1047	0
1048	0
1049	0
1050	0
1051	1127
1052	972
1053	1801
1054	1482
1055	1157
1056	1129
1057	684
1058	1074
1059	1019
1060	0
1061	677
1062	1187
1063	1653
1064	1364
1065	1271
1066	1647
1067	1460
1068	1446
1069	1538
1070	1400
1071	730
1072	977
1073	1649
1074	1710
1075	945
1076	2711
1077	733
1078	1539
1079	450
1080	2321
1081	766
1082	1531
1083	476
1084	1152
1085	1329
1086	469
1087	1154
1088	820
1089	538
1090	948
1091	806
1092	1228
1093	1245
1094	592
1095	1201
1096	791
1097	782
1098	935
1099	790
1100	245
1101	893
1102	706
1103	990
1104	741
1105	445
1106	843
1107	807
1108	1492
1109	1551
1110	1268
1111	1023
1112	695
1113	2479
1114	1088
1115	1230
1116	1197
1117	1806
1118	1747
1119	4701
1120	974
1121	1912
1122	799
1123	387
1124	638
1125	509
1126	911
1127	590
1128	431
1129	726
1130	732
1131	417
1132	886
1133	857
1134	358
1135	546
1136	1209
1137	639
1138	796
1139	1129
1140	650
1141	1066
1142	1018
1143	884
1144	991
1145	755
1146	1010
1147	821
1148	0
1149	419
1150	0
1151	0
1152	0
1153	0
1154	0
1155	0
1156	0
1157	0
1158	0
1159	0
1160	459
1161	1109
1162	891
1163	949
1164	1123
1165	466
1166	472
1167	1272
1168	405
1169	741
1170	774
1171	670
1172	460
1173	310
1174	987
1175	1648
1176	1507
1177	1938
1178	2029
1179	1229
1180	0
1181	0
1182	0
1183	0
1184	0
1185	0
1186	0
1187	0
1188	0
1189	257
1190	650
1191	848
1192	1517
1193	2164
1194	897
1195	1203
1196	1235
1197	2558
1198	1068
1199	1067
1200	105
1201	1224
1202	124
1203	1064
1204	237
1205	166
1206	184
1207	260
1208	77
1209	407
1210	1319
1211	1708
1212	67
1213	76
1214	277
1215	2256
1216	1661
1217	1035
1218	588
1219	1290
1220	948
1221	663
1222	1214
1223	731
1224	660
1225	820
1226	997
1227	945
1228	2645
1229	221
1230	0
1231	1322
1232	2296
1233	378
1234	534
1235	536
1236	629
1237	680
1238	370
1239	404
1240	511
1241	685
1242	496
1243	379
1244	431
1245	629
1246	412
1247	389
1248	407
1249	601
1250	741
1251	524
1252	379
1253	353
1254	407
1255	313
1256	456
1257	633
1258	482
1259	674
1260	736
1261	380
1262	326
1263	345
1264	674
1265	470
1266	742
1267	441
1268	524
1269	452
1270	361
1271	606
1272	938
1273	588
1274	467
1275	545
1276	594
1277	611
1278	405
1279	391
1280	409
1281	782
1282	533
1283	689
1284	463
1285	360
1286	409
1287	526
1288	717
1289	639
1290	667
1291	478
1292	674
1293	446
1294	545
1295	662
1296	384
1297	341
1298	341
1299	721
1300	816
1301	607
1302	788
1303	530
1304	924
1305	846
1306	913
1307	1227
1308	663
1309	563
1310	369
1311	423
1312	580
1313	1219
1314	80
1315	605
1316	647
1317	531
1318	1176
1319	2016
1320	460
1321	668
1322	941
1323	726
1324	578
1325	405
1326	406
1327	453
1328	708
1329	672
1330	356
1331	846
1332	879
1333	824
1334	138
1335	1007
1336	503
1337	567
1338	353
1339	595
1340	1071
1341	577
1342	481
1343	529
1344	332
1345	921
1346	491
1347	1117
1348	698
1349	1383
1350	1082
1351	1559
1352	1350
1353	1800
1354	1042
1355	1766
1356	875
1357	1007
1358	778
1359	756
1360	415
1361	380
1362	521
1363	392
1364	684
1365	2771
1366	1219
1367	386
1368	419
1369	710
1370	381
1371	584
1372	435
1373	379
1374	338
1375	505
1376	433
1377	557
1378	593
1379	163
1380	1214
1381	0
1382	1065
1383	602
1384	1067
1385	69
1386	1067
1387	762
1388	600
1389	1501
1390	1339
1391	691
1392	575
1393	1279
1394	1263
1395	211
1396	642
1397	598
1398	339
1399	679
1400	888
1401	580
1402	573
1403	626
1404	382
1405	644
1406	503
1407	286
1408	556
1409	640
1410	1396
1411	905
1412	2290
1413	1905
1414	910
1415	404
1416	380
1417	307
1418	477
1419	738
1420	716
1421	492
1422	918
1423	1356
1424	386
1425	485
1426	559
1427	717
1428	448
1429	409
1430	471
1431	503
1432	281
1433	346
1434	923
1435	360
1436	483
1437	346
1438	866
1439	313
1440	396
1441	315
1442	296
1443	1084
1444	608
1445	452
1446	575
1447	1434
1448	413
1449	472
1450	618
1451	546
1452	516
1453	555
1454	570
1455	469
1456	667
1457	586
1458	358
1459	434
1460	578
1461	611
1462	431
1463	493
1464	346
1465	440
1466	747
1467	685
1468	94
1469	1582
1470	833
1471	1918
1472	1799
1473	1179
1474	2366
1475	600
1476	513
1477	485
1478	456
1479	572
1480	363
1481	1066
1482	1008
1483	1022
1484	505
1485	512
1486	435
1487	1065
1488	773
1489	619
1490	519
1491	882
1492	993
1493	412
1494	626
1495	828
1496	1060
1497	1018
1498	531
1499	170
1500	823
1501	713
1502	556
1503	607
1504	735
1505	554
1506	716
1507	423
1508	640
1509	410
1510	610
1511	859
1512	594
1513	783
1514	601
1515	598
1516	501
1517	1871
1518	1237
1519	1215
1520	728
1521	969
1522	327
1523	1130
1524	827
1525	553
1526	409
1527	507
1528	453
1529	573
1530	445
1531	459
1532	471
1533	633
1534	783
1535	405
1536	397
1537	538
1538	507
1539	946
1540	364
1541	516
1542	586
1543	501
1544	648
1545	1396
1546	1842
1547	993
1548	971
1549	606
1550	838
1551	1004
1552	530
1553	817
1554	0
1555	831
1556	1280
1557	614
1558	906
1559	1034
1560	1387
1561	1286
1562	817
1563	734
1564	520
1565	877
1566	456
1567	491
1568	972
1569	655
1570	684
1571	515
1572	563
1573	522
1574	525
1575	567
1576	562
1577	708
1578	1116
1579	1506
1580	995
1581	2094
1582	763
1583	383
1584	699
1585	343
1586	396
1587	373
1588	380
1589	561
1590	282
1591	634
1592	348
1593	523
1594	428
1595	504
1596	524
1597	344
1598	529
1599	375
1600	397
1601	564
1602	313
1603	653
1604	666
1605	390
1606	506
1607	929
1608	406
1609	393
1610	439
1611	920
1612	552
1613	353
1614	676
1615	507
1616	375
1617	600
1618	902
1619	847
1620	596
1621	1641
1622	1161
1623	817
1624	510
1625	530
1626	906
1627	745
1628	605
1629	742
1630	591
1631	1217
1632	1254
1633	774
1634	1009
1635	931
1636	2052
1637	1747
1638	1648
1639	1392
1640	1415
1641	859
1642	1831
1643	674
1644	692
1645	727
1646	532
1647	1301
1648	1228
1649	622
1650	470
1651	839
1652	1153
1653	541
1654	870
1655	641
1656	1272
1657	744
1658	656
1659	658
1660	520
1661	567
1662	865
1663	672
1664	931
1665	814
1666	1147
1667	463
1668	520
1669	552
1670	429
1671	756
1672	559
1673	480
1674	591
1675	831
1676	405
1677	704
1678	773
1679	458
1680	793
1681	721
1682	420
1683	859
1684	636
1685	459
1686	302
1687	604
1688	1354
1689	562
1690	976
1691	1092
1692	410
1693	1460
1694	1349
1695	963
1696	456
1697	805
1698	321
1699	813
1700	1137
1701	534
1702	596
1703	1085
1704	520
1705	682
1706	758
1707	1092
1708	623
1709	600
1710	720
1711	686
1712	529
1713	496
1714	536
1715	901
1716	1034
1717	565
1718	1399
1719	699
1720	1055
1721	426
1722	807
1723	976
1724	842
1725	1174
1726	1861
1727	1630
1728	1085
1729	1251
1730	936
1731	1197
1732	2268
1733	1880
1734	1206
1735	614
1736	1307
1737	684
1738	608
1739	2073
1740	2113
1741	1489
1742	1416
1743	770
1744	718
1745	919
1746	806
1747	970
1748	1028
1749	495
1750	817
1751	536
1752	724
1753	649
1754	340
1755	390
1756	390
1757	310
1758	991
1759	657
1760	386
1761	385
1762	464
1763	486
1764	393
1765	458
1766	739
1767	568
1768	420
1769	497
1770	378
1771	348
1772	421
1773	396
1774	420
1775	407
1776	533
1777	905
1778	448
1779	705
1780	499
1781	400
1782	382
1783	524
1784	646
1785	765
1786	730
1787	424
1788	587
1789	1080
1790	601
1791	632
1792	578
1793	477
1794	713
1795	545
1796	397
1797	1083
1798	552
1799	660
1800	501
1801	2161
1802	705
1803	881
1804	1103
1805	613
1806	464
1807	1157
1808	811
1809	797
1810	675
1811	659
1812	422
1813	942
1814	378
1815	1460
1816	575
1817	460
1818	638
1819	801
1820	291
1821	429
1822	793
1823	1322
1824	1144
1825	631
1826	634
1827	429
1828	898
1829	1019
1830	579
1831	1074
1832	824
1833	351
1834	428
1835	607
1836	398
1837	382
1838	460
1839	412
1840	560
1841	576
1842	576
1843	473
1844	586
1845	527
1846	230
1847	464
1848	375
1849	474
1850	1505
1851	484
1852	522
1853	384
1854	467
1855	1030
1856	683
1857	374
1858	483
1859	336
1860	622
1861	367
1862	565
1863	336
1864	419
1865	364
1866	680
1867	713
1868	961
1869	756
1870	961
1871	696
1872	970
1873	378
1874	991
1875	879
1876	1148
1877	1902
1878	1043
1879	1114
1880	891
1881	1106
1882	1388
1883	1301
1884	556
1885	738
1886	803
1887	685
1888	2551
1889	1028
1890	1430
1891	1450
1892	1596
1893	446
1894	976
1895	1158
1896	1480
1897	1128
1898	685
1899	498
1900	924
1901	1800
1902	801
1903	781
1904	1072
1905	1598
1906	345
1907	427
1908	400
1909	680
1910	326
1911	446
1912	367
1913	327
1914	475
1915	759
1916	359
1917	466
1918	442
1919	1298
1920	449
1921	361
1922	355
1923	365
1924	1257
1925	586
1926	436
1927	509
1928	698
1929	506
1930	488
1931	546
1932	831
1933	1078
1934	834
1935	655
1936	994
1937	543
1938	646
1939	469
1940	638
1941	463
1942	394
1943	443
1944	467
1945	818
1946	801
1947	491
1948	897
1949	730
1950	511
1951	527
1952	883
1953	625
1954	1429
1955	517
1956	319
1957	433
1958	740
1959	1212
1960	979
1961	547
1962	389
1963	461
1964	545
1965	846
1966	494
1967	912
1968	1012
1969	124
1970	1191
1971	621
1972	818
1973	1044
1974	670
1975	679
1976	30
1977	586
1978	552
1979	700
1980	1109
1981	718
1982	782
1983	860
1984	1117
1985	592
1986	529
1987	685
1988	799
1989	620
1990	1053
1991	655
1992	422
1993	447
1994	477
1995	551
1996	587
1997	1209
1998	486
1999	848
2000	824
2001	518
2002	377
2003	414
2004	358
2005	675
2006	864
2007	333
2008	970
2009	906
2010	585
2011	729
2012	688
2013	205
2014	783
2015	1041
2016	741
2017	969
2018	451
2019	955
2020	662
2021	472
2022	357
2023	1235
2024	1123
2025	277
2026	935
2027	342
2028	474
2029	0
2030	1409
2031	1138
2032	1395
2033	415
2034	603
2035	322
2036	290
2037	419
2038	749
2039	377
2040	747
2041	1272
2042	2436
2043	1458
2044	1137
2045	802
2046	644
2047	819
2048	800
2049	275
2050	1375
2051	2199
2052	433
2053	474
2054	411
2055	529
2056	716
2057	556
2058	335
2059	283
2060	592
2061	412
2062	547
2063	389
2064	384
2065	353
2066	571
2067	304
2068	882
2069	727
2070	1142
2071	877
2072	720
2073	987
2074	791
2075	734
2076	1435
2077	1916
2078	671
2079	451
2080	588
2081	422
2082	345
2083	506
2084	457
2085	479
2086	403
2087	722
2088	446
2089	575
2090	680
2091	415
2092	991
2093	512
2094	387
2095	432
2096	623
2097	647
2098	849
2099	644
2100	579
2101	502
2102	630
2103	719
2104	803
2105	968
2106	1219
2107	1267
2108	1518
2109	988
2110	454
2111	436
2112	962
2113	1395
2114	582
2115	552
2116	933
2117	902
2118	73
2119	519
2120	1328
2121	930
2122	583
2123	638
2124	1074
2125	1254
2126	1857
2127	1001
2128	1037
2129	304
2130	1116
2131	1013
2132	214
2133	625
2134	558
2135	1573
2136	383
2137	836
2138	1069
2139	1262
2140	1195
2141	416
2142	568
2143	395
2144	614
2145	333
2146	506
2147	427
2148	775
2149	613
2150	947
2151	854
2152	0
2153	0
2154	0
2155	0
2156	0
2157	0
2158	0
2159	0
2160	0
2161	798
2162	860
2163	720
2164	600
2165	623
2166	547
2167	309
2168	685
2169	620
2170	461
2171	1998
2172	863
2173	493
2174	1133
2175	1133
2176	539
2177	396
2178	1110
2179	504
2180	392
2181	977
2182	1011
2183	1367
2184	616
2185	609
2186	1283
2187	1145
2188	0
2189	1110
2190	1651
2191	808
2192	1401
2193	633
2194	777
2195	778
2196	610
2197	1179
2198	756
2199	520
2200	690
2201	737
2202	1250
2203	1288
2204	434
2205	1699
2206	1365
2207	25
2208	360
2209	898
2210	1194
2211	838
2212	749
2213	704
2214	462
2215	630
2216	1725
2217	637
2218	746
2219	777
2220	824
2221	579
2222	1102
2223	917
2224	576
2225	1125
2226	710
2227	695
2228	1090
2229	550
2230	687
2231	1203
2232	1303
2233	1171
2234	775
2235	943
2236	720
2237	530
2238	695
2239	588
2240	417
2241	839
2242	458
2243	368
2244	412
2245	618
2246	422
2247	666
2248	646
2249	372
2250	422
2251	405
2252	406
2253	378
2254	464
2255	329
2256	510
2257	577
2258	825
2259	1308
2260	352
2261	899
2262	615
2263	633
2264	814
2265	895
2266	1071
2267	1033
2268	637
2269	538
2270	381
2271	622
2272	371
2273	845
2274	699
2275	609
2276	642
2277	606
2278	651
2279	377
2280	469
2281	788
2282	1052
2283	1119
2284	721
2285	974
2286	1165
2287	1111
2288	575
2289	712
2290	632
2291	373
2292	1222
2293	1033
2294	591
2295	374
2296	386
2297	354
2298	919
2299	812
2300	405
2301	550
2302	0
2303	468
2304	699
2305	1165
2306	772
2307	438
2308	792
2309	687
2310	388
2311	431
2312	726
2313	726
2314	544
2315	405
2316	1006
2317	1857
2318	1006
2319	838
2320	638
2321	1383
2322	1421
2323	1409
2324	1014
2325	786
2326	1110
2327	986
2328	589
2329	753
2330	764
2331	634
2332	707
2333	0
2334	0
2335	1015
2336	1162
2337	893
2338	651
2339	598
2340	1186
2341	1000
2342	1426
2343	1329
2344	453
2345	1363
2346	606
2347	1235
2348	750
2349	551
2350	1080
2351	1059
2352	875
2353	1127
2354	555
2355	446
2356	506
2357	597
2358	1123
2359	910
2360	138
2361	907
2362	841
2363	816
2364	773
2365	1138
2366	363
2367	618
2368	443
2369	753
2370	973
2371	1180
2372	1206
2373	778
2374	534
2375	635
2376	932
2377	1100
2378	1378
2379	1037
2380	993
2381	2411
2382	1195
2383	1069
2384	358
2385	1149
2386	424
2387	923
2388	1298
2389	1946
2390	742
2391	1491
2392	1316
2393	1258
2394	801
2395	505
2396	438
2397	657
2398	811
2399	537
2400	424
2401	455
2402	533
2403	455
2404	439
2405	368
2406	518
2407	815
2408	403
2409	493
2410	460
2411	431
2412	383
2413	342
2414	326
2415	423
2416	506
2417	388
2418	493
2419	526
2420	473
2421	393
2422	606
2423	599
2424	570
2425	922
2426	1069
2427	497
2428	597
2429	1203
2430	942
2431	967
2432	560
2433	606
2434	579
2435	993
2436	635
2437	724
2438	710
2439	1399
2440	2292
2441	581
2442	465
2443	706
2444	488
2445	382
2446	344
2447	968
2448	644
2449	575
2450	524
2451	483
2452	1050
2453	977
2454	658
2455	805
2456	535
2457	882
2458	1115
2459	734
2460	969
2461	781
2462	402
2463	431
2464	683
2465	747
2466	0
2467	1529
2468	1179
2469	214
2470	916
2471	1234
2472	1080
2473	475
2474	764
2475	614
2476	871
2477	915
2478	909
2479	526
2480	567
2481	957
2482	627
2483	901
2484	1110
2485	670
2486	1012
2487	440
2488	683
2489	714
2490	908
2491	714
2492	564
2493	729
2494	522
2495	876
2496	415
2497	566
2498	1635
2499	779
2500	1394
2501	1364
2502	1081
2503	1398
2504	1586
2505	2904
2506	1243
2507	650
2508	1613
2509	1433
2510	451
2511	592
2512	1232
2513	854
2514	905
2515	579
2516	1556
2517	1261
2518	1562
2519	549
2520	343
2521	450
2522	448
2523	474
2524	437
2525	511
2526	918
2527	1085
2528	1357
2529	475
2530	1248
2531	903
2532	711
2533	851
2534	1011
2535	2825
2536	665
2537	1519
2538	444
2539	331
2540	876
2541	927
2542	1648
2543	1150
2544	513
2545	617
2546	561
2547	999
2548	1093
2549	1620
2550	757
2551	722
2552	465
2553	404
2554	555
2555	856
2556	515
2557	918
2558	794
2559	537
2560	675
2561	486
2562	431
2563	600
2564	588
2565	808
2566	500
2567	455
2568	332
2569	875
2570	590
2571	458
2572	548
2573	736
2574	685
2575	1640
2576	1365
2577	2779
2578	1242
2579	1061
2580	1495
2581	994
2582	673
2583	964
2584	561
2585	860
2586	353
2587	487
2588	388
2589	379
2590	1151
2591	341
2592	874
2593	817
2594	829
2595	669
2596	618
2597	0
2598	1393
2599	1058
2600	793
2601	1183
2602	743
2603	1335
2604	426
2605	741
2606	1210
2607	532
2608	358
2609	574
2610	811
2611	790
2612	647
2613	587
2614	1021
2615	901
2616	420
2617	507
2618	726
2619	579
2620	1035
2621	1066
2622	472
2623	692
2624	580
2625	455
2626	388
2627	986
2628	147
2629	1097
2630	844
2631	581
2632	982
2633	415
2634	1154
2635	714
2636	1550
2637	1257
2638	365
2639	859
2640	979
2641	342
2642	734
2643	1071
2644	966
2645	483
2646	375
2647	680
2648	1096
2649	551
2650	494
2651	916
2652	658
2653	838
2654	1067
2655	899
2656	1284
2657	1596
2658	1467
2659	1151
2660	945
2661	1539
2662	480
2663	799
2664	496
2665	883
2666	1345
2667	669
2668	395
2669	377
2670	438
2671	393
2672	487
2673	595
2674	552
2675	390
2676	572
2677	371
2678	310
2679	332
2680	377
2681	435
2682	733
2683	472
2684	1519
2685	738
2686	556
2687	695
2688	550
2689	501
2690	443
2691	347
2692	398
2693	622
2694	428
2695	498
2696	407
2697	1107
2698	1245
2699	1899
2700	1365
2701	1034
2702	14
2703	1016
2704	412
2705	620
2706	1032
2707	1154
2708	770
2709	325
2710	874
2711	863
2712	561
2713	459
2714	838
2715	701
2716	379
2717	1535
2718	405
2719	902
2720	351
2721	392
2722	448
2723	805
2724	796
2725	813
2726	1185
2727	1714
2728	1226
2729	933
2730	451
2731	712
2732	1451
2733	365
2734	605
2735	512
2736	883
2737	1101
2738	663
2739	341
2740	384
2741	855
2742	923
2743	494
2744	1050
2745	865
2746	659
2747	763
2748	1232
2749	1603
2750	1336
2751	1121
2752	1123
2753	994
2754	1632
2755	81
2756	1332
2757	753
2758	1626
2759	302
2760	462
2761	469
2762	20
2763	743
2764	452
2765	2455
2766	1214
2767	2062
2768	518
2769	614
2770	453
2771	598
2772	459
2773	629
2774	2647
2775	544
2776	1033
2777	989
2778	739
2779	382
2780	605
2781	908
2782	771
2783	732
2784	410
2785	528
2786	1009
2787	514
2788	756
2789	678
2790	602
2791	941
2792	548
2793	1075
2794	618
2795	0
2796	1176
2797	408
2798	1161
2799	1554
2800	947
2801	509
2802	1114
2803	1001
2804	317
2805	626
2806	1357
2807	1085
2808	620
2809	788
2810	657
2811	586
2812	1302
2813	731
2814	811
2815	489
2816	776
2817	828
2818	95
2819	840
2820	1039
2821	1863
2822	624
2823	1026
2824	753
2825	716
2826	886
2827	1180
2828	1083
2829	790
2830	660
2831	482
2832	1132
2833	696
2834	1001
2835	279
2836	534
2837	349
2838	452
2839	450
2840	437
2841	416
2842	578
2843	398
2844	497
2845	506
2846	642
2847	527
2848	457
2849	1198
2850	3396
2851	482
2852	840
2853	294
2854	1513
2855	1741
2856	1407
2857	725
2858	984
2859	1064
2860	2438
2861	574
2862	1198
2863	1043
2864	939
2865	1336
2866	1034
2867	1450
2868	1520
2869	2344
2870	1233
2871	1741
2872	912
2873	1646
2874	514
2875	369
2876	715
2877	759
2878	402
2879	280
2880	1645
2881	355
2882	461
2883	400
2884	440
2885	416
2886	421
2887	314
2888	350
2889	342
2890	643
2891	474
2892	584
2893	488
2894	569
2895	374
2896	601
2897	613
2898	628
2899	356
2900	287
2901	375
2902	349
2903	351
2904	392
2905	447
2906	569
2907	356
2908	354
2909	340
2910	631
2911	599
2912	1089
2913	822
2914	1467
2915	680
2916	1372
2917	1809
2918	1233
2919	1029
2920	760
2921	965
2922	1160
2923	573
2924	2218
2925	1262
2926	1796
2927	986
2928	1542
2929	6
2930	632
2931	934
2932	650
2933	918
2934	404
2935	712
2936	413
2937	873
2938	1026
2939	975
2940	455
2941	516
2942	699
2943	448
2944	654
2945	577
2946	589
2947	374
2948	910
2949	862
2950	20
2951	952
2952	905
2953	1030
2954	443
2955	869
2956	664
2957	1498
2958	0
2959	328
2960	0
2961	1040
2962	884
2963	0
2964	425
2965	587
2966	476
2967	691
2968	679
2969	987
2970	1717
2971	1259
2972	1296
2973	802
2974	640
2975	834
2976	557
2977	925
2978	811
2979	783
2980	1036
2981	616
2982	706
2983	791
2984	397
2985	645
2986	1317
2987	698
2988	1075
2989	972
2990	530
2991	1128
2992	1400
2993	676
2994	528
2995	1093
2996	438
2997	383
2998	452
2999	2585
3000	1007
3001	1389
3002	867
3003	1505
3004	583
3005	735
3006	705
3007	1619
3008	397
3009	354
3010	449
3011	690
3012	527
3013	363
3014	371
3015	360
3016	454
3017	402
3018	324
3019	403
3020	493
3021	358
3022	402
3023	489
3024	370
3025	355
3026	482
3027	488
3028	1215
3029	96
3030	316
3031	0
3032	742
3033	747
3034	806
3035	786
3036	509
3037	1092
3038	616
3039	413
3040	472
3041	562
3042	464
3043	414
3044	419
3045	322
3046	312
3047	513
3048	528
3049	427
3050	404
3051	348
3052	420
3053	496
3054	651
3055	528
3056	506
3057	413
3058	517
3059	478
3060	637
3061	474
3062	466
3063	414
3064	392
3065	815
3066	447
3067	364
3068	321
3069	499
3070	701
3071	572
3072	707
3073	605
3074	374
3075	9
3076	857
3077	35
3078	796
3079	351
3080	486
3081	342
3082	1215
3083	1013
3084	366
3085	699
3086	34
3087	367
3088	1274
3089	1001
3090	1770
3091	304
3092	1178
3093	0
3094	832
3095	578
3096	603
3097	1274
3098	616
3099	403
3100	589
3101	389
3102	275
3103	593
3104	445
3105	345
3106	705
3107	635
3108	706
3109	923
3110	394
3111	509
3112	492
3113	1005
3114	422
3115	1270
3116	363
3117	1123
3118	765
3119	860
3120	895
3121	1464
3122	520
3123	1099
3124	628
3125	490
3126	0
3127	487
3128	496
3129	0
3130	905
3131	612
3132	1062
3133	886
3134	0
3135	613
3136	1402
3137	1477
3138	558
3139	505
3140	677
3141	1032
3142	838
3143	559
3144	807
3145	509
3146	714
3147	1028
3148	944
3149	999
3150	39
3151	1384
3152	792
3153	319
3154	428
3155	663
3156	1633
3157	860
3158	500
3159	1181
3160	1686
3161	880
3162	1628
3163	955
3164	429
3165	1300
3166	730
3167	798
3168	1149
3169	748
3170	535
3171	1413
3172	391
3173	674
3174	1220
3175	840
3176	1910
3177	1494
3178	1662
3179	377
3180	323
3181	547
3182	368
3183	352
3184	435
3185	591
3186	298
3187	425
3188	360
3189	1545
3190	1170
3191	1461
3192	1606
3193	2660
3194	1049
3195	1501
3196	320
3197	323
3198	427
3199	1108
3200	596
3201	869
3202	523
3203	500
3204	347
3205	511
3206	813
3207	627
3208	681
3209	1442
3210	944
3211	866
3212	541
3213	777
3214	853
3215	1159
3216	1152
3217	1756
3218	745
3219	570
3220	571
3221	355
3222	897
3223	689
3224	349
3225	399
3226	435
3227	284
3228	588
3229	472
3230	434
3231	352
3232	456
3233	402
3234	360
3235	583
3236	785
3237	480
3238	586
3239	486
3240	499
3241	1205
3242	1012
3243	470
3244	400
3245	1108
3246	2030
3247	472
3248	840
3249	1261
3250	382
3251	376
3252	409
3253	1143
3254	356
3255	497
3256	435
3257	339
3258	816
3259	1717
3260	612
3261	481
3262	323
3263	1117
3264	761
3265	561
3266	853
3267	422
3268	1792
3269	949
3270	0
3271	3426
3272	751
3273	831
3274	1349
3275	1116
3276	641
3277	1001
3278	1382
3279	430
3280	1174
3281	926
3282	0
3283	0
3284	1341
3285	934
3286	1171
3287	738
3288	1052
3289	359
3290	0
3291	0
3292	791
3293	839
3294	1119
3295	773
3296	795
3297	947
3298	647
3299	696
3300	568
3301	944
3302	1039
3303	151
3304	1073
3305	480
3306	837
3307	668
3308	561
3309	1427
3310	1147
3311	809
3312	1074
3313	888
3314	968
3315	1709
3316	1150
3317	498
3318	1706
3319	265
3320	966
3321	1129
3322	677
3323	198
3324	477
3325	81
3326	1596
3327	800
3328	1005
3329	1059
3330	822
3331	972
3332	1228
3333	323
3334	272
3335	411
3336	340
3337	641
3338	621
3339	296
3340	445
3341	336
3342	866
3343	504
3344	769
3345	1259
3346	1135
3347	1367
3348	1154
3349	369
3350	416
3351	369
3352	690
3353	491
3354	253
3355	1209
3356	468
3357	349
3358	682
3359	456
3360	594
3361	268
3362	334
3363	305
3364	532
3365	562
3366	800
3367	415
3368	692
3369	688
3370	554
3371	310
3372	319
3373	431
3374	373
3375	504
3376	354
3377	414
3378	410
3379	502
3380	398
3381	381
3382	402
3383	451
3384	359
3385	394
3386	431
3387	550
3388	319
3389	389
3390	427
3391	361
3392	410
3393	714
3394	487
3395	465
3396	682
3397	612
3398	615
3399	534
3400	823
3401	563
3402	1485
3403	1136
3404	1553
3405	1369
3406	1394
3407	1369
3408	467
3409	412
3410	357
3411	730
3412	960
3413	1374
3414	815
3415	555
3416	683
3417	1532
3418	410
3419	1201
3420	705
3421	933
3422	447
3423	1285
3424	554
3425	848
3426	532
3427	556
3428	566
3429	578
3430	429
3431	554
3432	1427
3433	702
3434	959
3435	901
3436	574
3437	824
3438	545
3439	612
3440	867
3441	727
3442	1324
3443	870
3444	854
3445	622
3446	1760
3447	1441
3448	729
3449	1124
3450	828
3451	402
3452	1138
3453	603
3454	744
3455	1188
3456	804
3457	409
3458	762
3459	1379
3460	1182
3461	1108
3462	528
3463	659
3464	1840
3465	1566
3466	1547
3467	1002
3468	0
3469	2226
3470	754
3471	668
3472	74
3473	0
3474	956
3475	1204
3476	953
3477	1055
3478	1006
3479	1980
3480	1376
3481	1410
3482	1470
3483	1046
3484	967
3485	1030
3486	647
3487	670
3488	909
3489	428
3490	413
3491	505
3492	1105
3493	426
3494	377
3495	441
3496	478
3497	614
3498	340
3499	734
3500	321
3501	751
3502	1183
3503	725
3504	491
3505	471
3506	533
3507	414
3508	436
3509	332
3510	424
3511	486
3512	286
3513	923
3514	425
3515	845
3516	624
3517	1478
3518	535
3519	792
3520	515
3521	665
3522	798
3523	637
3524	571
3525	502
3526	2121
3527	1025
3528	1216
3529	1413
3530	701
3531	1213
3532	835
3533	1456
3534	873
3535	1552
3536	301
3537	1067
3538	1048
3539	562
3540	536
3541	381
3542	918
3543	699
3544	380
3545	479
3546	654
3547	382
3548	374
3549	380
3550	392
3551	468
3552	379
3553	389
3554	455
3555	501
3556	501
3557	386
3558	523
3559	550
3560	553
3561	439
3562	383
3563	383
3564	553
3565	546
3566	717
3567	381
3568	1637
3569	1292
3570	92
3571	1816
3572	630
3573	1511
3574	761
3575	986
3576	1709
3577	696
3578	1119
3579	412
3580	299
3581	776
3582	1106
3583	1233
3584	807
3585	572
3586	509
3587	586
3588	586
3589	785
3590	1555
3591	754
3592	617
3593	1165
3594	726
3595	1035
3596	859
3597	424
3598	547
3599	1194
3600	1378
3601	1111
3602	1026
3603	1042
3604	849
3605	981
3606	871
3607	449
3608	515
3609	45
3610	6
3611	786
3612	1079
3613	0
3614	590
3615	0
3616	959
3617	1277
3618	755
3619	765
3620	1107
3621	1098
3622	1424
3623	931
3624	1213
3625	470
3626	50
3627	425
3628	627
3629	789
3630	1
3631	0
3632	893
3633	334
3634	933
3635	1369
3636	305
3637	958
3638	781
3639	481
3640	1944
3641	1748
3642	556
3643	1577
3644	697
3645	742
3646	660
3647	1282
3648	526
3649	647
3650	1335
3651	1349
3652	528
3653	793
3654	1608
3655	1405
3656	514
3657	805
3658	389
3659	480
3660	719
3661	782
3662	666
3663	779
3664	491
3665	606
3666	407
3667	438
3668	455
3669	1112
3670	782
3671	1051
3672	1638
3673	1292
3674	1329
3675	3001
3676	773
3677	934
3678	978
3679	301
3680	497
3681	352
3682	313
3683	318
3684	342
3685	1127
3686	629
3687	1173
3688	793
3689	470
3690	465
3691	491
3692	760
3693	501
3694	794
3695	710
3696	499
3697	477
3698	991
3699	605
3700	461
3701	572
3702	754
3703	565
3704	696
3705	410
3706	463
3707	473
3708	395
3709	859
3710	830
3711	601
3712	562
3713	613
3714	503
3715	606
3716	520
3717	271
3718	554
3719	377
3720	364
3721	601
3722	481
3723	664
3724	466
3725	510
3726	483
3727	746
3728	1309
3729	620
3730	1109
3731	1095
3732	475
3733	1561
3734	1406
3735	1378
3736	397
3737	355
3738	647
3739	1007
3740	968
3741	461
3742	644
3743	635
3744	566
3745	512
3746	708
3747	679
3748	379
3749	503
3750	617
3751	684
3752	16
3753	1841
3754	1104
3755	350
3756	1482
3757	610
3758	755
3759	757
3760	435
3761	608
3762	584
3763	374
3764	331
3765	0
3766	0
3767	0
3768	0
3769	16
3770	0
3771	1292
3772	718
3773	1138
3774	1354
3775	898
3776	968
3777	1053
3778	1294
3779	666
3780	1061
3781	1473
3782	1606
3783	854
3784	1055
3785	603
3786	1087
3787	652
3788	1280
3789	892
3790	2040
3791	1630
3792	2529
3793	1334
3794	1527
3795	1433
3796	2377
3797	924
3798	1057
3799	1982
3800	1493
3801	817
3802	1075
3803	1348
3804	1338
3805	1521
3806	2087
3807	1894
3808	1670
3809	1961
3810	682
3811	1222
3812	1386
3813	850
3814	1117
3815	1514
3816	1659
3817	2298
3818	2455
3819	814
3820	5081
3821	970
3822	1731
3823	30
3824	1669
3825	1962
3826	1272
3827	2766
3828	564
3829	940
3830	812
3831	1635
3832	1481
3833	1860
3834	111
3835	3490
3836	2513
3837	0
3838	4
3839	72
3840	3
3841	680
3842	885
3843	2184
3844	1447
3845	2124
3846	1661
3847	4618
3848	1564
3849	1107
3850	2182
3851	23
3852	1401
3853	2718
3854	6341
3855	3853
3856	1484
3857	1829
3858	976
3859	420
3860	0
3861	1244
3862	183
3863	406
3864	366
3865	210
3866	2071
3867	21
3868	480
3869	2407
3870	22
3871	0
3872	0
3873	142
3874	95
3875	626
3876	1702
3877	2041
3878	1284
3879	0
3880	0
3881	0
3882	0
3883	1856
3884	1138
3885	1881
3886	1710
3887	2039
3888	742
3889	1008
3890	1806
3891	663
3892	1780
3893	874
3894	1422
3895	0
3896	0
3897	0
3898	1205
3899	731
3900	1403
3901	860
3902	640
3903	1252
3904	2028
3905	932
3906	985
3907	1708
3908	1036
3909	1303
3910	1086
3911	2848
3912	949
3913	903
3914	922
3915	930
3916	508
3917	899
3918	942
3919	703
3920	1531
3921	866
3922	1113
3923	1826
3924	1735
3925	870
3926	1457
3927	1667
3928	1801
3929	1973
3930	1700
3931	1989
3932	1805
3933	1048
3934	898
3935	810
3936	1271
3937	886
3938	1146
3939	1945
3940	1059
3941	1384
3942	919
3943	2710
3944	1329
3945	1901
3946	1507
3947	1335
3948	1493
3949	452
3950	1959
3951	1923
3952	894
3953	1024
3954	1167
3955	1090
3956	738
3957	1180
3958	1738
3959	1324
3960	749
3961	891
3962	882
3963	2407
3964	1333
3965	1769
3966	341
3967	4
3968	19
3969	2198
3970	1512
3971	1228
3972	1874
3973	1418
3974	1504
3975	1430
3976	2129
3977	2054
3978	1700
3979	1718
3980	0
3981	26
3982	7
3983	845
3984	0
3985	96
3986	47
3987	633
3988	0
3989	764
3990	797
3991	427
3992	177
3993	842
3994	644
3995	497
3996	467
3997	302
3998	335
3999	311
4000	956
4001	798
4002	1087
4003	817
4004	216
4005	357
4006	482
4007	338
4008	761
4009	1463
4010	872
4011	532
4012	434
4013	92
4014	822
4015	919
4016	412
4017	437
4018	479
4019	1104
4020	693
4021	853
4022	759
4023	1367
4024	347
4025	591
4026	620
4027	348
4028	846
4029	643
4030	804
4031	577
4032	366
4033	2177
4034	2516
4035	2511
4036	873
4037	713
4038	264
4039	273
4040	266
4041	419
4042	364
4043	293
4044	439
4045	362
4046	371
4047	432
4048	254
4049	1577
4050	282
4051	207
4052	197
4053	458
4054	958
4055	1350
4056	1099
4057	77
4058	393
4059	464
4060	128
4061	1072
4062	414
4063	15
4064	967
4065	209
4066	372
4067	311
4068	712
4069	1245
4070	979
4071	821
4072	998
4073	836
4074	1216
4075	455
4076	957
4077	1549
4078	632
4079	3
4080	5
4081	759
4082	43
4083	1094
4084	520
4085	1123
4086	640
4087	1198
4088	873
4089	801
4090	967
4091	2014
4092	1572
4093	1707
4094	1128
4095	1688
4096	1238
4097	753
4098	1636
4099	827
4100	1217
4101	812
4102	900
4103	844
4104	8
4105	0
4106	336
4107	249
4108	66
4109	788
4110	1056
4111	1758
4112	620
4113	989
4114	914
4115	1255
4116	1016
4117	714
4118	604
4119	703
4120	1687
4121	760
4122	704
4123	990
4124	1349
4125	749
4126	190
4127	1930
4128	1378
4129	627
4130	135
4131	328
4132	983
4133	783
4134	507
4135	952
4136	1048
4137	1235
4138	823
4139	1360
4140	1215
4141	379
4142	533
4143	377
4144	368
4145	2155
4146	1442
4147	785
4148	753
4149	391
4150	994
4151	1278
4152	1250
4153	462
4154	1581
4155	725
4156	621
4157	1339
4158	1758
4159	1335
4160	1126
4161	35
4162	49
4163	446
4164	884
4165	571
4166	910
4167	424
4168	1734
4169	236
4170	284
4171	67
4172	220
4173	163
4174	89
4175	153
4176	19
4177	70
4178	54
4179	92
4180	124
4181	105
4182	234
4183	168
4184	299
4185	112
4186	344
4187	267
4188	181
4189	100
4190	49
4191	134
4192	204
4193	239
4194	81
4195	91
4196	154
4197	108
4198	225
4199	77
4200	79
4201	43
4202	81
4203	161
4204	0
4205	0
4206	240
4207	69
4208	101
4209	1747
4210	388
4211	480
4212	1068
4213	485
4214	400
4215	542
4216	726
4217	577
4218	1757
4219	1069
4220	1651
4221	1588
4222	735
4223	1412
4224	1520
4225	1350
4226	1977
4227	1618
4228	525
4229	111
4230	724
4231	1712
4232	1804
4233	1530
4234	1834
4235	1100
4236	1602
4237	1258
4238	2023
4239	1488
4240	802
4241	871
4242	1981
4243	1541
4244	1137
4245	1204
4246	836
4247	1325
4248	1523
4249	506
4250	752
4251	561
4252	632
4253	887
4254	2786
4255	221
4256	368
4257	608
4258	519
4259	527
4260	445
4261	723
4262	632
4263	1179
4264	802
4265	530
4266	343
4267	113
4268	318
4269	193
4270	183
4271	219
4272	265
4273	270
4274	113
4275	166
4276	202
4277	127
4278	87
4279	172
4280	300
4281	334
4282	211
4283	324
4284	216
4285	232
4286	210
4287	296
4288	238
4289	280
4290	237
4291	135
4292	168
4293	100
4294	142
4295	102
4296	130
4297	175
4298	323
4299	163
4300	71
4301	89
4302	139
4303	114
4304	69
4305	220
4306	108
4307	211
4308	149
4309	86
4310	88
4311	141
4312	94
4313	149
4314	31
4315	176
4316	164
4317	209
4318	219
4319	159
4320	157
4321	111
4322	113
4323	71
4324	137
4325	131
4326	179
4327	83
4328	219
4329	163
4330	124
4331	155
4332	122
4333	146
4334	239
4335	508
4336	720
4337	422
4338	244
4339	270
4340	130
4341	166
4342	207
4343	119
4344	97
4345	133
4346	36
4347	142
4348	130
4349	227
4350	248
4351	226
4352	197
4353	7
4354	190
4355	112
4356	94
4357	160
4358	195
4359	140
4360	462
4361	136
4362	171
4363	161
4364	309
4365	257
4366	124
4367	201
4368	391
4369	127
4370	55
4371	215
4372	97
4373	245
4374	206
4375	189
4376	230
4377	140
4378	368
4379	162
4380	123
4381	124
4382	107
4383	120
4384	62
4385	125
4386	223
4387	160
4388	196
4389	147
4390	160
4391	230
4392	199
4393	188
4394	167
4395	202
4396	208
4397	159
4398	169
4399	158
4400	85
4401	169
4402	137
4403	120
4404	213
4405	270
4406	296
4407	185
4408	151
4409	80
4410	157
4411	122
4412	258
4413	238
4414	53
4415	146
4416	140
4417	167
4418	158
4419	165
4420	98
4421	191
4422	204
4423	212
4424	226
4425	90
4426	59
4427	205
4428	165
4429	57
4430	156
4431	79
4432	261
4433	179
4434	185
4435	145
4436	141
4437	114
4438	200
4439	161
4440	232
4441	170
4442	355
4443	199
4444	257
4445	400
4446	173
4447	143
4448	246
4449	282
4450	222
4451	337
4452	167
4453	86
4454	126
4455	71
4456	115
4457	106
4458	243
4459	327
4460	163
4461	101
4462	161
4463	202
4464	118
4465	155
4466	182
4467	213
4468	69
4469	231
4470	181
4471	427
4472	194
4473	83
4474	150
4475	119
4476	225
4477	139
4478	225
4479	62
4480	252
4481	213
4482	150
4483	236
4484	159
4485	350
4486	249
4487	345
4488	270
4489	285
4490	710
4491	2022
4492	964
4493	477
4494	782
4495	1020
4496	813
4497	310
4498	190
4499	514
4500	99
4501	452
4502	494
4503	1018
4504	819
4505	1392
4506	744
4507	936
4508	44
4509	170
4510	106
4511	627
4512	1331
4513	119
4514	440
4515	782
4516	426
4517	9
4518	190
4519	142
4520	250
4521	1004
4522	86
4523	194
4524	192
4525	916
4526	136
4527	835
4528	577
4529	177
4530	461
4531	837
4532	535
4533	370
4534	659
4535	680
4536	165
4537	386
4538	115
4539	68
4540	734
4541	438
4542	386
4543	505
4544	448
4545	797
4546	700
4547	230
4548	345
4549	481
4550	789
4551	459
4552	425
4553	399
4554	461
4555	1323
4556	993
4557	1460
4558	2254
4559	3088
4560	2813
4561	1855
4562	2493
4563	1650
4564	2327
4565	1699
4566	3104
4567	3149
4568	2719
4569	3936
4570	2157
4571	2099
4572	2762
4573	1227
4574	499
4575	1273
4576	1770
4577	782
4578	860
4579	1027
4580	625
4581	974
4582	3399
4583	3859
4584	3177
4585	2473
4586	3325
4587	2127
4588	4224
4589	1450
4590	336
4591	1354
4592	2444
4593	17
4594	1037
4595	1506
4596	46
4597	2680
4598	3633
4599	3393
4600	2947
4601	185
4602	2009
4603	4022
4604	0
4605	0
4606	0
4607	0
4608	360
4609	2244
4610	1372
4611	1327
4612	7929
4613	2772
4614	2303
4615	910
4616	4779
4617	357
4618	2742
4619	2335
4620	614
4621	58
4622	1867
4623	316
4624	2606
4625	2625
4626	3940
4627	1473
4628	474
4629	437
4630	35
4631	891
4632	850
4633	442
4634	1445
4635	15
4636	364
4637	607
4638	3779
4639	151
4640	4754
4641	4178
4642	230
4643	1674
4644	261
4645	2651
4646	1218
4647	3350
4648	4116
4649	2345
4650	2361
4651	1905
4652	975
4653	4483
4654	3672
4655	3273
4656	3485
4657	186
4658	1919
4659	17
4660	46
4661	468
4662	434
4663	3183
4664	2786
4665	4469
4666	1691
4667	1711
4668	2509
4669	0
4670	2
4671	1286
4672	361
4673	2141
4674	3601
4675	11
4676	474
4677	765
4678	1171
4679	3353
4680	3872
4681	3842
4682	3122
4683	3185
4684	6444
4685	0
4686	2865
4687	4054
4688	2895
4689	3471
4690	4418
4691	2576
4692	1557
4693	25
4694	0
4695	56
4696	4
4697	1595
4698	2746
4699	3035
4700	3609
4701	16
4702	18
4703	15
4704	92
4705	654
4706	4039
4707	2584
4708	1726
4709	126
4710	2578
4711	3798
4712	2985
4713	1590
4714	3724
4715	4644
4716	2824
4717	1055
4718	4108
4719	1266
4720	2792
4721	2880
4722	2870
4723	883
4724	21
4725	1457
4726	2200
4727	89
4728	12
4729	2320
4730	983
4731	1426
4732	2709
4733	2739
4734	2528
4735	640
4736	3662
4737	75
4738	4161
4739	483
4740	4806
4741	4461
4742	3419
4743	1761
4744	1522
4745	1899
4746	253
4747	3064
4748	2502
4749	3582
4750	68
4751	4658
4752	3403
4753	2733
4754	1409
4755	199
4756	95
4757	4183
4758	2588
4759	2257
4760	973
4761	3106
4762	2418
4763	1627
4764	4400
4765	2345
4766	2949
4767	1638
4768	2301
4769	2071
4770	54
4771	2853
4772	2962
4773	186
4774	0
4775	398
4776	518
4777	485
4778	3984
4779	3645
4780	3409
4781	2657
4782	3133
4783	2251
4784	2098
4785	0
4786	49
4787	59
4788	3936
4789	3703
4790	3992
4791	38
4792	1979
4793	55
4794	2536
4795	2526
4796	2078
4797	2129
4798	11
4799	39
4800	1164
4801	749
4802	0
4803	4108
4804	1025
4805	302
4806	13
4807	1964
4808	193
4809	21
4810	7
4811	5
4812	59
4813	543
4814	0
4815	0
4816	0
4817	0
4818	0
4819	0
4820	0
4821	0
4822	0
4823	0
4824	0
4825	0
4826	3796
4827	2181
4828	3466
4829	4164
4830	3770
4831	2264
4832	4
4833	2710
4834	2592
4835	3100
4836	3487
4837	3513
4838	4339
4839	31
4840	1169
4841	4912
4842	4698
4843	1485
4844	3162
4845	1906
4846	1790
4847	1859
4848	0
4849	2408
4850	2058
4851	3069
4852	334
4853	3073
4854	3133
4855	2556
4856	2759
4857	3179
4858	6276
4859	5779
4860	3817
4861	2923
4862	2957
4863	3993
4864	11
4865	369
4866	3414
4867	79
4868	0
4869	1837
4870	3123
4871	2624
4872	66
4873	274
4874	16
4875	491
4876	81
4877	68
4878	5585
4879	2507
4880	7917
4881	1397
4882	3835
4883	2392
4884	6346
4885	3252
4886	2985
4887	2634
4888	3158
4889	3016
4890	921
4891	2818
4892	3961
4893	3753
4894	5167
4895	2975
4896	3631
4897	1764
4898	530
4899	5104
4900	6582
4901	1031
4902	1723
4903	1491
4904	3222
4905	3571
4906	2507
4907	2405
4908	1686
4909	1442
4910	3046
4911	2321
4912	1397
4913	1137
4914	1653
4915	359
4916	2979
4917	2811
4918	4584
4919	6890
4920	1179
4921	3385
4922	1631
4923	161
4924	1836
4925	3214
4926	4477
4927	5251
4928	2722
4929	3165
4930	2800
4931	162
4932	2537
4933	2312
4934	2758
4935	610
4936	9
4937	2938
4938	3808
4939	793
4940	538
4941	270
4942	2909
4943	1297
4944	0
4945	0
4946	1581
4947	118
4948	30
4949	338
4950	1041
4951	830
4952	106
4953	1140
4954	974
4955	718
4956	1169
4957	1464
4958	40
4959	240
4960	1064
4961	1319
4962	1252
4963	1347
4964	1030
4965	1619
4966	1327
4967	130
4968	1728
4969	1852
4970	1613
4971	1763
4972	3
4973	1892
4974	1829
4975	184
4976	1000
4977	599
4978	346
4979	3
4980	354
4981	892
4982	950
4983	1839
4984	2514
4985	1755
4986	1142
4987	674
4988	1197
4989	1399
4990	1201
4991	483
4992	171
4993	293
4994	69
4995	1474
4996	2193
4997	2184
4998	2030
4999	3209
5000	1878
5001	2645
5002	3
5003	2445
5004	1546
5005	1160
5006	1208
5007	1223
5008	991
5009	1162
5010	0
5011	1098
5012	1467
5013	348
5014	1041
5015	1162
5016	607
5017	738
5018	604
5019	1422
5020	482
5021	418
5022	1046
5023	1235
5024	514
5025	771
5026	370
5027	1295
5028	218
5029	784
5030	725
5031	291
5032	891
5033	413
5034	881
5035	1397
5036	732
5037	1621
5038	1171
5039	1633
5040	1901
5041	1370
5042	1401
5043	1434
5044	1743
5045	974
5046	1279
5047	1073
5048	1034
5049	2043
5050	42
5051	885
5052	39
5053	279
5054	637
5055	639
5056	654
5057	689
5058	5
5059	691
5060	0
5061	0
5062	0
5063	0
5064	0
5065	0
5066	301
5067	1030
5068	4
5069	1352
5070	318
5071	222
5072	1361
5073	571
5074	1219
5075	705
5076	1368
5077	751
5078	301
5079	438
5080	1136
5081	235
5082	665
5083	906
5084	577
5085	422
5086	1328
5087	81
5088	674
5089	352
5090	1612
5091	1689
5092	0
5093	0
5094	536
5095	508
5096	466
5097	316
5098	539
5099	298
5100	163
5101	301
5102	105
5103	919
5104	260
5105	331
5106	26
5107	611
5108	578
5109	550
5110	547
5111	442
5112	384
5113	277
5114	804
5115	956
5116	553
5117	558
5118	38
5119	265
5120	1033
5121	1183
5122	1374
5123	1203
5124	1268
5125	1122
5126	993
5127	902
5128	919
5129	984
5130	1002
5131	774
5132	813
5133	763
5134	609
5135	1092
5136	1140
5137	1301
5138	1489
5139	941
5140	1433
5141	1010
5142	723
5143	853
5144	23
5145	1138
5146	1326
5147	1057
5148	660
5149	1621
5150	651
5151	1169
5152	1586
5153	804
5154	1711
5155	1146
5156	1135
5157	1267
5158	1461
5159	1016
5160	961
5161	1216
5162	458
5163	83
5164	1322
5165	901
5166	939
5167	1372
5168	1150
5169	1215
5170	552
5171	779
5172	1233
5173	595
5174	1030
5175	722
5176	1058
5177	1291
5178	869
5179	934
5180	762
5181	1295
5182	1097
5183	1300
5184	934
5185	1103
5186	1178
5187	28
5188	827
5189	348
5190	1041
5191	634
5192	1147
5193	346
5194	799
5195	941
5196	1193
5197	1285
5198	1244
5199	919
5200	551
5201	897
5202	1571
5203	1097
5204	918
5205	1271
5206	590
5207	1450
5208	500
5209	1185
5210	1784
5211	656
5212	1541
5213	1245
5214	526
5215	316
5216	1389
5217	999
5218	1232
5219	910
5220	1057
5221	993
5222	289
5223	1204
5224	1201
5225	869
5226	1457
5227	1445
5228	808
5229	315
5230	697
5231	1182
5232	1172
5233	1067
5234	221
5235	1292
5236	1184
5237	760
5238	550
5239	582
5240	492
5241	506
5242	1398
5243	1194
5244	562
5245	1221
5246	1847
5247	971
5248	673
5249	1218
5250	1201
5251	1324
5252	536
5253	178
5254	472
5255	871
5256	680
5257	428
5258	1691
5259	2482
5260	1096
5261	1526
5262	749
5263	1024
5264	910
5265	911
5266	1195
5267	956
5268	671
5269	709
5270	398
5271	928
5272	1305
5273	964
5274	738
5275	918
5276	1069
5277	675
5278	865
5279	1178
5280	986
5281	1378
5282	715
5283	1035
5284	882
5285	973
5286	884
5287	706
5288	1622
5289	1062
5290	1115
5291	1290
5292	900
5293	1012
5294	754
5295	1165
5296	299
5297	592
5298	741
5299	682
5300	763
5301	1101
5302	964
5303	1012
5304	2193
5305	846
5306	1216
5307	1315
5308	1099
5309	1197
5310	1313
5311	808
5312	1128
5313	568
5314	877
5315	578
5316	1195
5317	508
5318	761
5319	1345
5320	0
5321	20
5322	2
5323	41
5324	0
5325	956
5326	772
5327	703
5328	442
5329	922
5330	948
5331	1019
5332	816
5333	472
5334	718
5335	1224
5336	853
5337	1552
5338	1221
5339	725
5340	1463
5341	1218
5342	878
5343	1665
5344	1640
5345	1132
5346	1039
5347	1225
5348	776
5349	667
5350	1073
5351	1023
5352	480
5353	592
5354	1719
5355	803
5356	1441
5357	745
5358	743
5359	785
5360	628
5361	571
5362	1862
5363	2181
5364	1024
5365	534
5366	931
5367	964
5368	669
5369	1048
5370	1094
5371	1077
5372	722
5373	1864
5374	452
5375	855
5376	627
5377	790
5378	1038
5379	1896
5380	1341
5381	576
5382	466
5383	321
5384	726
5385	517
5386	512
5387	911
5388	1253
5389	1232
5390	662
5391	1678
5392	1550
5393	8
5394	646
5395	1068
5396	1994
5397	782
5398	965
5399	893
5400	528
5401	1445
5402	1391
5403	904
5404	770
5405	1050
5406	801
5407	636
5408	664
5409	804
5410	1236
5411	1096
5412	693
5413	908
5414	1349
5415	452
5416	593
5417	1692
5418	449
5419	859
5420	867
5421	1684
5422	806
5423	525
5424	563
5425	756
5426	345
5427	1803
5428	503
5429	662
5430	886
5431	881
5432	680
5433	1083
5434	941
5435	765
5436	1003
5437	1121
5438	1998
5439	1377
5440	1125
5441	955
5442	1185
5443	902
5444	1254
5445	673
5446	1101
5447	857
5448	588
5449	729
5450	849
5451	644
5452	628
5453	1173
5454	1235
5455	886
5456	1059
5457	604
5458	671
5459	987
5460	989
5461	1025
5462	946
5463	1015
5464	711
5465	777
5466	96
5467	1033
5468	1009
5469	1038
5470	62
5471	1302
5472	911
5473	553
5474	1028
5475	806
5476	670
5477	436
5478	1389
5479	509
5480	1029
5481	385
5482	1363
5483	1318
5484	725
5485	1282
5486	1281
5487	738
5488	889
5489	1436
5490	990
5491	797
5492	2055
5493	711
5494	1012
5495	953
5496	679
5497	1076
5498	361
5499	682
5500	861
5501	496
5502	785
5503	712
5504	786
5505	587
5506	623
5507	670
5508	667
5509	746
5510	1168
5511	2042
5512	710
5513	680
5514	931
5515	1140
5516	557
5517	835
5518	686
5519	989
5520	729
5521	284
5522	1085
5523	1217
5524	322
5525	295
5526	713
5527	649
5528	113
5529	829
5530	825
5531	1613
5532	3602
5533	1452
5534	1706
5535	1986
5536	1311
5537	1409
5538	1072
5539	816
5540	840
5541	865
5542	1163
5543	1364
5544	625
5545	796
5546	1435
5547	1036
5548	1602
5549	275
5550	87
5551	1187
5552	757
5553	1049
5554	1005
5555	741
5556	1030
5557	647
5558	1538
5559	1620
5560	832
5561	975
5562	1190
5563	593
5564	988
5565	388
5566	1756
5567	1080
5568	951
5569	617
5570	935
5571	772
5572	641
5573	849
5574	1230
5575	603
5576	535
5577	1755
5578	1079
5579	945
5580	672
5581	852
5582	710
5583	1089
5584	1308
5585	1633
5586	785
5587	1399
5588	147
5589	749
5590	1227
5591	1169
5592	658
5593	1346
5594	1500
5595	899
5596	885
5597	671
5598	827
5599	600
5600	609
5601	1390
5602	1298
5603	1151
5604	1640
5605	993
5606	865
5607	1123
5608	1136
5609	806
5610	947
5611	684
5612	1013
5613	354
5614	908
5615	869
5616	1162
5617	27
5618	656
5619	1396
5620	867
5621	1152
5622	1227
5623	56
5624	905
5625	1639
5626	1300
5627	1634
5628	960
5629	11
5630	808
5631	48
5632	1542
5633	673
5634	574
5635	1175
5636	1235
5637	1119
5638	1166
5639	792
5640	1509
5641	613
5642	652
5643	1199
5644	1091
5645	1103
5646	791
5647	1080
5648	1156
5649	676
5650	511
5651	1604
5652	471
5653	766
5654	579
5655	897
5656	1826
5657	664
5658	178
5659	1327
5660	784
5661	1892
5662	150
5663	1894
5664	6
5665	200
5666	1759
5667	536
5668	345
5669	832
5670	918
5671	1188
5672	759
5673	700
5674	1153
5675	958
5676	510
5677	930
5678	939
5679	105
5680	1104
5681	762
5682	571
5683	625
5684	548
5685	852
5686	1427
5687	721
5688	999
5689	1127
5690	485
5691	680
5692	1465
5693	991
5694	1659
5695	13
5696	854
5697	1938
5698	897
5699	1045
5700	636
5701	1420
5702	712
5703	1253
5704	786
5705	1016
5706	1133
5707	362
5708	1300
5709	1509
5710	573
5711	634
5712	984
5713	1236
5714	1142
5715	1645
5716	1006
5717	1075
5718	1862
5719	1470
5720	151
5721	554
5722	365
5723	1085
5724	0
5725	665
5726	530
5727	887
5728	862
5729	553
5730	1125
5731	856
5732	655
5733	1666
5734	961
5735	809
5736	807
5737	1203
5738	1018
5739	1973
5740	2286
5741	1389
5742	1417
5743	870
5744	1066
5745	273
5746	2047
5747	1712
5748	350
5749	493
5750	777
5751	411
5752	893
5753	716
5754	912
5755	430
5756	513
5757	546
5758	678
5759	1444
5760	0
5761	0
5762	0
5763	0
5764	0
5765	0
5766	0
5767	320
5768	1586
5769	437
5770	1361
5771	1007
5772	774
5773	454
5774	1246
5775	800
5776	1026
5777	847
5778	821
5779	773
5780	1035
5781	1051
5782	700
5783	666
5784	407
5785	757
5786	1270
5787	899
5788	1289
5789	600
5790	1010
5791	1327
5792	1018
5793	1081
5794	1133
5795	1887
5796	2599
5797	633
5798	756
5799	1114
5800	590
5801	510
5802	799
5803	578
5804	626
5805	697
5806	1110
5807	95
5808	0
5809	0
5810	0
5811	610
5812	964
5813	885
5814	1029
5815	798
5816	898
5817	919
5818	264
5819	823
5820	486
5821	3
5822	18
5823	217
5824	1439
5825	772
5826	1069
5827	0
5828	0
5829	0
5830	3
5831	0
5832	0
5833	1232
5834	1589
5835	434
5836	757
5837	1220
5838	938
5839	1055
5840	911
5841	1115
5842	774
5843	887
5844	822
5845	752
5846	945
5847	1469
5848	1233
5849	1239
5850	689
5851	1146
5852	824
5853	1031
5854	839
5855	1347
5856	772
5857	1271
5858	1215
5859	0
5860	1151
5861	1113
5862	1040
5863	512
5864	993
5865	1189
5866	425
5867	1224
5868	1317
5869	4
5870	0
5871	0
5872	0
5873	1999
5874	511
5875	1384
5876	1641
5877	1271
5878	1151
5879	1681
5880	760
5881	2266
5882	885
5883	1178
5884	1011
5885	931
5886	938
5887	921
5888	486
5889	481
5890	1127
5891	2206
5892	2776
5893	1059
5894	5055
5895	1587
5896	1562
5897	1552
5898	1040
5899	2263
5900	1605
5901	1592
5902	958
5903	1130
5904	2180
5905	3237
5906	2060
5907	2181
5908	2085
5909	1122
5910	1385
5911	1398
5912	1812
5913	1241
5914	1851
5915	1644
5916	1370
5917	1739
5918	985
5919	726
5920	1238
5921	1761
5922	1782
5923	1679
5924	1301
5925	1693
5926	2295
5927	1415
5928	1664
5929	2179
5930	1931
5931	1448
5932	1875
5933	1661
5934	2085
5935	1562
5936	1008
5937	1486
5938	787
5939	1053
5940	1374
5941	1478
5942	1519
5943	1454
5944	2620
5945	2135
5946	1917
5947	1820
5948	1998
5949	1706
5950	183
5951	2636
5952	955
5953	1103
5954	741
5955	1520
5956	1173
5957	1030
5958	1385
5959	3277
5960	983
5961	1346
5962	2903
5963	1870
5964	2130
5965	718
5966	1068
5967	521
5968	187
5969	937
5970	1283
5971	2126
5972	2242
5973	2228
5974	2444
5975	713
5976	2351
5977	1339
5978	782
5979	866
5980	1316
5981	2817
5982	1624
5983	1471
5984	935
5985	1101
5986	1216
5987	1456
5988	1217
5989	1740
5990	1590
5991	1555
5992	282
5993	1272
5994	1649
5995	1807
5996	1708
5997	1721
5998	1443
5999	1814
6000	1422
6001	1757
6002	3391
6003	1708
6004	1469
6005	1490
6006	1692
6007	1376
6008	1136
6009	1210
6010	1488
6011	1700
6012	921
6013	1454
6014	1491
6015	1807
6016	1259
6017	1687
6018	2376
6019	1595
6020	1819
6021	1495
6022	1482
6023	1369
6024	1204
6025	1128
6026	1097
6027	1683
6028	1607
6029	1113
6030	1765
6031	1386
6032	1135
6033	1079
6034	772
6035	913
6036	1144
6037	1126
6038	2314
6039	1118
6040	1395
6041	938
6042	1575
6043	1600
6044	1236
6045	1620
6046	1989
6047	2245
6048	1835
6049	1419
6050	860
6051	2035
6052	303
6053	1391
6054	829
6055	286
6056	3205
6057	1725
6058	2082
6059	49
6060	1984
6061	900
6062	1681
6063	1707
6064	2657
6065	2451
6066	1161
6067	1213
6068	1320
6069	2095
6070	1555
6071	1065
6072	2259
6073	1727
6074	2026
6075	2028
6076	1891
6077	1856
6078	946
6079	1055
6080	2694
6081	465
6082	959
6083	997
6084	2243
6085	2065
6086	1666
6087	2665
6088	2736
6089	1776
6090	2403
6091	1173
6092	1249
6093	1256
6094	1994
6095	1170
6096	1802
6097	1606
6098	4545
6099	2295
6100	470
6101	2899
6102	1281
6103	996
6104	2825
6105	2367
6106	1403
6107	1960
6108	1960
6109	2142
6110	1964
6111	1524
6112	612
6113	106
6114	278
6115	3477
6116	2858
6117	2807
6118	2928
6119	1738
6120	1202
6121	1759
6122	2358
6123	2148
6124	1390
6125	1090
6126	1682
6127	2164
6128	1026
6129	3039
6130	790
6131	1448
6132	2189
6133	2871
6134	355
6135	915
6136	604
6137	344
6138	202
6139	1887
6140	632
6141	435
6142	272
6143	426
6144	2268
6145	1732
6146	2165
6147	1651
6148	2102
6149	1157
6150	1339
6151	1402
6152	1659
6153	1738
6154	1328
6155	1410
6156	1919
6157	1264
6158	1289
6159	1006
6160	2851
6161	1131
6162	1285
6163	1282
6164	2032
6165	261
6166	465
6167	641
6168	1446
6169	1793
6170	1789
6171	1548
6172	2567
6173	1988
6174	3679
6175	5368
6176	1979
6177	1421
6178	1565
6179	1971
6180	1904
6181	1766
6182	1882
6183	2125
6184	551
6185	1335
6186	538
6187	865
6188	630
6189	623
6190	175
6191	631
6192	1170
6193	1091
6194	643
6195	573
6196	1346
6197	1976
6198	1240
6199	588
6200	1370
6201	1602
6202	1116
6203	621
6204	187
6205	443
6206	398
6207	924
6208	354
6209	630
6210	1080
6211	217
6212	159
6213	1172
6214	512
6215	1492
6216	424
6217	1144
6218	1187
6219	1681
6220	1029
6221	285
6222	295
6223	183
6224	674
6225	921
6226	632
6227	459
6228	1196
6229	688
6230	625
6231	531
6232	542
6233	281
6234	812
6235	542
6236	972
6237	1238
6238	938
6239	292
6240	735
6241	823
6242	510
6243	724
6244	1739
6245	1131
6246	1879
6247	1845
6248	597
6249	1233
6250	1403
6251	456
6252	540
6253	513
6254	424
6255	871
6256	996
6257	779
6258	381
6259	1555
6260	693
6261	605
6262	175
6263	476
6264	720
6265	829
6266	1234
6267	997
6268	629
6269	492
6270	975
6271	1025
6272	1069
6273	973
6274	225
6275	929
6276	1268
6277	998
6278	1214
6279	1093
6280	471
6281	960
6282	462
6283	661
6284	497
6285	800
6286	1249
6287	815
6288	642
6289	774
6290	527
6291	851
6292	407
6293	232
6294	705
6295	711
6296	1083
6297	781
6298	914
6299	1466
6300	510
6301	6
6302	68
6303	520
6304	43
6305	373
6306	15
6307	0
6308	16
6309	4
6310	1316
6311	494
6312	367
6313	772
6314	1246
6315	1194
6316	596
6317	1079
6318	684
6319	821
6320	972
6321	1229
6322	1074
6323	803
6324	1703
6325	11
6326	275
6327	469
6328	410
6329	1769
6330	710
6331	2170
6332	1633
6333	816
6334	802
6335	1716
6336	1294
6337	636
6338	477
6339	448
6340	599
6341	1072
6342	1454
6343	690
6344	723
6345	672
6346	875
6347	753
6348	601
6349	467
6350	609
6351	1061
6352	1095
6353	953
6354	625
6355	571
6356	626
6357	773
6358	1271
6359	765
6360	927
6361	1282
6362	1004
6363	912
6364	1259
6365	717
6366	607
6367	616
6368	245
6369	612
6370	193
6371	1709
6372	1442
6373	1756
6374	1941
6375	562
6376	0
6377	0
6378	0
6379	0
6380	1155
6381	954
6382	530
6383	1501
6384	835
6385	689
6386	107
6387	680
6388	876
6389	693
6390	1020
6391	593
6392	963
6393	1212
6394	895
6395	984
6396	486
6397	1006
6398	907
6399	1046
6400	1057
6401	390
6402	910
6403	722
6404	686
6405	1666
6406	1596
6407	124
6408	776
6409	1401
6410	327
6411	1472
6412	22
6413	49
6414	52
6415	12
6416	11
6417	571
6418	780
6419	42
6420	677
6421	1520
6422	1553
6423	0
6424	0
6425	0
6426	0
6427	0
6428	0
6429	0
6430	0
6431	0
6432	0
6433	0
6434	0
6435	712
6436	1572
6437	696
6438	1183
6439	1293
6440	1141
6441	710
6442	775
6443	2100
6444	807
6445	1534
6446	1629
6447	954
6448	194
6449	1407
6450	556
6451	942
6452	1291
6453	865
6454	1533
6455	1513
6456	1073
6457	935
6458	941
6459	562
6460	741
6461	967
6462	1047
6463	1346
6464	928
6465	615
6466	902
6467	1376
6468	1151
6469	1397
6470	1261
6471	633
6472	0
6473	0
6474	1491
6475	1176
6476	734
6477	1680
6478	1047
6479	726
6480	1095
6481	1877
6482	1399
6483	708
6484	1056
6485	1422
6486	783
6487	1067
6488	330
6489	619
6490	694
6491	1226
6492	794
6493	55
6494	543
6495	437
6496	741
6497	640
6498	1137
6499	1228
6500	809
6501	220
6502	729
6503	828
6504	551
6505	857
6506	983
6507	816
6508	596
6509	508
6510	15
6511	522
6512	834
6513	1335
6514	1161
6515	704
6516	468
6517	707
6518	560
6519	191
6520	751
6521	1008
6522	1650
6523	706
6524	654
6525	629
6526	679
6527	563
6528	608
6529	1066
6530	713
6531	861
6532	763
6533	1963
6534	1201
6535	1449
6536	406
6537	4
6538	8
6539	794
6540	378
6541	1712
6542	1967
6543	1116
6544	292
6545	2611
6546	1372
6547	552
6548	784
6549	98
6550	286
6551	330
6552	178
6553	550
6554	631
6555	178
6556	569
6557	407
6558	131
6559	309
6560	522
6561	401
6562	309
6563	267
6564	254
6565	1865
6566	1081
6567	1995
6568	1819
6569	533
6570	885
6571	1665
6572	2275
6573	300
6574	126
6575	262
6576	580
6577	4273
6578	1609
6579	1718
6580	1311
6581	656
6582	1696
6583	861
6584	1330
6585	1054
6586	1130
6587	793
6588	1444
6589	459
6590	1428
6591	1267
6592	1141
6593	913
6594	864
6595	1197
6596	747
6597	588
6598	1467
6599	735
6600	708
6601	1352
6602	1245
6603	1065
6604	84
6605	605
6606	619
6607	1650
6608	230
6609	477
6610	495
6611	243
6612	1217
6613	318
6614	133
6615	75
6616	18
6617	803
6618	548
6619	940
6620	232
6621	1053
6622	1849
6623	755
6624	2636
6625	1591
6626	1444
6627	174
6628	1504
6629	576
6630	1461
6631	2141
6632	1534
6633	1019
6634	1047
6635	1992
6636	904
6637	3682
6638	1407
6639	1509
6640	1255
6641	1987
6642	1738
6643	2576
6644	1666
6645	1325
6646	1562
6647	1960
6648	981
6649	964
6650	1858
6651	1461
6652	1047
6653	1260
6654	1118
6655	118
6656	1314
6657	1473
6658	1290
6659	1756
6660	1771
6661	1973
6662	3807
6663	1623
6664	1374
6665	2086
6666	1526
6667	1568
6668	2457
6669	3107
6670	1314
6671	764
6672	696
6673	0
6674	0
6675	0
6676	0
6677	0
6678	0
6679	0
6680	0
6681	0
6682	0
6683	0
6684	0
6685	0
6686	2
6687	0
6688	1
6689	44
6690	0
6691	0
6692	0
6693	1289
6694	1274
6695	1741
6696	1523
6697	1491
6698	1454
6699	993
6700	1488
6701	1860
6702	2911
6703	801
6704	957
6705	820
6706	1356
6707	2265
6708	1655
6709	1197
6710	1224
6711	1664
6712	2046
6713	1466
6714	1129
6715	1341
6716	1578
6717	742
6718	34
6719	942
6720	2428
6721	2236
6722	1418
6723	2557
6724	1610
6725	922
6726	2202
6727	1255
6728	1481
6729	1764
6730	1003
6731	166
6732	4977
6733	4295
6734	1238
6735	1700
6736	1498
6737	3027
6738	1586
6739	1670
6740	4645
6741	1307
6742	1338
6743	2316
6744	3465
6745	2465
6746	3532
6747	173
6748	2730
6749	2410
6750	1519
6751	2869
6752	1887
6753	2481
6754	831
6755	1769
6756	2084
6757	1415
6758	676
6759	2000
6760	213
6761	2113
6762	1430
6763	1755
6764	932
6765	205
6766	789
6767	79
6768	463
6769	48
6770	77
6771	351
6772	574
6773	255
6774	393
6775	860
6776	262
6777	1001
6778	675
6779	439
6780	1383
6781	735
6782	1274
6783	1283
6784	849
6785	718
6786	915
6787	512
6788	953
6789	929
6790	558
6791	2345
6792	995
6793	857
6794	637
6795	1287
6796	1250
6797	953
6798	1049
6799	1470
6800	594
6801	772
6802	917
6803	1093
6804	1821
6805	1442
6806	2208
6807	685
6808	679
6809	832
6810	609
6811	998
6812	185
6813	1060
6814	543
6815	154
6816	231
6817	685
6818	632
6819	281
6820	369
6821	100
6822	132
6823	2614
6824	4997
6825	625
6826	1669
6827	1579
6828	4438
6829	4511
6830	2967
6831	540
6832	2286
6833	956
6834	66
6835	268
6836	0
6837	2010
6838	145
6839	98
6840	3132
6841	1168
6842	7
6843	429
6844	3873
6845	811
6846	2579
6847	650
6848	1804
6849	36
6850	75
6851	1323
6852	2109
6853	3526
6854	3952
6855	3246
6856	1067
6857	998
6858	1244
6859	2194
6860	3359
6861	723
6862	815
6863	2964
6864	3450
6865	1982
6866	976
6867	4
6868	3308
6869	3059
6870	1364
6871	0
6872	1122
6873	736
6874	1286
6875	1679
6876	1153
6877	527
6878	228
6879	366
6880	4869
6881	741
6882	1808
6883	257
6884	352
6885	330
6886	1800
6887	2588
6888	457
6889	1430
6890	1708
6891	2237
6892	1751
6893	16
6894	400
6895	852
6896	653
6897	2545
6898	1191
6899	308
6900	26
6901	795
6902	1029
6903	426
6904	881
6905	1322
6906	1247
6907	25
6908	2268
6909	593
6910	915
6911	111
6912	14
6913	5
6914	4
6915	1396
6916	2504
6917	2147
6918	5077
6919	4683
6920	3195
6921	1684
6922	3986
6923	2969
6924	2006
6925	3738
6926	3105
6927	2820
6928	2318
6929	612
6930	3137
6931	2777
6932	972
6933	5898
6934	4855
6935	2973
6936	3812
6937	4209
6938	5611
6939	1528
6940	2049
6941	2408
6942	3026
6943	2688
6944	2065
6945	1224
6946	1112
6947	44
6948	1821
6949	2665
6950	324
6951	82
6952	1117
6953	1525
6954	1220
6955	195
6956	1114
6957	1452
6958	1386
6959	580
6960	570
6961	70
6962	2582
6963	2019
6964	378
6965	1775
6966	80
