1	7
2	9
3	7
4	7
5	7
6	9
7	7
8	9
9	7
10	7
11	7
12	7
13	7
14	7
15	7
16	7
17	7
18	7
19	7
20	1
21	0
22	1
23	1
24	1
25	1
26	1
27	1
28	1
29	1
30	1
31	1
32	9
33	1
34	1
35	1
36	1
37	1
38	1
39	1
40	1
41	1
42	1
43	1
44	1
45	1
46	1
47	1
48	1
49	1
50	1
51	1
52	1
53	1
54	1
55	1
56	1
57	1
58	1
59	1
60	1
61	1
62	1
63	0
64	0
65	0
66	0
67	0
68	0
69	1
70	0
71	0
72	0
73	0
74	0
75	1
76	0
77	0
78	0
79	0
80	0
81	0
82	0
83	0
84	7
85	0
86	1
87	1
88	0
89	0
90	0
91	0
92	0
93	0
94	0
95	7
96	0
97	0
98	1
99	1
100	1
101	1
102	1
103	1
104	1
105	0
106	0
107	0
108	0
109	0
110	0
111	0
112	0
113	0
114	0
115	0
116	0
117	0
118	0
119	0
120	0
121	0
122	0
123	0
124	0
125	0
126	0
127	0
128	0
129	0
130	0
131	0
132	0
133	0
134	0
135	0
136	0
137	0
138	0
139	0
140	0
141	1
142	0
143	0
144	0
145	0
146	0
147	0
148	7
149	0
150	0
151	0
152	0
153	0
154	1
155	0
156	0
157	0
158	0
159	0
160	1
161	7
162	0
163	1
164	1
165	0
166	0
167	1
168	0
169	0
170	0
171	0
172	0
173	0
174	0
175	0
176	0
177	0
178	1
179	1
180	1
181	0
182	0
183	1
184	7
185	0
186	0
187	0
188	0
189	0
190	7
191	0
192	7
193	0
194	0
195	0
196	0
197	0
198	0
199	0
200	0
201	1
202	0
203	0
204	1
205	0
206	0
207	0
208	0
209	1
210	0
211	0
212	7
213	7
214	0
215	1
216	0
217	0
218	0
219	1
220	1
221	0
222	0
223	0
224	7
225	0
226	0
227	7
228	0
229	0
230	0
231	0
232	0
233	0
234	0
235	0
236	0
237	0
238	0
239	0
240	0
241	0
242	0
243	0
244	0
245	0
246	0
247	0
248	0
249	0
250	0
251	0
252	0
253	0
254	0
255	0
256	0
257	1
258	1
259	7
260	3
261	3
262	7
263	7
264	7
265	5
266	5
267	7
268	5
269	5
270	7
271	1
272	3
273	5
274	1
275	7
276	5
277	5
278	1
279	1
280	1
281	1
282	1
283	1
284	1
285	1
286	1
287	1
288	7
289	5
290	5
291	5
292	5
293	5
294	7
295	1
296	1
297	1
298	7
299	7
300	1
301	1
302	3
303	1
304	5
305	7
306	7
307	7
308	7
309	5
310	5
311	3
312	3
313	3
314	7
315	3
316	7
317	5
318	7
319	3
320	7
321	7
322	1
323	7
324	7
325	1
326	1
327	7
328	3
329	3
330	1
331	3
332	7
333	1
334	3
335	1
336	1
337	3
338	3
339	7
340	7
341	3
342	3
343	9
344	9
345	9
346	9
347	9
348	9
349	9
350	9
351	9
352	9
353	9
354	9
355	9
357	9
358	9
359	9
360	9
361	9
362	9
363	9
365	9
366	9
367	9
368	9
369	9
370	9
372	9
373	9
374	9
375	9
376	9
377	9
378	9
379	9
380	9
381	9
382	9
383	9
384	9
385	9
386	9
387	9
388	9
389	9
390	9
391	9
392	9
393	9
394	9
395	9
396	9
397	9
398	9
399	9
400	9
401	9
402	9
403	9
404	9
405	9
406	9
407	9
408	9
409	9
410	9
411	9
412	9
413	9
414	9
415	9
416	9
417	9
418	9
419	9
420	9
421	9
422	9
423	9
424	9
425	9
426	9
427	9
428	9
429	9
430	9
431	9
432	9
434	9
435	9
436	9
438	9
439	8
440	8
441	9
442	8
443	8
444	8
445	8
446	9
447	9
448	9
449	9
450	9
451	8
452	9
453	9
454	9
455	8
456	8
457	8
458	8
459	9
460	9
461	8
462	9
463	9
464	9
465	9
466	9
467	9
468	9
469	9
470	9
471	8
472	9
473	9
474	9
475	9
476	9
477	8
478	9
479	9
480	8
481	9
482	8
483	9
484	9
485	9
486	8
487	8
488	9
489	9
490	9
491	8
492	9
493	9
494	5
495	9
496	9
497	9
498	8
499	9
500	9
501	9
502	9
503	9
504	9
505	9
506	9
507	9
508	9
509	9
510	9
511	9
512	9
513	9
514	9
515	9
516	9
517	9
518	9
519	9
520	9
521	8
522	8
523	8
524	5
525	9
526	9
527	5
528	9
529	9
530	9
531	9
532	9
533	9
534	5
535	9
536	9
538	9
539	9
540	9
541	9
542	9
543	5
544	9
545	9
546	9
547	8
548	8
549	8
550	8
551	9
552	8
553	8
554	9
555	8
556	9
557	8
558	8
559	9
560	8
561	8
562	9
563	8
564	9
565	9
566	9
567	9
568	9
569	8
570	8
571	8
572	9
573	9
574	9
575	9
576	9
577	9
578	9
579	9
580	9
581	5
582	9
583	9
584	5
585	5
586	9
587	5
588	9
589	9
590	9
591	8
592	9
593	5
594	5
595	5
596	9
597	9
598	9
599	9
600	8
601	9
602	9
603	9
604	9
605	9
606	9
607	8
608	9
609	9
610	9
611	8
612	9
613	9
614	9
615	9
616	9
617	8
618	8
619	8
620	8
621	8
622	8
623	8
624	9
625	9
626	9
627	9
628	8
629	8
630	8
631	8
632	8
633	8
634	9
635	8
636	8
637	8
638	8
639	8
640	8
641	8
642	8
643	8
644	8
645	9
646	7
647	7
648	7
649	7
650	7
651	7
652	7
653	7
654	7
655	7
656	7
657	7
658	7
659	7
660	0
661	0
662	0
663	0
664	0
665	0
666	0
667	0
668	0
669	0
670	0
671	0
672	0
673	0
674	0
675	0
676	0
677	0
678	0
679	0
680	0
681	0
682	0
683	0
684	0
685	0
686	0
687	0
688	0
689	0
690	0
691	0
692	0
693	0
694	0
695	0
696	0
697	0
698	0
699	0
700	0
701	0
702	0
703	0
704	0
705	0
706	0
707	0
708	0
709	0
710	0
711	0
712	0
713	0
714	0
715	0
716	0
717	0
718	0
719	0
720	0
721	0
722	0
723	0
724	0
725	0
726	9
727	9
728	9
729	9
730	9
731	9
732	9
733	9
734	9
735	9
736	9
737	9
738	9
739	9
740	0
741	0
742	0
743	0
744	0
745	0
746	0
747	0
748	0
749	0
750	0
751	0
752	1
753	1
754	7
755	7
756	7
757	7
758	7
759	7
760	1
761	1
762	1
763	1
764	1
765	3
766	7
767	1
768	7
769	1
770	7
771	3
772	1
773	1
774	1
775	1
776	3
777	1
778	3
779	1
780	1
781	1
782	1
783	1
784	3
785	1
786	1
787	1
788	1
789	1
790	1
791	1
792	1
793	1
794	1
795	7
796	7
797	7
798	7
799	7
800	7
801	7
802	7
803	1
804	7
805	7
806	7
807	1
808	1
809	7
810	7
811	7
812	7
813	7
814	7
815	7
816	7
817	7
818	7
819	7
820	7
821	7
822	7
823	7
824	7
825	7
826	7
827	7
828	7
829	7
830	7
831	7
832	7
833	0
834	0
835	0
836	0
837	0
838	0
839	0
840	0
841	0
842	0
843	0
844	0
845	0
846	0
847	0
848	0
849	0
850	0
851	0
852	1
853	1
854	0
855	0
856	0
857	0
858	0
859	0
860	0
861	7
862	0
863	0
864	7
865	0
866	1
867	1
868	0
869	0
870	0
871	0
872	7
873	0
874	0
875	7
876	0
877	0
878	7
879	7
880	0
881	7
882	7
883	7
884	1
885	7
886	7
887	7
888	7
889	1
890	1
891	0
892	7
893	7
894	7
895	7
896	7
897	7
898	7
899	7
900	1
901	1
902	0
903	0
904	0
905	0
906	0
907	0
908	0
909	0
910	0
911	0
912	1
913	0
914	1
915	0
916	0
917	0
918	0
919	0
920	0
921	0
922	0
923	0
924	0
925	7
926	7
927	1
928	1
929	1
930	7
931	7
932	7
933	7
934	1
935	7
936	7
937	7
938	1
939	1
940	1
941	1
942	1
943	1
944	1
945	7
946	7
947	9
948	7
949	1
950	7
951	7
952	7
953	7
954	7
955	7
956	7
957	1
958	1
959	7
960	7
961	7
962	7
963	1
964	1
965	7
966	7
967	1
968	1
969	0
970	7
971	0
972	7
973	1
974	0
975	7
976	1
977	1
978	1
979	1
980	7
981	1
982	7
983	1
984	1
985	1
986	1
987	1
988	1
989	1
990	7
991	1
992	1
993	7
994	7
995	7
996	7
997	1
998	1
999	1
1000	1
1001	7
1002	1
1003	7
1004	7
1005	1
1006	1
1007	1
1008	7
1009	9
1010	0
1011	9
1012	9
1013	9
1014	9
1015	0
1016	8
1017	9
1018	9
1019	9
1020	9
1021	8
1022	9
1023	9
1024	0
1025	9
1026	0
1027	9
1028	9
1029	9
1030	0
1031	0
1032	9
1033	9
1034	9
1035	9
1036	9
1037	9
1038	9
1039	8
1040	8
1041	8
1042	9
1043	8
1044	0
1045	0
1046	8
1051	0
1052	0
1053	9
1054	9
1055	9
1056	9
1057	9
1058	9
1059	9
1060	9
1061	9
1062	9
1063	9
1064	9
1065	9
1066	0
1068	0
1069	9
1070	8
1071	8
1072	8
1073	9
1074	9
1075	9
1076	9
1077	9
1078	9
1079	9
1080	9
1081	9
1082	9
1084	8
1085	8
1087	8
1088	8
1089	8
1090	8
1091	8
1092	8
1093	8
1094	8
1095	8
1096	8
1097	8
1099	8
1101	8
1102	9
1103	9
1104	9
1105	8
1106	8
1107	8
1108	8
1109	9
1110	9
1111	8
1112	8
1113	9
1114	8
1115	8
1116	8
1117	9
1118	9
1120	8
1121	8
1122	9
1123	8
1124	8
1125	8
1126	9
1127	8
1128	8
1129	9
1130	8
1131	8
1132	8
1133	9
1134	8
1135	9
1136	8
1137	9
1138	9
1139	9
1140	9
1141	9
1142	8
1143	9
1144	9
1145	8
1146	9
1147	8
1149	9
1151	8
1157	8
1160	8
1161	8
1162	8
1163	9
1164	8
1165	8
1167	8
1168	9
1169	9
1170	8
1171	9
1172	8
1173	8
1174	9
1175	8
1176	9
1177	9
1178	9
1179	9
1181	8
1182	8
1185	9
1189	9
1190	9
1191	9
1192	9
1193	8
1194	9
1195	9
1196	9
1197	8
1198	8
1199	8
1200	9
1201	8
1202	9
1203	9
1204	9
1205	9
1206	8
1207	9
1208	8
1209	9
1210	9
1211	9
1212	9
1213	9
1214	9
1215	9
1216	9
1217	3
1218	4
1219	3
1220	3
1221	6
1222	3
1223	4
1224	6
1225	4
1226	3
1227	4
1228	4
1229	4
1230	4
1231	4
1232	4
1233	9
1234	9
1235	9
1236	4
1237	4
1238	4
1239	4
1240	4
1241	4
1242	4
1243	4
1244	4
1245	4
1246	4
1247	4
1249	4
1250	4
1251	4
1252	4
1253	4
1254	4
1255	4
1256	4
1257	4
1258	4
1259	4
1260	4
1261	4
1263	4
1264	4
1265	4
1266	4
1267	4
1268	4
1269	4
1270	4
1271	4
1272	4
1273	4
1274	4
1275	4
1276	4
1277	4
1278	4
1279	4
1280	4
1281	4
1282	4
1283	2
1284	4
1285	4
1286	4
1287	4
1288	4
1289	4
1290	2
1291	4
1292	2
1293	4
1294	2
1295	2
1296	2
1297	2
1298	2
1299	2
1300	2
1301	2
1302	2
1303	2
1304	2
1305	2
1306	2
1307	2
1308	2
1309	2
1310	2
1311	2
1312	2
1313	4
1314	4
1315	4
1316	4
1317	4
1318	4
1319	4
1320	4
1321	4
1322	4
1323	5
1324	5
1325	5
1326	5
1327	5
1328	4
1329	4
1330	2
1331	2
1332	5
1333	5
1334	5
1335	5
1336	5
1337	4
1338	4
1339	4
1340	5
1341	2
1342	2
1343	2
1344	2
1345	2
1346	2
1347	2
1348	2
1349	5
1350	5
1351	5
1352	5
1353	5
1354	5
1355	5
1356	5
1357	5
1358	5
1359	3
1360	2
1361	2
1362	2
1363	2
1364	2
1365	2
1366	2
1367	2
1368	2
1369	2
1370	2
1371	2
1372	4
1374	4
1375	4
1376	4
1377	3
1378	3
1379	4
1380	3
1381	3
1382	5
1383	3
1384	3
1385	3
1386	3
1387	3
1388	3
1389	6
1390	6
1391	3
1392	3
1393	6
1394	3
1395	6
1396	6
1397	9
1398	9
1399	9
1400	9
1401	9
1402	9
1403	9
1404	9
1405	9
1406	9
1407	9
1408	4
1409	4
1410	4
1411	4
1412	4
1413	4
1414	4
1415	4
1416	4
1417	4
1418	4
1419	4
1420	4
1421	4
1422	4
1423	4
1424	4
1425	4
1426	4
1427	4
1429	4
1432	4
1433	4
1434	4
1435	2
1436	4
1437	4
1438	4
1439	4
1440	4
1441	4
1442	4
1443	4
1444	2
1445	2
1446	2
1447	2
1448	2
1449	2
1450	2
1451	2
1452	2
1453	2
1454	2
1455	2
1456	2
1457	2
1458	2
1459	2
1460	2
1461	2
1462	2
1463	2
1464	2
1465	2
1466	4
1467	4
1468	5
1469	4
1470	5
1471	4
1472	5
1473	4
1474	4
1475	4
1476	5
1477	5
1478	5
1479	5
1480	5
1481	5
1482	5
1483	5
1484	5
1485	5
1486	5
1487	5
1488	4
1489	4
1490	2
1491	2
1492	4
1493	2
1494	5
1495	4
1496	4
1497	5
1498	4
1499	5
1500	5
1501	4
1502	2
1503	2
1504	2
1505	2
1506	2
1507	2
1508	2
1509	2
1510	2
1511	2
1512	2
1513	2
1514	2
1515	2
1516	2
1517	5
1518	5
1519	5
1520	5
1521	5
1522	5
1523	5
1524	5
1525	5
1526	4
1527	4
1528	4
1529	4
1530	4
1531	4
1533	4
1534	4
1535	2
1536	2
1537	2
1538	2
1539	2
1540	2
1541	2
1542	2
1543	2
1544	3
1545	3
1546	3
1547	5
1548	4
1549	3
1550	3
1551	5
1552	3
1553	6
1554	6
1555	6
1556	6
1557	3
1558	3
1559	6
1560	6
1561	6
1562	6
1563	9
1564	9
1565	9
1566	9
1567	9
1568	3
1569	6
1570	4
1571	4
1572	4
1573	4
1574	4
1575	4
1576	4
1577	4
1578	4
1579	3
1580	4
1581	4
1582	4
1584	4
1585	4
1586	4
1587	4
1588	4
1589	4
1590	4
1591	4
1592	4
1593	4
1594	4
1596	4
1597	4
1598	4
1599	2
1600	2
1601	2
1602	2
1603	2
1604	2
1605	2
1606	2
1607	2
1608	2
1609	2
1610	2
1611	2
1612	2
1613	2
1614	2
1615	2
1616	2
1617	2
1618	2
1619	2
1620	2
1621	2
1622	2
1623	2
1624	2
1625	2
1626	2
1627	2
1628	2
1629	2
1630	2
1631	4
1632	2
1633	2
1634	2
1635	2
1636	4
1637	4
1638	4
1639	4
1640	4
1641	4
1642	4
1643	5
1644	5
1645	4
1646	4
1647	4
1648	4
1649	5
1650	5
1651	5
1652	5
1653	5
1654	5
1655	4
1656	4
1657	4
1658	2
1659	4
1660	5
1661	2
1662	2
1663	4
1664	4
1665	4
1666	2
1667	2
1668	2
1669	2
1670	2
1671	2
1672	2
1673	2
1674	2
1675	2
1676	2
1677	2
1678	2
1679	2
1680	2
1681	2
1682	2
1683	2
1684	2
1685	2
1686	2
1687	2
1688	5
1689	5
1690	5
1691	5
1692	5
1693	5
1694	5
1695	5
1696	2
1697	2
1698	4
1699	2
1700	4
1701	2
1702	2
1703	2
1704	2
1705	2
1706	2
1707	2
1708	4
1709	4
1710	2
1711	4
1712	4
1713	4
1714	4
1715	5
1716	5
1717	5
1718	5
1719	4
1720	5
1721	3
1722	4
1723	3
1724	6
1725	3
1726	3
1727	3
1728	6
1729	3
1730	4
1731	4
1732	3
1733	3
1734	4
1735	4
1736	3
1737	4
1738	4
1739	4
1740	4
1741	4
1742	4
1743	4
1744	4
1745	4
1746	4
1747	4
1748	4
1749	4
1750	4
1751	4
1752	4
1753	4
1754	4
1755	4
1756	4
1757	4
1758	4
1759	5
1760	4
1761	4
1762	4
1763	4
1764	2
1765	2
1766	2
1767	2
1769	2
1770	2
1771	2
1772	2
1773	2
1774	2
1775	2
1776	2
1777	2
1778	2
1779	2
1780	2
1781	2
1782	2
1783	2
1784	2
1785	2
1786	2
1787	2
1788	2
1789	2
1790	2
1791	2
1792	2
1793	2
1795	2
1796	2
1797	2
1798	2
1799	2
1800	2
1801	4
1802	4
1803	5
1804	4
1805	4
1806	4
1807	4
1808	5
1809	4
1810	4
1811	4
1812	4
1813	4
1814	4
1815	4
1816	4
1817	4
1818	4
1819	4
1820	4
1821	4
1822	2
1823	2
1824	2
1825	2
1826	2
1827	2
1828	2
1829	2
1830	2
1831	5
1832	2
1833	2
1834	2
1835	2
1836	2
1837	2
1838	2
1839	2
1840	2
1841	2
1842	2
1843	2
1844	2
1845	2
1846	2
1847	2
1848	2
1849	2
1850	5
1851	5
1852	5
1853	5
1854	5
1855	5
1856	5
1857	4
1858	4
1859	4
1860	4
1861	4
1862	4
1863	4
1864	5
1865	4
1866	3
1867	5
1868	5
1869	4
1870	5
1871	3
1872	3
1873	3
1874	4
1875	4
1876	6
1877	3
1878	3
1879	3
1880	3
1881	3
1882	3
1883	3
1884	3
1885	4
1886	4
1887	4
1888	4
1889	4
1890	4
1891	3
1892	3
1893	3
1894	3
1895	3
1896	4
1897	4
1898	4
1899	4
1900	4
1901	4
1902	3
1903	3
1904	4
1905	4
1906	4
1907	4
1908	4
1909	5
1910	4
1911	4
1912	4
1913	4
1914	4
1915	4
1916	4
1917	4
1918	4
1919	4
1920	4
1921	4
1922	4
1923	4
1924	4
1925	2
1926	2
1927	2
1928	2
1929	2
1930	2
1931	2
1932	2
1933	2
1934	2
1935	2
1936	2
1937	2
1938	2
1939	2
1940	2
1941	4
1942	4
1943	2
1944	2
1945	2
1946	2
1947	2
1948	2
1949	2
1950	2
1951	2
1952	2
1953	2
1954	2
1955	2
1956	2
1957	2
1958	2
1959	2
1960	2
1961	2
1962	2
1963	2
1964	2
1965	4
1966	4
1967	4
1968	5
1969	4
1970	4
1971	4
1972	4
1973	4
1974	4
1975	5
1976	5
1977	5
1978	5
1979	4
1980	2
1981	2
1982	2
1983	2
1984	2
1985	2
1986	2
1987	2
1988	2
1989	2
1990	5
1991	2
1992	2
1993	2
1994	2
1995	2
1996	2
1997	2
1998	2
1999	2
2000	2
2001	2
2002	2
2003	2
2004	2
2005	2
2006	2
2007	2
2008	2
2009	2
2010	2
2011	5
2012	5
2013	5
2014	5
2015	5
2016	5
2017	5
2018	6
2019	5
2020	3
2021	0
2022	5
2023	3
2024	4
2025	4
2026	3
2027	3
2028	3
2029	3
2030	4
2031	5
2032	4
2033	3
2034	3
2035	6
2036	3
2037	3
2038	3
2039	3
2040	6
2041	4
2042	4
2043	3
2044	3
2045	3
2046	4
2047	4
2048	4
2049	4
2050	3
2051	3
2052	4
2053	4
2054	4
2055	4
2056	4
2057	4
2058	4
2059	4
2060	4
2061	4
2062	4
2063	4
2064	4
2065	4
2066	4
2067	4
2068	5
2069	4
2070	5
2071	4
2072	5
2073	5
2074	4
2075	4
2076	4
2077	4
2078	2
2079	2
2080	4
2081	4
2082	2
2083	2
2084	2
2085	2
2086	2
2087	2
2088	2
2089	2
2090	2
2091	2
2092	2
2093	2
2094	2
2095	2
2096	2
2097	2
2098	2
2099	2
2100	2
2101	2
2102	2
2103	2
2104	2
2105	2
2106	2
2107	2
2108	2
2109	2
2110	2
2111	2
2112	2
2113	4
2114	4
2115	4
2116	4
2117	4
2118	4
2119	4
2120	4
2121	4
2122	4
2123	4
2124	4
2125	4
2126	4
2127	4
2128	4
2129	4
2130	5
2131	2
2132	5
2133	2
2134	2
2135	2
2136	2
2137	2
2138	2
2139	5
2140	2
2141	2
2142	2
2143	2
2144	2
2145	2
2146	2
2147	2
2148	2
2149	2
2150	2
2151	2
2152	5
2153	4
2154	4
2155	4
2156	2
2157	2
2158	4
2161	4
2162	4
2163	7
2164	3
2165	5
2166	5
2167	5
2168	5
2169	5
2170	5
2171	5
2172	5
2173	5
2174	5
2175	0
2176	5
2177	0
2178	7
2179	0
2180	0
2181	0
2182	4
2183	4
2184	5
2185	4
2186	4
2187	4
2188	3
2189	3
2190	3
2191	3
2192	3
2193	3
2194	3
2195	3
2196	3
2197	3
2198	3
2199	3
2200	3
2201	4
2202	3
2203	4
2204	4
2205	4
2206	3
2207	4
2208	4
2209	4
2210	4
2211	4
2212	4
2213	4
2215	4
2216	4
2217	4
2218	4
2219	4
2220	4
2221	4
2222	4
2223	4
2224	4
2225	4
2226	4
2227	4
2228	4
2229	4
2230	4
2231	4
2232	4
2233	4
2234	2
2235	2
2236	2
2237	2
2238	2
2239	2
2240	2
2241	2
2242	2
2243	2
2244	2
2245	2
2246	2
2247	2
2248	2
2249	2
2250	2
2251	2
2252	2
2253	2
2254	4
2255	4
2256	4
2257	4
2258	3
2259	4
2260	4
2261	4
2262	4
2263	4
2264	4
2265	4
2266	4
2267	4
2268	4
2269	4
2270	4
2271	4
2272	4
2273	5
2274	4
2275	4
2276	4
2277	4
2278	5
2279	5
2280	2
2281	2
2282	2
2283	5
2284	2
2285	2
2286	2
2287	5
2288	5
2289	2
2290	2
2291	2
2292	2
2293	2
2294	2
2295	2
2296	2
2297	2
2298	2
2299	2
2300	2
2301	2
2302	5
2303	5
2304	3
2305	5
2306	5
2307	5
2308	5
2309	5
2310	5
2311	5
2312	5
2313	5
2314	5
2315	5
2316	5
2317	5
2318	5
2319	5
2320	5
2321	5
2322	5
2323	5
2324	0
2325	0
2326	0
2327	5
2328	0
2329	5
2330	0
2331	3
2332	3
2333	3
2334	3
2335	4
2336	3
2337	3
2338	4
2339	5
2340	5
2341	4
2342	3
2343	3
2344	4
2345	3
2346	4
2347	3
2348	6
2349	4
2350	3
2351	3
2352	4
2353	3
2354	3
2355	4
2356	4
2357	4
2358	4
2359	4
2360	4
2361	4
2362	4
2363	4
2364	4
2365	4
2366	4
2367	4
2368	4
2369	4
2370	4
2371	4
2372	4
2373	3
2374	4
2375	4
2376	4
2377	4
2378	4
2379	4
2380	4
2381	4
2382	4
2383	4
2384	4
2385	4
2386	4
2387	4
2388	4
2389	4
2390	4
2391	4
2392	4
2393	4
2394	4
2395	4
2396	4
2397	4
2398	4
2399	4
2400	4
2401	4
2402	4
2403	4
2404	4
2405	4
2406	2
2407	2
2408	4
2409	4
2410	4
2411	2
2412	2
2413	2
2414	2
2415	2
2416	2
2417	2
2418	2
2419	2
2420	4
2421	4
2422	4
2423	2
2424	4
2425	4
2426	4
2427	4
2428	4
2429	4
2430	4
2431	4
2432	4
2433	4
2434	4
2435	4
2436	4
2437	4
2438	4
2439	5
2440	5
2441	3
2442	3
2443	4
2444	5
2445	5
2446	5
2447	5
2448	5
2449	5
2450	5
2451	5
2452	5
2453	5
2454	5
2455	5
2456	2
2457	2
2458	2
2459	2
2460	5
2461	2
2462	2
2463	2
2464	2
2465	5
2466	3
2467	4
2468	5
2469	5
2470	5
2471	3
2472	5
2473	5
2474	5
2475	5
2476	5
2477	5
2478	5
2479	5
2480	5
2481	5
2482	5
2483	5
2484	5
2485	5
2486	5
2487	5
2488	5
2489	5
2490	5
2491	3
2492	3
2493	5
2494	5
2495	5
2496	5
2497	5
2498	3
2499	3
2500	3
2501	3
2502	4
2503	3
2504	3
2505	3
2506	5
2507	5
2508	3
2509	3
2510	3
2511	3
2512	4
2513	5
2514	4
2515	4
2516	4
2517	3
2518	4
2520	4
2521	4
2522	4
2523	4
2524	4
2525	4
2526	4
2527	4
2528	4
2529	4
2530	4
2531	4
2532	4
2533	4
2534	4
2535	4
2536	4
2537	4
2538	4
2539	4
2540	4
2541	4
2542	4
2543	4
2544	4
2545	4
2546	4
2547	4
2548	4
2549	4
2550	4
2551	4
2552	4
2553	4
2554	4
2555	4
2556	4
2557	4
2558	4
2559	4
2560	2
2561	2
2562	2
2563	4
2564	4
2565	4
2566	4
2567	4
2568	2
2569	2
2570	2
2571	2
2572	4
2573	2
2574	2
2575	4
2576	2
2577	2
2578	2
2579	2
2580	4
2581	2
2582	2
2583	2
2584	2
2585	2
2586	2
2587	2
2588	2
2589	2
2590	4
2591	4
2592	4
2593	4
2594	4
2595	4
2596	4
2597	4
2598	4
2599	4
2600	4
2601	5
2602	3
2603	5
2604	3
2605	5
2606	5
2607	5
2608	5
2609	5
2610	5
2611	5
2612	4
2613	5
2614	4
2615	4
2616	5
2617	2
2618	5
2619	2
2620	5
2621	5
2622	5
2623	5
2624	2
2625	2
2626	2
2627	3
2628	5
2629	3
2630	4
2631	4
2632	5
2633	4
2634	4
2635	5
2636	5
2637	5
2638	5
2639	5
2640	5
2641	5
2642	5
2643	5
2644	5
2645	5
2646	5
2647	5
2648	5
2649	5
2650	4
2651	3
2652	3
2653	4
2654	4
2655	4
2656	3
2657	3
2658	3
2659	3
2660	3
2661	3
2662	3
2663	3
2664	3
2665	3
2666	3
2667	4
2668	4
2669	4
2670	4
2671	4
2672	4
2673	4
2674	2
2675	2
2676	2
2677	4
2678	2
2679	4
2680	4
2681	4
2682	2
2683	4
2684	4
2685	4
2686	4
2687	4
2688	4
2689	4
2690	4
2691	4
2692	4
2693	4
2694	4
2695	4
2696	4
2697	4
2698	4
2699	4
2700	4
2701	4
2702	4
2703	4
2704	4
2705	4
2706	3
2707	4
2708	4
2710	4
2711	4
2712	2
2713	2
2714	2
2715	2
2716	2
2717	2
2718	2
2719	2
2720	2
2721	2
2722	2
2723	2
2724	2
2725	2
2726	4
2727	2
2728	2
2729	4
2730	2
2731	4
2732	4
2733	2
2734	2
2735	4
2736	2
2737	2
2738	2
2739	2
2740	2
2741	4
2742	4
2743	3
2744	4
2745	4
2746	5
2747	4
2748	4
2749	4
2750	4
2751	4
2752	4
2753	3
2754	4
2755	5
2756	4
2757	5
2758	5
2759	5
2760	5
2761	5
2762	5
2763	4
2764	4
2765	5
2766	5
2767	5
2768	4
2769	5
2770	5
2771	5
2772	4
2773	5
2774	5
2775	5
2776	5
2777	5
2778	2
2779	2
2780	2
2781	2
2782	2
2783	2
2784	2
2785	2
2786	2
2787	2
2788	2
2789	2
2790	2
2791	2
2792	2
2793	2
2794	2
2795	2
2796	4
2797	2
2798	4
2799	4
2800	4
2801	5
2802	5
2803	5
2804	5
2805	5
2806	5
2807	5
2808	5
2809	5
2810	5
2811	5
2812	5
2813	5
2814	2
2815	5
2816	2
2817	2
2818	4
2819	4
2820	4
2821	4
2822	5
2823	4
2824	4
2825	3
2826	3
2827	4
2828	3
2829	3
2830	4
2831	3
2832	4
2833	4
2834	4
2835	4
2836	2
2837	4
2838	2
2839	4
2840	4
2841	4
2842	4
2843	4
2844	4
2845	4
2846	2
2847	4
2848	4
2849	5
2850	5
2851	5
2852	5
2853	5
2854	4
2855	4
2856	4
2857	4
2858	5
2859	4
2860	5
2861	4
2862	5
2863	5
2864	4
2865	4
2866	4
2867	4
2868	4
2869	4
2870	3
2871	3
2872	4
2873	3
2874	2
2875	2
2876	2
2877	2
2878	2
2879	2
2880	2
2881	2
2882	2
2883	2
2884	2
2885	2
2886	2
2887	2
2888	2
2889	2
2890	2
2891	2
2892	2
2893	2
2894	2
2895	2
2896	2
2897	2
2898	2
2899	2
2900	2
2901	4
2902	2
2903	2
2904	2
2905	2
2906	2
2907	2
2908	2
2909	2
2910	2
2911	2
2912	4
2913	3
2914	3
2915	3
2916	3
2917	3
2918	3
2919	3
2920	4
2921	3
2922	4
2923	4
2924	5
2925	5
2926	5
2927	3
2928	5
2929	5
2930	5
2931	5
2932	5
2933	5
2934	5
2935	5
2936	4
2937	4
2938	5
2939	5
2940	5
2941	5
2942	5
2943	5
2944	4
2945	5
2946	5
2947	4
2948	5
2949	5
2950	2
2951	2
2952	2
2953	2
2954	5
2955	5
2956	5
2957	5
2958	5
2959	4
2960	2
2961	5
2962	3
2964	5
2965	6
2966	2
2967	5
2968	5
2969	5
2970	5
2971	5
2972	5
2973	2
2974	5
2975	5
2976	5
2977	5
2978	5
2979	5
2980	4
2981	4
2982	4
2983	4
2984	4
2985	4
2986	4
2987	3
2988	6
2989	3
2990	3
2991	6
2992	6
2993	3
2994	6
2995	3
2996	5
2997	5
2998	5
2999	4
3000	4
3001	5
3002	2
3003	5
3004	2
3005	5
3006	2
3007	4
3008	4
3009	4
3010	4
3011	4
3012	4
3013	4
3014	4
3015	4
3016	4
3017	4
3018	4
3019	4
3020	4
3021	4
3022	4
3023	4
3024	4
3025	4
3026	4
3027	4
3028	4
3029	3
3030	4
3031	4
3032	3
3033	3
3034	3
3035	3
3036	4
3037	4
3038	4
3039	4
3040	4
3041	2
3042	2
3043	2
3044	2
3045	2
3046	2
3047	4
3048	2
3049	4
3050	4
3051	4
3052	4
3053	4
3054	2
3055	4
3056	4
3057	4
3058	4
3059	4
3060	4
3061	4
3062	4
3063	4
3064	4
3065	4
3066	4
3067	4
3068	2
3069	2
3070	2
3071	2
3072	2
3073	2
3074	2
3075	2
3076	2
3077	2
3078	2
3079	2
3080	4
3081	4
3082	4
3083	4
3084	4
3085	4
3086	5
3087	5
3088	4
3089	4
3090	4
3091	4
3092	4
3093	5
3094	5
3095	5
3096	5
3097	5
3098	4
3099	4
3100	4
3101	4
3102	4
3103	4
3104	5
3105	4
3106	4
3107	4
3108	4
3109	4
3110	5
3111	5
3112	5
3113	5
3114	5
3115	5
3116	5
3117	5
3118	5
3119	5
3120	5
3121	5
3122	2
3123	5
3124	6
3125	3
3126	4
3127	4
3128	4
3129	5
3130	4
3131	4
3132	5
3133	3
3135	2
3136	5
3137	5
3138	5
3139	5
3140	5
3141	5
3142	5
3143	5
3144	5
3145	5
3146	5
3147	5
3148	4
3149	5
3150	4
3151	5
3152	4
3153	6
3154	5
3155	5
3156	5
3157	3
3158	3
3159	3
3160	3
3161	5
3162	5
3163	5
3164	5
3165	5
3166	5
3167	5
3168	5
3169	2
3170	2
3171	2
3172	4
3173	4
3174	4
3175	4
3176	4
3177	4
3178	4
3179	2
3180	2
3181	2
3184	2
3185	2
3186	2
3187	2
3188	4
3189	5
3190	5
3191	5
3192	4
3193	4
3194	4
3195	4
3196	4
3197	4
3198	4
3199	4
3200	4
3201	4
3202	4
3203	4
3204	4
3205	2
3206	4
3212	2
3213	2
3214	4
3215	2
3216	4
3217	4
3218	4
3219	4
3220	4
3221	4
3222	2
3223	4
3224	2
3225	4
3226	2
3227	2
3228	2
3229	2
3230	2
3231	4
3232	4
3233	2
3234	2
3235	2
3236	4
3237	2
3238	2
3239	2
3240	2
3241	4
3242	4
3243	5
3244	4
3245	5
3246	5
3247	5
3248	5
3249	5
3250	4
3251	4
3252	4
3253	4
3254	4
3255	5
3256	5
3257	4
3258	4
3259	5
3260	4
3261	4
3262	4
3263	5
3264	5
3265	5
3266	5
3267	5
3268	5
3269	4
3270	5
3271	5
3272	5
3273	5
3274	5
3275	5
3276	2
3277	2
3278	5
3279	5
3280	2
3281	4
3282	3
3284	3
3285	4
3286	2
3287	3
3288	5
3289	5
3292	5
3293	5
3294	5
3295	5
3296	5
3297	4
3298	5
3299	2
3300	5
3301	5
3302	4
3303	5
3304	3
3305	6
3306	3
3307	3
3308	3
3309	5
3310	5
3311	3
3312	3
3313	3
3314	4
3315	4
3316	3
3317	4
3318	4
3319	5
3320	3
3321	3
3322	5
3323	5
3324	5
3325	2
3326	2
3327	2
3328	2
3329	2
3330	2
3331	3
3332	3
3333	4
3334	2
3335	2
3336	2
3337	4
3338	4
3339	4
3340	4
3341	4
3342	4
3343	4
3344	4
3345	4
3346	4
3347	4
3348	4
3350	4
3351	4
3352	4
3353	4
3355	2
3356	4
3357	4
3358	4
3359	4
3360	4
3361	4
3362	4
3363	4
3364	2
3365	2
3366	4
3367	2
3368	2
3369	4
3370	4
3371	4
3372	4
3373	4
3374	4
3375	4
3376	4
3377	2
3378	4
3379	4
3380	2
3381	4
3382	4
3383	4
3384	4
3385	4
3386	2
3387	4
3388	2
3389	2
3390	2
3391	2
3392	2
3393	2
3394	2
3395	2
3396	2
3397	2
3398	2
3399	2
3400	5
3401	4
3402	4
3403	4
3404	4
3405	4
3406	4
3407	4
3408	4
3409	4
3410	4
3411	5
3412	3
3413	4
3414	5
3415	4
3416	4
3417	5
3418	5
3419	5
3420	5
3421	5
3422	5
3423	5
3424	5
3425	5
3426	5
3427	5
3428	5
3429	5
3430	5
3431	2
3432	5
3433	2
3434	2
3435	2
3436	2
3437	2
3438	2
3439	3
3440	3
3441	2
3442	2
3443	4
3444	4
3445	2
3446	4
3447	3
3448	4
3449	5
3450	4
3451	5
3452	5
3453	5
3454	5
3455	5
3456	5
3457	5
3458	5
3459	5
3460	4
3461	3
3462	6
3463	4
3464	3
3465	4
3466	3
3467	3
3468	3
3469	3
3470	4
3471	3
3472	3
3473	3
3474	3
3475	3
3476	3
3477	3
3478	3
3479	3
3480	3
3481	3
3482	6
3483	6
3484	4
3485	4
3486	6
3487	3
3488	3
3489	3
3490	3
3491	3
3492	4
3493	4
3494	4
3495	4
3496	4
3497	4
3498	4
3499	4
3500	4
3501	4
3502	4
3503	4
3504	4
3505	4
3506	4
3507	4
3508	4
3509	4
3510	4
3513	4
3514	4
3515	4
3516	4
3517	4
3518	4
3519	4
3520	4
3521	4
3522	4
3523	4
3524	4
3525	4
3526	4
3527	4
3528	4
3529	4
3530	4
3531	4
3533	4
3534	4
3535	4
3536	4
3537	4
3538	4
3539	4
3540	4
3541	4
3542	4
3543	4
3544	4
3545	2
3546	2
3547	2
3548	2
3549	2
3550	2
3551	2
3552	2
3553	2
3554	2
3555	2
3556	2
3557	2
3558	2
3559	2
3560	4
3561	2
3562	2
3563	2
3564	2
3565	2
3566	2
3567	2
3568	4
3569	4
3570	3
3571	3
3572	4
3573	4
3574	4
3575	4
3576	4
3577	4
3578	5
3579	4
3580	4
3581	5
3582	5
3583	3
3584	4
3585	3
3586	5
3587	5
3588	5
3589	5
3590	5
3591	2
3592	5
3593	2
3594	2
3595	2
3596	2
3597	2
3598	2
3599	2
3600	2
3601	2
3602	2
3603	4
3604	5
3605	5
3606	5
3607	5
3608	2
3609	4
3610	4
3611	5
3612	5
3614	5
3615	2
3616	5
3617	5
3618	5
3619	5
3620	5
3621	5
3622	4
3623	3
3624	4
3625	3
3626	3
3627	3
3628	3
3629	3
3630	5
3631	3
3632	3
3633	5
3634	5
3635	3
3636	5
3637	3
3638	4
3639	3
3640	3
3641	3
3642	3
3643	3
3644	3
3645	3
3646	3
3647	3
3648	4
3649	4
3650	3
3651	3
3652	3
3653	3
3654	3
3655	3
3656	3
3657	4
3658	4
3659	4
3660	4
3661	4
3662	4
3663	4
3664	4
3665	4
3666	5
3667	5
3668	4
3669	4
3670	4
3671	4
3672	4
3673	4
3674	4
3675	4
3676	4
3677	4
3678	4
3679	4
3680	4
3681	4
3682	4
3684	4
3685	4
3686	4
3687	4
3688	4
3689	4
3690	4
3691	4
3692	4
3693	4
3694	4
3695	4
3696	4
3697	4
3698	4
3699	4
3700	4
3701	4
3702	4
3703	4
3704	4
3705	4
3706	4
3707	4
3708	4
3709	4
3710	4
3711	2
3712	2
3713	2
3715	2
3717	2
3718	2
3719	2
3720	2
3721	2
3722	2
3723	2
3724	2
3725	2
3726	4
3727	4
3728	4
3729	4
3730	4
3731	3
3732	4
3733	3
3734	5
3735	3
3736	4
3737	4
3738	4
3739	4
3740	3
3741	4
3742	5
3743	5
3744	5
3745	5
3746	5
3747	5
3748	5
3749	5
3750	5
3751	5
3752	5
3753	2
3754	5
3755	2
3756	2
3757	2
3758	2
3759	2
3760	2
3761	2
3762	2
3763	2
3764	2
3768	4
3769	4
3770	2
3771	5
3772	5
3773	5
3774	5
3775	5
3776	5
3777	3
3778	3
3779	3
3780	3
3781	3
3782	6
3783	6
3784	3
3785	3
3786	6
3787	6
3788	3
3789	3
3790	8
3791	8
3792	8
3793	8
3794	8
3795	8
3796	8
3797	8
3798	8
3799	8
3800	8
3801	8
3802	8
3803	8
3804	8
3805	8
3806	8
3807	8
3808	8
3809	8
3810	8
3811	8
3812	8
3813	8
3814	8
3815	8
3816	8
3817	8
3818	8
3819	8
3820	8
3821	8
3822	8
3823	8
3824	8
3825	8
3826	8
3827	8
3828	8
3829	8
3830	8
3831	8
3832	8
3833	8
3834	8
3835	8
3836	8
3837	8
3838	8
3839	8
3840	8
3841	8
3842	8
3843	8
3844	8
3845	8
3846	8
3847	8
3848	8
3849	8
3850	8
3851	8
3852	8
3853	8
3854	8
3855	8
3856	8
3857	8
3858	8
3859	8
3860	8
3861	8
3862	8
3863	8
3864	8
3865	8
3866	8
3867	8
3868	8
3869	8
3870	8
3871	8
3872	8
3873	9
3874	8
3875	8
3876	8
3877	8
3878	8
3879	8
3880	8
3883	8
3884	8
3885	8
3886	8
3887	8
3888	8
3889	8
3890	8
3892	8
3893	8
3894	8
3897	8
3898	8
3899	8
3900	8
3901	8
3902	8
3903	8
3904	8
3905	8
3906	8
3907	8
3908	8
3909	8
3910	8
3911	8
3912	8
3913	8
3914	8
3915	8
3916	8
3917	8
3918	8
3919	8
3920	8
3921	8
3922	8
3923	8
3924	8
3925	8
3926	8
3927	8
3928	8
3929	8
3930	8
3931	8
3932	8
3933	8
3934	8
3935	8
3936	8
3937	8
3938	8
3939	8
3940	8
3941	8
3942	8
3943	8
3944	8
3945	8
3946	8
3947	8
3948	8
3949	8
3950	8
3951	8
3952	8
3953	8
3954	8
3955	8
3956	8
3957	8
3958	8
3959	8
3960	8
3961	8
3962	8
3963	8
3964	8
3965	8
3966	8
3967	8
3968	8
3969	8
3970	8
3971	8
3972	8
3973	8
3974	8
3975	8
3976	8
3977	8
3978	8
3979	8
3980	9
3981	8
3982	8
3983	8
3985	8
3986	8
3987	7
3988	7
3989	1
3990	7
3991	7
3992	7
3993	5
3994	1
3995	5
3996	1
3997	1
3998	1
3999	1
4000	5
4001	1
4002	7
4003	5
4004	5
4005	1
4006	5
4007	5
4008	1
4009	0
4010	1
4011	5
4012	1
4013	5
4014	5
4015	5
4016	1
4017	5
4018	5
4019	7
4020	5
4021	7
4022	1
4023	1
4024	5
4025	7
4026	1
4027	5
4028	1
4029	1
4030	1
4031	7
4032	1
4033	1
4034	0
4035	0
4036	1
4037	0
4038	1
4039	1
4040	0
4041	1
4042	1
4043	1
4044	1
4045	1
4046	1
4047	1
4048	1
4049	7
4050	7
4051	7
4052	0
4053	7
4054	0
4055	0
4056	0
4057	0
4058	0
4059	0
4060	0
4061	0
4062	0
4063	0
4064	0
4065	0
4066	0
4067	0
4068	5
4069	5
4070	5
4071	5
4072	0
4073	0
4074	5
4075	0
4076	5
4077	0
4078	9
4079	9
4080	0
4081	0
4082	0
4083	0
4084	9
4085	9
4086	9
4087	9
4088	0
4089	0
4090	0
4091	0
4092	0
4093	0
4094	0
4095	0
4096	6
4097	0
4098	0
4099	6
4100	0
4101	0
4102	0
4103	0
4104	9
4105	0
4106	0
4107	0
4108	0
4109	0
4110	9
4111	6
4112	9
4113	6
4114	0
4115	0
4116	6
4117	0
4118	0
4119	6
4120	0
4121	0
4122	9
4123	5
4124	6
4125	9
4126	0
4127	0
4128	9
4129	6
4130	0
4131	0
4132	9
4133	9
4134	0
4135	5
4136	0
4137	9
4138	6
4139	0
4140	0
4141	0
4142	6
4143	0
4144	0
4145	0
4146	0
4147	0
4148	6
4149	0
4150	5
4151	9
4152	0
4153	6
4154	0
4155	0
4156	0
4157	6
4158	0
4159	0
4160	0
4161	7
4162	7
4163	7
4164	7
4165	7
4166	7
4167	7
4168	7
4169	7
4170	7
4171	7
4172	7
4173	7
4174	7
4175	7
4176	1
4177	7
4178	7
4179	7
4180	7
4181	7
4182	7
4183	7
4184	7
4185	7
4186	7
4187	7
4188	7
4189	7
4190	7
4191	7
4192	7
4193	7
4194	7
4195	7
4196	7
4197	7
4198	7
4199	7
4200	7
4201	7
4202	7
4203	7
4204	7
4205	7
4206	7
4207	7
4208	7
4209	9
4210	8
4211	8
4212	8
4213	8
4214	8
4215	8
4216	9
4217	8
4218	9
4219	8
4220	9
4221	1
4222	8
4223	8
4224	8
4225	8
4226	8
4227	8
4228	8
4229	8
4230	8
4231	8
4232	8
4233	8
4234	8
4235	8
4236	8
4237	8
4238	8
4239	8
4240	8
4241	8
4242	8
4243	8
4244	8
4245	8
4246	8
4247	8
4248	8
4249	8
4250	8
4251	9
4252	8
4253	8
4254	8
4255	8
4256	8
4257	8
4258	8
4259	8
4260	8
4261	8
4262	8
4263	8
4264	9
4265	8
4266	7
4267	7
4268	7
4269	7
4270	7
4271	7
4272	7
4273	7
4274	7
4275	7
4276	1
4277	1
4278	7
4279	7
4280	7
4281	3
4282	3
4283	3
4284	3
4285	1
4286	3
4287	7
4288	7
4289	3
4290	7
4291	3
4292	3
4293	7
4294	7
4295	7
4296	7
4297	7
4298	7
4299	7
4300	7
4301	7
4302	7
4303	7
4304	7
4305	7
4306	7
4307	7
4308	1
4309	7
4310	7
4311	7
4312	7
4313	7
4314	1
4315	7
4316	1
4317	1
4318	7
4319	7
4320	7
4321	7
4322	7
4323	7
4324	7
4325	1
4326	1
4327	7
4328	7
4329	7
4330	7
4331	7
4332	3
4333	7
4334	7
4335	7
4336	7
4337	7
4338	7
4339	7
4340	3
4341	7
4342	7
4343	3
4344	7
4345	7
4346	7
4347	7
4348	7
4349	7
4350	7
4351	3
4352	7
4353	7
4354	7
4355	7
4356	7
4357	7
4358	7
4359	7
4360	7
4361	7
4362	7
4363	7
4364	7
4365	3
4366	3
4367	7
4368	7
4369	7
4370	7
4371	7
4372	1
4373	7
4374	7
4375	7
4376	7
4377	7
4378	7
4379	7
4380	7
4381	7
4382	7
4383	7
4384	3
4385	7
4386	7
4387	7
4388	7
4389	7
4390	7
4391	7
4392	7
4393	7
4394	7
4395	7
4396	7
4397	7
4398	3
4399	7
4400	7
4401	7
4402	3
4403	3
4404	7
4405	7
4406	7
4407	7
4408	7
4409	7
4410	7
4411	7
4412	7
4413	7
4414	7
4415	7
4416	7
4417	7
4418	7
4419	7
4420	7
4421	7
4422	7
4423	7
4424	7
4425	7
4426	3
4427	7
4428	7
4429	7
4430	7
4431	7
4432	7
4433	7
4434	7
4435	7
4436	7
4437	7
4438	7
4439	7
4440	7
4441	7
4442	7
4443	7
4444	3
4445	3
4446	7
4447	7
4448	7
4449	7
4450	7
4451	7
4452	7
4453	7
4454	7
4455	3
4456	7
4457	7
4458	7
4459	7
4460	1
4461	7
4462	3
4463	7
4464	7
4465	7
4466	7
4467	3
4468	7
4469	7
4470	3
4471	7
4472	3
4473	3
4474	7
4475	7
4476	7
4477	7
4478	7
4479	7
4480	7
4481	7
4482	7
4483	7
4484	7
4485	7
4486	7
4487	7
4488	7
4489	7
4490	0
4496	0
4497	0
4498	0
4499	0
4500	0
4501	0
4502	9
4503	0
4504	9
4510	0
4511	0
4512	0
4513	0
4514	0
4515	0
4516	0
4517	0
4518	0
4519	0
4520	0
4521	0
4522	0
4523	0
4524	9
4525	0
4526	0
4527	7
4528	7
4529	7
4530	7
4531	7
4532	7
4533	7
4534	7
4535	7
4536	7
4537	7
4538	7
4539	7
4540	1
4541	1
4542	7
4543	7
4544	7
4545	7
4546	7
4547	1
4548	7
4549	7
4550	7
4551	7
4552	7
4553	7
4554	0
4555	0
4556	3
4557	3
4558	6
4559	6
4560	6
4561	6
4562	6
4563	6
4564	6
4565	6
4566	6
4567	6
4568	6
4569	6
4570	6
4571	6
4572	6
4573	6
4574	8
4575	0
4576	3
4577	3
4578	3
4579	3
4580	3
4581	3
4582	3
4583	6
4584	6
4585	6
4586	9
4587	9
4588	3
4589	3
4590	3
4591	3
4592	1
4596	6
4597	9
4599	9
4600	9
4601	9
4602	9
4603	9
4607	9
4608	3
4609	3
4610	3
4611	3
4612	6
4613	6
4614	6
4615	1
4616	6
4617	9
4618	9
4619	9
4620	9
4621	7
4622	6
4623	0
4624	6
4625	6
4626	3
4627	3
4628	6
4629	3
4630	3
4631	6
4632	3
4633	3
4634	6
4635	6
4636	6
4637	6
4638	9
4639	8
4640	9
4641	9
4642	6
4643	3
4644	3
4645	3
4646	3
4647	6
4648	1
4649	6
4650	6
4651	6
4652	3
4653	8
4654	8
4655	9
4656	9
4657	3
4658	3
4659	3
4660	6
4661	0
4662	3
4663	5
4664	1
4665	6
4666	1
4667	6
4668	6
4669	6
4670	6
4671	3
4672	3
4673	3
4674	3
4675	7
4676	0
4677	6
4678	5
4679	3
4680	3
4681	3
4682	3
4683	3
4684	3
4685	3
4686	6
4687	6
4688	6
4689	6
4690	6
4691	6
4692	6
4693	6
4694	6
4695	6
4696	6
4697	6
4698	3
4699	3
4700	3
4701	6
4702	3
4703	3
4704	3
4705	3
4706	6
4707	1
4708	3
4709	1
4710	1
4711	1
4712	1
4713	6
4714	3
4715	3
4716	6
4717	6
4718	6
4719	6
4720	3
4721	3
4722	1
4723	6
4724	3
4725	3
4726	3
4727	3
4728	3
4729	6
4730	6
4731	3
4732	6
4733	3
4734	3
4735	1
4736	6
4737	6
4738	3
4739	1
4740	3
4741	3
4742	1
4743	1
4744	1
4745	6
4746	6
4747	3
4748	6
4749	3
4750	6
4751	3
4752	3
4753	6
4754	3
4755	6
4756	3
4757	3
4758	6
4759	6
4760	6
4761	6
4762	6
4763	6
4764	6
4765	6
4766	3
4767	6
4768	6
4769	6
4770	6
4771	6
4772	3
4773	6
4774	6
4775	6
4776	6
4777	6
4778	6
4779	6
4780	6
4781	6
4782	6
4783	6
4784	9
4785	6
4786	3
4787	6
4788	6
4789	6
4790	6
4791	6
4792	6
4793	6
4794	6
4795	6
4796	6
4797	3
4798	6
4799	6
4800	6
4801	6
4802	6
4803	1
4804	1
4805	6
4806	6
4807	6
4808	6
4809	3
4810	3
4811	6
4812	6
4813	3
4815	9
4816	9
4817	9
4818	9
4819	9
4820	8
4821	9
4822	9
4823	8
4826	6
4827	6
4828	3
4829	6
4830	6
4831	6
4832	6
4833	1
4834	3
4835	6
4836	6
4837	6
4838	6
4839	6
4840	1
4841	6
4842	6
4843	6
4844	6
4845	6
4846	6
4847	6
4848	6
4849	6
4850	6
4851	6
4852	6
4853	6
4854	6
4855	6
4856	6
4857	6
4858	6
4859	6
4860	6
4861	6
4862	6
4863	6
4864	6
4865	6
4866	6
4867	6
4868	6
4869	6
4870	1
4871	3
4872	7
4873	5
4874	7
4875	0
4876	0
4877	6
4878	3
4879	0
4880	1
4881	1
4882	6
4883	6
4884	6
4885	6
4886	6
4887	6
4888	6
4889	6
4890	6
4891	6
4892	1
4893	3
4894	1
4895	6
4896	3
4897	3
4898	6
4899	6
4900	6
4901	6
4902	6
4903	0
4904	0
4905	6
4906	6
4907	0
4908	1
4909	6
4910	6
4911	6
4912	6
4913	6
4914	0
4915	6
4916	6
4917	6
4918	6
4919	3
4920	6
4921	3
4922	1
4923	6
4924	6
4925	6
4926	6
4927	6
4928	6
4929	6
4930	6
4931	3
4932	3
4933	6
4934	6
4935	5
4936	0
4937	6
4938	6
4939	1
4940	6
4941	6
4942	6
4943	6
4944	3
4945	6
4946	1
4947	6
4948	9
4949	9
4950	9
4951	9
4953	9
4954	9
4955	9
4956	9
4958	9
4959	9
4961	9
4966	9
4968	3
4969	1
4970	1
4971	1
4972	3
4973	1
4974	1
4975	1
4976	3
4977	3
4978	8
4979	8
4980	8
4981	3
4982	3
4983	3
4984	3
4985	3
4986	3
4987	3
4988	3
4989	8
4990	3
4991	3
4992	8
4993	3
4994	3
4995	3
4996	3
4997	3
4998	3
4999	3
5000	3
5001	3
5002	3
5003	3
5004	3
5005	3
5006	3
5007	3
5008	3
5009	3
5010	1
5011	3
5012	3
5013	3
5014	1
5015	3
5016	8
5017	3
5018	1
5019	8
5020	8
5021	8
5022	1
5023	3
5024	1
5025	3
5026	3
5027	3
5028	3
5029	1
5030	1
5031	1
5032	9
5033	1
5034	9
5035	8
5036	8
5037	8
5038	8
5039	8
5040	8
5041	8
5042	8
5043	8
5044	8
5045	8
5046	8
5047	8
5048	8
5049	8
5050	8
5051	8
5052	8
5053	1
5054	1
5055	1
5058	1
5059	8
5063	8
5066	1
5067	7
5068	7
5069	7
5070	7
5071	1
5072	1
5073	1
5074	3
5075	1
5076	7
5077	1
5078	8
5079	1
5080	8
5081	3
5082	1
5083	1
5084	1
5085	1
5086	1
5087	3
5088	3
5089	3
5090	1
5091	1
5092	5
5093	5
5094	5
5095	5
5096	5
5097	5
5098	5
5099	5
5100	5
5101	5
5102	5
5103	5
5104	5
5105	5
5106	9
5107	9
5108	5
5109	5
5110	5
5111	5
5112	5
5113	5
5114	5
5115	5
5116	9
5117	9
5118	5
5119	2
5120	9
5121	9
5122	2
5123	2
5124	2
5125	2
5126	2
5127	2
5128	2
5129	2
5130	9
5131	2
5132	1
5133	2
5134	8
5135	8
5136	8
5137	1
5138	1
5139	8
5140	5
5141	5
5142	5
5143	5
5144	2
5145	5
5146	2
5147	1
5148	5
5149	9
5150	9
5151	9
5152	9
5153	1
5154	8
5155	8
5156	8
5157	8
5158	1
5159	8
5160	1
5161	5
5162	2
5163	2
5164	2
5165	2
5166	2
5167	2
5168	2
5169	9
5170	9
5171	9
5172	2
5173	1
5174	2
5175	2
5176	5
5177	5
5178	1
5179	2
5180	5
5181	8
5182	8
5183	9
5184	8
5185	9
5186	2
5187	2
5188	5
5189	5
5190	1
5191	2
5192	9
5193	9
5194	9
5195	9
5196	9
5197	9
5198	9
5199	9
5200	9
5201	1
5202	8
5203	8
5204	8
5205	1
5206	8
5207	1
5208	9
5209	2
5210	2
5211	1
5212	2
5213	1
5214	1
5215	1
5216	2
5217	3
5218	2
5219	2
5220	9
5221	2
5222	5
5223	9
5224	9
5225	1
5226	2
5227	9
5228	1
5229	1
5230	2
5231	1
5232	1
5233	9
5234	5
5235	9
5236	2
5237	2
5238	8
5239	1
5240	5
5241	9
5242	9
5243	9
5244	9
5245	1
5246	9
5247	8
5248	1
5249	8
5250	2
5251	2
5252	5
5253	5
5254	1
5255	2
5256	9
5257	9
5258	2
5259	9
5260	9
5261	9
5262	2
5263	2
5264	2
5265	8
5266	9
5267	5
5268	2
5269	2
5270	2
5271	2
5272	9
5273	5
5274	1
5275	8
5276	1
5277	8
5278	5
5279	9
5280	1
5281	8
5282	9
5283	9
5284	9
5285	2
5286	2
5287	1
5288	2
5289	2
5290	2
5291	2
5292	5
5293	2
5294	2
5295	2
5296	2
5297	9
5298	2
5299	5
5300	5
5301	5
5302	1
5303	9
5304	9
5305	9
5306	9
5307	2
5308	2
5309	2
5310	2
5311	2
5312	2
5313	2
5314	2
5315	3
5316	5
5317	2
5318	8
5319	8
5320	5
5321	1
5322	8
5324	1
5325	1
5326	1
5327	2
5328	9
5329	2
5330	5
5331	9
5332	2
5333	5
5334	5
5335	2
5336	2
5337	2
5338	2
5339	2
5340	2
5341	2
5342	2
5343	2
5344	2
5345	5
5346	2
5347	2
5348	3
5349	1
5350	3
5351	2
5352	5
5353	1
5354	2
5355	5
5356	9
5357	5
5358	2
5359	9
5360	2
5361	2
5362	2
5363	2
5364	2
5365	2
5366	5
5367	2
5368	2
5369	2
5370	2
5371	2
5372	2
5373	9
5374	2
5375	2
5376	2
5377	5
5378	1
5379	2
5380	2
5381	1
5382	5
5383	1
5384	5
5385	5
5386	2
5387	2
5388	2
5389	2
5390	2
5391	2
5392	2
5393	2
5394	2
5395	2
5396	2
5397	2
5398	5
5399	2
5400	5
5401	1
5402	5
5403	2
5404	2
5405	2
5406	2
5407	2
5408	2
5409	2
5410	5
5411	5
5412	2
5413	2
5414	3
5415	3
5416	2
5417	3
5418	5
5419	9
5420	2
5421	2
5422	5
5423	5
5424	5
5425	2
5426	2
5427	2
5428	2
5429	2
5430	2
5431	2
5432	2
5433	2
5434	2
5435	5
5436	2
5437	2
5438	2
5439	2
5440	2
5441	2
5442	2
5443	5
5444	5
5445	2
5446	2
5447	2
5448	2
5449	2
5450	2
5451	2
5452	2
5453	2
5454	3
5455	2
5456	5
5457	2
5458	8
5459	5
5460	9
5461	2
5462	2
5463	2
5464	1
5465	5
5466	1
5467	1
5468	2
5469	5
5470	2
5471	2
5472	1
5473	8
5474	2
5475	2
5476	9
5477	8
5478	2
5479	1
5480	1
5481	5
5482	5
5483	5
5484	5
5485	5
5486	2
5487	9
5488	2
5489	2
5490	2
5491	2
5492	2
5493	8
5494	2
5495	2
5496	5
5497	2
5498	1
5499	1
5500	5
5501	2
5502	2
5503	2
5504	2
5505	2
5506	2
5507	2
5508	5
5509	2
5510	2
5511	2
5512	1
5513	1
5514	1
5515	1
5516	2
5517	2
5518	5
5519	5
5520	2
5521	1
5522	1
5523	2
5524	5
5525	2
5526	2
5527	2
5528	1
5529	5
5530	2
5531	2
5532	5
5533	5
5534	5
5535	5
5536	5
5537	5
5538	2
5539	3
5540	2
5541	2
5542	2
5543	2
5544	2
5545	9
5546	2
5547	2
5548	2
5549	5
5550	5
5551	2
5552	2
5553	2
5554	2
5555	2
5556	1
5557	1
5558	1
5559	1
5560	1
5561	9
5562	2
5563	1
5564	9
5565	1
5566	1
5567	8
5568	1
5569	2
5570	1
5571	5
5572	9
5573	5
5574	5
5575	8
5576	2
5577	2
5578	2
5579	2
5580	2
5581	2
5582	2
5583	2
5584	2
5585	2
5586	5
5587	2
5588	9
5589	9
5590	9
5591	2
5592	2
5593	5
5594	2
5595	9
5596	2
5597	2
5598	2
5599	2
5600	2
5601	1
5602	1
5603	1
5604	1
5605	1
5606	1
5607	1
5608	2
5609	5
5610	1
5611	5
5612	1
5613	2
5614	1
5615	5
5616	2
5617	1
5618	5
5619	2
5620	1
5621	2
5622	5
5623	1
5624	2
5625	2
5626	2
5627	2
5628	2
5629	1
5630	2
5631	2
5632	2
5633	2
5634	2
5635	2
5636	2
5637	2
5638	2
5639	2
5640	2
5641	5
5642	5
5643	9
5644	9
5645	2
5646	2
5647	9
5648	2
5649	2
5650	2
5651	2
5652	9
5653	2
5654	2
5655	2
5656	2
5657	2
5658	8
5659	2
5660	2
5661	2
5662	1
5663	2
5664	8
5665	2
5666	2
5667	1
5668	1
5669	2
5670	5
5671	5
5672	2
5673	2
5674	2
5675	8
5676	9
5677	1
5678	2
5679	2
5680	2
5681	2
5682	2
5683	2
5684	2
5685	5
5686	1
5687	1
5688	2
5689	1
5690	2
5691	2
5692	9
5693	2
5694	2
5695	1
5696	8
5697	9
5698	8
5699	2
5700	2
5701	2
5702	2
5703	2
5704	2
5705	1
5706	2
5707	2
5708	2
5709	2
5710	2
5711	2
5712	2
5713	5
5714	5
5715	2
5716	1
5717	5
5718	2
5719	2
5720	5
5721	1
5722	5
5723	5
5725	2
5726	5
5727	2
5728	5
5729	2
5730	2
5731	5
5732	9
5733	2
5734	2
5735	2
5736	2
5737	2
5738	1
5739	1
5740	2
5741	9
5742	2
5743	2
5744	9
5745	2
5746	2
5747	5
5748	2
5749	2
5750	2
5751	2
5752	2
5753	2
5754	2
5755	2
5756	5
5757	8
5758	1
5759	2
5766	1
5767	1
5768	2
5769	8
5770	1
5771	5
5772	5
5773	1
5774	2
5775	5
5776	5
5777	3
5778	2
5779	2
5780	5
5781	2
5782	5
5783	1
5784	1
5785	1
5786	5
5787	1
5788	1
5789	9
5790	1
5791	1
5792	5
5793	3
5794	9
5795	9
5796	2
5797	9
5798	2
5799	9
5800	9
5801	2
5802	2
5803	2
5804	2
5805	1
5806	5
5807	1
5810	3
5811	5
5812	2
5813	9
5814	1
5815	8
5816	8
5817	1
5818	1
5819	2
5820	2
5821	2
5822	5
5823	2
5824	2
5825	5
5826	2
5827	2
5828	5
5829	2
5830	2
5831	5
5832	1
5833	1
5834	1
5835	1
5836	1
5837	1
5838	1
5839	3
5840	3
5841	3
5842	3
5843	5
5844	2
5845	9
5846	2
5847	2
5848	9
5849	2
5850	5
5851	2
5852	2
5853	5
5854	2
5855	8
5856	8
5857	8
5858	8
5859	2
5860	8
5861	1
5862	1
5863	2
5864	2
5865	2
5866	5
5867	5
5868	5
5869	2
5870	5
5871	5
5872	9
5873	2
5874	2
5875	1
5876	1
5877	1
5878	1
5879	8
5880	5
5881	5
5882	3
5883	3
5884	1
5885	2
5886	2
5887	9
5888	9
5889	2
5890	9
5891	7
5892	7
5893	7
5894	7
5895	7
5896	7
5897	7
5898	7
5899	7
5900	7
5901	7
5902	7
5903	7
5904	7
5905	7
5906	7
5907	7
5908	7
5909	7
5910	7
5911	7
5912	7
5913	7
5914	7
5915	7
5916	7
5917	7
5918	7
5919	7
5920	7
5921	7
5922	7
5923	7
5924	7
5925	7
5926	7
5927	7
5928	7
5929	7
5930	7
5931	7
5932	7
5933	7
5934	7
5935	7
5936	7
5937	7
5938	7
5939	7
5940	7
5941	7
5942	7
5943	7
5944	7
5945	7
5946	7
5947	7
5948	7
5949	7
5950	7
5951	7
5952	7
5953	7
5954	7
5955	7
5956	7
5957	7
5958	7
5959	7
5960	7
5961	7
5962	7
5963	7
5964	7
5965	7
5966	7
5967	7
5968	7
5969	7
5970	7
5971	7
5972	7
5973	7
5974	7
5975	7
5976	7
5977	7
5978	7
5979	7
5980	7
5981	7
5982	7
5983	7
5984	7
5985	7
5986	7
5987	7
5988	7
5989	7
5990	7
5991	7
5992	7
5993	7
5994	7
5995	7
5996	7
5997	7
5998	7
5999	7
6000	7
6001	7
6002	7
6003	7
6004	7
6005	7
6006	7
6007	7
6008	7
6009	7
6010	7
6011	7
6012	7
6013	7
6014	7
6015	7
6016	7
6017	7
6018	7
6019	7
6020	7
6021	7
6022	7
6023	7
6024	7
6025	7
6026	7
6027	7
6028	7
6029	7
6030	7
6031	7
6032	7
6033	7
6034	7
6035	7
6036	7
6037	7
6038	7
6039	7
6040	7
6041	7
6042	7
6043	7
6044	7
6045	7
6046	7
6047	7
6048	7
6049	7
6050	7
6051	7
6052	7
6053	7
6054	7
6055	7
6056	7
6057	7
6058	7
6059	7
6060	7
6061	7
6062	7
6063	7
6064	7
6065	7
6066	7
6067	7
6068	7
6069	7
6070	7
6071	7
6072	7
6073	7
6074	7
6075	7
6076	7
6077	7
6078	7
6079	7
6080	7
6081	7
6082	7
6083	7
6084	7
6085	7
6086	7
6087	7
6088	7
6089	7
6090	7
6091	7
6092	7
6093	7
6094	7
6095	7
6096	7
6097	7
6098	7
6099	7
6100	7
6101	7
6102	7
6103	7
6104	7
6105	7
6106	7
6107	7
6108	7
6109	7
6110	7
6111	7
6112	7
6113	7
6114	7
6115	7
6116	7
6117	7
6118	7
6119	7
6120	7
6121	7
6122	7
6123	7
6124	7
6125	7
6126	7
6127	7
6128	7
6129	7
6130	7
6131	7
6132	7
6133	7
6134	7
6135	7
6136	7
6137	7
6138	7
6139	7
6140	7
6141	7
6142	7
6143	7
6144	7
6145	7
6146	7
6147	7
6148	7
6149	7
6150	7
6151	7
6152	7
6153	7
6154	7
6155	7
6156	7
6157	7
6158	7
6159	7
6160	7
6161	7
6162	7
6163	7
6164	7
6165	7
6166	7
6167	7
6168	7
6169	7
6170	7
6171	7
6172	7
6173	7
6174	7
6175	7
6176	7
6177	7
6178	7
6179	7
6180	7
6181	7
6182	7
6183	7
6184	1
6185	7
6186	7
6187	7
6188	1
6189	7
6190	7
6191	7
6192	7
6193	7
6194	1
6195	7
6196	7
6197	7
6198	7
6199	7
6200	7
6201	7
6202	7
6203	7
6204	7
6205	1
6206	7
6207	1
6208	1
6209	7
6210	7
6211	1
6212	7
6213	7
6214	1
6215	1
6216	7
6217	1
6218	7
6219	7
6220	7
6221	7
6222	1
6223	7
6224	7
6225	7
6226	1
6227	1
6228	1
6229	1
6230	1
6231	1
6232	1
6233	7
6234	7
6235	7
6236	7
6237	7
6238	7
6239	6
6240	8
6241	6
6242	6
6243	8
6244	0
6245	6
6246	6
6247	8
6248	6
6249	6
6250	6
6251	6
6252	0
6253	6
6254	6
6255	8
6256	6
6257	6
6258	6
6259	8
6260	6
6261	6
6262	6
6263	6
6264	6
6265	6
6266	0
6267	0
6268	8
6269	6
6270	6
6271	6
6272	6
6273	6
6274	8
6275	6
6276	6
6277	6
6278	6
6279	6
6280	8
6281	8
6282	0
6283	6
6284	6
6285	8
6286	6
6287	6
6288	8
6289	8
6290	8
6291	6
6292	6
6293	6
6294	6
6295	0
6296	0
6297	0
6298	0
6299	8
6300	8
6301	8
6302	9
6303	9
6304	0
6305	9
6306	0
6307	0
6308	0
6309	8
6310	8
6311	8
6312	9
6313	0
6314	8
6315	8
6316	0
6317	8
6318	9
6319	9
6320	0
6321	9
6322	8
6323	9
6324	8
6325	0
6326	8
6327	6
6328	6
6329	6
6330	8
6331	0
6332	6
6333	6
6334	6
6335	6
6336	6
6337	6
6338	8
6339	8
6340	8
6341	0
6342	6
6343	6
6344	6
6345	8
6346	8
6347	9
6348	8
6349	6
6350	8
6351	6
6352	6
6353	8
6354	8
6355	8
6356	8
6357	8
6358	1
6359	1
6360	0
6361	1
6362	0
6363	0
6364	0
6365	0
6366	8
6367	8
6368	0
6369	6
6370	6
6371	1
6372	1
6373	0
6374	1
6375	0
6376	9
6377	9
6378	9
6379	8
6380	6
6381	6
6382	6
6383	9
6384	6
6385	6
6386	9
6387	6
6388	6
6389	6
6390	8
6391	6
6392	9
6393	8
6394	6
6395	6
6396	8
6397	6
6398	9
6399	0
6400	6
6401	0
6402	8
6403	6
6404	0
6405	8
6406	8
6407	6
6408	8
6409	8
6410	6
6411	0
6412	8
6413	8
6414	9
6415	8
6416	0
6417	8
6418	6
6419	0
6420	6
6421	8
6422	1
6423	8
6424	9
6425	8
6426	8
6427	6
6428	8
6429	8
6430	8
6431	8
6432	8
6433	6
6435	9
6436	6
6437	6
6438	8
6439	8
6440	6
6441	6
6442	8
6443	8
6444	8
6445	0
6446	9
6447	0
6448	0
6449	9
6450	8
6451	9
6452	9
6453	0
6454	0
6455	6
6456	6
6457	8
6458	8
6459	6
6460	6
6461	6
6462	6
6463	8
6464	6
6465	8
6466	0
6467	9
6468	0
6469	9
6470	0
6471	8
6472	8
6474	8
6475	6
6476	8
6477	8
6478	8
6479	0
6480	8
6481	0
6482	8
6483	0
6484	8
6485	0
6486	9
6487	9
6488	0
6489	8
6490	9
6491	8
6492	1
6493	8
6494	8
6495	8
6496	8
6497	8
6498	0
6499	8
6500	6
6501	0
6502	9
6503	8
6504	9
6505	6
6506	1
6507	0
6508	1
6509	8
6510	8
6511	8
6512	6
6513	8
6514	0
6515	8
6516	0
6517	6
6518	8
6519	8
6520	0
6521	1
6522	8
6523	8
6524	8
6525	9
6526	8
6527	9
6528	6
6529	8
6530	9
6531	9
6532	8
6533	6
6534	6
6535	0
6536	6
6537	9
6538	6
6539	0
6540	8
6541	0
6542	8
6543	1
6544	3
6545	1
6546	0
6547	6
6548	8
6549	8
6550	0
6551	6
6552	8
6553	6
6554	0
6555	0
6556	0
6557	0
6558	0
6559	0
6560	0
6561	0
6562	0
6563	0
6564	0
6565	1
6566	1
6567	1
6568	1
6569	1
6570	1
6571	1
6572	1
6573	1
6574	1
6575	1
6576	1
6577	1
6578	1
6579	1
6580	1
6581	1
6582	1
6583	1
6584	1
6585	1
6586	1
6587	0
6588	1
6589	7
6590	1
6591	1
6592	1
6593	0
6594	0
6595	0
6596	0
6597	0
6598	1
6599	1
6600	1
6601	0
6602	0
6603	0
6604	7
6605	7
6606	1
6607	1
6608	7
6609	7
6610	7
6611	7
6612	7
6613	1
6614	1
6615	7
6616	7
6617	1
6618	1
6619	1
6620	0
6621	1
6622	0
6623	7
6624	8
6625	1
6626	1
6627	8
6628	7
6629	1
6630	8
6631	1
6632	1
6633	1
6634	1
6635	1
6636	1
6637	1
6638	1
6639	1
6640	1
6641	1
6642	1
6643	1
6644	1
6645	1
6646	1
6647	1
6648	1
6650	1
6651	1
6652	1
6653	1
6654	1
6655	1
6656	1
6657	8
6658	1
6659	1
6660	1
6661	8
6662	8
6663	1
6664	1
6665	1
6666	1
6667	1
6668	1
6669	1
6671	1
6672	1
6679	1
6683	1
6684	8
6685	8
6686	7
6687	1
6688	3
6689	1
6690	1
6691	1
6692	8
6693	8
6694	8
6695	8
6696	8
6697	1
6698	1
6699	1
6700	1
6701	1
6702	8
6703	1
6704	1
6705	1
6706	1
6707	1
6708	8
6709	8
6710	1
6711	1
6712	1
6713	1
6714	1
6715	1
6716	1
6717	1
6718	3
6719	1
6720	8
6721	8
6722	1
6723	8
6724	1
6725	1
6726	1
6727	1
6728	8
6729	1
6730	1
6731	1
6732	1
6733	1
6734	8
6735	1
6736	1
6737	1
6738	1
6739	1
6740	1
6741	1
6742	1
6743	1
6744	1
6745	1
6746	1
6747	1
6748	1
6749	1
6750	1
6751	1
6752	1
6753	1
6754	1
6755	8
6756	8
6757	8
6758	8
6759	1
6760	8
6761	1
6762	1
6763	8
6764	7
6765	7
6766	7
6767	7
6768	7
6769	7
6770	7
6771	7
6772	7
6773	7
6774	7
6775	1
6776	7
6777	7
6778	1
6779	1
6780	7
6781	7
6782	7
6783	7
6784	7
6785	7
6786	7
6787	7
6788	7
6789	7
6790	7
6791	7
6792	7
6793	7
6794	7
6795	7
6796	7
6797	7
6798	7
6799	7
6800	7
6801	7
6802	7
6803	7
6804	7
6805	7
6806	7
6807	7
6808	7
6809	7
6810	7
6811	7
6812	7
6813	7
6814	7
6815	7
6816	7
6817	7
6818	7
6819	7
6820	0
6821	1
6822	0
6823	0
6824	0
6825	0
6826	0
6827	0
6828	0
6829	0
6830	0
6831	0
6832	0
6833	0
6834	0
6835	0
6836	0
6837	0
6838	0
6839	0
6840	0
6841	0
6842	0
6843	0
6844	0
6845	0
6846	0
6847	0
6848	0
6849	0
6850	0
6851	0
6852	0
6853	0
6854	0
6855	0
6856	0
6857	0
6858	0
6859	0
6860	0
6861	0
6862	0
6863	0
6864	0
6865	0
6866	0
6867	0
6868	0
6869	0
6870	0
6871	0
6872	1
6873	1
6874	0
6875	0
6876	1
6877	1
6878	1
6879	1
6880	0
6881	1
6882	1
6883	1
6884	1
6885	1
6886	1
6887	0
6888	1
6889	1
6890	1
6891	1
6892	1
6893	1
6894	9
6895	9
6896	1
6897	1
6898	1
6899	1
6900	1
6901	7
6902	0
6903	0
6904	1
6905	1
6906	1
6907	7
6908	1
6909	7
6910	7
6911	7
6912	1
6913	1
6914	0
6915	1
6916	0
6917	1
6918	0
6919	0
6920	0
6921	9
6922	9
6923	9
6924	9
6925	9
6926	0
6927	0
6928	9
6929	0
6930	9
6931	1
6932	0
6933	0
6934	9
6935	9
6936	9
6937	9
6938	9
6939	1
6940	9
6941	9
6942	1
6943	1
6944	1
6945	9
6946	9
6947	1
6948	1
6949	9
6950	9
6951	1
6952	9
6953	1
6954	1
6955	9
6956	1
6957	1
6958	1
6959	1
6960	1
6961	1
6962	0
6963	1
6964	7
6965	1
6966	1
