1	7
2	5
3	9
4	9
5	7
6	9
7	9
8	9
9	9
10	9
11	0
12	7
13	7
14	7
15	7
16	7
17	7
18	7
19	7
20	7
21	7
22	7
23	7
24	7
25	5
26	7
27	7
28	5
29	7
30	7
31	7
32	7
33	1
34	1
35	1
36	1
37	1
38	1
39	1
40	1
41	1
42	1
43	1
44	1
45	1
46	1
47	1
48	1
49	1
50	1
51	1
52	1
53	1
54	1
55	1
56	1
57	1
58	1
59	1
60	1
61	1
62	1
63	0
64	0
65	0
66	0
67	0
68	0
69	0
70	0
71	1
72	0
73	0
74	7
75	0
76	0
77	0
78	0
79	0
80	7
81	0
82	0
83	0
84	0
85	7
86	1
87	1
88	0
89	0
90	0
91	0
92	0
93	0
94	0
95	0
96	0
97	0
98	1
99	1
100	1
101	1
102	1
103	0
104	0
105	1
106	0
107	0
108	0
109	0
110	0
111	0
112	0
113	1
114	1
115	7
116	0
117	0
118	0
119	0
120	0
121	0
122	0
123	0
124	0
125	0
126	0
127	1
128	1
129	0
130	1
131	1
132	0
133	0
134	0
135	0
136	0
137	0
138	0
139	1
140	1
141	1
142	1
143	1
144	1
145	7
146	0
147	0
148	0
149	1
150	0
151	0
152	0
153	0
154	0
155	0
156	0
157	0
158	0
159	0
160	0
161	0
162	7
163	0
164	1
165	1
166	1
167	1
168	0
169	7
170	0
171	0
172	0
173	0
174	0
175	0
176	0
177	0
178	0
179	0
180	0
181	0
182	7
183	0
184	0
185	0
186	0
187	0
188	0
189	0
190	0
191	0
192	0
193	0
194	0
195	0
196	0
197	0
198	0
199	1
200	0
201	0
202	0
203	7
204	0
205	0
206	7
207	0
208	0
209	0
210	0
211	0
212	0
213	0
214	0
215	1
216	0
217	0
218	0
219	0
220	0
221	0
222	0
223	0
224	0
225	0
226	0
227	0
228	0
229	0
230	0
231	0
232	0
233	0
234	0
235	0
236	0
237	0
238	0
239	0
240	0
241	0
242	0
243	0
244	0
245	0
246	0
247	0
248	0
249	7
250	0
251	0
252	1
253	1
254	0
255	0
256	1
257	5
258	3
259	5
260	5
261	5
262	7
263	8
264	5
265	8
266	7
267	5
268	5
269	7
270	5
271	5
272	7
273	7
274	7
275	5
276	8
277	7
278	1
279	1
280	5
281	1
282	1
283	1
284	1
285	1
286	3
287	5
288	7
289	5
290	7
291	7
292	8
293	7
294	7
295	3
296	1
297	1
298	5
299	5
300	3
301	3
302	5
303	5
304	7
305	3
306	7
307	3
308	5
309	8
310	8
311	7
312	3
313	7
314	5
315	7
316	3
317	7
318	7
319	3
320	5
321	7
322	1
323	5
324	1
325	3
326	1
327	5
328	1
329	5
330	8
331	5
332	5
333	5
334	5
335	1
336	1
337	5
338	5
339	5
340	5
341	5
342	5
343	8
344	8
345	8
346	8
347	9
348	9
349	8
350	9
351	8
352	9
353	9
354	9
355	9
357	9
358	9
359	9
360	9
361	9
362	9
363	9
365	9
366	9
367	9
368	9
369	9
370	9
372	9
373	9
374	9
375	9
376	9
377	9
378	9
379	9
380	9
381	9
382	9
383	9
384	9
385	9
386	9
387	9
388	9
389	9
390	9
391	9
392	9
393	9
394	9
395	9
396	9
397	9
398	9
399	9
400	9
401	9
402	9
403	9
404	9
405	9
406	9
407	9
408	9
409	9
410	9
411	9
412	9
413	9
414	9
415	9
416	9
417	9
418	9
419	9
420	9
421	9
422	9
423	9
424	8
425	8
426	9
427	8
428	9
429	8
430	9
431	9
432	9
434	9
435	9
436	9
438	9
439	9
440	8
441	8
442	8
443	8
444	8
445	9
446	9
447	9
448	9
449	9
450	9
451	9
452	5
453	9
454	9
455	9
456	9
457	8
458	8
459	8
460	9
461	9
462	8
463	9
464	9
465	9
466	9
467	9
468	9
469	9
470	9
471	8
472	5
473	5
474	9
475	9
476	9
477	9
478	9
479	5
480	9
481	9
482	9
483	9
484	8
485	9
486	8
487	9
488	9
489	9
490	9
491	9
492	9
493	9
494	9
495	9
496	9
497	8
498	9
499	9
500	8
501	8
502	9
503	5
504	9
505	9
506	5
507	5
508	9
509	9
510	9
511	5
512	9
513	9
514	5
515	5
516	5
517	9
518	9
519	8
520	8
521	9
522	9
523	8
524	9
525	0
526	9
527	9
528	5
529	5
530	5
531	0
532	9
533	9
534	9
535	9
536	9
538	9
539	9
540	9
541	9
542	5
543	9
544	8
545	9
546	9
547	8
548	9
549	8
550	8
551	9
552	9
553	9
554	9
555	8
556	8
557	8
558	8
559	9
560	9
561	9
562	9
563	9
564	5
565	9
566	9
567	9
568	9
569	9
570	9
571	9
572	9
573	9
574	9
575	5
576	9
577	9
578	9
579	9
580	9
581	9
582	9
583	9
584	9
585	9
586	9
587	9
588	9
589	8
590	9
591	8
592	8
593	9
594	9
595	9
596	9
597	9
598	9
599	9
600	9
601	9
602	9
603	9
604	9
605	9
606	9
607	9
608	9
609	9
610	9
611	9
612	5
613	9
614	9
615	9
616	5
617	9
618	9
619	9
620	9
621	9
622	9
623	9
624	8
625	9
626	8
627	9
628	9
629	9
630	9
631	8
632	9
633	9
634	9
635	9
636	8
637	8
638	9
639	8
640	9
641	9
642	9
643	9
644	9
645	9
646	7
647	7
648	7
649	7
650	7
651	7
652	7
653	7
654	7
655	7
656	7
657	9
658	9
659	7
660	0
661	0
662	0
663	0
664	0
665	0
666	0
667	0
668	0
669	0
670	0
671	0
672	0
673	0
674	0
675	0
676	0
677	0
678	0
679	0
680	0
681	0
682	0
683	0
684	0
685	0
686	0
687	0
688	0
689	0
690	0
691	0
692	0
693	0
694	0
695	0
696	0
697	0
698	0
699	0
700	0
701	0
702	0
703	0
704	0
705	0
706	0
707	0
708	0
709	0
710	0
711	0
712	0
713	0
714	0
715	0
716	0
717	0
718	0
719	0
720	0
721	0
722	0
723	0
724	0
725	0
726	0
727	9
728	9
729	9
730	9
731	9
732	9
733	9
734	5
735	5
736	5
737	5
738	9
739	5
740	0
741	0
742	0
743	0
744	0
745	0
746	0
747	0
748	0
749	0
750	0
751	0
752	3
753	0
754	7
755	7
756	0
757	0
758	0
759	7
760	7
761	7
762	5
763	3
764	0
765	7
766	7
767	7
768	7
769	7
770	1
771	1
772	3
773	3
774	7
775	3
776	3
777	1
778	1
779	3
780	1
781	1
782	3
783	3
784	1
785	3
786	3
787	3
788	7
789	3
790	5
791	7
792	1
793	0
794	0
795	7
796	7
797	7
798	7
799	7
800	7
801	7
802	7
803	7
804	7
805	7
806	7
807	7
808	7
809	7
810	7
811	7
812	7
813	7
814	7
815	7
816	7
817	7
818	7
819	7
820	7
821	7
822	7
823	7
824	7
825	7
826	7
827	7
828	7
829	7
830	7
831	7
832	7
833	7
834	7
835	0
836	0
837	0
838	0
839	7
840	7
841	7
842	0
843	0
844	0
845	0
846	0
847	0
848	0
849	0
850	0
851	0
852	0
853	0
854	0
855	0
856	0
857	0
858	7
859	7
860	7
861	1
862	0
863	7
864	7
865	0
866	0
867	7
868	7
869	0
870	0
871	7
872	7
873	7
874	7
875	7
876	0
877	0
878	7
879	7
880	0
881	7
882	7
883	0
884	0
885	7
886	7
887	7
888	7
889	0
890	0
891	0
892	0
893	0
894	7
895	7
896	7
897	7
898	7
899	7
900	7
901	1
902	7
903	7
904	7
905	0
906	7
907	7
908	7
909	0
910	0
911	0
912	0
913	0
914	0
915	0
916	7
917	7
918	0
919	0
920	0
921	0
922	0
923	0
924	0
925	7
926	7
927	7
928	1
929	1
930	7
931	7
932	7
933	7
934	7
935	9
936	7
937	7
938	0
939	0
940	0
941	0
942	0
943	0
944	0
945	0
946	1
947	9
948	1
949	1
950	0
951	1
952	1
953	1
954	1
955	1
956	1
957	0
958	1
959	7
960	7
961	7
962	7
963	1
964	7
965	7
966	0
967	0
968	7
969	7
970	0
971	1
972	1
973	1
974	1
975	1
976	0
977	1
978	0
979	0
980	0
981	0
982	0
983	1
984	0
985	0
986	0
987	0
988	0
989	0
990	0
991	0
992	7
993	7
994	0
995	0
996	5
997	1
998	1
999	0
1000	7
1001	7
1002	0
1003	0
1004	7
1005	0
1006	0
1007	5
1008	0
1009	9
1010	8
1011	9
1012	0
1013	8
1014	9
1015	0
1016	0
1017	0
1018	0
1019	9
1020	0
1021	9
1022	0
1023	0
1024	0
1025	0
1026	0
1027	0
1028	8
1029	9
1030	9
1031	8
1032	0
1033	0
1034	0
1035	8
1036	0
1037	0
1038	9
1039	9
1040	9
1041	8
1042	9
1043	0
1044	0
1045	0
1046	0
1051	0
1052	0
1053	9
1054	9
1055	9
1056	9
1057	0
1058	0
1059	0
1060	0
1061	8
1062	0
1063	9
1064	9
1065	9
1066	9
1068	0
1069	0
1070	9
1071	9
1072	9
1073	9
1074	9
1075	9
1076	9
1077	8
1078	9
1079	8
1080	9
1081	0
1082	9
1084	9
1085	8
1087	8
1088	8
1089	8
1090	8
1091	8
1092	8
1093	9
1094	9
1095	9
1096	9
1097	9
1099	9
1101	9
1102	8
1103	8
1104	8
1105	8
1106	1
1107	9
1108	1
1109	1
1110	1
1111	8
1112	8
1113	9
1114	8
1115	8
1116	9
1117	9
1118	9
1120	9
1121	9
1122	9
1123	9
1124	9
1125	9
1126	9
1127	9
1128	9
1129	9
1130	8
1131	9
1132	9
1133	9
1134	9
1135	9
1136	8
1137	8
1138	8
1139	8
1140	8
1141	8
1142	8
1143	8
1144	8
1145	9
1146	8
1147	8
1149	9
1151	9
1157	9
1160	8
1161	9
1162	9
1163	8
1164	8
1165	8
1167	9
1168	9
1169	9
1170	9
1171	8
1172	9
1173	8
1174	8
1175	8
1176	9
1177	9
1178	9
1179	9
1181	8
1182	9
1185	9
1189	8
1190	9
1191	9
1192	9
1193	9
1194	9
1195	9
1196	9
1197	9
1198	9
1199	9
1200	8
1201	9
1202	9
1203	8
1204	8
1205	9
1206	9
1207	9
1208	9
1209	9
1210	9
1211	9
1212	9
1213	9
1214	9
1215	9
1216	9
1217	3
1218	3
1219	3
1220	3
1221	3
1222	3
1223	3
1224	3
1225	3
1226	4
1227	4
1228	3
1229	3
1230	4
1231	3
1232	4
1233	9
1234	9
1235	9
1236	4
1237	4
1238	4
1239	4
1240	4
1241	4
1242	4
1243	4
1244	4
1245	4
1246	4
1247	4
1249	4
1250	4
1251	4
1252	4
1253	4
1254	4
1255	4
1256	4
1257	4
1258	4
1259	4
1260	4
1261	4
1263	4
1264	4
1265	4
1266	4
1267	4
1268	4
1269	4
1270	4
1271	2
1272	2
1273	2
1274	4
1275	2
1276	2
1277	2
1278	2
1279	2
1280	2
1281	2
1282	2
1283	4
1284	2
1285	4
1286	2
1287	2
1288	2
1289	2
1290	2
1291	4
1292	2
1293	4
1294	4
1295	4
1296	4
1297	4
1298	4
1299	4
1300	4
1301	4
1302	2
1303	4
1304	4
1305	4
1306	2
1307	2
1308	2
1309	2
1310	2
1311	2
1312	4
1313	4
1314	4
1315	4
1316	4
1317	4
1318	4
1319	4
1320	5
1321	4
1322	4
1323	4
1324	4
1325	5
1326	4
1327	4
1328	4
1329	4
1330	2
1331	2
1332	2
1333	2
1334	4
1335	4
1336	4
1337	5
1338	4
1339	4
1340	4
1341	2
1342	2
1343	2
1344	2
1345	2
1346	2
1347	2
1348	2
1349	5
1350	5
1351	5
1352	5
1353	5
1354	5
1355	5
1356	5
1357	5
1358	5
1359	3
1360	2
1361	2
1362	2
1363	2
1364	2
1365	2
1366	2
1367	2
1368	4
1369	4
1370	2
1371	4
1372	2
1374	4
1375	4
1376	4
1377	3
1378	5
1379	3
1380	3
1381	3
1382	3
1383	5
1384	3
1385	5
1386	3
1387	3
1388	3
1389	3
1390	3
1391	3
1392	3
1393	3
1394	3
1395	3
1396	3
1397	9
1398	9
1399	9
1400	9
1401	9
1402	9
1403	9
1404	9
1405	9
1406	9
1407	9
1408	4
1409	4
1410	3
1411	4
1412	4
1413	4
1414	4
1415	4
1416	4
1417	4
1418	4
1419	4
1420	4
1421	4
1422	4
1423	4
1424	4
1425	4
1426	4
1427	4
1429	4
1432	4
1433	4
1434	2
1435	2
1436	2
1437	4
1438	2
1439	4
1440	4
1441	4
1442	2
1443	2
1444	2
1445	2
1446	2
1447	2
1448	2
1449	4
1450	4
1451	2
1452	2
1453	2
1454	4
1455	4
1456	2
1457	2
1458	2
1459	2
1460	2
1461	4
1462	2
1463	4
1464	2
1465	4
1466	4
1467	4
1468	4
1469	4
1470	5
1471	4
1472	5
1473	5
1474	5
1475	5
1476	5
1477	5
1478	5
1479	4
1480	4
1481	5
1482	5
1483	5
1484	4
1485	4
1486	5
1487	5
1488	5
1489	4
1490	4
1491	4
1492	4
1493	4
1494	5
1495	5
1496	4
1497	4
1498	4
1499	2
1500	2
1501	2
1502	4
1503	2
1504	4
1505	2
1506	2
1507	2
1508	2
1509	2
1510	2
1511	2
1512	2
1513	2
1514	2
1515	2
1516	2
1517	5
1518	5
1519	5
1520	5
1521	5
1522	5
1523	5
1524	5
1525	5
1526	4
1527	4
1528	4
1529	4
1530	4
1531	4
1533	4
1534	4
1535	2
1536	2
1537	2
1538	2
1539	2
1540	2
1541	2
1542	2
1543	2
1544	6
1545	3
1546	5
1547	3
1548	3
1549	3
1550	3
1551	5
1552	5
1553	6
1554	6
1555	6
1556	3
1557	3
1558	3
1559	3
1560	3
1561	3
1562	3
1563	9
1564	9
1565	9
1566	9
1567	9
1568	3
1569	3
1570	4
1571	3
1572	4
1573	4
1574	4
1575	4
1576	4
1577	4
1578	4
1579	4
1580	4
1581	4
1582	4
1584	4
1585	4
1586	4
1587	4
1588	4
1589	4
1590	4
1591	4
1592	4
1593	4
1594	4
1596	4
1597	4
1598	4
1599	2
1600	2
1601	2
1602	2
1603	2
1604	2
1605	2
1606	2
1607	2
1608	2
1609	4
1610	4
1611	4
1612	2
1613	2
1614	2
1615	2
1616	2
1617	4
1618	2
1619	2
1620	2
1621	2
1622	2
1623	2
1624	2
1625	2
1626	2
1627	2
1628	4
1629	2
1630	4
1631	4
1632	4
1633	2
1634	4
1635	4
1636	5
1637	5
1638	5
1639	4
1640	4
1641	4
1642	5
1643	5
1644	4
1645	4
1646	4
1647	4
1648	4
1649	4
1650	5
1651	5
1652	4
1653	4
1654	4
1655	4
1656	4
1657	4
1658	2
1659	2
1660	2
1661	2
1662	2
1663	2
1664	2
1665	4
1666	2
1667	2
1668	2
1669	2
1670	2
1671	2
1672	2
1673	2
1674	2
1675	2
1676	2
1677	2
1678	2
1679	2
1680	2
1681	2
1682	2
1683	2
1684	2
1685	2
1686	2
1687	2
1688	5
1689	5
1690	5
1691	5
1692	5
1693	5
1694	5
1695	5
1696	2
1697	2
1698	2
1699	2
1700	2
1701	2
1702	2
1703	4
1704	2
1705	2
1706	2
1707	2
1708	2
1709	2
1710	2
1711	2
1712	4
1713	4
1714	4
1715	5
1716	5
1717	5
1718	5
1719	5
1720	5
1721	5
1722	3
1723	4
1724	3
1725	3
1726	3
1727	3
1728	3
1729	3
1730	3
1731	3
1732	3
1733	3
1734	3
1735	3
1736	3
1737	4
1738	4
1739	4
1740	4
1741	4
1742	4
1743	4
1744	4
1745	4
1746	4
1747	4
1748	4
1749	4
1750	4
1751	4
1752	4
1753	3
1754	4
1755	4
1756	4
1757	4
1758	4
1759	4
1760	3
1761	4
1762	4
1763	4
1764	2
1765	2
1766	2
1767	2
1769	2
1770	2
1771	2
1772	2
1773	2
1774	2
1775	2
1776	2
1777	2
1778	2
1779	2
1780	2
1781	2
1782	2
1783	2
1784	2
1785	2
1786	4
1787	4
1788	2
1789	4
1790	2
1791	2
1792	4
1793	4
1795	2
1796	4
1797	2
1798	4
1799	2
1800	2
1801	4
1802	4
1803	4
1804	4
1805	4
1806	4
1807	4
1808	4
1809	5
1810	5
1811	4
1812	4
1813	5
1814	5
1815	4
1816	4
1817	5
1818	5
1819	4
1820	4
1821	4
1822	2
1823	5
1824	2
1825	2
1826	2
1827	2
1828	2
1829	2
1830	4
1831	2
1832	2
1833	2
1834	2
1835	2
1836	2
1837	2
1838	2
1839	2
1840	2
1841	2
1842	2
1843	2
1844	2
1845	2
1846	2
1847	2
1848	2
1849	2
1850	5
1851	5
1852	5
1853	5
1854	5
1855	5
1856	4
1857	4
1858	4
1859	4
1860	4
1861	4
1862	4
1863	4
1864	4
1865	4
1866	8
1867	6
1868	3
1869	3
1870	5
1871	3
1872	3
1873	3
1874	5
1875	3
1876	3
1877	3
1878	3
1879	3
1880	3
1881	4
1882	4
1883	4
1884	4
1885	3
1886	4
1887	4
1888	4
1889	3
1890	3
1891	4
1892	3
1893	3
1894	4
1895	4
1896	4
1897	4
1898	4
1899	4
1900	4
1901	4
1902	4
1903	4
1904	4
1905	4
1906	3
1907	5
1908	4
1909	4
1910	4
1911	4
1912	5
1913	3
1914	5
1915	4
1916	3
1917	4
1918	4
1919	4
1920	4
1921	3
1922	4
1923	4
1924	3
1925	2
1926	2
1927	2
1928	2
1929	2
1930	2
1931	2
1932	2
1933	2
1934	2
1935	2
1936	2
1937	2
1938	2
1939	2
1940	2
1941	2
1942	2
1943	2
1944	2
1945	2
1946	4
1947	2
1948	2
1949	2
1950	2
1951	2
1952	2
1953	2
1954	2
1955	2
1956	2
1957	2
1958	2
1959	2
1960	2
1961	2
1962	2
1963	2
1964	2
1965	4
1966	4
1967	5
1968	5
1969	5
1970	4
1971	4
1972	4
1973	4
1974	4
1975	4
1976	4
1977	4
1978	4
1979	4
1980	2
1981	2
1982	2
1983	2
1984	2
1985	2
1986	2
1987	2
1988	2
1989	2
1990	2
1991	2
1992	2
1993	2
1994	2
1995	2
1996	2
1997	2
1998	2
1999	2
2000	2
2001	2
2002	2
2003	2
2004	2
2005	2
2006	2
2007	2
2008	2
2009	2
2010	2
2011	5
2012	4
2013	5
2014	5
2015	6
2016	6
2017	6
2018	6
2019	0
2020	0
2021	0
2022	6
2023	3
2024	5
2025	3
2026	3
2027	5
2028	5
2029	3
2030	4
2031	3
2032	4
2033	3
2034	3
2035	4
2036	3
2037	3
2038	3
2039	4
2040	3
2041	4
2042	4
2043	3
2044	3
2045	4
2046	4
2047	3
2048	3
2049	3
2050	3
2051	4
2052	4
2053	4
2054	4
2055	4
2056	4
2057	4
2058	4
2059	4
2060	4
2061	4
2062	4
2063	3
2064	4
2065	3
2066	4
2067	3
2068	4
2069	4
2070	4
2071	4
2072	4
2073	4
2074	5
2075	4
2076	4
2077	4
2078	2
2079	2
2080	2
2081	2
2082	2
2083	2
2084	2
2085	4
2086	4
2087	4
2088	4
2089	2
2090	2
2091	2
2092	2
2093	2
2094	2
2095	2
2096	4
2097	2
2098	2
2099	2
2100	2
2101	2
2102	2
2103	2
2104	2
2105	4
2106	2
2107	2
2108	2
2109	2
2110	2
2111	2
2112	2
2113	4
2114	4
2115	4
2116	4
2117	4
2118	4
2119	4
2120	4
2121	4
2122	5
2123	4
2124	4
2125	4
2126	4
2127	4
2128	4
2129	4
2130	2
2131	2
2132	2
2133	2
2134	2
2135	2
2136	2
2137	2
2138	2
2139	2
2140	2
2141	2
2142	2
2143	2
2144	2
2145	2
2146	2
2147	2
2148	2
2149	2
2150	2
2151	2
2152	2
2153	4
2154	3
2155	4
2156	2
2157	2
2158	4
2161	5
2162	5
2163	6
2164	6
2165	5
2166	6
2167	8
2168	5
2169	5
2170	5
2171	5
2172	5
2173	6
2174	6
2175	6
2176	0
2177	0
2178	6
2179	0
2180	0
2181	0
2182	3
2183	3
2184	3
2185	3
2186	5
2187	3
2188	3
2189	3
2190	3
2191	3
2192	3
2193	3
2194	3
2195	3
2196	3
2197	3
2198	3
2199	3
2200	4
2201	3
2202	3
2203	3
2204	3
2205	3
2206	3
2207	4
2208	4
2209	4
2210	4
2211	4
2212	4
2213	4
2215	4
2216	4
2217	4
2218	4
2219	4
2220	4
2221	4
2222	4
2223	4
2224	4
2225	4
2226	4
2227	4
2228	4
2229	3
2230	3
2231	3
2232	4
2233	4
2234	4
2235	4
2236	4
2237	2
2238	4
2239	4
2240	2
2241	2
2242	2
2243	2
2244	2
2245	2
2246	2
2247	4
2248	2
2249	2
2250	2
2251	2
2252	2
2253	2
2254	4
2255	4
2256	4
2257	3
2258	3
2259	5
2260	5
2261	4
2262	4
2263	4
2264	5
2265	4
2266	5
2267	5
2268	5
2269	4
2270	5
2271	4
2272	4
2273	4
2274	4
2275	4
2276	4
2277	4
2278	2
2279	2
2280	2
2281	2
2282	2
2283	2
2284	2
2285	2
2286	2
2287	2
2288	2
2289	2
2290	2
2291	2
2292	2
2293	2
2294	2
2295	2
2296	2
2297	2
2298	2
2299	2
2300	2
2301	2
2302	4
2303	7
2304	3
2305	8
2306	5
2307	5
2308	5
2309	5
2310	5
2311	5
2312	5
2313	8
2314	5
2315	5
2316	8
2317	5
2318	5
2319	5
2320	5
2321	5
2322	5
2323	5
2324	0
2325	0
2326	6
2327	6
2328	6
2329	6
2330	0
2331	5
2332	5
2333	3
2334	5
2335	3
2336	4
2337	3
2338	3
2339	5
2340	5
2341	5
2342	4
2343	4
2344	3
2345	3
2346	3
2347	4
2348	3
2349	4
2350	4
2351	3
2352	4
2353	4
2354	4
2355	4
2356	4
2357	4
2358	4
2359	4
2360	4
2361	4
2362	4
2363	4
2364	4
2365	4
2366	4
2367	4
2368	4
2369	4
2370	4
2371	4
2372	4
2373	4
2374	4
2375	4
2376	4
2377	4
2378	4
2379	4
2380	4
2381	4
2382	4
2383	4
2384	4
2385	4
2386	4
2387	4
2388	4
2389	4
2390	4
2391	4
2392	4
2393	3
2394	4
2395	3
2396	3
2397	4
2398	4
2399	4
2400	4
2401	4
2402	4
2403	4
2404	4
2405	4
2406	4
2407	4
2408	4
2409	4
2410	4
2411	4
2412	4
2413	2
2414	2
2415	2
2416	2
2417	2
2418	4
2419	2
2420	4
2421	4
2422	4
2423	4
2424	4
2425	5
2426	5
2427	4
2428	4
2429	4
2430	4
2431	4
2432	4
2433	5
2434	5
2435	5
2436	5
2437	5
2438	4
2439	5
2440	5
2441	4
2442	4
2443	4
2444	4
2445	4
2446	4
2447	4
2448	5
2449	4
2450	5
2451	4
2452	5
2453	5
2454	5
2455	2
2456	2
2457	5
2458	5
2459	2
2460	5
2461	4
2462	2
2463	4
2464	5
2465	4
2466	4
2467	3
2468	8
2469	5
2470	3
2471	3
2472	8
2473	5
2474	8
2475	8
2476	5
2477	5
2478	5
2479	5
2480	8
2481	8
2482	5
2483	5
2484	5
2485	5
2486	5
2487	5
2488	4
2489	4
2490	5
2491	3
2492	3
2493	3
2494	5
2495	5
2496	5
2497	5
2498	3
2499	4
2500	4
2501	3
2502	3
2503	3
2504	3
2505	3
2506	4
2507	4
2508	4
2509	3
2510	4
2511	4
2512	4
2513	4
2514	4
2515	4
2516	4
2517	4
2518	4
2520	4
2521	4
2522	4
2523	4
2524	4
2525	4
2526	3
2527	3
2528	3
2529	4
2530	4
2531	3
2532	4
2533	3
2534	4
2535	3
2536	4
2537	4
2538	4
2539	4
2540	4
2541	4
2542	4
2543	4
2544	4
2545	4
2546	4
2547	4
2548	4
2549	4
2550	4
2551	4
2552	4
2553	4
2554	4
2555	4
2556	4
2557	4
2558	2
2559	4
2560	2
2561	4
2562	4
2563	2
2564	2
2565	4
2566	2
2567	2
2568	2
2569	4
2570	4
2571	4
2572	4
2573	4
2574	4
2575	4
2576	2
2577	2
2578	2
2579	2
2580	4
2581	4
2582	4
2583	4
2584	4
2585	4
2586	4
2587	4
2588	4
2589	4
2590	5
2591	4
2592	4
2593	4
2594	4
2595	4
2596	4
2597	4
2598	4
2599	5
2600	3
2601	5
2602	4
2603	5
2604	5
2605	5
2606	5
2607	5
2608	5
2609	5
2610	5
2611	5
2612	4
2613	5
2614	4
2615	4
2616	5
2617	5
2618	2
2619	2
2620	2
2621	2
2622	2
2623	2
2624	2
2625	2
2626	2
2627	3
2628	2
2629	3
2630	4
2631	5
2632	7
2633	3
2634	4
2635	5
2636	5
2637	5
2638	5
2639	5
2640	5
2641	5
2642	4
2643	4
2644	4
2645	2
2646	2
2647	4
2648	4
2649	5
2650	5
2651	5
2652	3
2653	5
2654	3
2655	5
2656	3
2657	3
2658	4
2659	4
2660	3
2661	3
2662	3
2663	4
2664	4
2665	3
2666	3
2667	4
2668	4
2669	4
2670	4
2671	4
2672	4
2673	2
2674	2
2675	2
2676	2
2677	4
2678	2
2679	2
2680	2
2681	4
2682	4
2683	4
2684	4
2685	4
2686	4
2687	4
2688	4
2689	4
2690	4
2691	4
2692	4
2693	4
2694	4
2695	4
2696	4
2697	4
2698	4
2699	4
2700	4
2701	4
2702	4
2703	4
2704	4
2705	4
2706	4
2707	4
2708	4
2710	2
2711	4
2712	4
2713	4
2714	4
2715	2
2716	4
2717	4
2718	4
2719	4
2720	4
2721	4
2722	2
2723	4
2724	4
2725	2
2726	2
2727	2
2728	2
2729	4
2730	2
2731	2
2732	2
2733	2
2734	2
2735	2
2736	2
2737	2
2738	2
2739	2
2740	2
2741	3
2742	3
2743	3
2744	3
2745	3
2746	3
2747	5
2748	3
2749	4
2750	5
2751	5
2752	3
2753	4
2754	4
2755	5
2756	5
2757	4
2758	5
2759	5
2760	5
2761	5
2762	5
2763	4
2764	4
2765	5
2766	4
2767	4
2768	4
2769	5
2770	5
2771	4
2772	4
2773	4
2774	4
2775	4
2776	2
2777	8
2778	2
2779	2
2780	2
2781	2
2782	2
2783	2
2784	2
2785	2
2786	2
2787	2
2788	2
2789	2
2790	2
2791	2
2792	2
2793	2
2794	2
2795	2
2796	3
2797	2
2798	4
2799	4
2800	4
2801	4
2802	2
2803	8
2804	5
2805	8
2806	8
2807	8
2808	8
2809	8
2810	2
2811	2
2812	5
2813	2
2814	5
2815	2
2816	2
2817	2
2818	5
2819	5
2820	5
2821	4
2822	5
2823	5
2824	5
2825	3
2826	5
2827	4
2828	3
2829	3
2830	3
2831	3
2832	3
2833	3
2834	3
2835	2
2836	2
2837	2
2838	2
2839	2
2840	2
2841	4
2842	2
2843	2
2844	2
2845	2
2846	2
2847	2
2848	4
2849	4
2850	5
2851	5
2852	4
2853	5
2854	4
2855	4
2856	4
2857	4
2858	4
2859	3
2860	4
2861	4
2862	4
2863	3
2864	3
2865	4
2866	4
2867	4
2868	4
2869	4
2870	4
2871	4
2872	4
2873	4
2874	4
2875	4
2876	4
2877	4
2878	4
2879	4
2880	2
2881	4
2882	4
2883	4
2884	4
2885	4
2886	4
2887	4
2888	4
2889	4
2890	4
2891	4
2892	4
2893	2
2894	2
2895	4
2896	2
2897	2
2898	2
2899	2
2900	2
2901	2
2902	2
2903	2
2904	2
2905	2
2906	2
2907	2
2908	4
2909	2
2910	2
2911	2
2912	2
2913	4
2914	3
2915	4
2916	4
2917	3
2918	4
2919	3
2920	4
2921	4
2922	5
2923	4
2924	5
2925	5
2926	5
2927	4
2928	5
2929	5
2930	4
2931	4
2932	4
2933	5
2934	5
2935	4
2936	4
2937	4
2938	5
2939	4
2940	4
2941	4
2942	4
2943	4
2944	4
2945	4
2946	4
2947	4
2948	2
2949	2
2950	5
2951	2
2952	2
2953	5
2954	5
2955	5
2956	5
2957	5
2958	4
2959	4
2960	4
2961	5
2962	3
2964	5
2965	3
2966	2
2967	5
2968	5
2969	8
2970	5
2971	5
2972	5
2973	5
2974	5
2975	2
2976	2
2977	2
2978	2
2979	2
2980	5
2981	5
2982	5
2983	4
2984	5
2985	3
2986	3
2987	6
2988	3
2989	3
2990	3
2991	5
2992	6
2993	3
2994	3
2995	5
2996	5
2997	5
2998	5
2999	5
3000	4
3001	2
3002	2
3003	2
3004	2
3005	2
3006	2
3007	3
3008	4
3009	4
3010	4
3011	4
3012	4
3013	4
3014	4
3015	4
3016	4
3017	4
3018	4
3019	4
3020	4
3021	4
3022	4
3023	4
3024	4
3025	3
3026	4
3027	4
3028	4
3029	4
3030	4
3031	4
3032	4
3033	4
3034	4
3035	4
3036	4
3037	4
3038	4
3039	4
3040	4
3041	4
3042	4
3043	4
3044	4
3045	4
3046	4
3047	4
3048	4
3049	4
3050	4
3051	4
3052	4
3053	4
3054	4
3055	4
3056	4
3057	4
3058	4
3059	4
3060	4
3061	4
3062	4
3063	4
3064	2
3065	2
3066	2
3067	2
3068	2
3069	2
3070	2
3071	2
3072	2
3073	2
3074	2
3075	4
3076	2
3077	2
3078	2
3079	2
3080	2
3081	4
3082	4
3083	4
3084	5
3085	4
3086	5
3087	5
3088	5
3089	4
3090	4
3091	5
3092	4
3093	4
3094	5
3095	5
3096	4
3097	4
3098	3
3099	4
3100	4
3101	4
3102	4
3103	4
3104	4
3105	4
3106	4
3107	4
3108	4
3109	2
3110	4
3111	4
3112	4
3113	2
3114	2
3115	2
3116	5
3117	2
3118	5
3119	5
3120	2
3121	5
3122	5
3123	5
3124	3
3125	3
3126	4
3127	4
3128	4
3129	5
3130	5
3131	3
3132	5
3133	3
3135	2
3136	5
3137	7
3138	7
3139	5
3140	7
3141	7
3142	2
3143	2
3144	2
3145	5
3146	2
3147	5
3148	5
3149	5
3150	3
3151	3
3152	5
3153	3
3154	5
3155	5
3156	5
3157	5
3158	4
3159	5
3160	4
3161	4
3162	5
3163	2
3164	5
3165	2
3166	2
3167	2
3168	2
3169	5
3170	5
3171	5
3172	4
3173	4
3174	4
3175	4
3176	4
3177	4
3178	4
3179	2
3180	2
3181	2
3184	2
3185	2
3186	2
3187	2
3188	2
3189	4
3190	4
3191	4
3192	4
3193	4
3194	4
3195	4
3196	4
3197	4
3198	4
3199	4
3200	3
3201	3
3202	4
3203	4
3204	4
3205	4
3206	4
3212	4
3213	4
3214	4
3215	2
3216	4
3217	4
3218	4
3219	4
3220	4
3221	4
3222	2
3223	2
3224	2
3225	2
3226	2
3227	2
3228	2
3229	2
3230	2
3231	2
3232	2
3233	2
3234	2
3235	2
3236	2
3237	4
3238	4
3239	4
3240	4
3241	5
3242	4
3243	5
3244	4
3245	4
3246	4
3247	4
3248	5
3249	5
3250	5
3251	4
3252	4
3253	4
3254	4
3255	4
3256	4
3257	4
3258	4
3259	4
3260	4
3261	4
3262	4
3263	5
3264	2
3265	2
3266	2
3267	2
3268	5
3269	5
3270	2
3271	2
3272	2
3273	2
3274	5
3275	5
3276	5
3277	5
3278	5
3279	5
3280	5
3281	3
3282	5
3284	5
3285	4
3286	2
3287	4
3288	5
3289	5
3292	3
3293	7
3294	5
3295	7
3296	4
3297	5
3298	5
3299	5
3300	5
3301	5
3302	5
3303	5
3304	6
3305	5
3306	5
3307	5
3308	3
3309	4
3310	5
3311	4
3312	5
3313	6
3314	3
3315	3
3316	3
3317	3
3318	3
3319	4
3320	3
3321	6
3322	5
3323	7
3324	5
3325	5
3326	5
3327	5
3328	2
3329	2
3330	2
3331	3
3332	3
3333	2
3334	2
3335	2
3336	2
3337	4
3338	4
3339	4
3340	4
3341	4
3342	4
3343	4
3344	4
3345	4
3346	4
3347	4
3348	4
3350	4
3351	4
3352	4
3353	4
3355	4
3356	2
3357	2
3358	2
3359	2
3360	2
3361	2
3362	2
3363	2
3364	2
3365	2
3366	2
3367	2
3368	2
3369	2
3370	2
3371	2
3372	2
3373	2
3374	4
3375	2
3376	2
3377	2
3378	2
3379	2
3380	2
3381	2
3382	4
3383	4
3384	4
3385	2
3386	4
3387	2
3388	2
3389	2
3390	4
3391	4
3392	4
3393	4
3394	2
3395	2
3396	2
3397	2
3398	2
3399	2
3400	4
3401	4
3402	3
3403	3
3404	3
3405	4
3406	4
3407	4
3408	4
3409	4
3410	4
3411	4
3412	4
3413	5
3414	4
3415	4
3416	4
3417	5
3418	4
3419	5
3420	5
3421	5
3422	5
3423	5
3424	5
3425	5
3426	5
3427	5
3428	5
3429	2
3430	8
3431	5
3432	5
3433	5
3434	5
3435	5
3436	5
3437	5
3438	5
3439	3
3440	3
3441	4
3442	2
3443	4
3444	4
3445	2
3446	4
3447	4
3448	4
3449	5
3450	5
3451	5
3452	5
3453	5
3454	5
3455	5
3456	5
3457	5
3458	5
3459	5
3460	5
3461	6
3462	3
3463	3
3464	3
3465	3
3466	3
3467	5
3468	3
3469	3
3470	3
3471	3
3472	4
3473	4
3474	4
3475	3
3476	3
3477	3
3478	3
3479	5
3480	5
3481	5
3482	3
3483	3
3484	4
3485	3
3486	3
3487	3
3488	3
3489	4
3490	4
3491	3
3492	4
3493	3
3494	4
3495	3
3496	4
3497	4
3498	4
3499	4
3500	4
3501	4
3502	4
3503	4
3504	4
3505	4
3506	4
3507	4
3508	4
3509	4
3510	4
3513	4
3514	4
3515	4
3516	4
3517	4
3518	4
3519	4
3520	4
3521	4
3522	4
3523	4
3524	2
3525	4
3526	4
3527	4
3528	4
3529	4
3530	4
3531	4
3533	4
3534	4
3535	4
3536	4
3537	4
3538	4
3539	4
3540	4
3541	4
3542	4
3543	4
3544	4
3545	2
3546	2
3547	2
3548	2
3549	2
3550	4
3551	4
3552	2
3553	2
3554	2
3555	2
3556	2
3557	2
3558	2
3559	2
3560	2
3561	2
3562	2
3563	2
3564	2
3565	2
3566	2
3567	2
3568	4
3569	4
3570	4
3571	4
3572	4
3573	4
3574	4
3575	4
3576	4
3577	4
3578	4
3579	4
3580	4
3581	4
3582	4
3583	4
3584	4
3585	4
3586	2
3587	5
3588	5
3589	5
3590	2
3591	2
3592	2
3593	2
3594	5
3595	2
3596	2
3597	2
3598	5
3599	5
3600	5
3601	2
3602	5
3603	5
3604	4
3605	4
3606	5
3607	4
3608	5
3609	4
3610	4
3611	5
3612	5
3614	5
3615	2
3616	5
3617	2
3618	5
3619	5
3620	5
3621	5
3622	3
3623	3
3624	3
3625	3
3626	3
3627	3
3628	3
3629	3
3630	3
3631	5
3632	5
3633	5
3634	5
3635	5
3636	5
3637	3
3638	3
3639	5
3640	3
3641	5
3642	5
3643	3
3644	3
3645	6
3646	3
3647	3
3648	4
3649	4
3650	3
3651	4
3652	3
3653	3
3654	3
3655	3
3656	4
3657	4
3658	4
3659	4
3660	4
3661	4
3662	4
3663	4
3664	4
3665	4
3666	4
3667	4
3668	4
3669	4
3670	4
3671	4
3672	4
3673	4
3674	4
3675	4
3676	4
3677	4
3678	4
3679	4
3680	4
3681	4
3682	4
3684	4
3685	4
3686	2
3687	2
3688	4
3689	4
3690	4
3691	4
3692	4
3693	4
3694	4
3695	4
3696	4
3697	2
3698	4
3699	2
3700	2
3701	4
3702	2
3703	2
3704	2
3705	2
3706	2
3707	2
3708	2
3709	2
3710	2
3711	2
3712	2
3713	2
3715	2
3717	4
3718	4
3719	4
3720	4
3721	4
3722	4
3723	2
3724	4
3725	4
3726	4
3727	4
3728	4
3729	4
3730	4
3731	4
3732	4
3733	4
3734	4
3735	5
3736	4
3737	4
3738	4
3739	4
3740	5
3741	4
3742	5
3743	5
3744	2
3745	2
3746	2
3747	2
3748	2
3749	5
3750	2
3751	2
3752	5
3753	2
3754	2
3755	2
3756	5
3757	2
3758	2
3759	2
3760	2
3761	2
3762	2
3763	2
3764	2
3768	4
3769	4
3770	2
3771	5
3772	5
3773	5
3774	5
3775	5
3776	5
3777	3
3778	5
3779	4
3780	3
3781	4
3782	4
3783	4
3784	4
3785	3
3786	4
3787	4
3788	4
3789	3
3790	8
3791	8
3792	8
3793	8
3794	8
3795	8
3796	8
3797	8
3798	8
3799	8
3800	8
3801	8
3802	8
3803	8
3804	8
3805	8
3806	8
3807	8
3808	8
3809	8
3810	8
3811	8
3812	8
3813	8
3814	8
3815	8
3816	8
3817	8
3818	8
3819	8
3820	8
3821	8
3822	8
3823	8
3824	8
3825	8
3826	8
3827	8
3828	8
3829	8
3830	8
3831	8
3832	8
3833	8
3834	8
3835	8
3836	8
3837	8
3838	8
3839	8
3840	8
3841	8
3842	8
3843	8
3844	8
3845	8
3846	8
3847	8
3848	8
3849	8
3850	8
3851	8
3852	8
3853	8
3854	8
3855	8
3856	8
3857	8
3858	8
3859	8
3860	8
3861	8
3862	8
3863	8
3864	8
3865	8
3866	8
3867	8
3868	8
3869	8
3870	8
3871	8
3872	8
3873	8
3874	8
3875	8
3876	8
3877	8
3878	8
3879	8
3880	8
3883	8
3884	8
3885	8
3886	8
3887	8
3888	8
3889	8
3890	8
3892	8
3893	8
3894	8
3897	8
3898	8
3899	8
3900	8
3901	8
3902	8
3903	8
3904	8
3905	8
3906	8
3907	8
3908	8
3909	8
3910	8
3911	8
3912	8
3913	8
3914	8
3915	8
3916	8
3917	8
3918	8
3919	8
3920	8
3921	8
3922	8
3923	8
3924	8
3925	8
3926	8
3927	8
3928	8
3929	8
3930	8
3931	8
3932	8
3933	8
3934	8
3935	8
3936	8
3937	8
3938	8
3939	8
3940	8
3941	8
3942	8
3943	8
3944	8
3945	8
3946	8
3947	8
3948	8
3949	8
3950	8
3951	8
3952	8
3953	8
3954	8
3955	8
3956	8
3957	8
3958	8
3959	8
3960	8
3961	8
3962	8
3963	8
3964	8
3965	8
3966	8
3967	8
3968	8
3969	8
3970	8
3971	8
3972	8
3973	8
3974	8
3975	8
3976	8
3977	8
3978	8
3979	8
3980	8
3981	8
3982	8
3983	8
3985	8
3986	8
3987	7
3988	6
3989	7
3990	7
3991	7
3992	1
3993	7
3994	7
3995	7
3996	1
3997	7
3998	1
3999	7
4000	7
4001	7
4002	7
4003	5
4004	5
4005	5
4006	5
4007	7
4008	1
4009	1
4010	1
4011	7
4012	1
4013	5
4014	7
4015	7
4016	7
4017	7
4018	7
4019	1
4020	7
4021	7
4022	7
4023	7
4024	7
4025	1
4026	1
4027	6
4028	7
4029	7
4030	7
4031	1
4032	1
4033	1
4034	1
4035	1
4036	1
4037	1
4038	7
4039	1
4040	7
4041	7
4042	7
4043	1
4044	1
4045	7
4046	1
4047	1
4048	7
4049	0
4050	1
4051	0
4052	1
4053	0
4054	7
4055	7
4056	0
4057	5
4058	5
4059	5
4060	7
4061	7
4062	7
4063	7
4064	5
4065	5
4066	5
4067	5
4068	5
4069	5
4070	5
4071	5
4072	5
4073	5
4074	0
4075	9
4076	0
4077	1
4078	9
4079	0
4080	0
4081	0
4082	9
4083	9
4084	9
4085	0
4086	9
4087	9
4088	9
4089	0
4090	9
4091	9
4092	9
4093	0
4094	9
4095	9
4096	9
4097	9
4098	9
4099	9
4100	9
4101	9
4102	9
4103	9
4104	0
4105	0
4106	0
4107	9
4108	0
4109	9
4110	0
4111	0
4112	0
4113	6
4114	0
4115	9
4116	0
4117	9
4118	9
4119	9
4120	0
4121	0
4122	9
4123	9
4124	0
4125	9
4126	0
4127	0
4128	0
4129	0
4130	0
4131	9
4132	9
4133	0
4134	0
4135	0
4136	0
4137	0
4138	0
4139	0
4140	0
4141	0
4142	0
4143	0
4144	0
4145	0
4146	0
4147	0
4148	0
4149	0
4150	0
4151	0
4152	9
4153	9
4154	0
4155	0
4156	0
4157	0
4158	0
4159	0
4160	9
4161	7
4162	7
4163	7
4164	7
4165	7
4166	9
4167	7
4168	7
4169	7
4170	1
4171	7
4172	7
4173	7
4174	7
4175	7
4176	7
4177	7
4178	7
4179	7
4180	7
4181	7
4182	7
4183	7
4184	7
4185	7
4186	7
4187	7
4188	7
4189	7
4190	7
4191	7
4192	7
4193	7
4194	7
4195	7
4196	7
4197	7
4198	7
4199	7
4200	7
4201	7
4202	7
4203	7
4204	7
4205	7
4206	7
4207	7
4208	7
4209	9
4210	8
4211	8
4212	8
4213	8
4214	8
4215	8
4216	8
4217	8
4218	8
4219	8
4220	9
4221	8
4222	9
4223	8
4224	8
4225	8
4226	8
4227	8
4228	8
4229	8
4230	9
4231	8
4232	8
4233	8
4234	9
4235	8
4236	8
4237	8
4238	8
4239	8
4240	8
4241	8
4242	8
4243	8
4244	8
4245	8
4246	8
4247	8
4248	8
4249	8
4250	8
4251	9
4252	9
4253	8
4254	8
4255	8
4256	8
4257	8
4258	8
4259	8
4260	8
4261	8
4262	8
4263	8
4264	8
4265	9
4266	7
4267	7
4268	7
4269	7
4270	7
4271	7
4272	7
4273	7
4274	7
4275	7
4276	7
4277	7
4278	7
4279	7
4280	7
4281	7
4282	7
4283	3
4284	3
4285	3
4286	7
4287	0
4288	7
4289	7
4290	3
4291	3
4292	7
4293	7
4294	7
4295	7
4296	7
4297	7
4298	7
4299	7
4300	7
4301	7
4302	7
4303	7
4304	7
4305	7
4306	7
4307	1
4308	7
4309	7
4310	7
4311	7
4312	7
4313	7
4314	7
4315	7
4316	7
4317	7
4318	7
4319	7
4320	7
4321	7
4322	7
4323	7
4324	7
4325	1
4326	1
4327	7
4328	7
4329	7
4330	3
4331	0
4332	3
4333	7
4334	7
4335	7
4336	7
4337	0
4338	0
4339	7
4340	7
4341	3
4342	3
4343	3
4344	3
4345	3
4346	7
4347	7
4348	7
4349	7
4350	7
4351	3
4352	7
4353	7
4354	7
4355	7
4356	7
4357	7
4358	7
4359	7
4360	7
4361	7
4362	7
4363	7
4364	7
4365	3
4366	1
4367	7
4368	7
4369	7
4370	7
4371	7
4372	7
4373	7
4374	7
4375	7
4376	3
4377	7
4378	7
4379	0
4380	0
4381	7
4382	7
4383	7
4384	7
4385	7
4386	7
4387	7
4388	7
4389	7
4390	7
4391	7
4392	1
4393	7
4394	7
4395	0
4396	0
4397	7
4398	7
4399	7
4400	7
4401	7
4402	3
4403	3
4404	7
4405	7
4406	7
4407	7
4408	7
4409	7
4410	7
4411	7
4412	7
4413	7
4414	7
4415	7
4416	7
4417	7
4418	7
4419	1
4420	7
4421	7
4422	7
4423	7
4424	1
4425	7
4426	1
4427	0
4428	7
4429	7
4430	7
4431	0
4432	7
4433	7
4434	7
4435	7
4436	7
4437	7
4438	7
4439	7
4440	3
4441	7
4442	7
4443	3
4444	3
4445	0
4446	7
4447	7
4448	7
4449	7
4450	7
4451	0
4452	7
4453	7
4454	7
4455	7
4456	7
4457	7
4458	7
4459	7
4460	7
4461	7
4462	1
4463	7
4464	7
4465	7
4466	7
4467	3
4468	7
4469	7
4470	7
4471	7
4472	3
4473	7
4474	7
4475	7
4476	7
4477	7
4478	7
4479	7
4480	7
4481	7
4482	7
4483	0
4484	7
4485	7
4486	7
4487	7
4488	7
4489	7
4490	9
4496	0
4497	0
4498	0
4499	0
4500	0
4501	0
4502	9
4503	9
4504	9
4510	0
4511	0
4512	9
4513	9
4514	9
4515	0
4516	0
4517	0
4518	0
4519	9
4520	9
4521	9
4522	0
4523	0
4524	0
4525	9
4526	9
4527	7
4528	7
4529	7
4530	7
4531	7
4532	7
4533	7
4534	7
4535	7
4536	1
4537	7
4538	1
4539	1
4540	1
4541	1
4542	1
4543	7
4544	1
4545	7
4546	7
4547	1
4548	7
4549	7
4550	7
4551	7
4552	1
4553	1
4554	6
4555	6
4556	6
4557	6
4558	6
4559	6
4560	6
4561	6
4562	6
4563	6
4564	6
4565	6
4566	6
4567	6
4568	6
4569	6
4570	3
4571	3
4572	3
4573	6
4574	6
4575	6
4576	6
4577	6
4578	6
4579	6
4580	6
4581	6
4582	6
4583	6
4584	6
4585	6
4586	9
4587	9
4588	6
4589	6
4590	6
4591	6
4592	6
4596	6
4597	8
4599	9
4600	9
4601	9
4602	9
4603	9
4607	8
4608	6
4609	6
4610	4
4611	6
4612	6
4613	6
4614	6
4615	6
4616	6
4617	8
4618	8
4619	8
4620	8
4621	1
4622	0
4623	6
4624	1
4625	6
4626	6
4627	3
4628	6
4629	6
4630	6
4631	6
4632	4
4633	6
4634	6
4635	6
4636	6
4637	6
4638	8
4639	9
4640	8
4641	8
4642	4
4643	6
4644	6
4645	4
4646	4
4647	6
4648	6
4649	6
4650	6
4651	6
4652	6
4653	8
4654	8
4655	8
4656	8
4657	6
4658	5
4659	5
4660	6
4661	6
4662	6
4663	6
4664	6
4665	6
4666	6
4667	6
4668	6
4669	6
4670	6
4671	6
4672	6
4673	6
4674	6
4675	1
4676	1
4677	9
4678	6
4679	6
4680	6
4681	5
4682	6
4683	5
4684	5
4685	6
4686	6
4687	6
4688	6
4689	6
4690	6
4691	6
4692	6
4693	6
4694	6
4695	6
4696	6
4697	6
4698	4
4699	4
4700	6
4701	6
4702	5
4703	5
4704	5
4705	6
4706	6
4707	6
4708	3
4709	3
4710	6
4711	6
4712	6
4713	6
4714	6
4715	6
4716	3
4717	6
4718	6
4719	3
4720	6
4721	6
4722	6
4723	6
4724	3
4725	6
4726	6
4727	6
4728	6
4729	3
4730	6
4731	3
4732	6
4733	3
4734	6
4735	6
4736	6
4737	6
4738	3
4739	0
4740	3
4741	6
4742	6
4743	6
4744	6
4745	6
4746	6
4747	6
4748	6
4749	1
4750	6
4751	6
4752	6
4753	6
4754	6
4755	6
4756	6
4757	6
4758	6
4759	6
4760	6
4761	6
4762	6
4763	6
4764	6
4765	6
4766	3
4767	3
4768	6
4769	3
4770	6
4771	6
4772	6
4773	6
4774	3
4775	6
4776	6
4777	3
4778	6
4779	3
4780	6
4781	6
4782	6
4783	6
4784	9
4785	6
4786	6
4787	3
4788	6
4789	6
4790	6
4791	6
4792	6
4793	6
4794	6
4795	6
4796	6
4797	3
4798	3
4799	3
4800	3
4801	6
4802	6
4803	6
4804	6
4805	6
4806	6
4807	6
4808	6
4809	6
4810	3
4811	6
4812	6
4813	6
4815	8
4816	9
4817	9
4818	9
4819	9
4820	8
4821	8
4822	8
4823	8
4826	6
4827	6
4828	6
4829	6
4830	6
4831	6
4832	6
4833	6
4834	6
4835	6
4836	6
4837	6
4838	6
4839	6
4840	6
4841	6
4842	6
4843	6
4844	3
4845	6
4846	6
4847	6
4848	6
4849	6
4850	6
4851	6
4852	6
4853	6
4854	6
4855	6
4856	6
4857	6
4858	6
4859	6
4860	6
4861	4
4862	6
4863	3
4864	6
4865	6
4866	3
4867	6
4868	6
4869	6
4870	6
4871	6
4872	6
4873	6
4874	6
4875	6
4876	3
4877	6
4878	6
4879	6
4880	6
4881	6
4882	6
4883	6
4884	6
4885	6
4886	6
4887	6
4888	6
4889	6
4890	6
4891	6
4892	6
4893	6
4894	6
4895	6
4896	6
4897	0
4898	6
4899	0
4900	0
4901	6
4902	6
4903	6
4904	6
4905	0
4906	6
4907	6
4908	6
4909	0
4910	6
4911	0
4912	6
4913	0
4914	0
4915	6
4916	6
4917	6
4918	6
4919	6
4920	6
4921	0
4922	6
4923	6
4924	6
4925	6
4926	6
4927	6
4928	6
4929	6
4930	6
4931	6
4932	6
4933	6
4934	9
4935	6
4936	6
4937	6
4938	6
4939	6
4940	9
4941	6
4942	9
4943	6
4944	6
4945	6
4946	3
4947	6
4948	8
4949	9
4950	9
4951	9
4953	9
4954	9
4955	9
4956	9
4958	9
4959	9
4961	9
4966	9
4968	3
4969	3
4970	3
4971	3
4972	3
4973	3
4974	8
4975	3
4976	1
4977	3
4978	3
4979	1
4980	1
4981	1
4982	7
4983	1
4984	7
4985	1
4986	1
4987	1
4988	1
4989	1
4990	1
4991	1
4992	1
4993	1
4994	1
4995	1
4996	1
4997	1
4998	1
4999	1
5000	1
5001	1
5002	1
5003	1
5004	1
5005	1
5006	1
5007	3
5008	3
5009	1
5010	3
5011	1
5012	1
5013	1
5014	3
5015	3
5016	8
5017	8
5018	8
5019	8
5020	1
5021	1
5022	8
5023	8
5024	3
5025	3
5026	3
5027	8
5028	1
5029	1
5030	1
5031	3
5032	1
5033	1
5034	8
5035	8
5036	8
5037	1
5038	1
5039	8
5040	1
5041	1
5042	1
5043	1
5044	1
5045	9
5046	1
5047	8
5048	1
5049	8
5050	1
5051	1
5052	1
5053	3
5054	3
5055	8
5058	1
5059	7
5063	1
5066	7
5067	7
5068	7
5069	7
5070	7
5071	1
5072	7
5073	7
5074	1
5075	8
5076	7
5077	3
5078	7
5079	7
5080	3
5081	1
5082	1
5083	1
5084	1
5085	1
5086	7
5087	1
5088	7
5089	1
5090	3
5091	3
5092	0
5093	0
5094	0
5095	0
5096	0
5097	5
5098	9
5099	9
5100	9
5101	5
5102	9
5103	5
5104	9
5105	5
5106	9
5107	9
5108	9
5109	9
5110	9
5111	9
5112	5
5113	5
5114	5
5115	9
5116	9
5117	0
5118	9
5119	5
5120	2
5121	2
5122	9
5123	9
5124	2
5125	2
5126	2
5127	5
5128	2
5129	5
5130	9
5131	5
5132	1
5133	2
5134	2
5135	1
5136	2
5137	1
5138	8
5139	2
5140	5
5141	5
5142	5
5143	5
5144	2
5145	2
5146	2
5147	8
5148	5
5149	2
5150	9
5151	9
5152	9
5153	1
5154	2
5155	2
5156	2
5157	8
5158	1
5159	2
5160	1
5161	5
5162	2
5163	2
5164	5
5165	2
5166	2
5167	9
5168	2
5169	2
5170	2
5171	2
5172	2
5173	7
5174	5
5175	2
5176	5
5177	5
5178	1
5179	2
5180	5
5181	1
5182	8
5183	2
5184	1
5185	5
5186	2
5187	2
5188	5
5189	8
5190	1
5191	9
5192	2
5193	2
5194	2
5195	2
5196	9
5197	2
5198	9
5199	9
5200	9
5201	1
5202	2
5203	2
5204	2
5205	2
5206	2
5207	2
5208	5
5209	5
5210	2
5211	8
5212	2
5213	7
5214	8
5215	5
5216	5
5217	3
5218	2
5219	5
5220	5
5221	5
5222	5
5223	5
5224	2
5225	5
5226	2
5227	2
5228	3
5229	7
5230	2
5231	5
5232	5
5233	5
5234	3
5235	5
5236	2
5237	5
5238	1
5239	1
5240	5
5241	9
5242	2
5243	9
5244	9
5245	2
5246	2
5247	2
5248	8
5249	2
5250	9
5251	2
5252	5
5253	8
5254	5
5255	2
5256	9
5257	2
5258	2
5259	2
5260	5
5261	2
5262	2
5263	2
5264	2
5265	2
5266	2
5267	5
5268	2
5269	5
5270	2
5271	2
5272	2
5273	5
5274	5
5275	1
5276	2
5277	2
5278	2
5279	2
5280	8
5281	1
5282	9
5283	2
5284	2
5285	2
5286	5
5287	5
5288	9
5289	5
5290	9
5291	2
5292	5
5293	2
5294	5
5295	2
5296	5
5297	9
5298	2
5299	5
5300	5
5301	5
5302	8
5303	2
5304	2
5305	2
5306	2
5307	2
5308	2
5309	2
5310	2
5311	2
5312	2
5313	2
5314	2
5315	1
5316	5
5317	5
5318	2
5319	2
5320	5
5321	8
5322	1
5324	1
5325	1
5326	1
5327	5
5328	9
5329	9
5330	2
5331	9
5332	2
5333	7
5334	5
5335	2
5336	2
5337	2
5338	2
5339	2
5340	2
5341	2
5342	5
5343	2
5344	9
5345	5
5346	9
5347	2
5348	3
5349	2
5350	7
5351	2
5352	5
5353	1
5354	2
5355	5
5356	2
5357	5
5358	2
5359	2
5360	2
5361	2
5362	2
5363	2
5364	5
5365	9
5366	5
5367	2
5368	5
5369	5
5370	5
5371	5
5372	2
5373	2
5374	2
5375	2
5376	5
5377	5
5378	5
5379	2
5380	9
5381	8
5382	5
5383	1
5384	5
5385	5
5386	2
5387	2
5388	2
5389	2
5390	2
5391	2
5392	2
5393	2
5394	2
5395	2
5396	2
5397	2
5398	5
5399	5
5400	8
5401	8
5402	5
5403	2
5404	2
5405	2
5406	2
5407	2
5408	2
5409	2
5410	5
5411	5
5412	5
5413	5
5414	5
5415	5
5416	2
5417	5
5418	8
5419	2
5420	2
5421	2
5422	2
5423	5
5424	5
5425	2
5426	5
5427	5
5428	2
5429	2
5430	2
5431	2
5432	2
5433	2
5434	2
5435	5
5436	2
5437	2
5438	2
5439	2
5440	2
5441	2
5442	2
5443	8
5444	7
5445	5
5446	2
5447	2
5448	2
5449	2
5450	2
5451	2
5452	2
5453	2
5454	5
5455	5
5456	5
5457	2
5458	1
5459	5
5460	9
5461	2
5462	5
5463	2
5464	1
5465	2
5466	5
5467	1
5468	5
5469	5
5470	2
5471	2
5472	1
5473	5
5474	2
5475	2
5476	9
5477	1
5478	9
5479	1
5480	8
5481	5
5482	5
5483	5
5484	5
5485	5
5486	9
5487	9
5488	2
5489	2
5490	2
5491	2
5492	9
5493	1
5494	2
5495	9
5496	5
5497	2
5498	1
5499	5
5500	5
5501	2
5502	2
5503	2
5504	2
5505	2
5506	2
5507	2
5508	5
5509	2
5510	2
5511	9
5512	1
5513	8
5514	1
5515	1
5516	5
5517	2
5518	5
5519	5
5520	5
5521	5
5522	1
5523	5
5524	5
5525	2
5526	2
5527	2
5528	5
5529	5
5530	2
5531	9
5532	5
5533	5
5534	5
5535	5
5536	5
5537	5
5538	2
5539	5
5540	2
5541	2
5542	2
5543	2
5544	2
5545	5
5546	2
5547	9
5548	2
5549	5
5550	5
5551	2
5552	2
5553	2
5554	2
5555	2
5556	1
5557	1
5558	1
5559	1
5560	5
5561	1
5562	5
5563	1
5564	1
5565	1
5566	1
5567	1
5568	1
5569	2
5570	1
5571	5
5572	9
5573	2
5574	5
5575	1
5576	2
5577	2
5578	2
5579	2
5580	5
5581	2
5582	2
5583	2
5584	2
5585	2
5586	5
5587	2
5588	9
5589	5
5590	9
5591	2
5592	5
5593	2
5594	2
5595	2
5596	2
5597	2
5598	2
5599	2
5600	2
5601	1
5602	1
5603	1
5604	5
5605	5
5606	8
5607	1
5608	2
5609	4
5610	8
5611	5
5612	8
5613	5
5614	5
5615	5
5616	5
5617	1
5618	5
5619	5
5620	1
5621	2
5622	5
5623	5
5624	2
5625	2
5626	9
5627	2
5628	2
5629	2
5630	2
5631	2
5632	2
5633	5
5634	2
5635	2
5636	2
5637	2
5638	2
5639	2
5640	2
5641	5
5642	5
5643	9
5644	2
5645	5
5646	2
5647	2
5648	9
5649	2
5650	9
5651	2
5652	2
5653	2
5654	2
5655	2
5656	2
5657	2
5658	1
5659	2
5660	2
5661	2
5662	1
5663	2
5664	1
5665	2
5666	5
5667	5
5668	1
5669	2
5670	5
5671	5
5672	2
5673	2
5674	2
5675	7
5676	9
5677	1
5678	2
5679	9
5680	2
5681	2
5682	2
5683	2
5684	2
5685	4
5686	8
5687	1
5688	5
5689	5
5690	2
5691	2
5692	2
5693	2
5694	9
5695	2
5696	2
5697	9
5698	2
5699	2
5700	2
5701	2
5702	2
5703	2
5704	2
5705	2
5706	2
5707	2
5708	2
5709	2
5710	2
5711	2
5712	5
5713	5
5714	5
5715	5
5716	1
5717	5
5718	2
5719	9
5720	5
5721	7
5722	2
5723	5
5725	5
5726	5
5727	2
5728	5
5729	5
5730	2
5731	5
5732	2
5733	9
5734	2
5735	2
5736	2
5737	2
5738	1
5739	5
5740	9
5741	2
5742	9
5743	2
5744	2
5745	2
5746	2
5747	5
5748	5
5749	2
5750	2
5751	2
5752	2
5753	2
5754	2
5755	2
5756	5
5757	1
5758	1
5759	2
5766	1
5767	1
5768	9
5769	5
5770	8
5771	2
5772	5
5773	1
5774	2
5775	5
5776	8
5777	1
5778	2
5779	5
5780	5
5781	2
5782	3
5783	8
5784	8
5785	1
5786	8
5787	1
5788	5
5789	5
5790	3
5791	2
5792	5
5793	5
5794	9
5795	2
5796	2
5797	2
5798	9
5799	2
5800	9
5801	2
5802	2
5803	2
5804	2
5805	1
5806	4
5807	2
5810	3
5811	5
5812	2
5813	5
5814	8
5815	1
5816	1
5817	1
5818	8
5819	2
5820	2
5821	2
5822	5
5823	5
5824	5
5825	2
5826	2
5827	2
5828	5
5829	5
5830	2
5831	5
5832	1
5833	2
5834	1
5835	1
5836	1
5837	2
5838	8
5839	1
5840	1
5841	5
5842	3
5843	5
5844	9
5845	2
5846	9
5847	9
5848	5
5849	2
5850	5
5851	2
5852	9
5853	5
5854	2
5855	7
5856	2
5857	2
5858	1
5859	2
5860	1
5861	8
5862	2
5863	5
5864	5
5865	2
5866	5
5867	5
5868	5
5869	2
5870	5
5871	8
5872	9
5873	2
5874	2
5875	1
5876	1
5877	2
5878	2
5879	8
5880	3
5881	5
5882	5
5883	3
5884	1
5885	9
5886	9
5887	2
5888	2
5889	9
5890	2
5891	7
5892	7
5893	7
5894	7
5895	7
5896	7
5897	7
5898	7
5899	7
5900	7
5901	7
5902	7
5903	7
5904	7
5905	7
5906	7
5907	7
5908	7
5909	7
5910	7
5911	7
5912	7
5913	7
5914	7
5915	7
5916	7
5917	7
5918	7
5919	7
5920	7
5921	7
5922	7
5923	7
5924	7
5925	7
5926	7
5927	7
5928	7
5929	7
5930	7
5931	7
5932	7
5933	7
5934	7
5935	7
5936	7
5937	7
5938	7
5939	7
5940	7
5941	7
5942	7
5943	7
5944	7
5945	7
5946	7
5947	7
5948	7
5949	7
5950	7
5951	7
5952	7
5953	7
5954	7
5955	7
5956	7
5957	7
5958	7
5959	7
5960	7
5961	7
5962	7
5963	7
5964	7
5965	7
5966	7
5967	7
5968	7
5969	7
5970	7
5971	7
5972	7
5973	7
5974	7
5975	7
5976	7
5977	7
5978	7
5979	7
5980	7
5981	7
5982	7
5983	7
5984	7
5985	7
5986	7
5987	7
5988	7
5989	7
5990	7
5991	7
5992	7
5993	7
5994	7
5995	7
5996	7
5997	7
5998	7
5999	7
6000	7
6001	7
6002	7
6003	7
6004	7
6005	7
6006	7
6007	7
6008	7
6009	7
6010	7
6011	7
6012	7
6013	7
6014	7
6015	7
6016	7
6017	7
6018	7
6019	7
6020	7
6021	7
6022	7
6023	7
6024	7
6025	7
6026	7
6027	7
6028	7
6029	7
6030	7
6031	7
6032	7
6033	7
6034	7
6035	7
6036	7
6037	7
6038	7
6039	7
6040	7
6041	7
6042	7
6043	7
6044	7
6045	7
6046	7
6047	7
6048	7
6049	7
6050	7
6051	7
6052	7
6053	7
6054	7
6055	7
6056	7
6057	7
6058	7
6059	7
6060	7
6061	7
6062	7
6063	7
6064	7
6065	7
6066	7
6067	7
6068	7
6069	7
6070	7
6071	7
6072	7
6073	7
6074	7
6075	7
6076	7
6077	7
6078	7
6079	7
6080	7
6081	7
6082	7
6083	7
6084	7
6085	7
6086	7
6087	7
6088	7
6089	7
6090	7
6091	7
6092	7
6093	7
6094	7
6095	7
6096	7
6097	7
6098	7
6099	7
6100	7
6101	7
6102	7
6103	7
6104	7
6105	7
6106	7
6107	7
6108	7
6109	7
6110	7
6111	7
6112	7
6113	7
6114	7
6115	7
6116	7
6117	7
6118	7
6119	7
6120	7
6121	7
6122	7
6123	7
6124	7
6125	7
6126	7
6127	7
6128	7
6129	7
6130	7
6131	7
6132	7
6133	7
6134	7
6135	7
6136	9
6137	7
6138	7
6139	7
6140	7
6141	7
6142	9
6143	9
6144	7
6145	7
6146	7
6147	7
6148	7
6149	7
6150	7
6151	7
6152	7
6153	7
6154	7
6155	7
6156	7
6157	7
6158	7
6159	7
6160	7
6161	7
6162	7
6163	7
6164	7
6165	7
6166	7
6167	7
6168	7
6169	7
6170	7
6171	7
6172	7
6173	7
6174	7
6175	7
6176	7
6177	7
6178	7
6179	7
6180	7
6181	7
6182	7
6183	7
6184	7
6185	7
6186	7
6187	1
6188	1
6189	7
6190	7
6191	7
6192	1
6193	7
6194	7
6195	7
6196	7
6197	7
6198	7
6199	7
6200	7
6201	7
6202	7
6203	7
6204	1
6205	7
6206	1
6207	1
6208	1
6209	7
6210	7
6211	7
6212	7
6213	7
6214	7
6215	1
6216	7
6217	7
6218	1
6219	7
6220	7
6221	7
6222	1
6223	7
6224	7
6225	7
6226	7
6227	7
6228	1
6229	1
6230	7
6231	7
6232	1
6233	7
6234	7
6235	7
6236	7
6237	7
6238	7
6239	0
6240	0
6241	6
6242	0
6243	8
6244	9
6245	6
6246	9
6247	6
6248	9
6249	6
6250	8
6251	9
6252	0
6253	9
6254	0
6255	9
6256	6
6257	9
6258	0
6259	0
6260	6
6261	9
6262	0
6263	6
6264	0
6265	6
6266	0
6267	0
6268	0
6269	6
6270	0
6271	6
6272	6
6273	0
6274	0
6275	9
6276	8
6277	9
6278	8
6279	0
6280	9
6281	9
6282	6
6283	6
6284	6
6285	9
6286	9
6287	8
6288	9
6289	8
6290	8
6291	9
6292	9
6293	0
6294	6
6295	0
6296	0
6297	9
6298	0
6299	9
6300	6
6301	0
6302	0
6303	0
6304	0
6305	0
6306	6
6307	6
6308	0
6309	0
6310	6
6311	0
6312	6
6313	6
6314	0
6315	6
6316	0
6317	6
6318	6
6319	6
6320	0
6321	6
6322	6
6323	6
6324	6
6325	0
6326	0
6327	6
6328	6
6329	6
6330	0
6331	0
6332	6
6333	8
6334	6
6335	0
6336	6
6337	6
6338	8
6339	8
6340	9
6341	6
6342	9
6343	6
6344	6
6345	9
6346	9
6347	9
6348	9
6349	6
6350	8
6351	9
6352	6
6353	8
6354	8
6355	9
6356	8
6357	0
6358	9
6359	9
6360	0
6361	6
6362	6
6363	0
6364	0
6365	0
6366	8
6367	8
6368	9
6369	6
6370	8
6371	6
6372	6
6373	6
6374	6
6375	0
6376	9
6377	9
6378	8
6379	9
6380	9
6381	9
6382	6
6383	6
6384	9
6385	9
6386	6
6387	9
6388	6
6389	8
6390	9
6391	6
6392	0
6393	8
6394	9
6395	8
6396	6
6397	0
6398	0
6399	0
6400	0
6401	6
6402	6
6403	8
6404	0
6405	8
6406	8
6407	9
6408	8
6409	8
6410	6
6411	0
6412	6
6413	8
6414	6
6415	6
6416	9
6417	9
6418	6
6419	0
6420	9
6421	0
6422	9
6423	9
6424	9
6425	9
6426	8
6427	8
6428	8
6429	9
6430	9
6431	8
6432	9
6433	6
6435	6
6436	9
6437	6
6438	9
6439	8
6440	9
6441	9
6442	9
6443	9
6444	8
6445	0
6446	0
6447	9
6448	0
6449	0
6450	0
6451	9
6452	9
6453	9
6454	0
6455	8
6456	8
6457	8
6458	0
6459	6
6460	9
6461	6
6462	9
6463	6
6464	8
6465	6
6466	9
6467	9
6468	9
6469	0
6470	0
6471	0
6472	9
6474	6
6475	8
6476	9
6477	8
6478	6
6479	0
6480	9
6481	0
6482	9
6483	0
6484	0
6485	0
6486	0
6487	0
6488	0
6489	9
6490	8
6491	9
6492	9
6493	8
6494	9
6495	9
6496	9
6497	9
6498	0
6499	0
6500	8
6501	0
6502	8
6503	0
6504	0
6505	6
6506	9
6507	0
6508	8
6509	6
6510	8
6511	0
6512	6
6513	8
6514	0
6515	9
6516	0
6517	6
6518	0
6519	8
6520	9
6521	6
6522	8
6523	8
6524	8
6525	8
6526	9
6527	9
6528	6
6529	8
6530	9
6531	8
6532	8
6533	8
6534	8
6535	6
6536	6
6537	6
6538	9
6539	0
6540	9
6541	0
6542	8
6543	9
6544	6
6545	6
6546	0
6547	6
6548	0
6549	9
6550	0
6551	9
6552	6
6553	6
6554	0
6555	0
6556	0
6557	9
6558	0
6559	0
6560	0
6561	0
6562	0
6563	9
6564	9
6565	1
6566	1
6567	1
6568	1
6569	1
6570	1
6571	1
6572	1
6573	1
6574	1
6575	0
6576	1
6577	1
6578	0
6579	1
6580	1
6581	0
6582	0
6583	1
6584	0
6585	0
6586	7
6587	1
6588	1
6589	7
6590	1
6591	0
6592	0
6593	1
6594	7
6595	1
6596	1
6597	1
6598	0
6599	0
6600	1
6601	1
6602	0
6603	1
6604	0
6605	7
6606	7
6607	7
6608	0
6609	7
6610	7
6611	7
6612	7
6613	0
6614	9
6615	9
6616	0
6617	0
6618	1
6619	0
6620	0
6621	0
6622	0
6623	0
6624	8
6625	8
6626	1
6627	1
6628	7
6629	8
6630	8
6631	8
6632	8
6633	8
6634	8
6635	1
6636	7
6637	7
6638	7
6639	1
6640	1
6641	1
6642	1
6643	1
6644	7
6645	1
6646	1
6647	1
6648	1
6650	1
6651	1
6652	1
6653	1
6654	1
6655	1
6656	1
6657	1
6658	1
6659	1
6660	1
6661	1
6662	1
6663	1
6664	1
6665	1
6666	1
6667	1
6668	1
6669	1
6671	7
6672	1
6679	1
6683	8
6684	1
6685	1
6686	1
6687	7
6688	1
6689	7
6690	8
6691	8
6692	1
6693	8
6694	8
6695	8
6696	8
6697	8
6698	8
6699	8
6700	8
6701	8
6702	8
6703	8
6704	8
6705	8
6706	1
6707	8
6708	1
6709	8
6710	8
6711	8
6712	8
6713	1
6714	8
6715	8
6716	8
6717	8
6718	1
6719	8
6720	1
6721	8
6722	8
6723	8
6724	1
6725	8
6726	8
6727	8
6728	8
6729	8
6730	8
6731	8
6732	8
6733	1
6734	8
6735	1
6736	1
6737	1
6738	1
6739	1
6740	1
6741	1
6742	7
6743	1
6744	1
6745	1
6746	1
6747	1
6748	1
6749	1
6750	1
6751	1
6752	1
6753	1
6754	1
6755	1
6756	1
6757	8
6758	8
6759	1
6760	7
6761	7
6762	8
6763	8
6764	7
6765	7
6766	7
6767	9
6768	9
6769	9
6770	9
6771	7
6772	7
6773	7
6774	7
6775	9
6776	7
6777	7
6778	1
6779	1
6780	7
6781	7
6782	7
6783	7
6784	7
6785	7
6786	7
6787	7
6788	7
6789	7
6790	7
6791	7
6792	7
6793	7
6794	7
6795	7
6796	7
6797	7
6798	7
6799	9
6800	9
6801	7
6802	7
6803	7
6804	7
6805	7
6806	7
6807	7
6808	7
6809	7
6810	7
6811	7
6812	7
6813	7
6814	9
6815	7
6816	7
6817	9
6818	7
6819	7
6820	0
6821	0
6822	9
6823	0
6824	0
6825	0
6826	0
6827	0
6828	0
6829	0
6830	0
6831	0
6832	0
6833	0
6834	0
6835	1
6836	0
6837	0
6838	0
6839	0
6840	0
6841	0
6842	0
6843	0
6844	0
6845	0
6846	0
6847	0
6848	0
6849	0
6850	0
6851	0
6852	0
6853	0
6854	0
6855	0
6856	0
6857	1
6858	0
6859	0
6860	0
6861	1
6862	1
6863	0
6864	0
6865	1
6866	0
6867	1
6868	0
6869	1
6870	7
6871	0
6872	0
6873	0
6874	0
6875	0
6876	0
6877	1
6878	9
6879	9
6880	0
6881	1
6882	9
6883	9
6884	9
6885	9
6886	9
6887	9
6888	9
6889	1
6890	1
6891	1
6892	1
6893	1
6894	1
6895	1
6896	1
6897	9
6898	5
6899	1
6900	1
6901	1
6902	7
6903	0
6904	7
6905	7
6906	7
6907	0
6908	6
6909	1
6910	0
6911	7
6912	1
6913	1
6914	0
6915	0
6916	0
6917	0
6918	1
6919	1
6920	1
6921	1
6922	0
6923	1
6924	1
6925	1
6926	1
6927	1
6928	1
6929	1
6930	0
6931	1
6932	0
6933	1
6934	1
6935	9
6936	9
6937	1
6938	9
6939	0
6940	0
6941	0
6942	9
6943	9
6944	9
6945	9
6946	9
6947	9
6948	9
6949	9
6950	9
6951	0
6952	9
6953	9
6954	9
6955	0
6956	6
6957	6
6958	6
6959	6
6960	6
6961	6
6962	9
6963	6
6964	6
6965	0
6966	6
