1	7
2	7
3	7
4	9
5	7
6	9
7	9
8	9
9	7
10	9
11	9
12	9
13	9
14	7
15	7
16	9
17	7
18	7
19	7
20	7
21	7
22	7
23	7
24	7
25	7
26	7
27	7
28	7
29	7
30	7
31	7
32	7
33	1
34	1
35	1
36	9
37	9
38	9
39	1
40	1
41	1
42	1
43	9
44	9
45	1
46	1
47	1
48	1
49	1
50	1
51	1
52	9
53	9
54	9
55	1
56	9
57	1
58	9
59	9
60	9
61	9
62	9
63	0
64	0
65	1
66	0
67	1
68	0
69	0
70	0
71	0
72	0
73	0
74	0
75	0
76	0
77	0
78	0
79	0
80	0
81	0
82	0
83	0
84	0
85	7
86	7
87	7
88	0
89	0
90	0
91	0
92	0
93	0
94	0
95	0
96	0
97	0
98	0
99	7
100	1
101	0
102	7
103	0
104	7
105	7
106	0
107	0
108	0
109	0
110	0
111	0
112	0
113	0
114	7
115	7
116	7
117	0
118	0
119	0
120	0
121	0
122	0
123	0
124	0
125	7
126	7
127	0
128	7
129	0
130	0
131	0
132	7
133	0
134	0
135	0
136	0
137	0
138	0
139	1
140	0
141	1
142	0
143	7
144	0
145	0
146	0
147	7
148	7
149	0
150	0
151	0
152	0
153	0
154	0
155	0
156	0
157	0
158	0
159	0
160	7
161	0
162	1
163	1
164	1
165	1
166	1
167	1
168	1
169	1
170	0
171	0
172	0
173	0
174	0
175	0
176	0
177	0
178	0
179	0
180	0
181	0
182	0
183	7
184	7
185	7
186	0
187	0
188	0
189	0
190	0
191	0
192	0
193	0
194	0
195	0
196	0
197	0
198	0
199	7
200	0
201	0
202	0
203	0
204	0
205	0
206	0
207	0
208	0
209	0
210	0
211	0
212	0
213	0
214	0
215	7
216	0
217	0
218	0
219	0
220	0
221	0
222	0
223	0
224	0
225	0
226	0
227	0
228	0
229	0
230	0
231	0
232	0
233	0
234	0
235	0
236	0
237	0
238	0
239	0
240	0
241	0
242	0
243	0
244	0
245	0
246	1
247	0
248	0
249	1
250	0
251	7
252	0
253	0
254	0
255	0
256	0
257	1
258	5
259	5
260	7
261	7
262	7
263	7
264	5
265	8
266	8
267	8
268	8
269	7
270	8
271	5
272	8
273	8
274	5
275	7
276	8
277	5
278	1
279	1
280	1
281	5
282	5
283	5
284	5
285	5
286	5
287	5
288	5
289	1
290	1
291	1
292	7
293	7
294	7
295	5
296	5
297	5
298	8
299	5
300	5
301	8
302	1
303	5
304	3
305	8
306	3
307	8
308	5
309	8
310	8
311	3
312	8
313	8
314	8
315	8
316	8
317	8
318	8
319	1
320	8
321	8
322	8
323	8
324	8
325	1
326	1
327	5
328	5
329	5
330	8
331	5
332	1
333	5
334	5
335	1
336	1
337	0
338	0
339	5
340	5
341	7
342	5
343	8
344	8
345	9
346	9
347	8
348	8
349	8
350	8
351	8
352	9
353	8
354	9
355	9
357	9
358	9
359	8
360	9
361	9
362	8
363	9
365	9
366	9
367	9
368	9
369	9
370	9
372	9
373	9
374	9
375	9
376	9
377	9
378	9
379	8
380	8
381	9
382	9
383	9
384	9
385	9
386	9
387	9
388	9
389	9
390	9
391	9
392	9
393	9
394	9
395	9
396	9
397	9
398	9
399	9
400	9
401	9
402	9
403	9
404	9
405	9
406	9
407	9
408	9
409	9
410	9
411	9
412	9
413	9
414	9
415	9
416	9
417	9
418	9
419	8
420	9
421	9
422	8
423	9
424	8
425	8
426	8
427	8
428	8
429	8
430	8
431	9
432	9
434	8
435	9
436	9
438	8
439	8
440	8
441	8
442	8
443	8
444	8
445	8
446	9
447	9
448	9
449	9
450	9
451	9
452	9
453	9
454	9
455	9
456	9
457	9
458	8
459	9
460	9
461	8
462	9
463	8
464	9
465	9
466	9
467	9
468	8
469	8
470	8
471	8
472	9
473	9
474	9
475	9
476	9
477	9
478	9
479	9
480	9
481	9
482	9
483	8
484	8
485	8
486	9
487	8
488	9
489	9
490	9
491	9
492	9
493	9
494	9
495	9
496	9
497	9
498	9
499	8
500	9
501	9
502	9
503	9
504	9
505	9
506	9
507	9
508	9
509	9
510	9
511	9
512	9
513	9
514	9
515	9
516	9
517	9
518	9
519	8
520	8
521	9
522	8
523	8
524	9
525	9
526	9
527	0
528	9
529	9
530	9
531	9
532	9
533	9
534	9
535	9
536	9
538	9
539	8
540	9
541	9
542	9
543	9
544	9
545	8
546	8
547	9
548	9
549	8
550	8
551	9
552	8
553	8
554	9
555	8
556	9
557	8
558	8
559	8
560	9
561	9
562	9
563	8
564	9
565	9
566	9
567	9
568	8
569	9
570	9
571	9
572	9
573	9
574	9
575	9
576	9
577	9
578	9
579	9
580	9
581	9
582	9
583	9
584	9
585	9
586	9
587	9
588	9
589	9
590	9
591	8
592	9
593	9
594	9
595	9
596	0
597	9
598	9
599	9
600	8
601	9
602	9
603	8
604	8
605	8
606	9
607	9
608	9
609	9
610	9
611	9
612	9
613	9
614	9
615	9
616	9
617	9
618	9
619	9
620	9
621	9
622	9
623	9
624	9
625	8
626	8
627	8
628	8
629	9
630	9
631	9
632	9
633	9
634	9
635	9
636	8
637	9
638	8
639	8
640	8
641	9
642	9
643	9
644	9
645	9
646	7
647	7
648	7
649	7
650	7
651	1
652	7
653	7
654	7
655	0
656	7
657	9
658	0
659	7
660	0
661	0
662	5
663	0
664	0
665	0
666	0
667	0
668	5
669	0
670	0
671	5
672	0
673	0
674	0
675	0
676	0
677	0
678	0
679	0
680	0
681	0
682	0
683	0
684	0
685	0
686	0
687	0
688	0
689	0
690	0
691	0
692	0
693	0
694	0
695	0
696	0
697	0
698	0
699	0
700	0
701	0
702	0
703	0
704	0
705	0
706	0
707	0
708	0
709	0
710	0
711	0
712	0
713	0
714	0
715	0
716	0
717	0
718	5
719	5
720	5
721	5
722	5
723	0
724	0
725	5
726	0
727	9
728	9
729	0
730	9
731	9
732	9
733	9
734	9
735	9
736	9
737	9
738	9
739	9
740	0
741	0
742	0
743	0
744	0
745	0
746	0
747	0
748	0
749	0
750	0
751	0
752	7
753	1
754	7
755	7
756	7
757	7
758	0
759	7
760	7
761	7
762	8
763	0
764	0
765	1
766	7
767	1
768	0
769	3
770	1
771	1
772	1
773	1
774	1
775	8
776	5
777	1
778	8
779	5
780	1
781	1
782	0
783	5
784	5
785	1
786	0
787	0
788	0
789	0
790	0
791	0
792	3
793	0
794	8
795	7
796	7
797	7
798	7
799	7
800	7
801	7
802	7
803	7
804	7
805	7
806	7
807	7
808	1
809	7
810	7
811	7
812	7
813	7
814	7
815	7
816	7
817	7
818	7
819	7
820	7
821	7
822	7
823	7
824	7
825	7
826	7
827	7
828	7
829	7
830	7
831	1
832	7
833	0
834	7
835	7
836	7
837	7
838	7
839	7
840	7
841	7
842	7
843	7
844	7
845	7
846	0
847	0
848	0
849	0
850	0
851	0
852	0
853	7
854	7
855	7
856	0
857	7
858	0
859	0
860	0
861	0
862	0
863	0
864	0
865	0
866	0
867	0
868	0
869	0
870	0
871	0
872	1
873	7
874	1
875	1
876	7
877	7
878	7
879	7
880	0
881	7
882	7
883	7
884	7
885	7
886	7
887	7
888	7
889	0
890	0
891	0
892	0
893	7
894	7
895	7
896	7
897	7
898	7
899	7
900	0
901	7
902	7
903	0
904	0
905	7
906	7
907	0
908	0
909	0
910	0
911	0
912	0
913	0
914	0
915	0
916	0
917	0
918	0
919	0
920	0
921	0
922	0
923	0
924	0
925	7
926	9
927	9
928	9
929	7
930	9
931	7
932	7
933	1
934	1
935	9
936	7
937	7
938	0
939	0
940	0
941	0
942	0
943	0
944	0
945	7
946	7
947	7
948	1
949	1
950	1
951	1
952	1
953	1
954	1
955	1
956	1
957	0
958	0
959	7
960	7
961	7
962	7
963	7
964	7
965	7
966	0
967	7
968	7
969	7
970	0
971	7
972	7
973	7
974	7
975	7
976	7
977	7
978	7
979	7
980	0
981	0
982	0
983	7
984	7
985	7
986	0
987	0
988	0
989	0
990	7
991	0
992	7
993	1
994	0
995	7
996	1
997	1
998	0
999	0
1000	0
1001	7
1002	0
1003	7
1004	7
1005	0
1006	0
1007	7
1008	7
1009	9
1010	9
1011	8
1012	9
1013	9
1014	9
1015	0
1016	9
1017	9
1018	8
1019	9
1020	9
1021	9
1022	9
1023	9
1024	9
1025	9
1026	9
1027	9
1028	8
1029	9
1030	8
1031	9
1032	9
1033	9
1034	0
1035	9
1036	9
1037	9
1038	9
1039	8
1040	9
1041	9
1042	9
1043	9
1044	9
1045	9
1046	9
1051	0
1052	0
1053	9
1054	9
1055	9
1056	9
1057	9
1058	9
1059	9
1060	9
1061	9
1062	9
1063	8
1064	9
1065	9
1066	9
1068	9
1069	9
1070	8
1071	9
1072	9
1073	9
1074	9
1075	9
1076	9
1077	9
1078	9
1079	9
1080	8
1081	9
1082	8
1084	8
1085	8
1087	8
1088	9
1089	8
1090	9
1091	8
1092	8
1093	9
1094	9
1095	8
1096	9
1097	9
1099	9
1101	8
1102	9
1103	9
1104	8
1105	9
1106	1
1107	9
1108	9
1109	9
1110	1
1111	8
1112	8
1113	9
1114	9
1115	9
1116	9
1117	9
1118	9
1120	9
1121	9
1122	9
1123	9
1124	9
1125	9
1126	9
1127	9
1128	9
1129	8
1130	9
1131	9
1132	9
1133	9
1134	9
1135	8
1136	8
1137	8
1138	8
1139	9
1140	8
1141	8
1142	9
1143	9
1144	8
1145	8
1146	8
1147	8
1149	9
1151	9
1157	9
1160	8
1161	8
1162	8
1163	8
1164	8
1165	8
1167	8
1168	9
1169	9
1170	9
1171	8
1172	9
1173	8
1174	8
1175	9
1176	9
1177	9
1178	9
1179	9
1181	8
1182	9
1185	9
1189	9
1190	9
1191	8
1192	8
1193	8
1194	9
1195	9
1196	9
1197	9
1198	9
1199	9
1200	9
1201	9
1202	9
1203	9
1204	9
1205	8
1206	9
1207	9
1208	9
1209	9
1210	9
1211	9
1212	9
1213	9
1214	9
1215	9
1216	9
1217	3
1218	3
1219	3
1220	3
1221	3
1222	3
1223	6
1224	3
1225	3
1226	3
1227	3
1228	3
1229	3
1230	4
1231	3
1232	3
1233	9
1234	9
1235	9
1236	4
1237	4
1238	4
1239	4
1240	4
1241	4
1242	4
1243	4
1244	4
1245	4
1246	4
1247	4
1249	4
1250	4
1251	4
1252	4
1253	4
1254	4
1255	4
1256	4
1257	4
1258	4
1259	4
1260	4
1261	4
1263	4
1264	4
1265	4
1266	4
1267	4
1268	4
1269	4
1270	4
1271	2
1272	2
1273	2
1274	2
1275	2
1276	4
1277	2
1278	4
1279	2
1280	4
1281	4
1282	2
1283	4
1284	2
1285	2
1286	2
1287	2
1288	2
1289	2
1290	2
1291	2
1292	2
1293	4
1294	2
1295	2
1296	2
1297	2
1298	4
1299	2
1300	4
1301	2
1302	4
1303	4
1304	4
1305	4
1306	4
1307	2
1308	2
1309	2
1310	2
1311	2
1312	2
1313	4
1314	4
1315	5
1316	4
1317	4
1318	4
1319	4
1320	5
1321	5
1322	4
1323	4
1324	4
1325	5
1326	4
1327	5
1328	4
1329	5
1330	5
1331	4
1332	2
1333	2
1334	4
1335	4
1336	4
1337	4
1338	5
1339	4
1340	4
1341	2
1342	5
1343	2
1344	2
1345	2
1346	2
1347	2
1348	2
1349	5
1350	5
1351	5
1352	5
1353	5
1354	5
1355	5
1356	5
1357	5
1358	5
1359	3
1360	2
1361	2
1362	2
1363	2
1364	2
1365	2
1366	2
1367	2
1368	2
1369	2
1370	2
1371	4
1372	2
1374	4
1375	4
1376	4
1377	3
1378	5
1379	3
1380	5
1381	3
1382	3
1383	5
1384	5
1385	3
1386	5
1387	3
1388	3
1389	3
1390	3
1391	3
1392	3
1393	3
1394	6
1395	6
1396	3
1397	9
1398	9
1399	9
1400	9
1401	9
1402	9
1403	9
1404	9
1405	9
1406	9
1407	9
1408	4
1409	4
1410	4
1411	4
1412	4
1413	4
1414	4
1415	4
1416	4
1417	4
1418	4
1419	4
1420	4
1421	4
1422	4
1423	4
1424	4
1425	4
1426	4
1427	4
1429	4
1432	4
1433	4
1434	4
1435	2
1436	2
1437	2
1438	4
1439	4
1440	4
1441	4
1442	2
1443	2
1444	2
1445	2
1446	2
1447	4
1448	4
1449	2
1450	2
1451	2
1452	2
1453	2
1454	4
1455	2
1456	2
1457	2
1458	2
1459	2
1460	2
1461	2
1462	2
1463	5
1464	2
1465	2
1466	5
1467	5
1468	5
1469	5
1470	5
1471	5
1472	5
1473	5
1474	5
1475	5
1476	4
1477	5
1478	4
1479	5
1480	4
1481	4
1482	4
1483	4
1484	5
1485	4
1486	4
1487	4
1488	4
1489	4
1490	5
1491	5
1492	5
1493	5
1494	5
1495	5
1496	5
1497	5
1498	5
1499	5
1500	5
1501	5
1502	2
1503	5
1504	2
1505	2
1506	2
1507	2
1508	5
1509	2
1510	5
1511	2
1512	2
1513	2
1514	2
1515	2
1516	2
1517	5
1518	5
1519	5
1520	5
1521	5
1522	5
1523	5
1524	5
1525	5
1526	4
1527	4
1528	4
1529	4
1530	4
1531	4
1533	4
1534	4
1535	2
1536	2
1537	2
1538	2
1539	2
1540	2
1541	2
1542	2
1543	2
1544	5
1545	3
1546	3
1547	3
1548	5
1549	3
1550	3
1551	3
1552	3
1553	6
1554	6
1555	3
1556	4
1557	4
1558	4
1559	3
1560	3
1561	3
1562	6
1563	9
1564	9
1565	9
1566	9
1567	9
1568	3
1569	3
1570	3
1571	3
1572	3
1573	3
1574	3
1575	3
1576	4
1577	4
1578	3
1579	4
1580	4
1581	4
1582	4
1584	4
1585	4
1586	4
1587	4
1588	4
1589	4
1590	4
1591	4
1592	4
1593	4
1594	4
1596	4
1597	4
1598	4
1599	2
1600	2
1601	2
1602	2
1603	2
1604	2
1605	2
1606	2
1607	2
1608	2
1609	2
1610	2
1611	2
1612	2
1613	2
1614	2
1615	2
1616	2
1617	2
1618	2
1619	2
1620	4
1621	2
1622	4
1623	2
1624	2
1625	2
1626	2
1627	2
1628	2
1629	2
1630	2
1631	2
1632	2
1633	2
1634	4
1635	4
1636	5
1637	5
1638	5
1639	5
1640	5
1641	4
1642	5
1643	5
1644	5
1645	5
1646	4
1647	4
1648	4
1649	4
1650	4
1651	4
1652	4
1653	4
1654	4
1655	4
1656	4
1657	4
1658	5
1659	4
1660	2
1661	2
1662	2
1663	4
1664	5
1665	5
1666	5
1667	2
1668	2
1669	2
1670	2
1671	2
1672	2
1673	2
1674	2
1675	2
1676	2
1677	2
1678	2
1679	2
1680	2
1681	2
1682	2
1683	2
1684	2
1685	2
1686	2
1687	2
1688	5
1689	5
1690	5
1691	5
1692	5
1693	5
1694	5
1695	5
1696	2
1697	2
1698	2
1699	2
1700	4
1701	4
1702	4
1703	4
1704	2
1705	4
1706	2
1707	2
1708	2
1709	4
1710	2
1711	2
1712	2
1713	4
1714	4
1715	3
1716	3
1717	3
1718	3
1719	3
1720	3
1721	3
1722	3
1723	3
1724	4
1725	4
1726	3
1727	3
1728	4
1729	3
1730	4
1731	3
1732	4
1733	4
1734	4
1735	4
1736	4
1737	4
1738	4
1739	3
1740	3
1741	4
1742	4
1743	4
1744	4
1745	4
1746	4
1747	4
1748	4
1749	4
1750	4
1751	4
1752	4
1753	4
1754	4
1755	4
1756	3
1757	3
1758	3
1759	3
1760	3
1761	3
1762	3
1763	2
1764	2
1765	2
1766	2
1767	2
1769	2
1770	2
1771	2
1772	2
1773	2
1774	2
1775	2
1776	2
1777	2
1778	2
1779	2
1780	2
1781	2
1782	2
1783	2
1784	4
1785	4
1786	4
1787	2
1788	2
1789	2
1790	2
1791	4
1792	2
1793	2
1795	2
1796	2
1797	2
1798	2
1799	2
1800	4
1801	5
1802	5
1803	5
1804	5
1805	5
1806	4
1807	5
1808	4
1809	5
1810	5
1811	5
1812	4
1813	5
1814	5
1815	5
1816	5
1817	5
1818	5
1819	4
1820	4
1821	4
1822	4
1823	5
1824	4
1825	5
1826	2
1827	2
1828	2
1829	2
1830	2
1831	2
1832	2
1833	2
1834	2
1835	2
1836	2
1837	2
1838	2
1839	2
1840	2
1841	2
1842	2
1843	2
1844	2
1845	2
1846	2
1847	2
1848	2
1849	2
1850	5
1851	5
1852	5
1853	5
1854	5
1855	5
1856	5
1857	4
1858	4
1859	4
1860	4
1861	4
1862	4
1863	4
1864	4
1865	4
1866	5
1867	6
1868	6
1869	5
1870	3
1871	3
1872	3
1873	3
1874	3
1875	3
1876	3
1877	3
1878	6
1879	3
1880	3
1881	3
1882	4
1883	3
1884	3
1885	4
1886	4
1887	4
1888	4
1889	4
1890	4
1891	3
1892	4
1893	3
1894	4
1895	4
1896	4
1897	4
1898	4
1899	4
1900	4
1901	4
1902	4
1903	4
1904	4
1905	4
1906	3
1907	2
1908	2
1909	4
1910	2
1911	2
1912	4
1913	4
1914	4
1915	4
1916	4
1917	4
1918	4
1919	4
1920	4
1921	4
1922	4
1923	2
1924	4
1925	2
1926	2
1927	2
1928	2
1929	2
1930	2
1931	2
1932	2
1933	2
1934	2
1935	2
1936	2
1937	2
1938	2
1939	2
1940	2
1941	4
1942	4
1943	4
1944	4
1945	4
1946	2
1947	4
1948	2
1949	4
1950	2
1951	2
1952	2
1953	4
1954	2
1955	2
1956	2
1957	2
1958	2
1959	2
1960	2
1961	2
1962	2
1963	2
1964	2
1965	5
1966	4
1967	5
1968	5
1969	4
1970	4
1971	4
1972	4
1973	4
1974	4
1975	5
1976	4
1977	4
1978	4
1979	4
1980	2
1981	5
1982	2
1983	2
1984	2
1985	2
1986	2
1987	2
1988	2
1989	2
1990	2
1991	2
1992	2
1993	2
1994	2
1995	2
1996	2
1997	2
1998	2
1999	2
2000	2
2001	2
2002	2
2003	2
2004	2
2005	2
2006	2
2007	2
2008	2
2009	2
2010	2
2011	5
2012	5
2013	5
2014	5
2015	6
2016	6
2017	5
2018	3
2019	6
2020	8
2021	6
2022	6
2023	5
2024	5
2025	4
2026	4
2027	4
2028	5
2029	5
2030	5
2031	5
2032	3
2033	4
2034	3
2035	3
2036	4
2037	4
2038	4
2039	3
2040	4
2041	4
2042	4
2043	4
2044	4
2045	3
2046	5
2047	4
2048	3
2049	3
2050	4
2051	3
2052	4
2053	4
2054	4
2055	4
2056	4
2057	4
2058	4
2059	4
2060	4
2061	4
2062	4
2063	4
2064	4
2065	4
2066	4
2067	3
2068	4
2069	2
2070	4
2071	4
2072	4
2073	4
2074	4
2075	4
2076	4
2077	4
2078	4
2079	4
2080	2
2081	4
2082	4
2083	4
2084	4
2085	4
2086	4
2087	4
2088	4
2089	4
2090	4
2091	4
2092	4
2093	4
2094	4
2095	2
2096	4
2097	2
2098	2
2099	2
2100	2
2101	2
2102	2
2103	2
2104	2
2105	2
2106	2
2107	2
2108	2
2109	2
2110	2
2111	2
2112	2
2113	5
2114	4
2115	4
2116	4
2117	4
2118	4
2119	4
2120	4
2121	4
2122	4
2123	5
2124	5
2125	4
2126	4
2127	4
2128	5
2129	4
2130	2
2131	2
2132	2
2133	2
2134	2
2135	2
2136	2
2137	2
2138	2
2139	2
2140	2
2141	2
2142	2
2143	2
2144	2
2145	2
2146	2
2147	2
2148	2
2149	2
2150	2
2151	2
2152	5
2153	4
2154	4
2155	5
2156	5
2157	5
2158	2
2161	5
2162	3
2163	5
2164	8
2165	5
2166	5
2167	7
2168	5
2169	2
2170	2
2171	5
2172	5
2173	8
2174	8
2175	6
2176	8
2177	8
2178	8
2179	8
2180	6
2181	6
2182	3
2183	5
2184	3
2185	5
2186	5
2187	5
2188	3
2189	3
2190	3
2191	3
2192	3
2193	3
2194	3
2195	4
2196	3
2197	3
2198	3
2199	3
2200	3
2201	3
2202	3
2203	3
2204	3
2205	3
2206	4
2207	3
2208	4
2209	4
2210	4
2211	4
2212	4
2213	4
2215	4
2216	4
2217	4
2218	3
2219	4
2220	4
2221	4
2222	4
2223	4
2224	4
2225	4
2226	2
2227	3
2228	3
2229	3
2230	4
2231	2
2232	4
2233	4
2234	4
2235	4
2236	4
2237	2
2238	2
2239	4
2240	4
2241	2
2242	4
2243	4
2244	2
2245	4
2246	2
2247	2
2248	2
2249	2
2250	2
2251	2
2252	2
2253	2
2254	2
2255	2
2256	2
2257	5
2258	3
2259	5
2260	5
2261	5
2262	3
2263	4
2264	5
2265	5
2266	5
2267	4
2268	4
2269	4
2270	4
2271	4
2272	4
2273	4
2274	4
2275	4
2276	5
2277	4
2278	2
2279	2
2280	2
2281	2
2282	2
2283	5
2284	2
2285	2
2286	2
2287	2
2288	2
2289	2
2290	2
2291	2
2292	2
2293	2
2294	2
2295	2
2296	2
2297	2
2298	2
2299	2
2300	2
2301	2
2302	4
2303	5
2304	3
2305	5
2306	8
2307	5
2308	5
2309	5
2310	4
2311	2
2312	8
2313	5
2314	5
2315	5
2316	8
2317	4
2318	5
2319	5
2320	5
2321	8
2322	5
2323	5
2324	6
2325	6
2326	6
2327	6
2328	6
2329	6
2330	6
2331	5
2332	5
2333	5
2334	5
2335	5
2336	3
2337	5
2338	5
2339	5
2340	5
2341	5
2342	3
2343	5
2344	3
2345	3
2346	3
2347	3
2348	3
2349	3
2350	3
2351	3
2352	3
2353	3
2354	3
2355	4
2356	4
2357	4
2358	3
2359	4
2360	3
2361	4
2362	4
2363	4
2364	4
2365	4
2366	4
2367	4
2368	4
2369	4
2370	4
2371	3
2372	4
2373	4
2374	4
2375	4
2376	4
2377	4
2378	4
2379	4
2380	4
2381	4
2382	4
2383	4
2384	4
2385	4
2386	4
2387	4
2388	4
2389	4
2390	4
2391	4
2392	2
2393	2
2394	4
2395	4
2396	4
2397	4
2398	4
2399	2
2400	4
2401	4
2402	4
2403	2
2404	4
2405	4
2406	4
2407	2
2408	4
2409	4
2410	4
2411	2
2412	2
2413	2
2414	2
2415	4
2416	2
2417	2
2418	2
2419	2
2420	2
2421	4
2422	4
2423	4
2424	4
2425	4
2426	4
2427	3
2428	3
2429	4
2430	3
2431	3
2432	5
2433	4
2434	3
2435	4
2436	4
2437	4
2438	4
2439	4
2440	5
2441	4
2442	5
2443	5
2444	4
2445	5
2446	4
2447	4
2448	4
2449	5
2450	5
2451	5
2452	5
2453	5
2454	5
2455	2
2456	5
2457	5
2458	5
2459	5
2460	5
2461	2
2462	2
2463	5
2464	5
2465	4
2466	5
2467	3
2468	5
2469	4
2470	3
2471	3
2472	8
2473	7
2474	5
2475	7
2476	5
2477	5
2478	8
2479	8
2480	8
2481	5
2482	2
2483	8
2484	5
2485	5
2486	4
2487	5
2488	4
2489	4
2490	3
2491	3
2492	8
2493	3
2494	3
2495	3
2496	5
2497	5
2498	3
2499	3
2500	3
2501	3
2502	3
2503	3
2504	3
2505	3
2506	3
2507	4
2508	4
2509	3
2510	4
2511	4
2512	4
2513	4
2514	4
2515	4
2516	4
2517	4
2518	4
2520	4
2521	4
2522	4
2523	4
2524	4
2525	4
2526	4
2527	4
2528	4
2529	4
2530	4
2531	4
2532	4
2533	4
2534	4
2535	4
2536	4
2537	4
2538	4
2539	4
2540	4
2541	4
2542	4
2543	4
2544	4
2545	4
2546	4
2547	4
2548	4
2549	4
2550	4
2551	4
2552	4
2553	4
2554	2
2555	4
2556	4
2557	2
2558	4
2559	2
2560	2
2561	2
2562	2
2563	4
2564	2
2565	2
2566	4
2567	2
2568	2
2569	4
2570	2
2571	4
2572	4
2573	2
2574	4
2575	2
2576	2
2577	2
2578	2
2579	2
2580	2
2581	2
2582	4
2583	4
2584	2
2585	2
2586	2
2587	2
2588	2
2589	2
2590	4
2591	4
2592	3
2593	5
2594	5
2595	4
2596	5
2597	5
2598	4
2599	4
2600	4
2601	5
2602	5
2603	5
2604	5
2605	2
2606	2
2607	5
2608	5
2609	5
2610	5
2611	4
2612	5
2613	4
2614	2
2615	4
2616	2
2617	2
2618	2
2619	5
2620	2
2621	4
2622	2
2623	2
2624	2
2625	5
2626	5
2627	3
2628	2
2629	5
2630	5
2631	5
2632	8
2633	5
2634	4
2635	5
2636	5
2637	5
2638	5
2639	5
2640	5
2641	5
2642	5
2643	2
2644	4
2645	5
2646	2
2647	4
2648	4
2649	5
2650	5
2651	3
2652	3
2653	5
2654	3
2655	3
2656	3
2657	4
2658	3
2659	3
2660	4
2661	3
2662	4
2663	4
2664	4
2665	4
2666	3
2667	5
2668	4
2669	4
2670	4
2671	4
2672	4
2673	2
2674	4
2675	2
2676	2
2677	2
2678	4
2679	4
2680	2
2681	2
2682	2
2683	2
2684	4
2685	4
2686	4
2687	4
2688	4
2689	4
2690	4
2691	4
2692	4
2693	4
2694	4
2695	4
2696	4
2697	4
2698	4
2699	4
2700	4
2701	4
2702	4
2703	4
2704	4
2705	4
2706	4
2707	4
2708	4
2710	2
2711	2
2712	4
2713	2
2714	4
2715	4
2716	4
2717	4
2718	2
2719	2
2720	4
2721	4
2722	2
2723	2
2724	2
2725	2
2726	2
2727	2
2728	2
2729	2
2730	2
2731	2
2732	2
2733	2
2734	2
2735	2
2736	2
2737	2
2738	2
2739	2
2740	5
2741	4
2742	4
2743	5
2744	4
2745	4
2746	4
2747	4
2748	4
2749	4
2750	4
2751	4
2752	4
2753	4
2754	2
2755	4
2756	4
2757	4
2758	4
2759	5
2760	4
2761	4
2762	4
2763	4
2764	4
2765	5
2766	4
2767	5
2768	5
2769	4
2770	4
2771	4
2772	2
2773	4
2774	5
2775	5
2776	2
2777	8
2778	5
2779	2
2780	2
2781	2
2782	2
2783	2
2784	2
2785	2
2786	2
2787	2
2788	2
2789	2
2790	2
2791	2
2792	2
2793	5
2794	5
2795	2
2796	4
2797	5
2798	4
2799	4
2800	4
2801	4
2802	2
2803	5
2804	5
2805	5
2806	5
2807	5
2808	5
2809	5
2810	2
2811	2
2812	2
2813	2
2814	4
2815	2
2816	5
2817	2
2818	5
2819	5
2820	4
2821	5
2822	4
2823	5
2824	4
2825	3
2826	5
2827	5
2828	4
2829	4
2830	3
2831	3
2832	3
2833	3
2834	3
2835	2
2836	2
2837	2
2838	2
2839	2
2840	2
2841	2
2842	2
2843	2
2844	2
2845	4
2846	2
2847	2
2848	4
2849	4
2850	5
2851	4
2852	4
2853	4
2854	4
2855	4
2856	4
2857	4
2858	4
2859	4
2860	4
2861	4
2862	4
2863	4
2864	4
2865	4
2866	4
2867	4
2868	3
2869	3
2870	3
2871	4
2872	3
2873	3
2874	2
2875	4
2876	4
2877	4
2878	4
2879	4
2880	4
2881	4
2882	2
2883	4
2884	4
2885	2
2886	4
2887	4
2888	4
2889	4
2890	4
2891	4
2892	4
2893	5
2894	2
2895	2
2896	2
2897	2
2898	2
2899	2
2900	2
2901	2
2902	2
2903	2
2904	2
2905	2
2906	2
2907	2
2908	2
2909	4
2910	2
2911	2
2912	2
2913	4
2914	4
2915	4
2916	4
2917	4
2918	4
2919	4
2920	4
2921	5
2922	4
2923	4
2924	5
2925	5
2926	5
2927	2
2928	4
2929	5
2930	4
2931	4
2932	4
2933	5
2934	2
2935	2
2936	4
2937	5
2938	5
2939	4
2940	4
2941	5
2942	2
2943	2
2944	2
2945	4
2946	4
2947	2
2948	2
2949	5
2950	2
2951	5
2952	5
2953	5
2954	5
2955	5
2956	5
2957	5
2958	4
2959	4
2960	5
2961	5
2962	5
2964	5
2965	6
2966	5
2967	5
2968	5
2969	5
2970	8
2971	5
2972	7
2973	2
2974	5
2975	5
2976	5
2977	5
2978	5
2979	2
2980	5
2981	5
2982	5
2983	5
2984	5
2985	3
2986	3
2987	6
2988	3
2989	3
2990	6
2991	6
2992	3
2993	3
2994	3
2995	6
2996	4
2997	5
2998	4
2999	4
3000	4
3001	2
3002	5
3003	2
3004	2
3005	2
3006	2
3007	4
3008	4
3009	4
3010	4
3011	4
3012	4
3013	4
3014	4
3015	4
3016	4
3017	4
3018	4
3019	4
3020	4
3021	4
3022	4
3023	4
3024	4
3025	4
3026	4
3027	4
3028	4
3029	4
3030	4
3031	4
3032	4
3033	4
3034	4
3035	4
3036	4
3037	4
3038	4
3039	4
3040	4
3041	4
3042	4
3043	4
3044	4
3045	4
3046	4
3047	4
3048	4
3049	4
3050	4
3051	4
3052	4
3053	4
3054	4
3055	4
3056	4
3057	4
3058	4
3059	4
3060	4
3061	4
3062	4
3063	4
3064	2
3065	2
3066	2
3067	2
3068	4
3069	2
3070	2
3071	2
3072	4
3073	2
3074	4
3075	2
3076	2
3077	2
3078	2
3079	2
3080	2
3081	4
3082	4
3083	4
3084	4
3085	4
3086	5
3087	5
3088	4
3089	4
3090	4
3091	5
3092	5
3093	4
3094	4
3095	4
3096	4
3097	4
3098	4
3099	4
3100	4
3101	3
3102	3
3103	4
3104	5
3105	4
3106	5
3107	4
3108	4
3109	5
3110	2
3111	2
3112	4
3113	2
3114	2
3115	2
3116	2
3117	2
3118	5
3119	2
3120	5
3121	2
3122	2
3123	5
3124	4
3125	4
3126	4
3127	5
3128	2
3129	4
3130	4
3131	5
3132	5
3133	3
3135	2
3136	8
3137	5
3138	8
3139	5
3140	2
3141	5
3142	5
3143	2
3144	5
3145	5
3146	5
3147	5
3148	5
3149	5
3150	3
3151	6
3152	5
3153	6
3154	3
3155	3
3156	3
3157	6
3158	6
3159	6
3160	6
3161	6
3162	3
3163	5
3164	2
3165	2
3166	2
3167	2
3168	2
3169	2
3170	2
3171	2
3172	2
3173	2
3174	4
3175	2
3176	2
3177	4
3178	4
3179	2
3180	2
3181	2
3184	2
3185	2
3186	2
3187	2
3188	2
3189	4
3190	4
3191	4
3192	4
3193	4
3194	4
3195	4
3196	4
3197	3
3198	3
3199	4
3200	4
3201	4
3202	4
3203	4
3204	4
3205	4
3206	4
3212	4
3213	4
3214	4
3215	2
3216	4
3217	4
3218	2
3219	2
3220	4
3221	4
3222	2
3223	2
3224	2
3225	2
3226	2
3227	2
3228	2
3229	2
3230	2
3231	2
3232	2
3233	4
3234	2
3235	2
3236	4
3237	4
3238	4
3239	4
3240	4
3241	4
3242	4
3243	4
3244	4
3245	4
3246	5
3247	5
3248	4
3249	5
3250	5
3251	4
3252	4
3253	4
3254	4
3255	4
3256	3
3257	4
3258	4
3259	4
3260	3
3261	4
3262	4
3263	2
3264	2
3265	2
3266	5
3267	5
3268	5
3269	4
3270	5
3271	5
3272	5
3273	5
3274	5
3275	2
3276	5
3277	2
3278	5
3279	5
3280	5
3281	3
3282	5
3284	3
3285	4
3286	2
3287	3
3288	2
3289	4
3292	4
3293	2
3294	8
3295	5
3296	4
3297	3
3298	5
3299	5
3300	5
3301	5
3302	4
3303	4
3304	6
3305	6
3306	5
3307	5
3308	3
3309	6
3310	6
3311	6
3312	6
3313	6
3314	3
3315	3
3316	3
3317	3
3318	4
3319	6
3320	6
3321	3
3322	5
3323	5
3324	5
3325	2
3326	5
3327	5
3328	5
3329	2
3330	2
3331	3
3332	3
3333	2
3334	2
3335	2
3336	2
3337	3
3338	4
3339	4
3340	4
3341	4
3342	4
3343	4
3344	4
3345	4
3346	4
3347	4
3348	4
3350	4
3351	4
3352	4
3353	4
3355	4
3356	4
3357	4
3358	2
3359	2
3360	2
3361	2
3362	2
3363	2
3364	2
3365	2
3366	2
3367	2
3368	2
3369	2
3370	2
3371	2
3372	2
3373	2
3374	4
3375	4
3376	4
3377	2
3378	4
3379	4
3380	2
3381	4
3382	2
3383	2
3384	4
3385	2
3386	2
3387	2
3388	2
3389	2
3390	4
3391	2
3392	2
3393	2
3394	2
3395	2
3396	2
3397	2
3398	2
3399	2
3400	4
3401	4
3402	4
3403	4
3404	5
3405	4
3406	4
3407	4
3408	4
3409	4
3410	3
3411	4
3412	4
3413	4
3414	4
3415	4
3416	4
3417	5
3418	5
3419	2
3420	5
3421	4
3422	5
3423	4
3424	5
3425	5
3426	5
3427	5
3428	5
3429	5
3430	5
3431	5
3432	5
3433	5
3434	2
3435	5
3436	2
3437	2
3438	2
3439	3
3440	3
3441	4
3442	2
3443	4
3444	4
3445	2
3446	2
3447	5
3448	4
3449	5
3450	5
3451	5
3452	5
3453	5
3454	5
3455	5
3456	5
3457	5
3458	5
3459	5
3460	5
3461	7
3462	6
3463	3
3464	3
3465	3
3466	3
3467	3
3468	3
3469	3
3470	3
3471	3
3472	6
3473	6
3474	6
3475	3
3476	3
3477	3
3478	6
3479	6
3480	6
3481	3
3482	3
3483	3
3484	3
3485	3
3486	3
3487	3
3488	3
3489	3
3490	4
3491	3
3492	3
3493	3
3494	4
3495	4
3496	4
3497	4
3498	4
3499	4
3500	3
3501	4
3502	4
3503	4
3504	4
3505	4
3506	4
3507	4
3508	4
3509	4
3510	4
3513	4
3514	4
3515	4
3516	4
3517	4
3518	4
3519	4
3520	4
3521	4
3522	4
3523	4
3524	2
3525	4
3526	4
3527	4
3528	4
3529	4
3530	4
3531	4
3533	4
3534	4
3535	4
3536	2
3537	2
3538	2
3539	4
3540	4
3541	4
3542	2
3543	2
3544	4
3545	2
3546	4
3547	4
3548	2
3549	2
3550	2
3551	4
3552	2
3553	2
3554	2
3555	4
3556	4
3557	2
3558	2
3559	2
3560	2
3561	2
3562	4
3563	2
3564	4
3565	4
3566	2
3567	2
3568	5
3569	4
3570	4
3571	4
3572	4
3573	4
3574	4
3575	4
3576	4
3577	4
3578	4
3579	4
3580	4
3581	4
3582	4
3583	4
3584	4
3585	4
3586	5
3587	5
3588	2
3589	2
3590	5
3591	2
3592	2
3593	5
3594	2
3595	2
3596	5
3597	5
3598	2
3599	2
3600	5
3601	2
3602	2
3603	5
3604	5
3605	2
3606	7
3607	4
3608	5
3609	4
3610	4
3611	5
3612	5
3614	5
3615	2
3616	5
3617	5
3618	5
3619	5
3620	5
3621	5
3622	3
3623	3
3624	3
3625	3
3626	3
3627	7
3628	3
3629	6
3630	5
3631	6
3632	8
3633	5
3634	5
3635	5
3636	5
3637	5
3638	5
3639	5
3640	3
3641	6
3642	3
3643	3
3644	3
3645	3
3646	3
3647	3
3648	3
3649	4
3650	3
3651	3
3652	3
3653	3
3654	3
3655	3
3656	3
3657	4
3658	4
3659	4
3660	4
3661	4
3662	4
3663	4
3664	4
3665	4
3666	4
3667	4
3668	4
3669	4
3670	4
3671	4
3672	4
3673	4
3674	4
3675	4
3676	4
3677	4
3678	4
3679	4
3680	4
3681	4
3682	4
3684	4
3685	2
3686	4
3687	4
3688	2
3689	2
3690	2
3691	4
3692	4
3693	2
3694	4
3695	2
3696	2
3697	2
3698	2
3699	2
3700	2
3701	2
3702	4
3703	4
3704	4
3705	2
3706	2
3707	4
3708	2
3709	4
3710	2
3711	2
3712	4
3713	2
3715	4
3717	4
3718	4
3719	2
3720	4
3721	4
3722	4
3723	2
3724	4
3725	4
3726	4
3727	4
3728	4
3729	5
3730	4
3731	4
3732	4
3733	4
3734	4
3735	4
3736	4
3737	4
3738	4
3739	4
3740	4
3741	4
3742	2
3743	2
3744	2
3745	2
3746	2
3747	2
3748	2
3749	2
3750	2
3751	2
3752	5
3753	5
3754	5
3755	5
3756	2
3757	2
3758	2
3759	2
3760	2
3761	2
3762	2
3763	2
3764	2
3768	4
3769	4
3770	5
3771	5
3772	5
3773	5
3774	5
3775	5
3776	5
3777	3
3778	5
3779	3
3780	3
3781	4
3782	3
3783	3
3784	4
3785	4
3786	4
3787	4
3788	4
3789	3
3790	8
3791	8
3792	8
3793	8
3794	8
3795	8
3796	8
3797	8
3798	8
3799	8
3800	8
3801	8
3802	8
3803	8
3804	8
3805	8
3806	8
3807	8
3808	8
3809	8
3810	8
3811	8
3812	8
3813	8
3814	8
3815	8
3816	8
3817	8
3818	8
3819	8
3820	8
3821	8
3822	8
3823	8
3824	8
3825	8
3826	8
3827	8
3828	8
3829	8
3830	8
3831	8
3832	8
3833	8
3834	8
3835	8
3836	8
3837	8
3838	8
3839	8
3840	8
3841	8
3842	8
3843	8
3844	8
3845	8
3846	8
3847	8
3848	8
3849	8
3850	8
3851	8
3852	8
3853	8
3854	8
3855	8
3856	8
3857	8
3858	8
3859	8
3860	8
3861	8
3862	8
3863	8
3864	8
3865	8
3866	8
3867	8
3868	8
3869	8
3870	8
3871	8
3872	8
3873	8
3874	8
3875	8
3876	8
3877	8
3878	8
3879	8
3880	8
3883	8
3884	8
3885	8
3886	8
3887	8
3888	8
3889	8
3890	8
3892	8
3893	8
3894	8
3897	8
3898	8
3899	8
3900	8
3901	8
3902	8
3903	8
3904	8
3905	8
3906	8
3907	8
3908	8
3909	8
3910	8
3911	8
3912	8
3913	8
3914	8
3915	8
3916	8
3917	8
3918	8
3919	8
3920	8
3921	8
3922	8
3923	8
3924	8
3925	8
3926	8
3927	8
3928	8
3929	8
3930	8
3931	8
3932	8
3933	8
3934	8
3935	8
3936	8
3937	8
3938	8
3939	8
3940	8
3941	8
3942	8
3943	8
3944	8
3945	8
3946	8
3947	8
3948	8
3949	8
3950	8
3951	8
3952	8
3953	8
3954	8
3955	8
3956	8
3957	8
3958	8
3959	8
3960	8
3961	8
3962	8
3963	8
3964	8
3965	8
3966	8
3967	8
3968	8
3969	8
3970	8
3971	8
3972	8
3973	8
3974	8
3975	8
3976	8
3977	8
3978	8
3979	8
3980	8
3981	8
3982	8
3983	8
3985	8
3986	8
3987	1
3988	8
3989	1
3990	1
3991	1
3992	7
3993	8
3994	5
3995	8
3996	1
3997	5
3998	1
3999	5
4000	7
4001	1
4002	1
4003	5
4004	5
4005	5
4006	5
4007	8
4008	1
4009	1
4010	1
4011	5
4012	1
4013	7
4014	7
4015	7
4016	7
4017	7
4018	7
4019	8
4020	5
4021	1
4022	7
4023	1
4024	7
4025	6
4026	1
4027	8
4028	7
4029	7
4030	7
4031	7
4032	1
4033	7
4034	1
4035	7
4036	7
4037	5
4038	1
4039	1
4040	7
4041	7
4042	1
4043	1
4044	1
4045	1
4046	1
4047	1
4048	1
4049	5
4050	0
4051	0
4052	0
4053	0
4054	5
4055	5
4056	5
4057	0
4058	5
4059	5
4060	5
4061	5
4062	5
4063	5
4064	5
4065	5
4066	5
4067	5
4068	5
4069	5
4070	5
4071	5
4072	5
4073	5
4074	5
4075	5
4076	5
4077	0
4078	9
4079	0
4080	0
4081	0
4082	0
4083	0
4084	0
4085	0
4086	0
4087	0
4088	0
4089	0
4090	0
4091	0
4092	0
4093	9
4094	9
4095	0
4096	9
4097	0
4098	0
4099	0
4100	0
4101	0
4102	0
4103	9
4104	0
4105	0
4106	1
4107	0
4108	9
4109	9
4110	0
4111	5
4112	0
4113	0
4114	5
4115	0
4116	5
4117	0
4118	0
4119	9
4120	5
4121	0
4122	0
4123	0
4124	0
4125	9
4126	0
4127	9
4128	0
4129	0
4130	0
4131	9
4132	9
4133	0
4134	0
4135	5
4136	0
4137	0
4138	0
4139	5
4140	5
4141	0
4142	5
4143	9
4144	0
4145	5
4146	5
4147	0
4148	6
4149	5
4150	0
4151	0
4152	6
4153	0
4154	0
4155	5
4156	5
4157	5
4158	0
4159	0
4160	9
4161	7
4162	7
4163	9
4164	7
4165	7
4166	9
4167	7
4168	7
4169	7
4170	7
4171	7
4172	7
4173	7
4174	7
4175	7
4176	7
4177	7
4178	7
4179	7
4180	7
4181	7
4182	7
4183	7
4184	7
4185	7
4186	7
4187	7
4188	7
4189	7
4190	7
4191	9
4192	7
4193	7
4194	7
4195	7
4196	7
4197	7
4198	9
4199	7
4200	9
4201	7
4202	9
4203	7
4204	7
4205	7
4206	7
4207	7
4208	7
4209	8
4210	8
4211	8
4212	8
4213	8
4214	8
4215	8
4216	8
4217	8
4218	8
4219	8
4220	8
4221	8
4222	8
4223	8
4224	8
4225	8
4226	8
4227	8
4228	8
4229	8
4230	8
4231	8
4232	8
4233	8
4234	8
4235	8
4236	8
4237	8
4238	8
4239	8
4240	8
4241	8
4242	8
4243	8
4244	8
4245	8
4246	8
4247	8
4248	8
4249	8
4250	8
4251	8
4252	9
4253	9
4254	9
4255	8
4256	8
4257	8
4258	8
4259	8
4260	8
4261	8
4262	8
4263	8
4264	8
4265	8
4266	7
4267	7
4268	7
4269	7
4270	7
4271	7
4272	7
4273	7
4274	7
4275	7
4276	1
4277	3
4278	1
4279	7
4280	7
4281	7
4282	7
4283	7
4284	3
4285	7
4286	7
4287	7
4288	7
4289	7
4290	3
4291	7
4292	7
4293	7
4294	7
4295	7
4296	7
4297	7
4298	7
4299	7
4300	7
4301	7
4302	7
4303	7
4304	7
4305	7
4306	3
4307	3
4308	7
4309	7
4310	7
4311	3
4312	7
4313	7
4314	7
4315	3
4316	3
4317	1
4318	7
4319	7
4320	3
4321	3
4322	7
4323	7
4324	3
4325	7
4326	3
4327	1
4328	7
4329	8
4330	3
4331	8
4332	7
4333	8
4334	7
4335	7
4336	7
4337	7
4338	7
4339	7
4340	7
4341	7
4342	3
4343	3
4344	3
4345	3
4346	7
4347	7
4348	7
4349	7
4350	7
4351	3
4352	7
4353	7
4354	7
4355	7
4356	7
4357	7
4358	7
4359	7
4360	7
4361	7
4362	7
4363	7
4364	7
4365	3
4366	7
4367	7
4368	7
4369	7
4370	7
4371	8
4372	7
4373	3
4374	8
4375	7
4376	3
4377	7
4378	7
4379	8
4380	7
4381	7
4382	7
4383	7
4384	7
4385	7
4386	3
4387	7
4388	3
4389	7
4390	7
4391	7
4392	7
4393	7
4394	7
4395	7
4396	7
4397	7
4398	3
4399	3
4400	7
4401	7
4402	7
4403	3
4404	7
4405	7
4406	7
4407	7
4408	7
4409	7
4410	7
4411	7
4412	7
4413	7
4414	7
4415	7
4416	7
4417	7
4418	3
4419	7
4420	7
4421	7
4422	7
4423	7
4424	7
4425	7
4426	7
4427	7
4428	7
4429	7
4430	7
4431	7
4432	7
4433	7
4434	7
4435	7
4436	7
4437	7
4438	7
4439	7
4440	7
4441	7
4442	7
4443	8
4444	3
4445	0
4446	7
4447	7
4448	7
4449	7
4450	7
4451	7
4452	7
4453	7
4454	7
4455	7
4456	7
4457	8
4458	7
4459	7
4460	7
4461	7
4462	3
4463	7
4464	7
4465	7
4466	7
4467	3
4468	7
4469	8
4470	7
4471	0
4472	3
4473	3
4474	7
4475	7
4476	7
4477	7
4478	7
4479	7
4480	7
4481	7
4482	7
4483	7
4484	7
4485	7
4486	7
4487	7
4488	7
4489	7
4490	9
4496	9
4497	9
4498	9
4499	9
4500	9
4501	9
4502	9
4503	9
4504	9
4510	0
4511	0
4512	0
4513	9
4514	9
4515	0
4516	9
4517	0
4518	9
4519	9
4520	9
4521	9
4522	9
4523	9
4524	9
4525	9
4526	9
4527	7
4528	7
4529	7
4530	7
4531	7
4532	7
4533	7
4534	7
4535	7
4536	1
4537	7
4538	7
4539	1
4540	1
4541	1
4542	1
4543	7
4544	7
4545	7
4546	7
4547	7
4548	7
4549	7
4550	7
4551	7
4552	7
4553	1
4554	6
4555	6
4556	6
4557	6
4558	6
4559	6
4560	6
4561	6
4562	6
4563	6
4564	6
4565	6
4566	6
4567	6
4568	6
4569	6
4570	6
4571	6
4572	6
4573	6
4574	6
4575	6
4576	6
4577	6
4578	0
4579	6
4580	6
4581	6
4582	0
4583	6
4584	6
4585	6
4586	8
4587	8
4588	6
4589	6
4590	6
4591	6
4592	6
4596	6
4597	9
4599	9
4600	9
4601	9
4602	9
4603	8
4607	8
4608	6
4609	6
4610	6
4611	6
4612	6
4613	6
4614	6
4615	6
4616	6
4617	8
4618	8
4619	8
4620	8
4621	9
4622	6
4623	6
4624	6
4625	6
4626	6
4627	6
4628	0
4629	6
4630	6
4631	6
4632	5
4633	5
4634	6
4635	6
4636	6
4637	6
4638	8
4639	9
4640	8
4641	8
4642	5
4643	6
4644	5
4645	6
4646	5
4647	6
4648	6
4649	6
4650	6
4651	6
4652	6
4653	8
4654	8
4655	8
4656	8
4657	5
4658	6
4659	3
4660	6
4661	6
4662	6
4663	6
4664	6
4665	6
4666	6
4667	6
4668	6
4669	6
4670	6
4671	6
4672	6
4673	6
4674	6
4675	8
4676	9
4677	9
4678	6
4679	6
4680	6
4681	6
4682	6
4683	6
4684	6
4685	5
4686	6
4687	6
4688	6
4689	6
4690	6
4691	6
4692	5
4693	6
4694	6
4695	6
4696	6
4697	6
4698	5
4699	5
4700	5
4701	6
4702	5
4703	6
4704	5
4705	6
4706	6
4707	6
4708	6
4709	6
4710	6
4711	6
4712	0
4713	6
4714	6
4715	6
4716	0
4717	6
4718	6
4719	0
4720	3
4721	6
4722	6
4723	6
4724	6
4725	6
4726	6
4727	6
4728	6
4729	6
4730	6
4731	6
4732	6
4733	6
4734	6
4735	6
4736	6
4737	6
4738	0
4739	0
4740	6
4741	6
4742	6
4743	0
4744	6
4745	6
4746	6
4747	6
4748	6
4749	6
4750	6
4751	6
4752	6
4753	6
4754	6
4755	6
4756	3
4757	6
4758	6
4759	6
4760	6
4761	6
4762	6
4763	6
4764	6
4765	6
4766	6
4767	6
4768	6
4769	6
4770	6
4771	6
4772	6
4773	6
4774	6
4775	6
4776	6
4777	6
4778	6
4779	6
4780	6
4781	6
4782	6
4783	6
4784	8
4785	6
4786	3
4787	3
4788	6
4789	6
4790	6
4791	6
4792	6
4793	3
4794	3
4795	6
4796	3
4797	4
4798	6
4799	6
4800	6
4801	6
4802	3
4803	6
4804	6
4805	6
4806	3
4807	3
4808	6
4809	6
4810	5
4811	5
4812	6
4813	6
4815	8
4816	9
4817	8
4818	8
4819	8
4820	8
4821	8
4822	8
4823	8
4826	6
4827	6
4828	6
4829	6
4830	6
4831	6
4832	6
4833	6
4834	6
4835	6
4836	6
4837	6
4838	6
4839	6
4840	6
4841	6
4842	6
4843	6
4844	4
4845	3
4846	3
4847	3
4848	3
4849	6
4850	6
4851	6
4852	6
4853	6
4854	6
4855	6
4856	6
4857	6
4858	6
4859	6
4860	4
4861	4
4862	4
4863	4
4864	6
4865	6
4866	6
4867	6
4868	6
4869	6
4870	6
4871	6
4872	6
4873	8
4874	8
4875	6
4876	6
4877	6
4878	6
4879	6
4880	6
4881	6
4882	6
4883	6
4884	6
4885	6
4886	6
4887	6
4888	6
4889	6
4890	6
4891	6
4892	6
4893	6
4894	6
4895	6
4896	6
4897	0
4898	0
4899	0
4900	0
4901	9
4902	6
4903	6
4904	6
4905	6
4906	6
4907	6
4908	6
4909	6
4910	6
4911	6
4912	6
4913	6
4914	6
4915	6
4916	6
4917	6
4918	6
4919	0
4920	6
4921	0
4922	0
4923	0
4924	6
4925	6
4926	6
4927	6
4928	6
4929	6
4930	6
4931	6
4932	6
4933	6
4934	9
4935	6
4936	6
4937	0
4938	6
4939	6
4940	9
4941	6
4942	9
4943	6
4944	5
4945	6
4946	6
4947	6
4948	8
4949	8
4950	8
4951	9
4953	9
4954	9
4955	9
4956	9
4958	9
4959	9
4961	9
4966	9
4968	1
4969	3
4970	1
4971	1
4972	3
4973	1
4974	3
4975	3
4976	7
4977	1
4978	1
4979	3
4980	1
4981	7
4982	7
4983	1
4984	1
4985	1
4986	3
4987	3
4988	1
4989	3
4990	3
4991	1
4992	3
4993	1
4994	1
4995	3
4996	3
4997	1
4998	1
4999	1
5000	3
5001	1
5002	1
5003	1
5004	1
5005	1
5006	1
5007	3
5008	3
5009	3
5010	7
5011	3
5012	1
5013	1
5014	8
5015	1
5016	3
5017	1
5018	8
5019	8
5020	1
5021	8
5022	3
5023	3
5024	1
5025	1
5026	1
5027	1
5028	1
5029	8
5030	8
5031	8
5032	1
5033	1
5034	1
5035	1
5036	8
5037	1
5038	1
5039	1
5040	1
5041	9
5042	9
5043	9
5044	9
5045	9
5046	9
5047	9
5048	1
5049	1
5050	1
5051	1
5052	8
5053	1
5054	1
5055	1
5058	1
5059	7
5063	8
5066	1
5067	7
5068	1
5069	7
5070	7
5071	5
5072	1
5073	1
5074	1
5075	7
5076	7
5077	1
5078	7
5079	1
5080	1
5081	1
5082	7
5083	1
5084	1
5085	1
5086	7
5087	1
5088	7
5089	1
5090	1
5091	1
5092	0
5093	5
5094	5
5095	5
5096	5
5097	5
5098	0
5099	9
5100	0
5101	5
5102	9
5103	9
5104	9
5105	9
5106	9
5107	9
5108	9
5109	9
5110	9
5111	9
5112	9
5113	9
5114	9
5115	9
5116	9
5117	0
5118	0
5119	5
5120	9
5121	5
5122	2
5123	5
5124	5
5125	2
5126	2
5127	2
5128	2
5129	5
5130	2
5131	2
5132	1
5133	2
5134	8
5135	8
5136	8
5137	8
5138	1
5139	8
5140	2
5141	2
5142	2
5143	2
5144	2
5145	2
5146	2
5147	5
5148	5
5149	2
5150	2
5151	2
5152	9
5153	1
5154	1
5155	1
5156	5
5157	5
5158	1
5159	1
5160	1
5161	5
5162	5
5163	2
5164	5
5165	5
5166	2
5167	5
5168	5
5169	5
5170	5
5171	5
5172	5
5173	7
5174	5
5175	2
5176	5
5177	2
5178	7
5179	2
5180	5
5181	8
5182	5
5183	2
5184	1
5185	2
5186	2
5187	5
5188	5
5189	5
5190	8
5191	2
5192	2
5193	2
5194	2
5195	9
5196	2
5197	2
5198	2
5199	2
5200	9
5201	5
5202	5
5203	1
5204	2
5205	2
5206	5
5207	1
5208	5
5209	2
5210	2
5211	8
5212	5
5213	5
5214	1
5215	1
5216	9
5217	5
5218	2
5219	5
5220	2
5221	5
5222	5
5223	5
5224	5
5225	5
5226	2
5227	2
5228	1
5229	5
5230	5
5231	2
5232	5
5233	2
5234	5
5235	2
5236	2
5237	5
5238	8
5239	1
5240	5
5241	2
5242	2
5243	2
5244	9
5245	1
5246	5
5247	2
5248	1
5249	5
5250	2
5251	5
5252	5
5253	7
5254	5
5255	2
5256	9
5257	9
5258	9
5259	2
5260	2
5261	2
5262	2
5263	2
5264	2
5265	2
5266	2
5267	5
5268	2
5269	2
5270	2
5271	2
5272	2
5273	2
5274	2
5275	8
5276	1
5277	1
5278	5
5279	2
5280	1
5281	1
5282	2
5283	2
5284	2
5285	2
5286	5
5287	5
5288	2
5289	5
5290	2
5291	2
5292	5
5293	2
5294	5
5295	2
5296	5
5297	2
5298	5
5299	5
5300	5
5301	5
5302	8
5303	2
5304	2
5305	2
5306	2
5307	2
5308	2
5309	2
5310	2
5311	2
5312	2
5313	2
5314	2
5315	1
5316	2
5317	5
5318	8
5319	1
5320	8
5321	8
5322	1
5324	1
5325	1
5326	8
5327	5
5328	2
5329	2
5330	2
5331	2
5332	2
5333	1
5334	2
5335	2
5336	2
5337	2
5338	2
5339	2
5340	2
5341	2
5342	2
5343	2
5344	2
5345	5
5346	2
5347	2
5348	5
5349	5
5350	1
5351	5
5352	5
5353	1
5354	9
5355	5
5356	2
5357	2
5358	2
5359	2
5360	2
5361	2
5362	2
5363	2
5364	5
5365	9
5366	5
5367	2
5368	5
5369	2
5370	2
5371	2
5372	2
5373	2
5374	2
5375	2
5376	2
5377	5
5378	5
5379	2
5380	2
5381	8
5382	5
5383	5
5384	5
5385	5
5386	2
5387	2
5388	2
5389	2
5390	2
5391	2
5392	2
5393	2
5394	2
5395	2
5396	2
5397	2
5398	5
5399	5
5400	2
5401	2
5402	2
5403	2
5404	2
5405	2
5406	2
5407	2
5408	2
5409	5
5410	2
5411	5
5412	5
5413	5
5414	2
5415	5
5416	2
5417	5
5418	1
5419	2
5420	2
5421	5
5422	2
5423	5
5424	5
5425	2
5426	2
5427	5
5428	2
5429	2
5430	2
5431	2
5432	2
5433	2
5434	2
5435	5
5436	2
5437	2
5438	2
5439	2
5440	2
5441	2
5442	2
5443	1
5444	1
5445	5
5446	2
5447	2
5448	2
5449	2
5450	2
5451	2
5452	2
5453	2
5454	5
5455	5
5456	2
5457	5
5458	1
5459	5
5460	2
5461	2
5462	2
5463	2
5464	1
5465	2
5466	5
5467	1
5468	5
5469	5
5470	5
5471	2
5472	8
5473	5
5474	2
5475	2
5476	2
5477	1
5478	9
5479	5
5480	8
5481	5
5482	5
5483	5
5484	5
5485	5
5486	2
5487	2
5488	2
5489	2
5490	9
5491	2
5492	2
5493	5
5494	2
5495	2
5496	5
5497	2
5498	7
5499	8
5500	5
5501	2
5502	2
5503	2
5504	2
5505	2
5506	2
5507	2
5508	5
5509	5
5510	2
5511	2
5512	5
5513	5
5514	1
5515	8
5516	2
5517	2
5518	1
5519	5
5520	2
5521	5
5522	1
5523	2
5524	2
5525	5
5526	2
5527	5
5528	5
5529	5
5530	2
5531	2
5532	5
5533	5
5534	5
5535	5
5536	5
5537	5
5538	5
5539	5
5540	2
5541	2
5542	2
5543	2
5544	2
5545	5
5546	5
5547	2
5548	5
5549	5
5550	5
5551	2
5552	2
5553	2
5554	2
5555	2
5556	1
5557	1
5558	1
5559	8
5560	1
5561	1
5562	5
5563	1
5564	1
5565	8
5566	1
5567	1
5568	1
5569	2
5570	5
5571	5
5572	2
5573	5
5574	5
5575	1
5576	2
5577	2
5578	2
5579	2
5580	5
5581	2
5582	2
5583	2
5584	2
5585	2
5586	5
5587	2
5588	2
5589	9
5590	9
5591	9
5592	5
5593	9
5594	9
5595	5
5596	2
5597	2
5598	2
5599	2
5600	2
5601	5
5602	1
5603	1
5604	1
5605	5
5606	5
5607	5
5608	2
5609	5
5610	5
5611	5
5612	5
5613	5
5614	5
5615	5
5616	2
5617	8
5618	5
5619	2
5620	1
5621	2
5622	5
5623	5
5624	2
5625	2
5626	5
5627	2
5628	5
5629	2
5630	2
5631	2
5632	2
5633	5
5634	2
5635	2
5636	2
5637	2
5638	2
5639	2
5640	2
5641	5
5642	5
5643	2
5644	9
5645	9
5646	2
5647	5
5648	9
5649	5
5650	2
5651	5
5652	2
5653	2
5654	2
5655	2
5656	2
5657	2
5658	1
5659	2
5660	2
5661	9
5662	8
5663	2
5664	1
5665	2
5666	5
5667	5
5668	5
5669	2
5670	5
5671	1
5672	2
5673	2
5674	2
5675	1
5676	9
5677	7
5678	5
5679	2
5680	5
5681	2
5682	2
5683	2
5684	2
5685	5
5686	2
5687	1
5688	2
5689	2
5690	2
5691	2
5692	5
5693	2
5694	2
5695	2
5696	2
5697	9
5698	2
5699	2
5700	2
5701	2
5702	2
5703	2
5704	2
5705	2
5706	2
5707	2
5708	2
5709	5
5710	2
5711	2
5712	5
5713	1
5714	1
5715	5
5716	1
5717	5
5718	2
5719	2
5720	2
5721	1
5722	5
5723	1
5725	5
5726	5
5727	5
5728	5
5729	2
5730	2
5731	5
5732	2
5733	9
5734	2
5735	2
5736	2
5737	5
5738	1
5739	5
5740	9
5741	2
5742	2
5743	5
5744	9
5745	2
5746	2
5747	9
5748	9
5749	2
5750	2
5751	2
5752	2
5753	2
5754	2
5755	2
5756	5
5757	1
5758	7
5759	2
5766	1
5767	5
5768	2
5769	5
5770	7
5771	5
5772	5
5773	8
5774	2
5775	5
5776	5
5777	5
5778	2
5779	5
5780	5
5781	2
5782	5
5783	8
5784	5
5785	1
5786	1
5787	8
5788	5
5789	2
5790	5
5791	2
5792	5
5793	5
5794	9
5795	2
5796	9
5797	5
5798	5
5799	2
5800	5
5801	2
5802	2
5803	2
5804	2
5805	1
5806	5
5807	2
5810	2
5811	5
5812	2
5813	5
5814	7
5815	7
5816	7
5817	7
5818	1
5819	2
5820	2
5821	5
5822	1
5823	2
5824	5
5825	5
5826	2
5827	2
5828	5
5829	5
5830	2
5831	5
5832	1
5833	2
5834	1
5835	1
5836	8
5837	1
5838	1
5839	5
5840	5
5841	5
5842	5
5843	5
5844	5
5845	2
5846	5
5847	2
5848	9
5849	5
5850	5
5851	2
5852	9
5853	5
5854	2
5855	5
5856	8
5857	1
5858	1
5859	2
5860	8
5861	1
5862	5
5863	2
5864	5
5865	2
5866	5
5867	2
5868	2
5869	2
5870	5
5871	5
5872	9
5873	2
5874	2
5875	1
5876	5
5877	5
5878	2
5879	2
5880	5
5881	5
5882	2
5883	5
5884	8
5885	5
5886	2
5887	9
5888	5
5889	2
5890	9
5891	7
5892	7
5893	7
5894	7
5895	7
5896	7
5897	7
5898	9
5899	9
5900	7
5901	9
5902	7
5903	7
5904	7
5905	7
5906	7
5907	7
5908	7
5909	7
5910	7
5911	7
5912	7
5913	7
5914	7
5915	7
5916	7
5917	7
5918	7
5919	7
5920	7
5921	7
5922	7
5923	7
5924	7
5925	7
5926	7
5927	7
5928	7
5929	7
5930	7
5931	7
5932	7
5933	7
5934	7
5935	7
5936	7
5937	7
5938	7
5939	7
5940	7
5941	7
5942	7
5943	7
5944	7
5945	7
5946	7
5947	7
5948	7
5949	7
5950	7
5951	7
5952	7
5953	7
5954	7
5955	7
5956	7
5957	7
5958	7
5959	7
5960	7
5961	7
5962	7
5963	7
5964	7
5965	7
5966	7
5967	7
5968	7
5969	7
5970	7
5971	7
5972	7
5973	7
5974	7
5975	7
5976	7
5977	7
5978	7
5979	7
5980	7
5981	7
5982	7
5983	7
5984	7
5985	7
5986	7
5987	7
5988	7
5989	7
5990	7
5991	7
5992	7
5993	7
5994	7
5995	7
5996	7
5997	7
5998	7
5999	7
6000	7
6001	7
6002	7
6003	7
6004	7
6005	7
6006	7
6007	7
6008	7
6009	7
6010	7
6011	7
6012	7
6013	7
6014	7
6015	7
6016	7
6017	7
6018	7
6019	7
6020	7
6021	7
6022	7
6023	7
6024	7
6025	7
6026	7
6027	7
6028	7
6029	7
6030	7
6031	7
6032	7
6033	7
6034	7
6035	7
6036	7
6037	7
6038	7
6039	7
6040	7
6041	7
6042	7
6043	7
6044	7
6045	7
6046	7
6047	7
6048	7
6049	7
6050	7
6051	7
6052	7
6053	7
6054	9
6055	7
6056	7
6057	7
6058	7
6059	7
6060	7
6061	7
6062	7
6063	7
6064	7
6065	7
6066	7
6067	7
6068	7
6069	7
6070	7
6071	7
6072	7
6073	7
6074	7
6075	7
6076	7
6077	7
6078	7
6079	7
6080	7
6081	7
6082	7
6083	7
6084	7
6085	7
6086	7
6087	7
6088	7
6089	7
6090	7
6091	7
6092	7
6093	7
6094	7
6095	7
6096	7
6097	7
6098	7
6099	7
6100	7
6101	7
6102	7
6103	7
6104	7
6105	7
6106	7
6107	7
6108	7
6109	7
6110	7
6111	7
6112	7
6113	7
6114	7
6115	7
6116	7
6117	7
6118	7
6119	7
6120	7
6121	7
6122	7
6123	7
6124	7
6125	7
6126	7
6127	7
6128	7
6129	7
6130	7
6131	7
6132	7
6133	7
6134	7
6135	7
6136	9
6137	7
6138	7
6139	7
6140	7
6141	7
6142	7
6143	7
6144	7
6145	7
6146	7
6147	7
6148	7
6149	7
6150	7
6151	7
6152	7
6153	7
6154	7
6155	7
6156	7
6157	7
6158	7
6159	7
6160	7
6161	7
6162	7
6163	7
6164	7
6165	7
6166	7
6167	7
6168	7
6169	7
6170	7
6171	7
6172	7
6173	7
6174	7
6175	7
6176	7
6177	7
6178	7
6179	7
6180	7
6181	7
6182	7
6183	7
6184	7
6185	7
6186	7
6187	7
6188	7
6189	7
6190	7
6191	7
6192	7
6193	7
6194	7
6195	7
6196	7
6197	7
6198	7
6199	7
6200	7
6201	7
6202	7
6203	7
6204	7
6205	1
6206	7
6207	7
6208	7
6209	7
6210	7
6211	7
6212	7
6213	7
6214	7
6215	7
6216	7
6217	7
6218	7
6219	7
6220	7
6221	7
6222	1
6223	7
6224	7
6225	7
6226	7
6227	7
6228	7
6229	7
6230	7
6231	7
6232	7
6233	7
6234	7
6235	7
6236	7
6237	7
6238	7
6239	0
6240	6
6241	9
6242	6
6243	6
6244	6
6245	0
6246	6
6247	6
6248	6
6249	6
6250	6
6251	6
6252	0
6253	6
6254	6
6255	0
6256	6
6257	6
6258	0
6259	6
6260	6
6261	9
6262	6
6263	8
6264	8
6265	9
6266	0
6267	0
6268	9
6269	6
6270	9
6271	0
6272	0
6273	0
6274	0
6275	9
6276	6
6277	6
6278	0
6279	0
6280	9
6281	9
6282	9
6283	0
6284	6
6285	6
6286	0
6287	0
6288	0
6289	8
6290	9
6291	0
6292	9
6293	0
6294	6
6295	6
6296	6
6297	6
6298	6
6299	0
6300	6
6301	0
6302	0
6303	0
6304	6
6305	0
6306	9
6307	9
6308	6
6309	6
6310	9
6311	6
6312	6
6313	9
6314	0
6315	6
6316	0
6317	9
6318	6
6319	6
6320	6
6321	6
6322	9
6323	0
6324	6
6325	6
6326	6
6327	6
6328	6
6329	6
6330	6
6331	6
6332	6
6333	6
6334	6
6335	0
6336	6
6337	9
6338	0
6339	8
6340	9
6341	6
6342	6
6343	6
6344	6
6345	0
6346	9
6347	8
6348	9
6349	0
6350	8
6351	6
6352	6
6353	8
6354	8
6355	9
6356	8
6357	9
6358	6
6359	6
6360	6
6361	6
6362	6
6363	6
6364	6
6365	6
6366	6
6367	6
6368	6
6369	6
6370	6
6371	6
6372	6
6373	6
6374	6
6375	0
6376	8
6377	8
6378	8
6379	8
6380	0
6381	6
6382	9
6383	9
6384	9
6385	0
6386	9
6387	6
6388	0
6389	9
6390	8
6391	9
6392	9
6393	8
6394	6
6395	6
6396	0
6397	6
6398	9
6399	0
6400	6
6401	6
6402	6
6403	6
6404	6
6405	6
6406	6
6407	6
6408	8
6409	6
6410	6
6411	6
6412	8
6413	6
6414	6
6415	9
6416	0
6417	9
6418	6
6419	6
6420	6
6421	9
6422	0
6423	8
6424	8
6425	8
6426	8
6427	8
6428	8
6429	8
6430	6
6431	6
6432	8
6433	6
6435	9
6436	6
6437	6
6438	9
6439	8
6440	6
6441	9
6442	9
6443	8
6444	8
6445	6
6446	9
6447	6
6448	0
6449	9
6450	0
6451	9
6452	9
6453	9
6454	0
6455	6
6456	0
6457	6
6458	0
6459	6
6460	6
6461	6
6462	6
6463	6
6464	8
6465	6
6466	9
6467	9
6468	6
6469	9
6470	6
6471	9
6472	6
6474	6
6475	8
6476	9
6477	6
6478	6
6479	6
6480	8
6481	0
6482	0
6483	6
6484	0
6485	6
6486	9
6487	9
6488	0
6489	8
6490	8
6491	9
6492	0
6493	8
6494	9
6495	6
6496	6
6497	9
6498	0
6499	8
6500	6
6501	6
6502	8
6503	0
6504	0
6505	0
6506	6
6507	0
6508	8
6509	6
6510	9
6511	9
6512	6
6513	6
6514	0
6515	6
6516	9
6517	6
6518	0
6519	6
6520	0
6521	6
6522	8
6523	8
6524	8
6525	8
6526	8
6527	8
6528	6
6529	0
6530	8
6531	8
6532	6
6533	8
6534	6
6535	6
6536	6
6537	6
6538	0
6539	6
6540	0
6541	6
6542	6
6543	6
6544	9
6545	6
6546	6
6547	6
6548	9
6549	6
6550	6
6551	6
6552	6
6553	6
6554	0
6555	0
6556	0
6557	0
6558	0
6559	0
6560	0
6561	0
6562	0
6563	0
6564	0
6565	1
6566	1
6567	1
6568	1
6569	1
6570	1
6571	1
6572	1
6573	1
6574	1
6575	1
6576	1
6577	1
6578	1
6579	1
6580	1
6581	7
6582	1
6583	1
6584	1
6585	7
6586	1
6587	1
6588	1
6589	1
6590	1
6591	1
6592	1
6593	0
6594	0
6595	0
6596	1
6597	1
6598	1
6599	1
6600	1
6601	0
6602	0
6603	0
6604	0
6605	0
6606	1
6607	1
6608	1
6609	1
6610	0
6611	0
6612	1
6613	1
6614	7
6615	7
6616	0
6617	1
6618	1
6619	1
6620	7
6621	1
6622	7
6623	0
6624	8
6625	8
6626	3
6627	1
6628	8
6629	7
6630	7
6631	8
6632	8
6633	8
6634	1
6635	1
6636	1
6637	1
6638	7
6639	1
6640	1
6641	8
6642	1
6643	1
6644	1
6645	1
6646	1
6647	1
6648	1
6650	1
6651	1
6652	1
6653	1
6654	1
6655	1
6656	1
6657	1
6658	1
6659	1
6660	1
6661	1
6662	1
6663	1
6664	1
6665	1
6666	1
6667	1
6668	1
6669	1
6671	7
6672	1
6679	1
6683	8
6684	1
6685	1
6686	1
6687	1
6688	1
6689	1
6690	8
6691	7
6692	1
6693	8
6694	8
6695	8
6696	8
6697	8
6698	8
6699	8
6700	8
6701	8
6702	8
6703	8
6704	8
6705	8
6706	8
6707	8
6708	8
6709	8
6710	8
6711	7
6712	7
6713	8
6714	7
6715	8
6716	8
6717	8
6718	1
6719	8
6720	8
6721	8
6722	8
6723	8
6724	8
6725	8
6726	8
6727	8
6728	8
6729	8
6730	8
6731	7
6732	8
6733	1
6734	8
6735	8
6736	8
6737	8
6738	8
6739	8
6740	8
6741	7
6742	1
6743	1
6744	1
6745	1
6746	1
6747	1
6748	1
6749	1
6750	1
6751	1
6752	1
6753	1
6754	1
6755	1
6756	1
6757	3
6758	8
6759	8
6760	8
6761	7
6762	8
6763	8
6764	9
6765	9
6766	9
6767	7
6768	7
6769	0
6770	7
6771	7
6772	7
6773	7
6774	7
6775	7
6776	7
6777	7
6778	7
6779	9
6780	9
6781	9
6782	9
6783	7
6784	7
6785	7
6786	7
6787	7
6788	7
6789	7
6790	7
6791	9
6792	9
6793	9
6794	7
6795	7
6796	7
6797	7
6798	7
6799	7
6800	9
6801	9
6802	9
6803	9
6804	9
6805	7
6806	9
6807	7
6808	7
6809	7
6810	7
6811	7
6812	7
6813	7
6814	7
6815	9
6816	9
6817	9
6818	9
6819	9
6820	9
6821	0
6822	9
6823	9
6824	0
6825	0
6826	0
6827	0
6828	0
6829	0
6830	0
6831	0
6832	0
6833	0
6834	0
6835	0
6836	0
6837	0
6838	0
6839	0
6840	0
6841	0
6842	0
6843	0
6844	0
6845	0
6846	0
6847	0
6848	0
6849	0
6850	0
6851	0
6852	0
6853	0
6854	0
6855	0
6856	0
6857	0
6858	0
6859	0
6860	0
6861	0
6862	0
6863	0
6864	0
6865	0
6866	0
6867	0
6868	0
6869	1
6870	7
6871	7
6872	1
6873	0
6874	0
6875	1
6876	1
6877	1
6878	1
6879	1
6880	0
6881	1
6882	5
6883	9
6884	5
6885	1
6886	5
6887	9
6888	1
6889	1
6890	1
6891	1
6892	1
6893	1
6894	1
6895	1
6896	1
6897	1
6898	5
6899	1
6900	1
6901	1
6902	0
6903	1
6904	1
6905	1
6906	1
6907	1
6908	1
6909	1
6910	6
6911	6
6912	1
6913	1
6914	0
6915	0
6916	0
6917	0
6918	0
6919	0
6920	9
6921	1
6922	1
6923	1
6924	1
6925	1
6926	0
6927	0
6928	1
6929	9
6930	9
6931	9
6932	9
6933	1
6934	1
6935	1
6936	1
6937	1
6938	1
6939	9
6940	9
6941	9
6942	5
6943	9
6944	9
6945	9
6946	1
6947	1
6948	1
6949	1
6950	9
6951	0
6952	0
6953	9
6954	9
6955	9
6956	6
6957	5
6958	6
6959	1
6960	1
6961	6
6962	9
6963	5
6964	9
6965	9
6966	5
