1	0
2	0
3	0
4	0
5	0
6	0
7	7
8	0
9	9
10	9
11	0
12	7
13	7
14	7
15	7
16	7
17	7
18	7
19	7
20	7
21	7
22	7
23	0
24	7
25	7
26	7
27	7
28	7
29	7
30	7
31	7
32	0
33	1
34	9
35	1
36	1
37	1
38	7
39	1
40	1
41	1
42	9
43	1
44	1
45	1
46	9
47	9
48	1
49	1
50	9
51	9
52	7
53	1
54	1
55	1
56	1
57	7
58	1
59	7
60	7
61	1
62	1
63	0
64	0
65	0
66	0
67	0
68	0
69	0
70	0
71	0
72	0
73	0
74	0
75	0
76	0
77	0
78	0
79	0
80	0
81	0
82	0
83	0
84	0
85	1
86	1
87	1
88	0
89	0
90	0
91	0
92	0
93	0
94	0
95	0
96	0
97	0
98	1
99	7
100	1
101	0
102	0
103	0
104	0
105	7
106	0
107	0
108	0
109	0
110	0
111	0
112	0
113	0
114	0
115	0
116	0
117	0
118	0
119	0
120	0
121	0
122	0
123	0
124	7
125	7
126	0
127	7
128	0
129	0
130	7
131	0
132	0
133	0
134	0
135	0
136	0
137	0
138	0
139	7
140	1
141	1
142	1
143	7
144	1
145	1
146	0
147	0
148	1
149	0
150	0
151	0
152	0
153	0
154	0
155	0
156	0
157	0
158	0
159	0
160	0
161	0
162	1
163	0
164	0
165	1
166	1
167	1
168	1
169	7
170	7
171	0
172	0
173	0
174	0
175	0
176	0
177	0
178	0
179	0
180	0
181	0
182	0
183	0
184	7
185	0
186	0
187	0
188	0
189	0
190	0
191	0
192	0
193	0
194	0
195	0
196	0
197	0
198	0
199	0
200	0
201	0
202	0
203	0
204	0
205	0
206	0
207	0
208	0
209	0
210	0
211	0
212	0
213	0
214	0
215	7
216	0
217	0
218	0
219	0
220	0
221	0
222	0
223	0
224	0
225	0
226	0
227	0
228	0
229	0
230	0
231	0
232	0
233	0
234	0
235	0
236	0
237	0
238	0
239	0
240	0
241	0
242	0
243	0
244	0
245	0
246	0
247	0
248	0
249	0
250	0
251	0
252	0
253	0
254	0
255	0
256	0
257	7
258	5
259	5
260	8
261	7
262	8
263	8
264	8
265	5
266	5
267	7
268	5
269	7
270	7
271	1
272	5
273	5
274	5
275	7
276	7
277	5
278	1
279	1
280	7
281	8
282	1
283	1
284	5
285	5
286	5
287	1
288	5
289	8
290	8
291	5
292	8
293	5
294	7
295	1
296	1
297	8
298	8
299	8
300	1
301	1
302	1
303	1
304	5
305	8
306	8
307	7
308	8
309	7
310	7
311	7
312	8
313	8
314	8
315	8
316	8
317	8
318	8
319	5
320	8
321	8
322	5
323	5
324	5
325	1
326	8
327	5
328	1
329	8
330	8
331	8
332	1
333	8
334	1
335	1
336	1
337	5
338	5
339	5
340	5
341	7
342	7
343	9
344	9
345	9
346	9
347	9
348	9
349	9
350	9
351	9
352	9
353	9
354	9
355	9
357	9
358	9
359	9
360	9
361	9
362	9
363	9
365	9
366	9
367	9
368	8
369	8
370	8
372	8
373	9
374	9
375	9
376	9
377	8
378	8
379	9
380	9
381	9
382	9
383	9
384	9
385	9
386	9
387	9
388	9
389	9
390	9
391	8
392	8
393	8
394	9
395	9
396	9
397	9
398	9
399	9
400	9
401	9
402	9
403	9
404	9
405	9
406	9
407	9
408	9
409	9
410	9
411	9
412	9
413	9
414	9
415	9
416	9
417	9
418	9
419	9
420	9
421	9
422	9
423	9
424	8
425	8
426	9
427	9
428	9
429	8
430	8
431	9
432	9
434	9
435	9
436	9
438	9
439	8
440	8
441	8
442	8
443	8
444	8
445	8
446	9
447	9
448	9
449	9
450	9
451	9
452	9
453	9
454	8
455	8
456	9
457	8
458	8
459	9
460	9
461	9
462	9
463	9
464	9
465	9
466	9
467	9
468	9
469	9
470	9
471	9
472	9
473	9
474	9
475	9
476	9
477	9
478	9
479	9
480	9
481	9
482	9
483	9
484	8
485	9
486	9
487	8
488	9
489	9
490	9
491	9
492	8
493	0
494	9
495	9
496	9
497	8
498	8
499	9
500	9
501	9
502	9
503	9
504	9
505	9
506	9
507	9
508	9
509	9
510	9
511	9
512	9
513	9
514	9
515	9
516	9
517	9
518	9
519	9
520	8
521	8
522	8
523	8
524	9
525	8
526	8
527	9
528	9
529	9
530	0
531	9
532	9
533	9
534	9
535	9
536	9
538	9
539	8
540	9
541	9
542	9
543	8
544	9
545	8
546	8
547	8
548	8
549	8
550	9
551	9
552	8
553	9
554	9
555	9
556	8
557	9
558	9
559	9
560	9
561	9
562	9
563	9
564	9
565	9
566	9
567	9
568	9
569	9
570	9
571	9
572	9
573	9
574	9
575	9
576	0
577	8
578	9
579	9
580	9
581	0
582	9
583	9
584	9
585	9
586	0
587	9
588	9
589	8
590	9
591	9
592	9
593	0
594	9
595	9
596	9
597	9
598	9
599	9
600	8
601	9
602	9
603	9
604	9
605	9
606	9
607	9
608	9
609	9
610	9
611	9
612	9
613	9
614	9
615	9
616	9
617	9
618	8
619	9
620	8
621	8
622	8
623	9
624	9
625	9
626	8
627	9
628	9
629	8
630	8
631	9
632	9
633	8
634	8
635	8
636	9
637	8
638	8
639	8
640	8
641	8
642	9
643	9
644	9
645	9
646	7
647	7
648	7
649	7
650	9
651	9
652	9
653	7
654	9
655	9
656	7
657	7
658	9
659	7
660	0
661	0
662	9
663	0
664	0
665	0
666	0
667	0
668	9
669	0
670	9
671	0
672	0
673	0
674	0
675	5
676	0
677	0
678	0
679	0
680	0
681	0
682	0
683	0
684	0
685	0
686	0
687	0
688	0
689	0
690	0
691	0
692	0
693	0
694	0
695	0
696	0
697	0
698	0
699	0
700	0
701	0
702	0
703	0
704	0
705	0
706	0
707	0
708	0
709	0
710	0
711	0
712	0
713	0
714	0
715	0
716	0
717	0
718	0
719	0
720	0
721	0
722	0
723	0
724	0
725	9
726	0
727	9
728	9
729	9
730	9
731	9
732	9
733	9
734	9
735	9
736	9
737	9
738	9
739	9
740	0
741	9
742	0
743	0
744	9
745	0
746	9
747	9
748	0
749	5
750	0
751	5
752	7
753	7
754	7
755	7
756	8
757	7
758	7
759	7
760	0
761	0
762	8
763	0
764	5
765	0
766	0
767	5
768	0
769	0
770	5
771	8
772	0
773	5
774	5
775	0
776	8
777	1
778	1
779	1
780	5
781	1
782	1
783	5
784	5
785	0
786	1
787	0
788	5
789	1
790	5
791	5
792	5
793	0
794	0
795	7
796	0
797	7
798	7
799	7
800	7
801	7
802	7
803	7
804	7
805	7
806	7
807	7
808	7
809	7
810	7
811	7
812	7
813	7
814	7
815	7
816	7
817	7
818	7
819	7
820	7
821	7
822	7
823	7
824	7
825	7
826	7
827	7
828	7
829	7
830	7
831	7
832	7
833	7
834	7
835	0
836	7
837	7
838	7
839	7
840	7
841	7
842	0
843	0
844	0
845	0
846	7
847	7
848	0
849	7
850	7
851	0
852	7
853	7
854	7
855	7
856	7
857	7
858	7
859	7
860	0
861	0
862	7
863	0
864	0
865	0
866	7
867	7
868	0
869	7
870	0
871	7
872	7
873	7
874	7
875	7
876	7
877	7
878	7
879	7
880	0
881	1
882	7
883	1
884	9
885	7
886	1
887	1
888	9
889	9
890	9
891	9
892	0
893	0
894	0
895	7
896	7
897	7
898	7
899	7
900	1
901	7
902	7
903	0
904	7
905	7
906	0
907	0
908	0
909	7
910	0
911	7
912	7
913	0
914	7
915	7
916	0
917	7
918	7
919	7
920	7
921	7
922	7
923	0
924	7
925	7
926	7
927	7
928	1
929	1
930	7
931	7
932	1
933	1
934	1
935	1
936	7
937	7
938	0
939	0
940	0
941	0
942	0
943	0
944	0
945	7
946	1
947	0
948	1
949	1
950	1
951	0
952	7
953	7
954	0
955	7
956	7
957	0
958	0
959	0
960	0
961	7
962	7
963	0
964	0
965	7
966	0
967	7
968	0
969	1
970	1
971	1
972	1
973	0
974	1
975	1
976	0
977	0
978	0
979	0
980	7
981	7
982	7
983	0
984	0
985	0
986	0
987	0
988	0
989	0
990	0
991	7
992	1
993	1
994	7
995	0
996	0
997	0
998	0
999	0
1000	0
1001	0
1002	7
1003	7
1004	7
1005	7
1006	0
1007	7
1008	1
1009	9
1010	9
1011	9
1012	9
1013	8
1014	9
1015	9
1016	9
1017	9
1018	8
1019	9
1020	9
1021	8
1022	9
1023	9
1024	9
1025	9
1026	9
1027	9
1028	8
1029	8
1030	9
1031	9
1032	9
1033	9
1034	9
1035	9
1036	9
1037	9
1038	9
1039	8
1040	8
1041	8
1042	8
1043	9
1044	9
1045	9
1046	9
1051	0
1052	0
1053	9
1054	9
1055	9
1056	9
1057	6
1058	9
1059	9
1060	9
1061	9
1062	9
1063	8
1064	9
1065	9
1066	9
1068	9
1069	9
1070	8
1071	6
1072	8
1073	9
1074	9
1075	9
1076	9
1077	9
1078	9
1079	9
1080	9
1081	9
1082	9
1084	8
1085	9
1087	9
1088	8
1089	9
1090	8
1091	8
1092	9
1093	8
1094	8
1095	9
1096	8
1097	9
1099	9
1101	9
1102	8
1103	8
1104	8
1105	8
1106	1
1107	7
1108	8
1109	9
1110	1
1111	9
1112	1
1113	9
1114	9
1115	9
1116	9
1117	9
1118	9
1120	1
1121	9
1122	9
1123	9
1124	9
1125	9
1126	9
1127	9
1128	9
1129	8
1130	8
1131	7
1132	9
1133	9
1134	1
1135	8
1136	9
1137	8
1138	9
1139	8
1140	8
1141	8
1142	8
1143	9
1144	9
1145	8
1146	9
1147	9
1149	9
1151	8
1157	1
1160	8
1161	8
1162	8
1163	9
1164	8
1165	9
1167	8
1168	8
1169	8
1170	8
1171	8
1172	8
1173	9
1174	8
1175	9
1176	9
1177	9
1178	9
1179	9
1181	9
1182	9
1185	9
1189	9
1190	9
1191	9
1192	9
1193	9
1194	9
1195	9
1196	9
1197	9
1198	9
1199	9
1200	9
1201	9
1202	8
1203	9
1204	9
1205	9
1206	9
1207	9
1208	9
1209	9
1210	9
1211	8
1212	9
1213	9
1214	9
1215	9
1216	9
1217	3
1218	3
1219	3
1220	3
1221	3
1222	4
1223	3
1224	4
1225	4
1226	3
1227	3
1228	3
1229	4
1230	3
1231	3
1232	4
1233	9
1234	9
1235	9
1236	4
1237	4
1238	4
1239	4
1240	4
1241	4
1242	4
1243	4
1244	4
1245	4
1246	4
1247	4
1249	4
1250	4
1251	4
1252	4
1253	4
1254	4
1255	4
1256	4
1257	4
1258	4
1259	4
1260	4
1261	4
1263	4
1264	4
1265	4
1266	4
1267	4
1268	4
1269	4
1270	4
1271	2
1272	2
1273	2
1274	2
1275	2
1276	2
1277	2
1278	2
1279	2
1280	2
1281	2
1282	2
1283	4
1284	2
1285	2
1286	2
1287	2
1288	2
1289	2
1290	2
1291	2
1292	2
1293	2
1294	2
1295	2
1296	2
1297	2
1298	2
1299	2
1300	2
1301	2
1302	2
1303	2
1304	2
1305	2
1306	2
1307	2
1308	4
1309	2
1310	2
1311	2
1312	2
1313	4
1314	5
1315	4
1316	5
1317	5
1318	5
1319	4
1320	5
1321	5
1322	4
1323	4
1324	5
1325	5
1326	5
1327	4
1328	5
1329	4
1330	2
1331	4
1332	2
1333	2
1334	2
1335	2
1336	2
1337	4
1338	4
1339	4
1340	4
1341	2
1342	2
1343	2
1344	2
1345	2
1346	2
1347	4
1348	4
1349	5
1350	5
1351	2
1352	5
1353	5
1354	5
1355	5
1356	5
1357	5
1358	5
1359	4
1360	2
1361	4
1362	2
1363	2
1364	2
1365	2
1366	2
1367	2
1368	2
1369	4
1370	2
1371	2
1372	2
1374	4
1375	4
1376	4
1377	6
1378	5
1379	5
1380	5
1381	4
1382	6
1383	6
1384	6
1385	6
1386	5
1387	3
1388	4
1389	4
1390	3
1391	3
1392	6
1393	6
1394	6
1395	6
1396	6
1397	9
1398	9
1399	9
1400	9
1401	9
1402	9
1403	9
1404	9
1405	9
1406	9
1407	9
1408	4
1409	4
1410	4
1411	3
1412	4
1413	4
1414	4
1415	4
1416	4
1417	4
1418	4
1419	4
1420	4
1421	4
1422	4
1423	4
1424	4
1425	4
1426	4
1427	4
1429	4
1432	4
1433	4
1434	2
1435	2
1436	2
1437	2
1438	2
1439	2
1440	2
1441	2
1442	4
1443	4
1444	4
1445	4
1446	4
1447	2
1448	2
1449	2
1450	2
1451	2
1452	2
1453	2
1454	2
1455	2
1456	2
1457	2
1458	2
1459	2
1460	2
1461	2
1462	2
1463	4
1464	4
1465	2
1466	5
1467	5
1468	5
1469	4
1470	5
1471	5
1472	5
1473	5
1474	4
1475	5
1476	5
1477	5
1478	5
1479	5
1480	5
1481	5
1482	5
1483	5
1484	5
1485	4
1486	4
1487	4
1488	4
1489	5
1490	4
1491	4
1492	4
1493	2
1494	4
1495	4
1496	2
1497	4
1498	4
1499	5
1500	4
1501	5
1502	5
1503	4
1504	2
1505	2
1506	4
1507	2
1508	2
1509	2
1510	2
1511	4
1512	2
1513	2
1514	2
1515	2
1516	2
1517	5
1518	5
1519	5
1520	5
1521	5
1522	5
1523	5
1524	5
1525	5
1526	4
1527	4
1528	4
1529	4
1530	4
1531	4
1533	4
1534	4
1535	2
1536	2
1537	2
1538	2
1539	2
1540	2
1541	2
1542	2
1543	2
1544	5
1545	6
1546	6
1547	5
1548	5
1549	5
1550	5
1551	4
1552	4
1553	6
1554	6
1555	6
1556	3
1557	4
1558	4
1559	3
1560	3
1561	4
1562	4
1563	9
1564	9
1565	9
1566	9
1567	9
1568	4
1569	3
1570	3
1571	3
1572	3
1573	3
1574	4
1575	4
1576	4
1577	4
1578	4
1579	4
1580	4
1581	4
1582	4
1584	4
1585	4
1586	4
1587	4
1588	4
1589	4
1590	4
1591	4
1592	4
1593	4
1594	4
1596	4
1597	4
1598	4
1599	4
1600	2
1601	2
1602	2
1603	2
1604	2
1605	2
1606	2
1607	4
1608	2
1609	4
1610	4
1611	4
1612	4
1613	4
1614	4
1615	2
1616	2
1617	2
1618	2
1619	2
1620	4
1621	2
1622	4
1623	2
1624	4
1625	4
1626	2
1627	2
1628	2
1629	2
1630	2
1631	2
1632	2
1633	2
1634	2
1635	2
1636	4
1637	4
1638	4
1639	4
1640	4
1641	4
1642	5
1643	4
1644	5
1645	5
1646	4
1647	4
1648	4
1649	5
1650	5
1651	4
1652	4
1653	4
1654	4
1655	4
1656	4
1657	4
1658	4
1659	4
1660	4
1661	2
1662	2
1663	2
1664	2
1665	2
1666	2
1667	2
1668	2
1669	2
1670	2
1671	4
1672	2
1673	2
1674	2
1675	2
1676	2
1677	2
1678	2
1679	2
1680	2
1681	2
1682	2
1683	2
1684	2
1685	2
1686	2
1687	2
1688	5
1689	5
1690	5
1691	5
1692	5
1693	5
1694	5
1695	5
1696	2
1697	2
1698	2
1699	2
1700	2
1701	2
1702	2
1703	4
1704	2
1705	2
1706	2
1707	2
1708	2
1709	2
1710	2
1711	2
1712	2
1713	4
1714	4
1715	4
1716	5
1717	3
1718	4
1719	5
1720	4
1721	5
1722	5
1723	3
1724	4
1725	4
1726	4
1727	4
1728	4
1729	4
1730	3
1731	4
1732	3
1733	3
1734	3
1735	3
1736	3
1737	3
1738	4
1739	4
1740	4
1741	4
1742	4
1743	4
1744	4
1745	4
1746	4
1747	4
1748	4
1749	4
1750	4
1751	4
1752	4
1753	4
1754	2
1755	4
1756	2
1757	4
1758	3
1759	4
1760	4
1761	4
1762	4
1763	2
1764	2
1765	2
1766	2
1767	2
1769	2
1770	2
1771	2
1772	2
1773	2
1774	2
1775	2
1776	2
1777	2
1778	2
1779	2
1780	2
1781	2
1782	2
1783	2
1784	2
1785	4
1786	2
1787	2
1788	2
1789	2
1790	2
1791	2
1792	2
1793	2
1795	2
1796	2
1797	2
1798	2
1799	2
1800	2
1801	4
1802	4
1803	5
1804	4
1805	4
1806	4
1807	4
1808	4
1809	4
1810	4
1811	4
1812	4
1813	4
1814	4
1815	4
1816	4
1817	4
1818	4
1819	4
1820	4
1821	4
1822	2
1823	2
1824	2
1825	2
1826	2
1827	2
1828	2
1829	2
1830	2
1831	5
1832	5
1833	2
1834	2
1835	2
1836	2
1837	2
1838	2
1839	2
1840	2
1841	2
1842	2
1843	2
1844	2
1845	2
1846	2
1847	2
1848	2
1849	2
1850	5
1851	5
1852	5
1853	5
1854	5
1855	5
1856	5
1857	4
1858	4
1859	4
1860	4
1861	4
1862	4
1863	4
1864	4
1865	4
1866	5
1867	6
1868	8
1869	5
1870	5
1871	5
1872	5
1873	4
1874	5
1875	5
1876	6
1877	6
1878	3
1879	6
1880	3
1881	6
1882	3
1883	3
1884	3
1885	3
1886	3
1887	4
1888	4
1889	4
1890	4
1891	3
1892	4
1893	3
1894	3
1895	3
1896	4
1897	4
1898	4
1899	4
1900	4
1901	4
1902	4
1903	4
1904	4
1905	4
1906	4
1907	4
1908	4
1909	4
1910	4
1911	4
1912	4
1913	4
1914	4
1915	4
1916	4
1917	4
1918	4
1919	4
1920	4
1921	4
1922	4
1923	4
1924	4
1925	2
1926	2
1927	4
1928	2
1929	2
1930	4
1931	4
1932	2
1933	2
1934	4
1935	2
1936	4
1937	4
1938	2
1939	2
1940	2
1941	2
1942	2
1943	2
1944	4
1945	2
1946	2
1947	4
1948	2
1949	4
1950	4
1951	4
1952	2
1953	2
1954	2
1955	2
1956	2
1957	2
1958	2
1959	4
1960	2
1961	4
1962	2
1963	2
1964	4
1965	4
1966	4
1967	4
1968	4
1969	5
1970	4
1971	4
1972	4
1973	4
1974	4
1975	4
1976	4
1977	4
1978	5
1979	4
1980	2
1981	2
1982	2
1983	2
1984	2
1985	2
1986	2
1987	4
1988	2
1989	2
1990	2
1991	2
1992	2
1993	2
1994	2
1995	2
1996	2
1997	2
1998	2
1999	2
2000	2
2001	2
2002	2
2003	2
2004	2
2005	2
2006	2
2007	2
2008	2
2009	2
2010	2
2011	5
2012	5
2013	5
2014	5
2015	6
2016	5
2017	5
2018	6
2019	8
2020	5
2021	8
2022	5
2023	5
2024	5
2025	3
2026	4
2027	5
2028	5
2029	5
2030	5
2031	5
2032	3
2033	4
2034	4
2035	4
2036	4
2037	3
2038	4
2039	4
2040	4
2041	4
2042	4
2043	4
2044	4
2045	4
2046	3
2047	3
2048	3
2049	3
2050	4
2051	3
2052	4
2053	4
2054	4
2055	4
2056	4
2057	4
2058	4
2059	4
2060	4
2061	4
2062	4
2063	4
2064	4
2065	4
2066	4
2067	4
2068	4
2069	4
2070	4
2071	4
2072	4
2073	4
2074	4
2075	4
2076	4
2077	4
2078	2
2079	2
2080	2
2081	2
2082	2
2083	4
2084	2
2085	4
2086	4
2087	4
2088	2
2089	4
2090	2
2091	2
2092	4
2093	4
2094	2
2095	4
2096	4
2097	4
2098	2
2099	4
2100	2
2101	2
2102	2
2103	2
2104	2
2105	2
2106	2
2107	2
2108	2
2109	2
2110	2
2111	2
2112	2
2113	4
2114	4
2115	4
2116	4
2117	4
2118	4
2119	4
2120	4
2121	4
2122	4
2123	4
2124	4
2125	5
2126	4
2127	4
2128	4
2129	4
2130	5
2131	5
2132	2
2133	2
2134	5
2135	5
2136	5
2137	5
2138	5
2139	5
2140	5
2141	4
2142	2
2143	2
2144	2
2145	2
2146	4
2147	4
2148	4
2149	2
2150	4
2151	2
2152	5
2153	4
2154	4
2155	4
2156	2
2157	2
2158	4
2161	5
2162	5
2163	5
2164	5
2165	4
2166	5
2167	5
2168	4
2169	2
2170	2
2171	2
2172	2
2173	6
2174	5
2175	5
2176	5
2177	5
2178	5
2179	5
2180	8
2181	8
2182	5
2183	5
2184	5
2185	4
2186	3
2187	4
2188	5
2189	5
2190	5
2191	5
2192	5
2193	4
2194	4
2195	3
2196	3
2197	3
2198	3
2199	4
2200	4
2201	4
2202	3
2203	3
2204	4
2205	3
2206	3
2207	4
2208	4
2209	4
2210	4
2211	4
2212	4
2213	4
2215	4
2216	4
2217	4
2218	4
2219	4
2220	4
2221	4
2222	4
2223	4
2224	4
2225	4
2226	4
2227	4
2228	4
2229	4
2230	4
2231	4
2232	4
2233	4
2234	4
2235	2
2236	4
2237	4
2238	4
2239	4
2240	4
2241	4
2242	4
2243	4
2244	4
2245	2
2246	4
2247	4
2248	2
2249	2
2250	4
2251	4
2252	2
2253	4
2254	4
2255	4
2256	4
2257	4
2258	4
2259	3
2260	3
2261	5
2262	3
2263	5
2264	3
2265	4
2266	5
2267	5
2268	4
2269	4
2270	4
2271	4
2272	4
2273	4
2274	4
2275	5
2276	5
2277	5
2278	2
2279	2
2280	2
2281	2
2282	2
2283	2
2284	2
2285	2
2286	2
2287	2
2288	2
2289	2
2290	2
2291	2
2292	2
2293	2
2294	2
2295	2
2296	2
2297	2
2298	2
2299	2
2300	2
2301	2
2302	5
2303	5
2304	5
2305	8
2306	5
2307	5
2308	5
2309	8
2310	5
2311	5
2312	4
2313	5
2314	5
2315	5
2316	4
2317	2
2318	8
2319	8
2320	8
2321	5
2322	8
2323	5
2324	5
2325	8
2326	8
2327	5
2328	5
2329	6
2330	6
2331	5
2332	3
2333	5
2334	3
2335	5
2336	5
2337	3
2338	5
2339	3
2340	3
2341	3
2342	5
2343	5
2344	3
2345	3
2346	3
2347	3
2348	3
2349	3
2350	4
2351	3
2352	3
2353	4
2354	3
2355	4
2356	4
2357	4
2358	4
2359	4
2360	4
2361	4
2362	4
2363	3
2364	4
2365	4
2366	4
2367	4
2368	4
2369	4
2370	4
2371	3
2372	4
2373	4
2374	4
2375	4
2376	4
2377	4
2378	4
2379	4
2380	4
2381	4
2382	4
2383	4
2384	4
2385	4
2386	2
2387	4
2388	4
2389	4
2390	4
2391	2
2392	2
2393	2
2394	4
2395	4
2396	4
2397	2
2398	2
2399	2
2400	2
2401	2
2402	2
2403	4
2404	4
2405	4
2406	4
2407	2
2408	4
2409	4
2410	4
2411	2
2412	4
2413	4
2414	4
2415	2
2416	4
2417	4
2418	4
2419	4
2420	4
2421	4
2422	4
2423	2
2424	4
2425	5
2426	4
2427	4
2428	4
2429	4
2430	5
2431	5
2432	5
2433	4
2434	5
2435	4
2436	4
2437	4
2438	4
2439	5
2440	5
2441	5
2442	5
2443	5
2444	5
2445	5
2446	2
2447	5
2448	5
2449	5
2450	2
2451	2
2452	5
2453	5
2454	4
2455	2
2456	2
2457	2
2458	2
2459	2
2460	2
2461	2
2462	2
2463	2
2464	5
2465	4
2466	5
2467	3
2468	5
2469	5
2470	4
2471	6
2472	5
2473	5
2474	5
2475	5
2476	5
2477	5
2478	5
2479	5
2480	5
2481	8
2482	8
2483	5
2484	5
2485	5
2486	2
2487	2
2488	5
2489	5
2490	4
2491	4
2492	4
2493	4
2494	4
2495	4
2496	4
2497	4
2498	3
2499	5
2500	3
2501	3
2502	3
2503	3
2504	3
2505	3
2506	5
2507	4
2508	4
2509	4
2510	4
2511	4
2512	4
2513	4
2514	4
2515	4
2516	4
2517	2
2518	4
2520	4
2521	4
2522	4
2523	4
2524	4
2525	4
2526	4
2527	4
2528	4
2529	4
2530	4
2531	4
2532	4
2533	4
2534	4
2535	3
2536	4
2537	4
2538	4
2539	4
2540	4
2541	4
2542	4
2543	4
2544	4
2545	4
2546	4
2547	4
2548	4
2549	4
2550	4
2551	4
2552	2
2553	2
2554	2
2555	2
2556	2
2557	2
2558	2
2559	2
2560	2
2561	2
2562	2
2563	2
2564	2
2565	2
2566	2
2567	2
2568	2
2569	2
2570	2
2571	2
2572	4
2573	4
2574	4
2575	4
2576	2
2577	2
2578	4
2579	4
2580	4
2581	4
2582	4
2583	4
2584	4
2585	4
2586	2
2587	2
2588	4
2589	4
2590	4
2591	5
2592	5
2593	5
2594	5
2595	5
2596	4
2597	5
2598	3
2599	3
2600	3
2601	5
2602	5
2603	5
2604	5
2605	5
2606	5
2607	4
2608	2
2609	2
2610	2
2611	4
2612	5
2613	2
2614	2
2615	4
2616	2
2617	2
2618	2
2619	2
2620	5
2621	2
2622	2
2623	5
2624	5
2625	5
2626	2
2627	4
2628	2
2629	5
2630	5
2631	4
2632	5
2633	3
2634	5
2635	5
2636	2
2637	5
2638	5
2639	5
2640	5
2641	5
2642	5
2643	5
2644	5
2645	2
2646	5
2647	5
2648	5
2649	5
2650	5
2651	4
2652	4
2653	5
2654	5
2655	5
2656	3
2657	3
2658	3
2659	4
2660	4
2661	3
2662	4
2663	4
2664	3
2665	4
2666	4
2667	3
2668	4
2669	4
2670	4
2671	4
2672	4
2673	2
2674	4
2675	2
2676	2
2677	2
2678	2
2679	2
2680	2
2681	2
2682	2
2683	2
2684	4
2685	4
2686	4
2687	4
2688	4
2689	4
2690	4
2691	4
2692	4
2693	4
2694	4
2695	4
2696	4
2697	3
2698	3
2699	4
2700	4
2701	4
2702	4
2703	4
2704	4
2705	4
2706	4
2707	4
2708	4
2710	2
2711	2
2712	4
2713	4
2714	2
2715	4
2716	4
2717	4
2718	4
2719	4
2720	4
2721	4
2722	2
2723	4
2724	4
2725	2
2726	4
2727	2
2728	4
2729	2
2730	4
2731	2
2732	2
2733	2
2734	2
2735	2
2736	2
2737	2
2738	2
2739	2
2740	2
2741	4
2742	5
2743	4
2744	4
2745	4
2746	4
2747	5
2748	5
2749	3
2750	5
2751	3
2752	3
2753	3
2754	5
2755	4
2756	4
2757	4
2758	4
2759	5
2760	5
2761	5
2762	5
2763	4
2764	4
2765	4
2766	4
2767	5
2768	4
2769	4
2770	4
2771	5
2772	4
2773	2
2774	2
2775	5
2776	2
2777	5
2778	5
2779	4
2780	2
2781	4
2782	4
2783	2
2784	2
2785	2
2786	4
2787	4
2788	2
2789	2
2790	2
2791	2
2792	2
2793	2
2794	2
2795	2
2796	3
2797	2
2798	5
2799	4
2800	5
2801	5
2802	5
2803	5
2804	5
2805	5
2806	5
2807	5
2808	5
2809	5
2810	5
2811	5
2812	5
2813	5
2814	5
2815	5
2816	5
2817	5
2818	5
2819	5
2820	5
2821	5
2822	5
2823	5
2824	5
2825	6
2826	3
2827	3
2828	3
2829	4
2830	3
2831	6
2832	6
2833	3
2834	6
2835	2
2836	2
2837	2
2838	4
2839	4
2840	2
2841	4
2842	2
2843	2
2844	4
2845	2
2846	2
2847	2
2848	4
2849	5
2850	5
2851	4
2852	2
2853	4
2854	4
2855	4
2856	4
2857	4
2858	4
2859	4
2860	4
2861	4
2862	4
2863	4
2864	4
2865	4
2866	4
2867	4
2868	4
2869	4
2870	4
2871	4
2872	4
2873	4
2874	4
2875	4
2876	4
2877	2
2878	4
2879	4
2880	4
2881	4
2882	4
2883	4
2884	4
2885	4
2886	4
2887	4
2888	4
2889	4
2890	4
2891	4
2892	4
2893	2
2894	2
2895	2
2896	2
2897	2
2898	2
2899	2
2900	2
2901	2
2902	2
2903	2
2904	2
2905	2
2906	2
2907	2
2908	2
2909	4
2910	2
2911	2
2912	2
2913	3
2914	3
2915	3
2916	3
2917	4
2918	5
2919	3
2920	3
2921	3
2922	3
2923	4
2924	5
2925	4
2926	5
2927	5
2928	5
2929	5
2930	5
2931	4
2932	4
2933	2
2934	5
2935	2
2936	4
2937	4
2938	4
2939	4
2940	4
2941	4
2942	4
2943	4
2944	4
2945	2
2946	4
2947	4
2948	2
2949	2
2950	2
2951	2
2952	2
2953	5
2954	5
2955	5
2956	5
2957	5
2958	2
2959	4
2960	4
2961	5
2962	5
2964	5
2965	6
2966	5
2967	5
2968	5
2969	5
2970	5
2971	5
2972	5
2973	5
2974	5
2975	5
2976	5
2977	2
2978	2
2979	2
2980	5
2981	5
2982	4
2983	5
2984	5
2985	3
2986	3
2987	6
2988	6
2989	3
2990	3
2991	6
2992	6
2993	6
2994	6
2995	3
2996	4
2997	2
2998	5
2999	4
3000	4
3001	2
3002	2
3003	2
3004	2
3005	2
3006	2
3007	4
3008	4
3009	4
3010	4
3011	4
3012	4
3013	4
3014	4
3015	4
3016	4
3017	4
3018	4
3019	4
3020	4
3021	4
3022	4
3023	4
3024	4
3025	4
3026	4
3027	4
3028	4
3029	4
3030	4
3031	4
3032	5
3033	5
3034	4
3035	2
3036	2
3037	4
3038	4
3039	4
3040	4
3041	4
3042	4
3043	4
3044	4
3045	4
3046	4
3047	4
3048	4
3049	4
3050	4
3051	4
3052	4
3053	4
3054	4
3055	4
3056	4
3057	4
3058	4
3059	4
3060	4
3061	4
3062	4
3063	4
3064	2
3065	4
3066	2
3067	4
3068	4
3069	2
3070	4
3071	4
3072	2
3073	2
3074	2
3075	2
3076	4
3077	4
3078	4
3079	4
3080	4
3081	5
3082	3
3083	5
3084	5
3085	4
3086	4
3087	5
3088	4
3089	4
3090	5
3091	4
3092	4
3093	4
3094	4
3095	4
3096	4
3097	4
3098	4
3099	4
3100	4
3101	4
3102	2
3103	4
3104	4
3105	4
3106	2
3107	4
3108	4
3109	4
3110	4
3111	4
3112	2
3113	2
3114	2
3115	5
3116	5
3117	2
3118	5
3119	5
3120	5
3121	5
3122	2
3123	5
3124	4
3125	4
3126	5
3127	5
3128	2
3129	4
3130	4
3131	5
3132	5
3133	3
3135	2
3136	5
3137	5
3138	5
3139	5
3140	5
3141	5
3142	2
3143	5
3144	2
3145	2
3146	5
3147	5
3148	5
3149	5
3150	4
3151	5
3152	5
3153	6
3154	3
3155	6
3156	3
3157	3
3158	6
3159	3
3160	3
3161	3
3162	3
3163	2
3164	2
3165	5
3166	2
3167	2
3168	2
3169	2
3170	5
3171	5
3172	4
3173	4
3174	2
3175	2
3176	2
3177	4
3178	2
3179	2
3180	2
3181	2
3184	2
3185	2
3186	2
3187	2
3188	2
3189	4
3190	4
3191	4
3192	4
3193	3
3194	3
3195	4
3196	4
3197	2
3198	3
3199	4
3200	4
3201	4
3202	4
3203	4
3204	4
3205	4
3206	4
3212	4
3213	4
3214	4
3215	4
3216	4
3217	2
3218	2
3219	2
3220	4
3221	4
3222	2
3223	2
3224	2
3225	2
3226	2
3227	2
3228	2
3229	2
3230	2
3231	2
3232	2
3233	2
3234	2
3235	2
3236	2
3237	2
3238	2
3239	2
3240	4
3241	5
3242	5
3243	5
3244	5
3245	5
3246	5
3247	5
3248	5
3249	5
3250	5
3251	4
3252	4
3253	4
3254	4
3255	4
3256	4
3257	4
3258	4
3259	4
3260	4
3261	2
3262	4
3263	2
3264	2
3265	2
3266	2
3267	2
3268	2
3269	2
3270	5
3271	2
3272	5
3273	5
3274	5
3275	5
3276	5
3277	5
3278	5
3279	5
3280	2
3281	3
3282	3
3284	4
3285	4
3286	2
3287	5
3288	5
3289	4
3292	4
3293	5
3294	5
3295	5
3296	4
3297	4
3298	5
3299	5
3300	5
3301	5
3302	5
3303	5
3304	8
3305	3
3306	5
3307	5
3308	5
3309	3
3310	6
3311	3
3312	3
3313	3
3314	6
3315	3
3316	3
3317	4
3318	6
3319	3
3320	3
3321	3
3322	2
3323	8
3324	5
3325	5
3326	2
3327	2
3328	2
3329	2
3330	2
3331	3
3332	3
3333	2
3334	2
3335	2
3336	2
3337	4
3338	4
3339	4
3340	4
3341	4
3342	4
3343	4
3344	4
3345	4
3346	4
3347	4
3348	4
3350	4
3351	4
3352	4
3353	4
3355	2
3356	4
3357	2
3358	2
3359	2
3360	2
3361	2
3362	2
3363	2
3364	2
3365	4
3366	2
3367	2
3368	2
3369	2
3370	2
3371	4
3372	4
3373	4
3374	2
3375	2
3376	4
3377	2
3378	2
3379	4
3380	2
3381	2
3382	2
3383	2
3384	2
3385	2
3386	4
3387	2
3388	4
3389	4
3390	2
3391	2
3392	2
3393	2
3394	2
3395	4
3396	2
3397	2
3398	2
3399	2
3400	5
3401	5
3402	3
3403	3
3404	3
3405	4
3406	4
3407	5
3408	4
3409	4
3410	4
3411	4
3412	4
3413	4
3414	4
3415	4
3416	4
3417	5
3418	2
3419	2
3420	5
3421	2
3422	4
3423	2
3424	2
3425	2
3426	2
3427	2
3428	5
3429	2
3430	5
3431	2
3432	5
3433	5
3434	5
3435	5
3436	5
3437	5
3438	2
3439	5
3440	3
3441	4
3442	2
3443	4
3444	4
3445	2
3446	4
3447	5
3448	2
3449	5
3450	5
3451	4
3452	4
3453	4
3454	4
3455	2
3456	5
3457	5
3458	5
3459	4
3460	5
3461	6
3462	5
3463	3
3464	6
3465	5
3466	3
3467	3
3468	3
3469	5
3470	5
3471	5
3472	6
3473	6
3474	3
3475	3
3476	3
3477	3
3478	6
3479	6
3480	6
3481	6
3482	6
3483	6
3484	3
3485	6
3486	6
3487	3
3488	3
3489	6
3490	4
3491	4
3492	4
3493	4
3494	4
3495	3
3496	2
3497	4
3498	4
3499	2
3500	2
3501	4
3502	4
3503	4
3504	4
3505	4
3506	4
3507	4
3508	4
3509	4
3510	4
3513	4
3514	4
3515	4
3516	4
3517	4
3518	4
3519	4
3520	4
3521	4
3522	4
3523	4
3524	4
3525	4
3526	2
3527	4
3528	2
3529	2
3530	2
3531	2
3533	2
3534	2
3535	2
3536	2
3537	2
3538	2
3539	2
3540	2
3541	2
3542	4
3543	4
3544	4
3545	2
3546	2
3547	2
3548	2
3549	2
3550	2
3551	2
3552	2
3553	2
3554	2
3555	2
3556	2
3557	2
3558	2
3559	2
3560	2
3561	2
3562	4
3563	2
3564	4
3565	2
3566	4
3567	4
3568	4
3569	4
3570	5
3571	5
3572	5
3573	5
3574	5
3575	4
3576	5
3577	4
3578	4
3579	5
3580	4
3581	4
3582	4
3583	4
3584	4
3585	4
3586	2
3587	5
3588	2
3589	2
3590	2
3591	5
3592	2
3593	2
3594	2
3595	2
3596	2
3597	5
3598	2
3599	2
3600	2
3601	2
3602	2
3603	5
3604	5
3605	5
3606	5
3607	5
3608	2
3609	5
3610	4
3611	5
3612	4
3614	5
3615	2
3616	4
3617	5
3618	2
3619	5
3620	5
3621	4
3622	3
3623	3
3624	3
3625	3
3626	3
3627	6
3628	6
3629	6
3630	6
3631	6
3632	5
3633	5
3634	5
3635	6
3636	5
3637	5
3638	5
3639	5
3640	6
3641	6
3642	6
3643	6
3644	6
3645	6
3646	6
3647	3
3648	3
3649	4
3650	4
3651	4
3652	4
3653	4
3654	3
3655	3
3656	3
3657	4
3658	4
3659	4
3660	4
3661	4
3662	4
3663	4
3664	4
3665	4
3666	5
3667	5
3668	4
3669	4
3670	4
3671	4
3672	4
3673	4
3674	4
3675	4
3676	4
3677	4
3678	4
3679	4
3680	4
3681	4
3682	4
3684	4
3685	2
3686	2
3687	2
3688	2
3689	2
3690	4
3691	2
3692	4
3693	2
3694	2
3695	2
3696	2
3697	4
3698	2
3699	2
3700	2
3701	2
3702	2
3703	2
3704	2
3705	2
3706	2
3707	2
3708	2
3709	2
3710	2
3711	4
3712	2
3713	2
3715	2
3717	4
3718	4
3719	4
3720	2
3721	2
3722	4
3723	2
3724	2
3725	2
3726	2
3727	4
3728	5
3729	5
3730	4
3731	2
3732	4
3733	5
3734	5
3735	4
3736	4
3737	4
3738	4
3739	4
3740	5
3741	4
3742	2
3743	2
3744	5
3745	5
3746	5
3747	5
3748	2
3749	2
3750	5
3751	2
3752	5
3753	2
3754	2
3755	2
3756	2
3757	5
3758	2
3759	2
3760	2
3761	2
3762	2
3763	4
3764	4
3768	4
3769	4
3770	2
3771	4
3772	2
3773	2
3774	5
3775	5
3776	5
3777	6
3778	5
3779	3
3780	3
3781	3
3782	4
3783	4
3784	3
3785	3
3786	3
3787	4
3788	4
3789	4
3790	8
3791	8
3792	8
3793	8
3794	8
3795	8
3796	8
3797	8
3798	8
3799	8
3800	8
3801	8
3802	8
3803	8
3804	8
3805	8
3806	8
3807	8
3808	8
3809	8
3810	8
3811	8
3812	8
3813	8
3814	8
3815	8
3816	8
3817	8
3818	8
3819	8
3820	8
3821	8
3822	8
3823	8
3824	8
3825	8
3826	8
3827	8
3828	8
3829	8
3830	8
3831	8
3832	8
3833	8
3834	8
3835	8
3836	8
3837	8
3838	8
3839	8
3840	8
3841	8
3842	8
3843	8
3844	8
3845	8
3846	8
3847	8
3848	8
3849	8
3850	8
3851	8
3852	8
3853	8
3854	8
3855	8
3856	8
3857	8
3858	8
3859	8
3860	8
3861	8
3862	8
3863	8
3864	8
3865	8
3866	8
3867	8
3868	8
3869	8
3870	8
3871	8
3872	8
3873	8
3874	8
3875	8
3876	8
3877	8
3878	8
3879	8
3880	8
3883	8
3884	8
3885	8
3886	8
3887	8
3888	8
3889	8
3890	8
3892	8
3893	8
3894	8
3897	8
3898	8
3899	8
3900	8
3901	8
3902	8
3903	8
3904	8
3905	8
3906	8
3907	8
3908	8
3909	8
3910	8
3911	8
3912	8
3913	8
3914	8
3915	8
3916	8
3917	8
3918	8
3919	8
3920	8
3921	8
3922	8
3923	8
3924	8
3925	8
3926	8
3927	8
3928	8
3929	8
3930	8
3931	8
3932	8
3933	8
3934	8
3935	8
3936	8
3937	8
3938	8
3939	8
3940	8
3941	8
3942	8
3943	8
3944	8
3945	8
3946	8
3947	8
3948	8
3949	8
3950	8
3951	8
3952	8
3953	8
3954	8
3955	8
3956	8
3957	8
3958	8
3959	8
3960	8
3961	8
3962	8
3963	8
3964	8
3965	8
3966	8
3967	8
3968	8
3969	8
3970	8
3971	8
3972	8
3973	8
3974	8
3975	8
3976	8
3977	8
3978	8
3979	8
3980	8
3981	8
3982	8
3983	8
3985	8
3986	8
3987	6
3988	6
3989	5
3990	5
3991	1
3992	0
3993	1
3994	5
3995	1
3996	5
3997	5
3998	7
3999	6
4000	6
4001	5
4002	1
4003	5
4004	5
4005	5
4006	5
4007	5
4008	7
4009	1
4010	0
4011	5
4012	5
4013	5
4014	6
4015	1
4016	5
4017	5
4018	5
4019	6
4020	5
4021	0
4022	1
4023	5
4024	5
4025	6
4026	0
4027	5
4028	7
4029	1
4030	1
4031	7
4032	7
4033	5
4034	6
4035	5
4036	5
4037	5
4038	5
4039	7
4040	5
4041	7
4042	7
4043	7
4044	7
4045	7
4046	5
4047	6
4048	5
4049	5
4050	0
4051	0
4052	0
4053	5
4054	5
4055	5
4056	5
4057	1
4058	1
4059	0
4060	0
4061	0
4062	1
4063	1
4064	0
4065	1
4066	5
4067	1
4068	5
4069	0
4070	0
4071	0
4072	0
4073	0
4074	0
4075	5
4076	5
4077	5
4078	9
4079	0
4080	0
4081	9
4082	0
4083	0
4084	0
4085	0
4086	0
4087	0
4088	0
4089	0
4090	0
4091	0
4092	0
4093	0
4094	0
4095	0
4096	0
4097	0
4098	0
4099	0
4100	0
4101	0
4102	0
4103	0
4104	0
4105	0
4106	6
4107	9
4108	9
4109	0
4110	6
4111	5
4112	0
4113	9
4114	0
4115	0
4116	9
4117	0
4118	0
4119	9
4120	0
4121	9
4122	5
4123	6
4124	5
4125	0
4126	6
4127	0
4128	0
4129	6
4130	5
4131	9
4132	0
4133	9
4134	9
4135	9
4136	0
4137	0
4138	0
4139	9
4140	5
4141	0
4142	5
4143	9
4144	9
4145	9
4146	5
4147	0
4148	9
4149	0
4150	5
4151	0
4152	9
4153	0
4154	0
4155	0
4156	5
4157	5
4158	0
4159	0
4160	9
4161	7
4162	7
4163	7
4164	7
4165	7
4166	7
4167	7
4168	7
4169	7
4170	7
4171	7
4172	7
4173	7
4174	7
4175	7
4176	7
4177	7
4178	0
4179	7
4180	7
4181	7
4182	7
4183	7
4184	7
4185	7
4186	7
4187	7
4188	7
4189	7
4190	9
4191	7
4192	7
4193	7
4194	7
4195	7
4196	9
4197	9
4198	9
4199	7
4200	9
4201	0
4202	7
4203	0
4204	1
4205	7
4206	7
4207	7
4208	7
4209	8
4210	9
4211	9
4212	9
4213	9
4214	9
4215	9
4216	9
4217	9
4218	9
4219	9
4220	9
4221	9
4222	9
4223	8
4224	8
4225	9
4226	9
4227	8
4228	8
4229	8
4230	8
4231	8
4232	8
4233	8
4234	8
4235	8
4236	8
4237	8
4238	8
4239	8
4240	8
4241	8
4242	8
4243	8
4244	8
4245	8
4246	8
4247	8
4248	8
4249	8
4250	8
4251	8
4252	8
4253	8
4254	8
4255	9
4256	9
4257	9
4258	9
4259	9
4260	9
4261	9
4262	9
4263	8
4264	9
4265	9
4266	7
4267	7
4268	7
4269	7
4270	7
4271	7
4272	7
4273	7
4274	3
4275	7
4276	7
4277	7
4278	7
4279	7
4280	7
4281	8
4282	8
4283	8
4284	8
4285	3
4286	3
4287	7
4288	7
4289	3
4290	8
4291	8
4292	7
4293	3
4294	3
4295	7
4296	3
4297	7
4298	7
4299	7
4300	7
4301	7
4302	7
4303	3
4304	7
4305	7
4306	7
4307	7
4308	7
4309	7
4310	7
4311	7
4312	7
4313	7
4314	3
4315	7
4316	7
4317	7
4318	7
4319	7
4320	7
4321	7
4322	7
4323	7
4324	7
4325	3
4326	7
4327	7
4328	3
4329	8
4330	8
4331	7
4332	8
4333	7
4334	7
4335	7
4336	7
4337	7
4338	7
4339	7
4340	7
4341	3
4342	8
4343	7
4344	3
4345	3
4346	7
4347	7
4348	7
4349	7
4350	7
4351	7
4352	7
4353	7
4354	7
4355	7
4356	7
4357	7
4358	7
4359	7
4360	7
4361	7
4362	7
4363	7
4364	7
4365	1
4366	3
4367	7
4368	7
4369	7
4370	7
4371	3
4372	7
4373	3
4374	7
4375	7
4376	7
4377	7
4378	7
4379	3
4380	3
4381	7
4382	7
4383	7
4384	7
4385	7
4386	7
4387	7
4388	7
4389	7
4390	7
4391	7
4392	7
4393	7
4394	7
4395	7
4396	7
4397	7
4398	3
4399	7
4400	3
4401	7
4402	3
4403	2
4404	7
4405	7
4406	7
4407	7
4408	7
4409	7
4410	7
4411	7
4412	7
4413	7
4414	7
4415	7
4416	7
4417	7
4418	7
4419	3
4420	3
4421	7
4422	7
4423	7
4424	7
4425	7
4426	3
4427	8
4428	3
4429	7
4430	7
4431	7
4432	7
4433	7
4434	7
4435	7
4436	7
4437	7
4438	7
4439	7
4440	7
4441	7
4442	3
4443	7
4444	7
4445	7
4446	7
4447	7
4448	7
4449	7
4450	7
4451	7
4452	3
4453	7
4454	7
4455	7
4456	7
4457	7
4458	7
4459	7
4460	7
4461	7
4462	7
4463	7
4464	7
4465	7
4466	7
4467	7
4468	7
4469	8
4470	1
4471	7
4472	7
4473	3
4474	3
4475	7
4476	7
4477	3
4478	7
4479	7
4480	7
4481	7
4482	7
4483	7
4484	7
4485	7
4486	7
4487	7
4488	7
4489	7
4490	9
4496	9
4497	9
4498	9
4499	9
4500	9
4501	9
4502	9
4503	9
4504	9
4510	0
4511	9
4512	0
4513	9
4514	9
4515	9
4516	9
4517	9
4518	9
4519	9
4520	9
4521	9
4522	9
4523	9
4524	9
4525	9
4526	9
4527	7
4528	7
4529	7
4530	7
4531	7
4532	7
4533	7
4534	7
4535	7
4536	7
4537	7
4538	7
4539	7
4540	7
4541	7
4542	7
4543	7
4544	7
4545	7
4546	7
4547	7
4548	7
4549	7
4550	7
4551	7
4552	7
4553	7
4554	6
4555	5
4556	0
4557	6
4558	6
4559	6
4560	6
4561	6
4562	6
4563	6
4564	6
4565	6
4566	6
4567	6
4568	6
4569	6
4570	6
4571	6
4572	6
4573	6
4574	6
4575	6
4576	0
4577	6
4578	6
4579	6
4580	6
4581	6
4582	6
4583	6
4584	6
4585	6
4586	8
4587	8
4588	6
4589	6
4590	6
4591	8
4592	6
4596	6
4597	8
4599	8
4600	8
4601	8
4602	8
4603	8
4607	8
4608	6
4609	6
4610	6
4611	6
4612	0
4613	6
4614	6
4615	6
4616	6
4617	8
4618	8
4619	8
4620	8
4621	6
4622	6
4623	6
4624	0
4625	0
4626	6
4627	6
4628	6
4629	6
4630	6
4631	6
4632	6
4633	6
4634	6
4635	6
4636	6
4637	6
4638	8
4639	8
4640	8
4641	8
4642	6
4643	6
4644	6
4645	6
4646	6
4647	6
4648	6
4649	6
4650	6
4651	6
4652	6
4653	8
4654	8
4655	8
4656	8
4657	6
4658	6
4659	6
4660	6
4661	6
4662	6
4663	8
4664	6
4665	6
4666	6
4667	6
4668	6
4669	6
4670	6
4671	6
4672	6
4673	6
4674	6
4675	6
4676	6
4677	6
4678	8
4679	6
4680	8
4681	6
4682	6
4683	6
4684	6
4685	6
4686	6
4687	6
4688	6
4689	6
4690	6
4691	6
4692	6
4693	6
4694	6
4695	6
4696	6
4697	6
4698	6
4699	6
4700	6
4701	6
4702	6
4703	6
4704	6
4705	6
4706	6
4707	8
4708	6
4709	3
4710	6
4711	6
4712	6
4713	6
4714	6
4715	6
4716	6
4717	6
4718	6
4719	6
4720	6
4721	6
4722	6
4723	6
4724	6
4725	6
4726	6
4727	6
4728	6
4729	6
4730	3
4731	6
4732	6
4733	3
4734	3
4735	3
4736	6
4737	3
4738	6
4739	6
4740	6
4741	6
4742	6
4743	6
4744	6
4745	6
4746	6
4747	6
4748	6
4749	6
4750	6
4751	6
4752	6
4753	6
4754	6
4755	6
4756	3
4757	6
4758	6
4759	6
4760	6
4761	6
4762	6
4763	6
4764	6
4765	8
4766	6
4767	6
4768	6
4769	6
4770	6
4771	6
4772	6
4773	6
4774	6
4775	6
4776	6
4777	6
4778	6
4779	6
4780	6
4781	6
4782	6
4783	6
4784	8
4785	4
4786	6
4787	6
4788	6
4789	6
4790	6
4791	6
4792	6
4793	3
4794	6
4795	6
4796	4
4797	4
4798	6
4799	3
4800	6
4801	6
4802	6
4803	3
4804	6
4805	6
4806	3
4807	6
4808	6
4809	6
4810	6
4811	6
4812	6
4813	6
4815	8
4816	8
4817	8
4818	8
4819	8
4820	8
4821	8
4822	8
4823	8
4826	6
4827	6
4828	3
4829	6
4830	6
4831	6
4832	6
4833	6
4834	6
4835	6
4836	6
4837	6
4838	6
4839	6
4840	6
4841	6
4842	6
4843	6
4844	3
4845	6
4846	6
4847	4
4848	4
4849	6
4850	6
4851	6
4852	6
4853	6
4854	6
4855	6
4856	6
4857	6
4858	6
4859	6
4860	3
4861	3
4862	3
4863	3
4864	6
4865	6
4866	6
4867	6
4868	6
4869	6
4870	6
4871	6
4872	5
4873	5
4874	5
4875	5
4876	5
4877	6
4878	6
4879	6
4880	6
4881	6
4882	6
4883	6
4884	6
4885	6
4886	6
4887	6
4888	6
4889	6
4890	6
4891	6
4892	6
4893	6
4894	6
4895	6
4896	6
4897	0
4898	0
4899	6
4900	6
4901	6
4902	6
4903	6
4904	6
4905	6
4906	6
4907	0
4908	6
4909	0
4910	6
4911	6
4912	6
4913	6
4914	6
4915	6
4916	6
4917	6
4918	6
4919	6
4920	6
4921	6
4922	8
4923	6
4924	6
4925	0
4926	6
4927	0
4928	0
4929	0
4930	6
4931	6
4932	6
4933	6
4934	6
4935	6
4936	6
4937	6
4938	0
4939	6
4940	6
4941	6
4942	6
4943	6
4944	6
4945	6
4946	6
4947	6
4948	8
4949	8
4950	8
4951	9
4953	9
4954	9
4955	9
4956	9
4958	9
4959	9
4961	9
4966	9
4968	7
4969	7
4970	1
4971	7
4972	8
4973	7
4974	1
4975	8
4976	3
4977	3
4978	7
4979	7
4980	7
4981	8
4982	8
4983	8
4984	8
4985	3
4986	7
4987	7
4988	7
4989	7
4990	7
4991	7
4992	7
4993	7
4994	8
4995	7
4996	7
4997	8
4998	8
4999	7
5000	7
5001	3
5002	8
5003	3
5004	1
5005	8
5006	3
5007	8
5008	8
5009	3
5010	3
5011	3
5012	3
5013	3
5014	8
5015	8
5016	8
5017	1
5018	1
5019	8
5020	7
5021	7
5022	8
5023	8
5024	1
5025	1
5026	8
5027	8
5028	8
5029	8
5030	8
5031	8
5032	8
5033	8
5034	8
5035	1
5036	8
5037	8
5038	1
5039	1
5040	1
5041	1
5042	1
5043	1
5044	1
5045	1
5046	1
5047	1
5048	1
5049	1
5050	1
5051	1
5052	1
5053	1
5054	8
5055	1
5058	8
5059	1
5063	1
5066	8
5067	1
5068	1
5069	1
5070	1
5071	1
5072	1
5073	1
5074	8
5075	1
5076	1
5077	1
5078	7
5079	1
5080	1
5081	8
5082	1
5083	7
5084	1
5085	1
5086	8
5087	8
5088	1
5089	8
5090	7
5091	7
5092	6
5093	5
5094	5
5095	5
5096	6
5097	6
5098	0
5099	0
5100	0
5101	0
5102	0
5103	0
5104	9
5105	9
5106	0
5107	9
5108	9
5109	9
5110	9
5111	9
5112	9
5113	9
5114	9
5115	0
5116	9
5117	6
5118	9
5119	5
5120	2
5121	5
5122	2
5123	2
5124	2
5125	2
5126	2
5127	2
5128	2
5129	5
5130	2
5131	2
5132	2
5133	2
5134	2
5135	2
5136	2
5137	2
5138	8
5139	2
5140	5
5141	5
5142	5
5143	5
5144	2
5145	5
5146	2
5147	5
5148	5
5149	2
5150	2
5151	2
5152	9
5153	2
5154	8
5155	2
5156	2
5157	2
5158	2
5159	1
5160	8
5161	5
5162	5
5163	2
5164	5
5165	5
5166	2
5167	9
5168	5
5169	2
5170	2
5171	5
5172	5
5173	7
5174	5
5175	2
5176	5
5177	2
5178	7
5179	5
5180	5
5181	2
5182	2
5183	2
5184	8
5185	2
5186	2
5187	5
5188	5
5189	5
5190	2
5191	9
5192	2
5193	2
5194	2
5195	9
5196	2
5197	2
5198	2
5199	9
5200	9
5201	2
5202	2
5203	2
5204	1
5205	2
5206	5
5207	2
5208	2
5209	5
5210	2
5211	8
5212	2
5213	1
5214	5
5215	5
5216	9
5217	5
5218	2
5219	2
5220	2
5221	2
5222	9
5223	5
5224	2
5225	2
5226	2
5227	2
5228	5
5229	8
5230	5
5231	5
5232	5
5233	2
5234	5
5235	5
5236	2
5237	5
5238	8
5239	7
5240	5
5241	9
5242	2
5243	9
5244	9
5245	2
5246	2
5247	1
5248	2
5249	1
5250	2
5251	5
5252	5
5253	5
5254	5
5255	2
5256	2
5257	9
5258	2
5259	5
5260	2
5261	2
5262	5
5263	2
5264	2
5265	5
5266	2
5267	8
5268	2
5269	2
5270	2
5271	2
5272	5
5273	2
5274	5
5275	8
5276	2
5277	2
5278	8
5279	2
5280	8
5281	5
5282	9
5283	9
5284	9
5285	4
5286	5
5287	5
5288	2
5289	2
5290	2
5291	2
5292	5
5293	2
5294	9
5295	2
5296	5
5297	2
5298	5
5299	5
5300	5
5301	5
5302	8
5303	2
5304	2
5305	5
5306	9
5307	2
5308	5
5309	5
5310	5
5311	2
5312	2
5313	2
5314	2
5315	1
5316	2
5317	5
5318	2
5319	2
5320	5
5321	8
5322	7
5324	2
5325	1
5326	2
5327	2
5328	2
5329	2
5330	8
5331	2
5332	5
5333	1
5334	5
5335	2
5336	2
5337	2
5338	2
5339	2
5340	2
5341	2
5342	5
5343	2
5344	2
5345	5
5346	2
5347	2
5348	5
5349	5
5350	1
5351	9
5352	5
5353	2
5354	2
5355	5
5356	2
5357	5
5358	2
5359	5
5360	2
5361	2
5362	2
5363	2
5364	2
5365	2
5366	5
5367	2
5368	2
5369	2
5370	2
5371	2
5372	2
5373	2
5374	2
5375	2
5376	2
5377	5
5378	9
5379	5
5380	2
5381	1
5382	5
5383	5
5384	5
5385	5
5386	2
5387	2
5388	2
5389	2
5390	2
5391	2
5392	2
5393	2
5394	2
5395	2
5396	2
5397	2
5398	2
5399	5
5400	5
5401	5
5402	5
5403	2
5404	2
5405	2
5406	2
5407	2
5408	2
5409	2
5410	2
5411	2
5412	5
5413	5
5414	5
5415	2
5416	2
5417	5
5418	5
5419	2
5420	5
5421	2
5422	5
5423	2
5424	5
5425	5
5426	2
5427	5
5428	5
5429	2
5430	2
5431	2
5432	2
5433	2
5434	2
5435	5
5436	2
5437	2
5438	2
5439	2
5440	2
5441	2
5442	2
5443	5
5444	5
5445	5
5446	5
5447	2
5448	2
5449	2
5450	2
5451	2
5452	2
5453	2
5454	5
5455	5
5456	5
5457	5
5458	5
5459	8
5460	2
5461	5
5462	5
5463	2
5464	8
5465	5
5466	5
5467	8
5468	5
5469	5
5470	5
5471	2
5472	8
5473	2
5474	2
5475	2
5476	2
5477	2
5478	2
5479	2
5480	8
5481	8
5482	8
5483	5
5484	8
5485	8
5486	2
5487	2
5488	2
5489	2
5490	2
5491	2
5492	2
5493	5
5494	2
5495	2
5496	5
5497	2
5498	8
5499	5
5500	9
5501	5
5502	2
5503	2
5504	2
5505	2
5506	2
5507	2
5508	5
5509	5
5510	2
5511	2
5512	5
5513	8
5514	8
5515	2
5516	2
5517	2
5518	5
5519	5
5520	2
5521	5
5522	7
5523	2
5524	9
5525	2
5526	2
5527	5
5528	9
5529	5
5530	2
5531	2
5532	5
5533	5
5534	5
5535	5
5536	5
5537	5
5538	5
5539	5
5540	2
5541	2
5542	2
5543	2
5544	2
5545	5
5546	2
5547	2
5548	5
5549	8
5550	5
5551	2
5552	2
5553	2
5554	2
5555	2
5556	5
5557	1
5558	2
5559	2
5560	5
5561	2
5562	5
5563	2
5564	2
5565	8
5566	2
5567	2
5568	1
5569	5
5570	2
5571	5
5572	2
5573	5
5574	2
5575	5
5576	5
5577	5
5578	5
5579	5
5580	2
5581	2
5582	2
5583	2
5584	2
5585	2
5586	5
5587	2
5588	2
5589	9
5590	9
5591	9
5592	2
5593	9
5594	9
5595	9
5596	2
5597	2
5598	2
5599	2
5600	2
5601	5
5602	2
5603	5
5604	7
5605	7
5606	5
5607	7
5608	2
5609	8
5610	7
5611	5
5612	5
5613	5
5614	5
5615	9
5616	2
5617	8
5618	5
5619	2
5620	8
5621	2
5622	2
5623	9
5624	2
5625	5
5626	9
5627	2
5628	5
5629	2
5630	5
5631	2
5632	9
5633	5
5634	2
5635	9
5636	2
5637	2
5638	2
5639	2
5640	2
5641	5
5642	5
5643	9
5644	2
5645	9
5646	2
5647	9
5648	2
5649	2
5650	9
5651	2
5652	2
5653	2
5654	2
5655	2
5656	2
5657	2
5658	5
5659	2
5660	2
5661	2
5662	5
5663	2
5664	8
5665	2
5666	5
5667	9
5668	2
5669	2
5670	8
5671	5
5672	2
5673	2
5674	2
5675	7
5676	9
5677	7
5678	5
5679	9
5680	2
5681	9
5682	2
5683	5
5684	2
5685	5
5686	5
5687	2
5688	2
5689	5
5690	9
5691	9
5692	2
5693	2
5694	9
5695	2
5696	2
5697	9
5698	2
5699	2
5700	2
5701	2
5702	2
5703	2
5704	2
5705	2
5706	2
5707	9
5708	2
5709	2
5710	2
5711	2
5712	5
5713	8
5714	5
5715	5
5716	8
5717	5
5718	2
5719	2
5720	5
5721	7
5722	5
5723	5
5725	5
5726	8
5727	2
5728	5
5729	2
5730	2
5731	5
5732	2
5733	2
5734	2
5735	2
5736	2
5737	9
5738	8
5739	2
5740	9
5741	9
5742	2
5743	9
5744	2
5745	9
5746	9
5747	9
5748	9
5749	2
5750	2
5751	2
5752	2
5753	2
5754	2
5755	2
5756	5
5757	7
5758	7
5759	2
5766	1
5767	5
5768	2
5769	2
5770	7
5771	5
5772	5
5773	8
5774	2
5775	5
5776	5
5777	5
5778	5
5779	2
5780	5
5781	2
5782	5
5783	8
5784	8
5785	8
5786	8
5787	8
5788	2
5789	5
5790	2
5791	2
5792	2
5793	2
5794	2
5795	9
5796	9
5797	9
5798	2
5799	9
5800	9
5801	2
5802	2
5803	2
5804	2
5805	5
5806	5
5807	2
5810	5
5811	5
5812	2
5813	2
5814	7
5815	7
5816	7
5817	7
5818	7
5819	2
5820	2
5821	2
5822	8
5823	2
5824	2
5825	5
5826	2
5827	2
5828	8
5829	5
5830	2
5831	5
5832	8
5833	2
5834	2
5835	5
5836	8
5837	5
5838	8
5839	2
5840	2
5841	5
5842	2
5843	5
5844	9
5845	9
5846	2
5847	2
5848	2
5849	2
5850	2
5851	2
5852	9
5853	5
5854	2
5855	7
5856	2
5857	2
5858	5
5859	2
5860	8
5861	8
5862	2
5863	5
5864	2
5865	2
5866	5
5867	5
5868	5
5869	2
5870	8
5871	5
5872	9
5873	2
5874	5
5875	5
5876	2
5877	2
5878	2
5879	2
5880	5
5881	2
5882	2
5883	2
5884	8
5885	2
5886	9
5887	2
5888	2
5889	9
5890	2
5891	7
5892	9
5893	7
5894	7
5895	7
5896	7
5897	9
5898	9
5899	7
5900	7
5901	9
5902	7
5903	7
5904	7
5905	7
5906	7
5907	7
5908	7
5909	7
5910	7
5911	7
5912	7
5913	7
5914	7
5915	7
5916	7
5917	7
5918	7
5919	7
5920	7
5921	7
5922	7
5923	7
5924	7
5925	7
5926	7
5927	7
5928	7
5929	7
5930	7
5931	7
5932	7
5933	7
5934	7
5935	7
5936	7
5937	7
5938	7
5939	7
5940	7
5941	7
5942	7
5943	7
5944	7
5945	7
5946	7
5947	7
5948	7
5949	7
5950	9
5951	7
5952	7
5953	7
5954	7
5955	7
5956	7
5957	7
5958	7
5959	7
5960	7
5961	7
5962	7
5963	7
5964	7
5965	7
5966	7
5967	7
5968	7
5969	7
5970	7
5971	7
5972	7
5973	7
5974	7
5975	7
5976	7
5977	7
5978	7
5979	7
5980	7
5981	7
5982	7
5983	7
5984	7
5985	7
5986	7
5987	7
5988	7
5989	7
5990	7
5991	7
5992	7
5993	7
5994	7
5995	7
5996	7
5997	7
5998	7
5999	7
6000	7
6001	7
6002	7
6003	7
6004	7
6005	7
6006	7
6007	7
6008	7
6009	7
6010	7
6011	7
6012	7
6013	7
6014	7
6015	7
6016	7
6017	7
6018	7
6019	7
6020	7
6021	7
6022	7
6023	7
6024	7
6025	7
6026	7
6027	7
6028	7
6029	7
6030	7
6031	7
6032	7
6033	7
6034	7
6035	7
6036	7
6037	7
6038	7
6039	7
6040	7
6041	7
6042	7
6043	7
6044	7
6045	7
6046	7
6047	7
6048	7
6049	7
6050	7
6051	7
6052	7
6053	7
6054	7
6055	7
6056	7
6057	7
6058	7
6059	7
6060	7
6061	7
6062	7
6063	7
6064	7
6065	7
6066	7
6067	7
6068	7
6069	7
6070	7
6071	7
6072	7
6073	7
6074	7
6075	7
6076	7
6077	7
6078	7
6079	7
6080	7
6081	7
6082	7
6083	7
6084	7
6085	7
6086	7
6087	7
6088	7
6089	7
6090	7
6091	7
6092	7
6093	7
6094	7
6095	7
6096	7
6097	7
6098	7
6099	7
6100	7
6101	7
6102	7
6103	7
6104	7
6105	7
6106	7
6107	7
6108	7
6109	7
6110	7
6111	7
6112	7
6113	9
6114	9
6115	7
6116	7
6117	7
6118	7
6119	7
6120	7
6121	7
6122	7
6123	7
6124	7
6125	7
6126	7
6127	7
6128	7
6129	7
6130	7
6131	7
6132	9
6133	9
6134	7
6135	7
6136	7
6137	7
6138	7
6139	7
6140	7
6141	7
6142	7
6143	9
6144	7
6145	7
6146	7
6147	7
6148	7
6149	7
6150	7
6151	7
6152	7
6153	7
6154	7
6155	7
6156	7
6157	7
6158	9
6159	7
6160	7
6161	7
6162	7
6163	7
6164	7
6165	7
6166	7
6167	7
6168	7
6169	7
6170	7
6171	7
6172	7
6173	7
6174	7
6175	7
6176	7
6177	7
6178	7
6179	7
6180	7
6181	7
6182	7
6183	7
6184	7
6185	7
6186	7
6187	7
6188	7
6189	7
6190	7
6191	7
6192	7
6193	7
6194	7
6195	7
6196	7
6197	7
6198	7
6199	7
6200	7
6201	7
6202	7
6203	7
6204	7
6205	7
6206	7
6207	7
6208	7
6209	7
6210	7
6211	7
6212	7
6213	1
6214	7
6215	7
6216	1
6217	7
6218	7
6219	7
6220	7
6221	7
6222	7
6223	7
6224	7
6225	7
6226	7
6227	7
6228	7
6229	7
6230	7
6231	7
6232	7
6233	7
6234	7
6235	7
6236	7
6237	7
6238	7
6239	6
6240	6
6241	6
6242	0
6243	0
6244	6
6245	6
6246	8
6247	8
6248	0
6249	6
6250	6
6251	6
6252	6
6253	0
6254	0
6255	0
6256	6
6257	6
6258	0
6259	0
6260	6
6261	0
6262	6
6263	0
6264	0
6265	0
6266	0
6267	6
6268	0
6269	6
6270	0
6271	0
6272	0
6273	0
6274	9
6275	0
6276	0
6277	0
6278	6
6279	0
6280	9
6281	8
6282	6
6283	0
6284	0
6285	6
6286	0
6287	6
6288	9
6289	9
6290	9
6291	6
6292	8
6293	0
6294	0
6295	6
6296	6
6297	6
6298	9
6299	6
6300	8
6301	6
6302	6
6303	8
6304	6
6305	0
6306	6
6307	0
6308	6
6309	6
6310	8
6311	6
6312	6
6313	6
6314	6
6315	6
6316	6
6317	8
6318	8
6319	6
6320	6
6321	6
6322	6
6323	8
6324	8
6325	8
6326	0
6327	6
6328	6
6329	6
6330	6
6331	0
6332	6
6333	0
6334	6
6335	0
6336	6
6337	0
6338	9
6339	9
6340	9
6341	6
6342	0
6343	6
6344	0
6345	8
6346	8
6347	9
6348	9
6349	0
6350	8
6351	6
6352	6
6353	8
6354	8
6355	6
6356	6
6357	6
6358	9
6359	9
6360	0
6361	0
6362	6
6363	6
6364	0
6365	0
6366	8
6367	8
6368	0
6369	6
6370	0
6371	0
6372	0
6373	0
6374	0
6375	6
6376	8
6377	8
6378	8
6379	8
6380	9
6381	9
6382	8
6383	8
6384	0
6385	0
6386	8
6387	8
6388	8
6389	8
6390	9
6391	0
6392	9
6393	6
6394	0
6395	6
6396	6
6397	6
6398	8
6399	6
6400	0
6401	0
6402	6
6403	6
6404	6
6405	6
6406	0
6407	0
6408	0
6409	0
6410	0
6411	6
6412	8
6413	6
6414	6
6415	6
6416	0
6417	6
6418	6
6419	6
6420	6
6421	6
6422	9
6423	8
6424	8
6425	8
6426	8
6427	8
6428	6
6429	8
6430	6
6431	6
6432	8
6433	6
6435	8
6436	0
6437	0
6438	9
6439	8
6440	8
6441	8
6442	9
6443	8
6444	8
6445	6
6446	9
6447	6
6448	6
6449	0
6450	6
6451	9
6452	6
6453	9
6454	6
6455	0
6456	0
6457	8
6458	0
6459	6
6460	9
6461	6
6462	6
6463	0
6464	0
6465	6
6466	9
6467	9
6468	6
6469	9
6470	6
6471	6
6472	6
6474	8
6475	0
6476	6
6477	8
6478	9
6479	6
6480	8
6481	0
6482	0
6483	6
6484	0
6485	6
6486	6
6487	6
6488	6
6489	8
6490	8
6491	8
6492	9
6493	6
6494	6
6495	6
6496	6
6497	6
6498	6
6499	6
6500	6
6501	0
6502	8
6503	6
6504	9
6505	0
6506	9
6507	6
6508	8
6509	8
6510	6
6511	8
6512	6
6513	8
6514	6
6515	6
6516	6
6517	6
6518	6
6519	6
6520	6
6521	9
6522	9
6523	8
6524	8
6525	8
6526	8
6527	8
6528	9
6529	8
6530	8
6531	8
6532	6
6533	6
6534	6
6535	6
6536	6
6537	6
6538	0
6539	6
6540	9
6541	6
6542	0
6543	9
6544	6
6545	6
6546	6
6547	6
6548	6
6549	6
6550	6
6551	6
6552	9
6553	6
6554	0
6555	0
6556	0
6557	0
6558	0
6559	0
6560	0
6561	0
6562	9
6563	0
6564	0
6565	1
6566	1
6567	0
6568	0
6569	0
6570	0
6571	1
6572	0
6573	1
6574	0
6575	0
6576	0
6577	0
6578	0
6579	0
6580	0
6581	0
6582	0
6583	0
6584	0
6585	0
6586	1
6587	1
6588	1
6589	1
6590	1
6591	0
6592	1
6593	1
6594	1
6595	1
6596	1
6597	1
6598	1
6599	1
6600	9
6601	1
6602	9
6603	1
6604	1
6605	1
6606	1
6607	0
6608	9
6609	9
6610	9
6611	1
6612	1
6613	1
6614	9
6615	9
6616	9
6617	0
6618	1
6619	0
6620	0
6621	0
6622	0
6623	0
6624	8
6625	8
6626	8
6627	1
6628	1
6629	1
6630	8
6631	1
6632	1
6633	1
6634	1
6635	1
6636	1
6637	8
6638	1
6639	1
6640	1
6641	1
6642	1
6643	1
6644	8
6645	1
6646	8
6647	8
6648	8
6650	1
6651	1
6652	1
6653	1
6654	8
6655	1
6656	8
6657	1
6658	1
6659	1
6660	1
6661	1
6662	1
6663	1
6664	1
6665	1
6666	1
6667	1
6668	1
6669	1
6671	1
6672	1
6679	1
6683	8
6684	1
6685	1
6686	1
6687	7
6688	7
6689	8
6690	8
6691	8
6692	1
6693	8
6694	8
6695	8
6696	8
6697	8
6698	8
6699	8
6700	8
6701	8
6702	8
6703	8
6704	8
6705	8
6706	8
6707	8
6708	8
6709	8
6710	8
6711	8
6712	8
6713	8
6714	8
6715	8
6716	8
6717	8
6718	7
6719	8
6720	8
6721	8
6722	8
6723	8
6724	8
6725	8
6726	8
6727	8
6728	8
6729	8
6730	8
6731	1
6732	8
6733	8
6734	8
6735	8
6736	8
6737	8
6738	8
6739	8
6740	8
6741	8
6742	7
6743	1
6744	1
6745	1
6746	1
6747	1
6748	8
6749	1
6750	1
6751	1
6752	1
6753	7
6754	1
6755	1
6756	1
6757	8
6758	8
6759	8
6760	1
6761	8
6762	8
6763	8
6764	7
6765	7
6766	7
6767	7
6768	9
6769	7
6770	7
6771	7
6772	7
6773	7
6774	7
6775	7
6776	7
6777	7
6778	9
6779	1
6780	7
6781	7
6782	7
6783	7
6784	7
6785	7
6786	7
6787	7
6788	7
6789	7
6790	7
6791	7
6792	7
6793	7
6794	7
6795	7
6796	7
6797	7
6798	7
6799	7
6800	7
6801	7
6802	7
6803	7
6804	7
6805	7
6806	7
6807	7
6808	7
6809	7
6810	7
6811	7
6812	9
6813	9
6814	7
6815	9
6816	7
6817	9
6818	7
6819	7
6820	9
6821	0
6822	9
6823	0
6824	0
6825	5
6826	5
6827	0
6828	5
6829	0
6830	0
6831	0
6832	0
6833	0
6834	0
6835	0
6836	0
6837	0
6838	0
6839	0
6840	0
6841	0
6842	0
6843	0
6844	0
6845	0
6846	0
6847	0
6848	0
6849	0
6850	0
6851	0
6852	0
6853	0
6854	0
6855	0
6856	0
6857	0
6858	0
6859	0
6860	0
6861	0
6862	0
6863	0
6864	5
6865	0
6866	0
6867	9
6868	0
6869	0
6870	0
6871	0
6872	0
6873	0
6874	0
6875	0
6876	0
6877	0
6878	1
6879	0
6880	0
6881	0
6882	1
6883	1
6884	1
6885	1
6886	0
6887	5
6888	0
6889	1
6890	1
6891	1
6892	1
6893	1
6894	1
6895	0
6896	0
6897	0
6898	6
6899	1
6900	1
6901	1
6902	0
6903	0
6904	0
6905	1
6906	0
6907	0
6908	0
6909	1
6910	6
6911	6
6912	1
6913	0
6914	0
6915	0
6916	0
6917	0
6918	9
6919	9
6920	1
6921	9
6922	9
6923	9
6924	9
6925	9
6926	1
6927	9
6928	9
6929	9
6930	0
6931	9
6932	0
6933	0
6934	0
6935	0
6936	0
6937	0
6938	0
6939	9
6940	9
6941	9
6942	9
6943	9
6944	9
6945	9
6946	9
6947	9
6948	0
6949	0
6950	9
6951	9
6952	9
6953	9
6954	9
6955	9
6956	6
6957	1
6958	1
6959	9
6960	9
6961	9
6962	9
6963	6
6964	9
6965	9
6966	6
