1	0
2	0
3	0
4	0
5	0
6	1
7	0
8	1
9	1
10	1
11	1
12	1
13	1
14	1
15	1
16	1
17	1
18	1
19	0
20	0
21	0
22	0
23	0
24	0
25	0
26	0
27	0
28	0
29	0
30	0
31	0
32	0
33	1
34	1
35	1
36	1
37	1
38	7
39	1
40	1
41	1
42	1
43	1
44	1
45	1
46	1
47	1
48	1
49	1
50	1
51	1
52	1
53	1
54	1
55	1
56	1
57	1
58	1
59	1
60	1
61	1
62	1
63	0
64	0
65	1
66	1
67	1
68	0
69	0
70	0
71	0
72	1
73	9
74	9
75	9
76	1
77	0
78	0
79	1
80	1
81	1
82	1
83	1
84	0
85	0
86	0
87	0
88	1
89	0
90	1
91	0
92	0
93	0
94	1
95	0
96	0
97	0
98	1
99	0
100	9
101	1
102	1
103	1
104	1
105	1
106	1
107	1
108	0
109	0
110	0
111	0
112	0
113	0
114	0
115	7
116	0
117	9
118	0
119	0
120	0
121	9
122	0
123	1
124	1
125	1
126	0
127	0
128	1
129	1
130	1
131	9
132	1
133	1
134	1
135	1
136	1
137	0
138	0
139	9
140	0
141	0
142	0
143	0
144	1
145	0
146	0
147	1
148	1
149	1
150	0
151	0
152	1
153	1
154	0
155	0
156	1
157	1
158	1
159	0
160	0
161	0
162	0
163	0
164	9
165	0
166	9
167	1
168	0
169	0
170	0
171	1
172	0
173	0
174	0
175	0
176	1
177	0
178	0
179	0
180	0
181	0
182	7
183	7
184	7
185	9
186	9
187	9
188	0
189	9
190	9
191	1
192	0
193	0
194	0
195	0
196	0
197	0
198	0
199	0
200	0
201	1
202	0
203	7
204	0
205	0
206	0
207	1
208	1
209	1
210	0
211	0
212	0
213	1
214	0
215	9
216	0
217	1
218	1
219	0
220	0
221	0
222	0
223	0
224	0
225	1
226	1
227	1
228	1
229	0
230	0
231	0
232	0
233	0
234	0
235	0
236	1
237	1
238	0
239	0
240	0
241	0
242	0
243	0
244	0
245	0
246	0
247	0
248	1
249	1
250	0
251	0
252	0
253	0
254	0
255	9
256	0
257	8
258	7
259	7
260	0
261	7
262	7
263	7
264	8
265	8
266	7
267	8
268	5
269	8
270	8
271	8
272	7
273	7
274	7
275	7
276	8
277	8
278	7
279	7
280	1
281	8
282	8
283	8
284	8
285	8
286	7
287	8
288	7
289	8
290	7
291	8
292	8
293	5
294	7
295	8
296	8
297	8
298	7
299	0
300	7
301	1
302	8
303	8
304	0
305	8
306	0
307	8
308	7
309	8
310	8
311	7
312	0
313	0
314	0
315	7
316	0
317	7
318	8
319	0
320	8
321	5
322	8
323	8
324	8
325	1
326	1
327	7
328	8
329	1
330	8
331	7
332	7
333	8
334	8
335	8
336	8
337	1
338	1
339	7
340	7
341	8
342	1
343	9
344	9
345	9
346	9
347	9
348	9
349	9
350	9
351	9
352	9
353	9
354	9
355	9
357	9
358	9
359	9
360	9
361	9
362	9
363	9
365	9
366	9
367	9
368	9
369	9
370	9
372	9
373	9
374	9
375	9
376	9
377	9
378	9
379	9
380	9
381	9
382	9
383	9
384	9
385	9
386	9
387	9
388	9
389	9
390	9
391	9
392	9
393	9
394	9
395	9
396	9
397	9
398	9
399	9
400	9
401	9
402	9
403	9
404	9
405	9
406	9
407	9
408	9
409	9
410	9
411	9
412	9
413	9
414	9
415	9
416	9
417	9
418	9
419	9
420	9
421	9
422	9
423	9
424	9
425	9
426	9
427	9
428	9
429	9
430	9
431	9
432	9
434	9
435	9
436	9
438	9
439	8
440	8
441	8
442	8
443	8
444	8
445	8
446	9
447	9
448	9
449	9
450	9
451	9
452	6
453	9
454	8
455	9
456	8
457	8
458	6
459	6
460	6
461	8
462	8
463	8
464	9
465	9
466	8
467	9
468	8
469	8
470	8
471	8
472	9
473	8
474	8
475	9
476	9
477	9
478	8
479	9
480	9
481	9
482	8
483	6
484	8
485	6
486	8
487	8
488	9
489	8
490	8
491	8
492	9
493	9
494	9
495	9
496	8
497	8
498	8
499	6
500	8
501	8
502	9
503	9
504	9
505	9
506	8
507	9
508	9
509	9
510	9
511	9
512	9
513	9
514	9
515	9
516	9
517	9
518	9
519	8
520	8
521	9
522	8
523	8
524	9
525	9
526	9
527	9
528	9
529	9
530	6
531	9
532	9
533	9
534	6
535	9
536	9
538	9
539	8
540	8
541	6
542	8
543	9
544	8
545	8
546	8
547	8
548	8
549	8
550	8
551	8
552	8
553	8
554	8
555	8
556	8
557	8
558	8
559	8
560	8
561	8
562	6
563	9
564	6
565	8
566	8
567	8
568	8
569	8
570	8
571	8
572	8
573	8
574	8
575	9
576	9
577	9
578	8
579	9
580	9
581	6
582	6
583	6
584	6
585	6
586	6
587	6
588	9
589	8
590	8
591	8
592	8
593	6
594	9
595	9
596	9
597	9
598	9
599	8
600	8
601	8
602	6
603	6
604	8
605	8
606	8
607	8
608	8
609	8
610	8
611	9
612	9
613	9
614	9
615	9
616	8
617	9
618	9
619	9
620	9
621	9
622	8
623	9
624	8
625	9
626	9
627	8
628	8
629	8
630	9
631	9
632	9
633	9
634	9
635	8
636	8
637	9
638	8
639	8
640	8
641	9
642	9
643	9
644	9
645	9
646	1
647	7
648	1
649	1
650	1
651	7
652	1
653	1
654	1
655	7
656	1
657	7
658	7
659	1
660	0
661	9
662	9
663	9
664	0
665	9
666	9
667	9
668	0
669	9
670	0
671	9
672	9
673	9
674	9
675	9
676	0
677	0
678	0
679	9
680	0
681	0
682	0
683	0
684	0
685	9
686	0
687	0
688	0
689	9
690	0
691	0
692	0
693	0
694	0
695	0
696	0
697	0
698	0
699	0
700	0
701	0
702	0
703	0
704	0
705	0
706	0
707	0
708	0
709	0
710	0
711	0
712	0
713	0
714	9
715	0
716	0
717	9
718	0
719	0
720	9
721	9
722	0
723	9
724	9
725	9
726	9
727	9
728	9
729	9
730	9
731	9
732	9
733	9
734	9
735	9
736	9
737	9
738	9
739	9
740	0
741	0
742	0
743	0
744	0
745	0
746	9
747	9
748	9
749	0
750	9
751	0
752	0
753	0
754	7
755	0
756	7
757	0
758	7
759	7
760	7
761	8
762	7
763	8
764	1
765	0
766	7
767	0
768	8
769	8
770	7
771	7
772	1
773	7
774	0
775	1
776	1
777	8
778	7
779	8
780	8
781	8
782	8
783	8
784	7
785	1
786	1
787	1
788	1
789	7
790	1
791	1
792	1
793	1
794	1
795	0
796	0
797	7
798	7
799	7
800	7
801	7
802	7
803	7
804	7
805	3
806	7
807	7
808	7
809	7
810	7
811	7
812	7
813	7
814	7
815	7
816	7
817	7
818	7
819	7
820	7
821	7
822	7
823	7
824	7
825	7
826	7
827	7
828	7
829	7
830	7
831	7
832	7
833	7
834	7
835	7
836	7
837	7
838	0
839	0
840	0
841	0
842	0
843	0
844	7
845	7
846	7
847	7
848	7
849	7
850	7
851	7
852	7
853	7
854	7
855	0
856	0
857	7
858	7
859	0
860	0
861	9
862	7
863	1
864	0
865	1
866	7
867	7
868	7
869	0
870	7
871	0
872	9
873	0
874	0
875	0
876	7
877	0
878	0
879	0
880	7
881	0
882	0
883	0
884	0
885	7
886	7
887	0
888	7
889	7
890	7
891	7
892	0
893	0
894	0
895	0
896	0
897	0
898	0
899	0
900	0
901	7
902	7
903	7
904	7
905	7
906	7
907	7
908	7
909	7
910	7
911	7
912	7
913	7
914	7
915	7
916	0
917	0
918	0
919	7
920	7
921	0
922	7
923	7
924	7
925	0
926	7
927	1
928	7
929	7
930	7
931	1
932	1
933	1
934	1
935	7
936	1
937	1
938	1
939	1
940	0
941	0
942	0
943	1
944	0
945	7
946	7
947	1
948	7
949	7
950	1
951	0
952	1
953	1
954	7
955	0
956	0
957	0
958	7
959	1
960	0
961	7
962	0
963	7
964	7
965	0
966	0
967	0
968	7
969	7
970	1
971	7
972	7
973	1
974	1
975	1
976	7
977	7
978	0
979	8
980	8
981	0
982	0
983	0
984	1
985	1
986	8
987	1
988	0
989	1
990	1
991	1
992	7
993	7
994	7
995	7
996	1
997	7
998	7
999	7
1000	0
1001	0
1002	0
1003	0
1004	0
1005	0
1006	1
1007	1
1008	7
1009	8
1010	9
1011	9
1012	9
1013	9
1014	8
1015	9
1016	9
1017	9
1018	8
1019	9
1020	9
1021	9
1022	9
1023	9
1024	9
1025	9
1026	9
1027	9
1028	9
1029	9
1030	8
1031	9
1032	9
1033	9
1034	9
1035	9
1036	9
1037	9
1038	9
1039	9
1040	9
1041	9
1042	8
1043	0
1044	9
1045	9
1046	9
1051	9
1052	9
1053	9
1054	9
1055	9
1056	9
1057	0
1058	9
1059	9
1060	9
1061	8
1062	9
1063	9
1064	8
1065	9
1066	9
1068	9
1069	8
1070	9
1071	9
1072	9
1073	9
1074	9
1075	8
1076	9
1077	8
1078	9
1079	8
1080	9
1081	8
1082	9
1084	8
1085	8
1087	8
1088	8
1089	8
1090	8
1091	8
1092	8
1093	8
1094	8
1095	8
1096	8
1097	8
1099	8
1101	8
1102	8
1103	8
1104	1
1105	8
1106	1
1107	1
1108	8
1109	8
1110	1
1111	8
1112	8
1113	8
1114	8
1115	1
1116	8
1117	8
1118	8
1120	8
1121	8
1122	8
1123	8
1124	8
1125	8
1126	8
1127	8
1128	8
1129	8
1130	8
1131	8
1132	8
1133	8
1134	8
1135	8
1136	8
1137	8
1138	8
1139	8
1140	8
1141	8
1142	8
1143	8
1144	8
1145	8
1146	8
1147	8
1149	8
1151	8
1157	8
1160	8
1161	8
1162	8
1163	8
1164	8
1165	8
1167	8
1168	8
1169	8
1170	8
1171	8
1172	8
1173	8
1174	8
1175	8
1176	8
1177	9
1178	9
1179	9
1181	9
1182	8
1185	9
1189	9
1190	9
1191	9
1192	9
1193	9
1194	9
1195	9
1196	9
1197	9
1198	9
1199	9
1200	9
1201	9
1202	9
1203	9
1204	9
1205	9
1206	9
1207	9
1208	9
1209	9
1210	9
1211	9
1212	9
1213	9
1214	9
1215	9
1216	9
1217	6
1218	6
1219	6
1220	6
1221	4
1222	6
1223	4
1224	6
1225	4
1226	6
1227	4
1228	4
1229	4
1230	6
1231	4
1232	4
1233	9
1234	9
1235	9
1236	4
1237	4
1238	4
1239	4
1240	4
1241	4
1242	4
1243	4
1244	4
1245	4
1246	4
1247	4
1249	4
1250	4
1251	4
1252	4
1253	4
1254	4
1255	4
1256	4
1257	4
1258	4
1259	4
1260	4
1261	4
1263	4
1264	4
1265	4
1266	4
1267	4
1268	4
1269	4
1270	4
1271	4
1272	4
1273	2
1274	4
1275	2
1276	4
1277	4
1278	2
1279	2
1280	2
1281	2
1282	2
1283	4
1284	4
1285	4
1286	4
1287	4
1288	4
1289	4
1290	4
1291	4
1292	2
1293	2
1294	2
1295	2
1296	2
1297	2
1298	2
1299	2
1300	2
1301	2
1302	2
1303	2
1304	2
1305	2
1306	2
1307	4
1308	2
1309	2
1310	2
1311	2
1312	2
1313	5
1314	5
1315	5
1316	4
1317	4
1318	4
1319	4
1320	5
1321	5
1322	5
1323	5
1324	5
1325	5
1326	5
1327	5
1328	5
1329	5
1330	2
1331	5
1332	2
1333	2
1334	2
1335	2
1336	4
1337	4
1338	5
1339	4
1340	4
1341	2
1342	2
1343	2
1344	2
1345	2
1346	2
1347	2
1348	4
1349	4
1350	4
1351	4
1352	4
1353	5
1354	5
1355	5
1356	5
1357	5
1358	5
1359	4
1360	4
1361	4
1362	2
1363	4
1364	2
1365	4
1366	4
1367	4
1368	4
1369	4
1370	4
1371	2
1372	4
1374	4
1375	4
1376	4
1377	4
1378	6
1379	5
1380	5
1381	5
1382	5
1383	5
1384	5
1385	5
1386	5
1387	4
1388	4
1389	6
1390	4
1391	4
1392	4
1393	6
1394	6
1395	6
1396	6
1397	9
1398	9
1399	9
1400	9
1401	9
1402	9
1403	9
1404	9
1405	9
1406	9
1407	9
1408	4
1409	4
1410	4
1411	4
1412	4
1413	4
1414	4
1415	4
1416	4
1417	4
1418	4
1419	4
1420	4
1421	4
1422	4
1423	4
1424	4
1425	4
1426	4
1427	4
1429	4
1432	4
1433	4
1434	4
1435	4
1436	2
1437	2
1438	4
1439	2
1440	2
1441	2
1442	2
1443	2
1444	4
1445	4
1446	4
1447	2
1448	4
1449	4
1450	4
1451	4
1452	4
1453	2
1454	4
1455	4
1456	2
1457	2
1458	4
1459	2
1460	2
1461	2
1462	4
1463	4
1464	4
1465	4
1466	4
1467	4
1468	4
1469	4
1470	4
1471	4
1472	4
1473	5
1474	4
1475	4
1476	5
1477	5
1478	5
1479	5
1480	4
1481	4
1482	5
1483	5
1484	5
1485	5
1486	5
1487	5
1488	5
1489	5
1490	2
1491	2
1492	2
1493	2
1494	2
1495	2
1496	5
1497	2
1498	2
1499	2
1500	2
1501	2
1502	2
1503	5
1504	5
1505	4
1506	2
1507	2
1508	2
1509	2
1510	2
1511	2
1512	2
1513	2
1514	4
1515	4
1516	2
1517	4
1518	4
1519	5
1520	5
1521	5
1522	5
1523	4
1524	5
1525	4
1526	4
1527	4
1528	4
1529	4
1530	4
1531	4
1533	4
1534	4
1535	4
1536	4
1537	4
1538	2
1539	2
1540	2
1541	2
1542	4
1543	4
1544	5
1545	5
1546	5
1547	5
1548	5
1549	5
1550	5
1551	5
1552	5
1553	4
1554	4
1555	6
1556	4
1557	4
1558	4
1559	4
1560	6
1561	4
1562	4
1563	9
1564	9
1565	9
1566	9
1567	9
1568	4
1569	4
1570	4
1571	4
1572	4
1573	4
1574	5
1575	5
1576	5
1577	4
1578	5
1579	5
1580	5
1581	4
1582	4
1584	4
1585	4
1586	4
1587	4
1588	4
1589	4
1590	4
1591	4
1592	4
1593	4
1594	4
1596	4
1597	4
1598	4
1599	4
1600	2
1601	2
1602	4
1603	2
1604	2
1605	2
1606	2
1607	4
1608	4
1609	4
1610	4
1611	4
1612	4
1613	4
1614	4
1615	4
1616	4
1617	4
1618	2
1619	2
1620	2
1621	2
1622	4
1623	2
1624	2
1625	2
1626	2
1627	2
1628	2
1629	4
1630	2
1631	2
1632	2
1633	2
1634	2
1635	2
1636	4
1637	4
1638	4
1639	4
1640	4
1641	5
1642	4
1643	4
1644	4
1645	4
1646	5
1647	5
1648	5
1649	5
1650	5
1651	5
1652	5
1653	5
1654	5
1655	5
1656	5
1657	4
1658	2
1659	2
1660	5
1661	2
1662	2
1663	2
1664	2
1665	2
1666	2
1667	2
1668	2
1669	2
1670	2
1671	2
1672	2
1673	2
1674	2
1675	2
1676	2
1677	2
1678	2
1679	2
1680	2
1681	2
1682	2
1683	2
1684	2
1685	2
1686	2
1687	2
1688	5
1689	5
1690	4
1691	5
1692	4
1693	5
1694	4
1695	4
1696	4
1697	2
1698	4
1699	4
1700	2
1701	2
1702	2
1703	2
1704	2
1705	2
1706	2
1707	2
1708	2
1709	2
1710	2
1711	2
1712	2
1713	4
1714	4
1715	5
1716	5
1717	5
1718	5
1719	5
1720	5
1721	5
1722	5
1723	4
1724	4
1725	6
1726	6
1727	4
1728	4
1729	3
1730	4
1731	5
1732	5
1733	5
1734	5
1735	4
1736	4
1737	5
1738	5
1739	4
1740	4
1741	4
1742	4
1743	4
1744	4
1745	4
1746	4
1747	4
1748	4
1749	4
1750	4
1751	2
1752	4
1753	4
1754	4
1755	4
1756	4
1757	4
1758	4
1759	4
1760	4
1761	4
1762	4
1763	4
1764	4
1765	4
1766	4
1767	4
1769	2
1770	2
1771	2
1772	4
1773	4
1774	4
1775	4
1776	4
1777	4
1778	2
1779	4
1780	2
1781	4
1782	2
1783	2
1784	2
1785	2
1786	2
1787	2
1788	4
1789	2
1790	2
1791	4
1792	2
1793	2
1795	2
1796	2
1797	2
1798	2
1799	2
1800	2
1801	4
1802	4
1803	4
1804	4
1805	4
1806	4
1807	4
1808	4
1809	4
1810	4
1811	4
1812	4
1813	4
1814	4
1815	4
1816	4
1817	5
1818	5
1819	5
1820	4
1821	4
1822	2
1823	2
1824	2
1825	5
1826	2
1827	5
1828	2
1829	2
1830	2
1831	2
1832	2
1833	2
1834	2
1835	2
1836	2
1837	2
1838	2
1839	2
1840	2
1841	2
1842	2
1843	2
1844	2
1845	2
1846	2
1847	2
1848	2
1849	2
1850	4
1851	5
1852	5
1853	5
1854	5
1855	5
1856	5
1857	4
1858	4
1859	4
1860	4
1861	4
1862	4
1863	4
1864	4
1865	4
1866	5
1867	5
1868	4
1869	5
1870	5
1871	5
1872	5
1873	5
1874	5
1875	5
1876	6
1877	6
1878	3
1879	6
1880	6
1881	6
1882	4
1883	4
1884	3
1885	4
1886	6
1887	4
1888	4
1889	4
1890	4
1891	4
1892	5
1893	5
1894	5
1895	5
1896	4
1897	4
1898	4
1899	4
1900	4
1901	4
1902	4
1903	4
1904	4
1905	4
1906	4
1907	4
1908	4
1909	4
1910	4
1911	4
1912	4
1913	4
1914	4
1915	4
1916	4
1917	4
1918	4
1919	4
1920	4
1921	4
1922	4
1923	4
1924	4
1925	2
1926	2
1927	2
1928	2
1929	2
1930	2
1931	2
1932	4
1933	4
1934	2
1935	2
1936	2
1937	2
1938	2
1939	2
1940	2
1941	2
1942	2
1943	2
1944	2
1945	2
1946	2
1947	2
1948	2
1949	2
1950	2
1951	2
1952	2
1953	2
1954	4
1955	4
1956	2
1957	2
1958	2
1959	2
1960	2
1961	2
1962	2
1963	2
1964	2
1965	4
1966	4
1967	4
1968	4
1969	5
1970	4
1971	4
1972	4
1973	5
1974	5
1975	5
1976	4
1977	5
1978	5
1979	5
1980	5
1981	2
1982	2
1983	5
1984	2
1985	2
1986	2
1987	2
1988	5
1989	2
1990	2
1991	2
1992	2
1993	2
1994	2
1995	2
1996	2
1997	2
1998	2
1999	2
2000	2
2001	2
2002	2
2003	4
2004	2
2005	2
2006	2
2007	2
2008	2
2009	2
2010	2
2011	4
2012	5
2013	5
2014	5
2015	5
2016	5
2017	5
2018	6
2019	6
2020	5
2021	0
2022	5
2023	5
2024	5
2025	5
2026	4
2027	5
2028	5
2029	5
2030	5
2031	5
2032	5
2033	4
2034	4
2035	4
2036	4
2037	4
2038	4
2039	4
2040	4
2041	5
2042	5
2043	4
2044	3
2045	4
2046	4
2047	4
2048	4
2049	4
2050	4
2051	5
2052	4
2053	4
2054	4
2055	4
2056	4
2057	4
2058	4
2059	4
2060	4
2061	4
2062	4
2063	4
2064	4
2065	4
2066	4
2067	4
2068	4
2069	4
2070	4
2071	4
2072	4
2073	4
2074	4
2075	4
2076	4
2077	4
2078	2
2079	4
2080	4
2081	4
2082	4
2083	4
2084	2
2085	2
2086	2
2087	4
2088	2
2089	4
2090	4
2091	2
2092	4
2093	4
2094	4
2095	4
2096	4
2097	2
2098	2
2099	2
2100	2
2101	2
2102	2
2103	2
2104	2
2105	2
2106	2
2107	2
2108	2
2109	2
2110	2
2111	2
2112	2
2113	5
2114	5
2115	4
2116	5
2117	5
2118	4
2119	4
2120	4
2121	4
2122	5
2123	4
2124	5
2125	5
2126	4
2127	5
2128	4
2129	4
2130	2
2131	5
2132	2
2133	2
2134	5
2135	5
2136	2
2137	2
2138	2
2139	2
2140	2
2141	4
2142	2
2143	2
2144	2
2145	2
2146	2
2147	2
2148	2
2149	2
2150	4
2151	2
2152	5
2153	4
2154	4
2155	5
2156	2
2157	2
2158	4
2161	3
2162	3
2163	5
2164	5
2165	5
2166	5
2167	5
2168	5
2169	5
2170	5
2171	0
2172	5
2173	5
2174	5
2175	5
2176	5
2177	0
2178	5
2179	5
2180	5
2181	5
2182	5
2183	5
2184	3
2185	5
2186	3
2187	5
2188	3
2189	3
2190	5
2191	5
2192	3
2193	4
2194	4
2195	4
2196	4
2197	4
2198	4
2199	4
2200	4
2201	4
2202	4
2203	4
2204	4
2205	4
2206	4
2207	4
2208	4
2209	4
2210	4
2211	4
2212	4
2213	4
2215	4
2216	4
2217	4
2218	4
2219	4
2220	4
2221	4
2222	4
2223	4
2224	4
2225	4
2226	4
2227	4
2228	4
2229	4
2230	4
2231	4
2232	2
2233	4
2234	4
2235	4
2236	2
2237	2
2238	4
2239	4
2240	4
2241	4
2242	2
2243	2
2244	2
2245	2
2246	4
2247	4
2248	2
2249	2
2250	2
2251	2
2252	2
2253	4
2254	4
2255	4
2256	4
2257	5
2258	5
2259	5
2260	5
2261	3
2262	3
2263	3
2264	5
2265	4
2266	4
2267	4
2268	4
2269	5
2270	4
2271	4
2272	4
2273	5
2274	5
2275	5
2276	5
2277	5
2278	2
2279	5
2280	5
2281	5
2282	5
2283	2
2284	5
2285	5
2286	2
2287	2
2288	2
2289	4
2290	4
2291	4
2292	2
2293	2
2294	2
2295	2
2296	2
2297	2
2298	2
2299	2
2300	2
2301	2
2302	5
2303	5
2304	5
2305	0
2306	0
2307	0
2308	5
2309	5
2310	5
2311	5
2312	5
2313	4
2314	5
2315	5
2316	5
2317	0
2318	5
2319	5
2320	5
2321	5
2322	5
2323	8
2324	0
2325	0
2326	6
2327	6
2328	6
2329	6
2330	5
2331	5
2332	5
2333	5
2334	5
2335	5
2336	5
2337	5
2338	5
2339	3
2340	5
2341	5
2342	5
2343	5
2344	4
2345	4
2346	4
2347	4
2348	4
2349	4
2350	6
2351	4
2352	6
2353	6
2354	3
2355	4
2356	4
2357	4
2358	6
2359	4
2360	6
2361	4
2362	6
2363	4
2364	4
2365	4
2366	4
2367	4
2368	4
2369	4
2370	4
2371	4
2372	4
2373	4
2374	4
2375	4
2376	4
2377	4
2378	4
2379	4
2380	4
2381	4
2382	4
2383	4
2384	4
2385	2
2386	4
2387	2
2388	2
2389	2
2390	2
2391	2
2392	4
2393	4
2394	4
2395	4
2396	4
2397	2
2398	2
2399	2
2400	4
2401	4
2402	4
2403	4
2404	4
2405	4
2406	4
2407	4
2408	4
2409	4
2410	4
2411	4
2412	4
2413	2
2414	2
2415	2
2416	2
2417	4
2418	4
2419	2
2420	4
2421	4
2422	4
2423	4
2424	4
2425	3
2426	3
2427	3
2428	3
2429	3
2430	3
2431	3
2432	5
2433	3
2434	4
2435	4
2436	4
2437	4
2438	4
2439	4
2440	4
2441	4
2442	4
2443	5
2444	5
2445	5
2446	5
2447	5
2448	5
2449	5
2450	5
2451	5
2452	5
2453	2
2454	2
2455	5
2456	5
2457	5
2458	2
2459	2
2460	2
2461	5
2462	2
2463	2
2464	2
2465	5
2466	5
2467	3
2468	5
2469	5
2470	5
2471	5
2472	5
2473	5
2474	5
2475	5
2476	5
2477	5
2478	5
2479	5
2480	5
2481	5
2482	5
2483	5
2484	5
2485	5
2486	5
2487	5
2488	5
2489	5
2490	5
2491	5
2492	5
2493	5
2494	5
2495	5
2496	5
2497	5
2498	3
2499	3
2500	3
2501	4
2502	3
2503	4
2504	4
2505	5
2506	5
2507	5
2508	5
2509	4
2510	4
2511	4
2512	4
2513	4
2514	4
2515	4
2516	4
2517	4
2518	4
2520	4
2521	4
2522	4
2523	4
2524	4
2525	4
2526	4
2527	4
2528	4
2529	4
2530	4
2531	4
2532	4
2533	4
2534	4
2535	4
2536	4
2537	4
2538	4
2539	4
2540	4
2541	4
2542	4
2543	4
2544	4
2545	4
2546	4
2547	4
2548	4
2549	4
2550	4
2551	4
2552	4
2553	4
2554	4
2555	3
2556	3
2557	4
2558	4
2559	3
2560	4
2561	4
2562	4
2563	4
2564	4
2565	4
2566	4
2567	2
2568	4
2569	4
2570	4
2571	4
2572	4
2573	4
2574	4
2575	4
2576	4
2577	4
2578	4
2579	4
2580	4
2581	4
2582	4
2583	4
2584	4
2585	4
2586	2
2587	4
2588	4
2589	4
2590	3
2591	3
2592	3
2593	3
2594	3
2595	3
2596	3
2597	5
2598	5
2599	5
2600	5
2601	4
2602	4
2603	4
2604	4
2605	4
2606	5
2607	2
2608	2
2609	2
2610	2
2611	5
2612	5
2613	2
2614	2
2615	5
2616	2
2617	2
2618	2
2619	2
2620	2
2621	4
2622	2
2623	2
2624	2
2625	2
2626	4
2627	5
2628	2
2629	5
2630	4
2631	4
2632	5
2633	5
2634	3
2635	5
2636	0
2637	5
2638	5
2639	5
2640	5
2641	0
2642	5
2643	5
2644	5
2645	5
2646	5
2647	5
2648	5
2649	5
2650	5
2651	5
2652	5
2653	5
2654	5
2655	5
2656	5
2657	4
2658	4
2659	4
2660	4
2661	4
2662	4
2663	5
2664	5
2665	5
2666	4
2667	5
2668	4
2669	4
2670	4
2671	4
2672	4
2673	2
2674	2
2675	4
2676	4
2677	2
2678	2
2679	2
2680	2
2681	2
2682	4
2683	2
2684	4
2685	4
2686	4
2687	4
2688	4
2689	4
2690	4
2691	4
2692	4
2693	4
2694	4
2695	4
2696	4
2697	4
2698	4
2699	4
2700	4
2701	4
2702	4
2703	4
2704	5
2705	5
2706	5
2707	5
2708	4
2710	4
2711	4
2712	2
2713	4
2714	4
2715	4
2716	2
2717	4
2718	4
2719	4
2720	4
2721	4
2722	4
2723	4
2724	4
2725	4
2726	4
2727	4
2728	4
2729	4
2730	4
2731	4
2732	4
2733	4
2734	4
2735	4
2736	4
2737	4
2738	4
2739	4
2740	4
2741	5
2742	5
2743	5
2744	5
2745	5
2746	5
2747	5
2748	5
2749	3
2750	3
2751	5
2752	5
2753	3
2754	4
2755	4
2756	4
2757	5
2758	5
2759	5
2760	4
2761	5
2762	5
2763	5
2764	5
2765	4
2766	4
2767	4
2768	5
2769	4
2770	4
2771	2
2772	4
2773	5
2774	2
2775	4
2776	2
2777	5
2778	2
2779	4
2780	4
2781	2
2782	2
2783	2
2784	2
2785	2
2786	2
2787	2
2788	2
2789	4
2790	2
2791	2
2792	2
2793	2
2794	2
2795	2
2796	4
2797	2
2798	5
2799	3
2800	3
2801	5
2802	5
2803	4
2804	5
2805	4
2806	5
2807	5
2808	5
2809	5
2810	5
2811	5
2812	5
2813	5
2814	5
2815	5
2816	5
2817	5
2818	5
2819	3
2820	3
2821	5
2822	5
2823	5
2824	5
2825	6
2826	5
2827	5
2828	5
2829	5
2830	4
2831	4
2832	3
2833	3
2834	3
2835	2
2836	2
2837	2
2838	2
2839	2
2840	2
2841	2
2842	2
2843	4
2844	2
2845	2
2846	4
2847	2
2848	5
2849	5
2850	5
2851	5
2852	5
2853	5
2854	4
2855	4
2856	4
2857	4
2858	4
2859	4
2860	4
2861	4
2862	4
2863	4
2864	4
2865	5
2866	5
2867	5
2868	5
2869	4
2870	4
2871	4
2872	4
2873	4
2874	4
2875	4
2876	4
2877	4
2878	2
2879	2
2880	2
2881	4
2882	4
2883	4
2884	4
2885	4
2886	2
2887	2
2888	2
2889	2
2890	4
2891	4
2892	2
2893	4
2894	4
2895	4
2896	4
2897	4
2898	2
2899	2
2900	2
2901	2
2902	4
2903	4
2904	4
2905	4
2906	4
2907	4
2908	2
2909	4
2910	4
2911	4
2912	2
2913	5
2914	3
2915	5
2916	5
2917	5
2918	4
2919	5
2920	4
2921	4
2922	3
2923	5
2924	4
2925	4
2926	4
2927	5
2928	4
2929	4
2930	4
2931	4
2932	5
2933	4
2934	5
2935	2
2936	4
2937	4
2938	4
2939	4
2940	4
2941	4
2942	4
2943	5
2944	4
2945	4
2946	4
2947	4
2948	2
2949	2
2950	2
2951	2
2952	2
2953	5
2954	2
2955	2
2956	2
2957	2
2958	2
2959	5
2960	2
2961	4
2962	5
2964	4
2965	6
2966	4
2967	5
2968	5
2969	5
2970	5
2971	5
2972	5
2973	5
2974	5
2975	5
2976	5
2977	5
2978	5
2979	5
2980	5
2981	4
2982	5
2983	5
2984	5
2985	3
2986	6
2987	6
2988	4
2989	4
2990	6
2991	6
2992	6
2993	6
2994	6
2995	6
2996	5
2997	5
2998	5
2999	5
3000	5
3001	5
3002	5
3003	5
3004	5
3005	5
3006	2
3007	4
3008	4
3009	4
3010	4
3011	4
3012	4
3013	4
3014	4
3015	4
3016	4
3017	4
3018	4
3019	4
3020	4
3021	4
3022	4
3023	4
3024	4
3025	4
3026	4
3027	2
3028	5
3029	4
3030	4
3031	4
3032	5
3033	4
3034	4
3035	4
3036	4
3037	4
3038	4
3039	4
3040	4
3041	4
3042	4
3043	4
3044	4
3045	4
3046	4
3047	4
3048	4
3049	4
3050	4
3051	4
3052	4
3053	4
3054	4
3055	4
3056	4
3057	4
3058	4
3059	4
3060	4
3061	4
3062	4
3063	4
3064	4
3065	2
3066	2
3067	2
3068	2
3069	2
3070	4
3071	4
3072	4
3073	4
3074	4
3075	2
3076	4
3077	2
3078	4
3079	4
3080	4
3081	3
3082	3
3083	5
3084	3
3085	3
3086	3
3087	3
3088	3
3089	3
3090	3
3091	5
3092	3
3093	4
3094	5
3095	5
3096	5
3097	5
3098	4
3099	5
3100	4
3101	4
3102	4
3103	4
3104	4
3105	4
3106	4
3107	4
3108	4
3109	2
3110	2
3111	4
3112	4
3113	2
3114	2
3115	5
3116	5
3117	2
3118	2
3119	2
3120	2
3121	2
3122	2
3123	2
3124	4
3125	4
3126	5
3127	5
3128	2
3129	5
3130	4
3131	5
3132	5
3133	4
3135	4
3136	5
3137	5
3138	5
3139	5
3140	5
3141	5
3142	5
3143	5
3144	5
3145	5
3146	5
3147	5
3148	5
3149	5
3150	3
3151	5
3152	5
3153	6
3154	3
3155	4
3156	6
3157	6
3158	6
3159	6
3160	6
3161	6
3162	6
3163	5
3164	5
3165	5
3166	5
3167	5
3168	5
3169	2
3170	5
3171	2
3172	2
3173	2
3174	4
3175	2
3176	2
3177	2
3178	4
3179	2
3180	2
3181	2
3184	2
3185	4
3186	2
3187	4
3188	4
3189	4
3190	4
3191	4
3192	4
3193	4
3194	4
3195	4
3196	4
3197	4
3198	4
3199	4
3200	4
3201	4
3202	4
3203	4
3204	4
3205	4
3206	4
3212	4
3213	4
3214	4
3215	4
3216	4
3217	4
3218	2
3219	4
3220	2
3221	2
3222	4
3223	4
3224	2
3225	2
3226	2
3227	4
3228	4
3229	4
3230	4
3231	4
3232	4
3233	2
3234	2
3235	2
3236	4
3237	2
3238	2
3239	2
3240	2
3241	3
3242	3
3243	5
3244	3
3245	3
3246	3
3247	3
3248	5
3249	3
3250	3
3251	4
3252	4
3253	4
3254	4
3255	4
3256	4
3257	4
3258	4
3259	4
3260	4
3261	4
3262	4
3263	5
3264	2
3265	5
3266	5
3267	5
3268	4
3269	5
3270	5
3271	5
3272	5
3273	5
3274	2
3275	2
3276	2
3277	2
3278	2
3279	2
3280	2
3281	3
3282	5
3284	5
3285	4
3286	2
3287	3
3288	5
3289	4
3292	4
3293	5
3294	5
3295	5
3296	5
3297	5
3298	5
3299	5
3300	5
3301	5
3302	5
3303	5
3304	6
3305	6
3306	4
3307	5
3308	5
3309	3
3310	3
3311	3
3312	3
3313	6
3314	6
3315	4
3316	4
3317	4
3318	4
3319	6
3320	6
3321	6
3322	5
3323	5
3324	2
3325	2
3326	2
3327	2
3328	2
3329	2
3330	4
3331	6
3332	3
3333	4
3334	4
3335	4
3336	4
3337	4
3338	4
3339	4
3340	4
3341	4
3342	4
3343	4
3344	4
3345	2
3346	4
3347	4
3348	4
3350	4
3351	4
3352	4
3353	4
3355	4
3356	4
3357	2
3358	4
3359	4
3360	4
3361	4
3362	4
3363	4
3364	4
3365	4
3366	4
3367	4
3368	4
3369	4
3370	2
3371	2
3372	2
3373	4
3374	2
3375	2
3376	4
3377	2
3378	2
3379	2
3380	2
3381	2
3382	2
3383	2
3384	2
3385	2
3386	2
3387	2
3388	2
3389	2
3390	2
3391	2
3392	2
3393	2
3394	2
3395	2
3396	2
3397	2
3398	2
3399	2
3400	5
3401	3
3402	3
3403	3
3404	3
3405	3
3406	3
3407	3
3408	4
3409	4
3410	4
3411	4
3412	5
3413	5
3414	5
3415	5
3416	4
3417	5
3418	4
3419	4
3420	5
3421	5
3422	5
3423	2
3424	4
3425	2
3426	2
3427	2
3428	5
3429	5
3430	8
3431	2
3432	2
3433	2
3434	2
3435	2
3436	2
3437	2
3438	2
3439	5
3440	6
3441	4
3442	2
3443	4
3444	4
3445	4
3446	2
3447	4
3448	2
3449	5
3450	5
3451	5
3452	5
3453	5
3454	5
3455	4
3456	4
3457	5
3458	5
3459	5
3460	3
3461	5
3462	6
3463	3
3464	3
3465	3
3466	3
3467	5
3468	6
3469	5
3470	5
3471	5
3472	6
3473	6
3474	3
3475	6
3476	6
3477	6
3478	6
3479	3
3480	6
3481	6
3482	3
3483	6
3484	4
3485	6
3486	6
3487	6
3488	3
3489	4
3490	6
3491	6
3492	6
3493	6
3494	6
3495	6
3496	4
3497	4
3498	4
3499	4
3500	4
3501	4
3502	5
3503	4
3504	4
3505	4
3506	4
3507	4
3508	4
3509	4
3510	4
3513	4
3514	4
3515	4
3516	4
3517	4
3518	4
3519	4
3520	4
3521	4
3522	4
3523	4
3524	2
3525	4
3526	4
3527	4
3528	4
3529	4
3530	4
3531	4
3533	4
3534	2
3535	2
3536	4
3537	4
3538	4
3539	2
3540	2
3541	2
3542	2
3543	2
3544	2
3545	2
3546	2
3547	2
3548	2
3549	2
3550	2
3551	2
3552	2
3553	2
3554	2
3555	2
3556	2
3557	2
3558	4
3559	2
3560	2
3561	4
3562	2
3563	2
3564	2
3565	4
3566	2
3567	4
3568	5
3569	4
3570	4
3571	5
3572	5
3573	5
3574	5
3575	5
3576	5
3577	4
3578	5
3579	4
3580	4
3581	4
3582	5
3583	4
3584	5
3585	5
3586	5
3587	5
3588	5
3589	5
3590	5
3591	5
3592	4
3593	5
3594	2
3595	2
3596	2
3597	2
3598	2
3599	2
3600	5
3601	2
3602	2
3603	5
3604	0
3605	4
3606	5
3607	5
3608	2
3609	3
3610	3
3611	3
3612	5
3614	5
3615	2
3616	5
3617	5
3618	4
3619	4
3620	4
3621	5
3622	3
3623	3
3624	3
3625	4
3626	4
3627	5
3628	5
3629	5
3630	5
3631	5
3632	5
3633	5
3634	3
3635	6
3636	5
3637	5
3638	5
3639	6
3640	3
3641	6
3642	6
3643	4
3644	4
3645	4
3646	6
3647	6
3648	4
3649	6
3650	4
3651	6
3652	6
3653	6
3654	4
3655	4
3656	6
3657	5
3658	4
3659	4
3660	4
3661	4
3662	4
3663	4
3664	4
3665	4
3666	5
3667	5
3668	4
3669	4
3670	4
3671	4
3672	4
3673	4
3674	4
3675	4
3676	4
3677	4
3678	4
3679	4
3680	4
3681	4
3682	4
3684	4
3685	2
3686	2
3687	4
3688	4
3689	2
3690	2
3691	2
3692	2
3693	4
3694	2
3695	4
3696	2
3697	4
3698	2
3699	2
3700	2
3701	2
3702	2
3703	2
3704	2
3705	2
3706	2
3707	2
3708	4
3709	4
3710	4
3711	2
3712	4
3713	4
3715	2
3717	2
3718	2
3719	2
3720	2
3721	2
3722	2
3723	2
3724	2
3725	2
3726	4
3727	4
3728	4
3729	5
3730	5
3731	4
3732	4
3733	4
3734	4
3735	4
3736	4
3737	4
3738	4
3739	4
3740	4
3741	4
3742	5
3743	4
3744	2
3745	2
3746	2
3747	5
3748	5
3749	5
3750	5
3751	5
3752	5
3753	5
3754	5
3755	2
3756	2
3757	2
3758	2
3759	2
3760	2
3761	2
3762	2
3763	2
3764	2
3768	5
3769	4
3770	2
3771	5
3772	4
3773	4
3774	4
3775	4
3776	5
3777	3
3778	4
3779	3
3780	4
3781	3
3782	4
3783	4
3784	4
3785	6
3786	4
3787	4
3788	4
3789	4
3790	8
3791	8
3792	8
3793	8
3794	8
3795	8
3796	8
3797	8
3798	8
3799	8
3800	8
3801	8
3802	8
3803	8
3804	8
3805	8
3806	8
3807	8
3808	8
3809	8
3810	8
3811	8
3812	8
3813	8
3814	8
3815	8
3816	8
3817	8
3818	8
3819	8
3820	8
3821	8
3822	8
3823	8
3824	8
3825	8
3826	8
3827	8
3828	8
3829	8
3830	8
3831	8
3832	8
3833	8
3834	8
3835	8
3836	8
3837	8
3838	8
3839	8
3840	8
3841	8
3842	8
3843	8
3844	8
3845	8
3846	8
3847	8
3848	8
3849	8
3850	8
3851	8
3852	8
3853	8
3854	8
3855	8
3856	8
3857	8
3858	8
3859	8
3860	8
3861	8
3862	8
3863	8
3864	8
3865	8
3866	8
3867	8
3868	8
3869	8
3870	8
3871	8
3872	8
3873	8
3874	8
3875	8
3876	8
3877	8
3878	8
3879	8
3880	8
3883	8
3884	8
3885	8
3886	8
3887	8
3888	8
3889	8
3890	8
3892	8
3893	8
3894	8
3897	9
3898	8
3899	8
3900	8
3901	8
3902	8
3903	8
3904	8
3905	8
3906	8
3907	8
3908	8
3909	8
3910	8
3911	8
3912	8
3913	8
3914	8
3915	8
3916	8
3917	8
3918	8
3919	8
3920	8
3921	8
3922	8
3923	8
3924	8
3925	8
3926	8
3927	8
3928	8
3929	8
3930	8
3931	8
3932	8
3933	8
3934	8
3935	8
3936	8
3937	8
3938	8
3939	8
3940	8
3941	8
3942	8
3943	8
3944	8
3945	8
3946	8
3947	8
3948	8
3949	8
3950	8
3951	8
3952	8
3953	8
3954	8
3955	8
3956	8
3957	8
3958	8
3959	8
3960	8
3961	8
3962	8
3963	8
3964	8
3965	8
3966	8
3967	8
3968	8
3969	8
3970	8
3971	8
3972	8
3973	8
3974	8
3975	8
3976	8
3977	8
3978	8
3979	8
3980	8
3981	8
3982	8
3983	8
3985	8
3986	8
3987	5
3988	0
3989	5
3990	7
3991	5
3992	9
3993	5
3994	5
3995	5
3996	5
3997	5
3998	0
3999	5
4000	0
4001	7
4002	0
4003	5
4004	5
4005	5
4006	5
4007	5
4008	9
4009	5
4010	5
4011	5
4012	5
4013	5
4014	5
4015	7
4016	5
4017	5
4018	5
4019	5
4020	5
4021	9
4022	5
4023	5
4024	5
4025	0
4026	9
4027	5
4028	5
4029	5
4030	5
4031	5
4032	5
4033	0
4034	0
4035	5
4036	5
4037	9
4038	5
4039	5
4040	5
4041	5
4042	5
4043	5
4044	5
4045	5
4046	5
4047	5
4048	5
4049	1
4050	9
4051	9
4052	0
4053	1
4054	1
4055	1
4056	1
4057	1
4058	1
4059	1
4060	1
4061	1
4062	1
4063	1
4064	1
4065	1
4066	1
4067	1
4068	1
4069	1
4070	1
4071	1
4072	1
4073	1
4074	1
4075	1
4076	5
4077	1
4078	0
4079	0
4080	0
4081	9
4082	9
4083	0
4084	0
4085	0
4086	0
4087	0
4088	0
4089	0
4090	6
4091	9
4092	9
4093	9
4094	9
4095	9
4096	6
4097	9
4098	9
4099	9
4100	9
4101	9
4102	9
4103	9
4104	0
4105	0
4106	9
4107	9
4108	9
4109	9
4110	9
4111	0
4112	6
4113	0
4114	0
4115	9
4116	0
4117	6
4118	9
4119	6
4120	0
4121	0
4122	9
4123	9
4124	0
4125	0
4126	9
4127	6
4128	0
4129	9
4130	0
4131	0
4132	6
4133	9
4134	9
4135	0
4136	6
4137	9
4138	0
4139	0
4140	0
4141	9
4142	0
4143	9
4144	0
4145	0
4146	0
4147	9
4148	6
4149	0
4150	1
4151	6
4152	6
4153	6
4154	9
4155	0
4156	0
4157	0
4158	0
4159	0
4160	9
4161	1
4162	1
4163	7
4164	7
4165	7
4166	1
4167	1
4168	7
4169	7
4170	7
4171	7
4172	7
4173	7
4174	7
4175	0
4176	0
4177	0
4178	1
4179	7
4180	0
4181	7
4182	7
4183	7
4184	7
4185	7
4186	7
4187	7
4188	7
4189	1
4190	7
4191	1
4192	7
4193	7
4194	7
4195	7
4196	7
4197	7
4198	7
4199	7
4200	7
4201	1
4202	1
4203	1
4204	7
4205	7
4206	7
4207	0
4208	0
4209	8
4210	9
4211	8
4212	8
4213	8
4214	9
4215	9
4216	9
4217	9
4218	9
4219	8
4220	8
4221	8
4222	8
4223	8
4224	8
4225	8
4226	8
4227	8
4228	8
4229	8
4230	8
4231	8
4232	8
4233	8
4234	8
4235	8
4236	8
4237	8
4238	8
4239	8
4240	8
4241	8
4242	8
4243	8
4244	8
4245	8
4246	8
4247	8
4248	8
4249	8
4250	8
4251	8
4252	8
4253	9
4254	8
4255	8
4256	8
4257	8
4258	8
4259	8
4260	8
4261	8
4262	8
4263	8
4264	8
4265	8
4266	7
4267	3
4268	7
4269	7
4270	7
4271	3
4272	7
4273	7
4274	7
4275	7
4276	3
4277	7
4278	3
4279	0
4280	0
4281	7
4282	7
4283	7
4284	7
4285	7
4286	7
4287	7
4288	7
4289	7
4290	7
4291	7
4292	7
4293	7
4294	7
4295	7
4296	7
4297	7
4298	7
4299	7
4300	7
4301	7
4302	7
4303	7
4304	7
4305	7
4306	7
4307	7
4308	7
4309	7
4310	7
4311	7
4312	7
4313	3
4314	7
4315	3
4316	3
4317	3
4318	7
4319	7
4320	3
4321	7
4322	7
4323	7
4324	7
4325	7
4326	7
4327	3
4328	3
4329	7
4330	7
4331	7
4332	7
4333	7
4334	7
4335	0
4336	7
4337	7
4338	7
4339	7
4340	7
4341	7
4342	7
4343	7
4344	7
4345	7
4346	7
4347	7
4348	7
4349	7
4350	7
4351	7
4352	7
4353	3
4354	7
4355	7
4356	7
4357	7
4358	7
4359	7
4360	7
4361	3
4362	3
4363	7
4364	7
4365	7
4366	3
4367	7
4368	7
4369	7
4370	7
4371	7
4372	3
4373	7
4374	7
4375	7
4376	7
4377	7
4378	7
4379	7
4380	7
4381	7
4382	7
4383	7
4384	7
4385	7
4386	7
4387	7
4388	7
4389	7
4390	7
4391	3
4392	7
4393	7
4394	7
4395	3
4396	7
4397	7
4398	7
4399	7
4400	7
4401	7
4402	7
4403	7
4404	7
4405	7
4406	7
4407	7
4408	7
4409	7
4410	7
4411	7
4412	3
4413	7
4414	3
4415	7
4416	7
4417	7
4418	7
4419	3
4420	3
4421	7
4422	7
4423	7
4424	7
4425	7
4426	7
4427	7
4428	7
4429	7
4430	7
4431	7
4432	7
4433	7
4434	7
4435	7
4436	7
4437	7
4438	7
4439	7
4440	7
4441	7
4442	3
4443	7
4444	7
4445	7
4446	7
4447	7
4448	7
4449	7
4450	7
4451	7
4452	7
4453	3
4454	7
4455	7
4456	7
4457	7
4458	7
4459	7
4460	7
4461	7
4462	7
4463	7
4464	7
4465	7
4466	7
4467	7
4468	7
4469	7
4470	7
4471	7
4472	7
4473	7
4474	7
4475	7
4476	7
4477	7
4478	7
4479	7
4480	7
4481	7
4482	7
4483	7
4484	7
4485	7
4486	7
4487	7
4488	7
4489	3
4490	9
4496	9
4497	9
4498	9
4499	9
4500	9
4501	9
4502	9
4503	9
4504	9
4510	8
4511	8
4512	8
4513	9
4514	9
4515	9
4516	9
4517	9
4518	9
4519	9
4520	9
4521	9
4522	9
4523	9
4524	9
4525	9
4526	9
4527	7
4528	7
4529	7
4530	7
4531	7
4532	7
4533	7
4534	7
4535	7
4536	7
4537	7
4538	7
4539	7
4540	7
4541	7
4542	7
4543	7
4544	7
4545	7
4546	7
4547	7
4548	7
4549	7
4550	7
4551	7
4552	7
4553	7
4554	0
4555	6
4556	6
4557	6
4558	3
4559	3
4560	3
4561	3
4562	3
4563	6
4564	3
4565	3
4566	3
4567	3
4568	6
4569	6
4570	6
4571	6
4572	6
4573	3
4574	6
4575	0
4576	6
4577	6
4578	6
4579	6
4580	6
4581	6
4582	6
4583	6
4584	3
4585	6
4586	8
4587	8
4588	6
4589	6
4590	0
4591	6
4592	9
4596	6
4597	8
4599	8
4600	8
4601	8
4602	8
4603	8
4607	8
4608	6
4609	6
4610	6
4611	6
4612	3
4613	9
4614	9
4615	6
4616	9
4617	8
4618	8
4619	8
4620	8
4621	3
4622	9
4623	0
4624	3
4625	0
4626	9
4627	6
4628	6
4629	6
4630	6
4631	6
4632	6
4633	6
4634	9
4635	3
4636	6
4637	6
4638	8
4639	8
4640	8
4641	8
4642	3
4643	6
4644	6
4645	6
4646	6
4647	9
4648	0
4649	6
4650	6
4651	0
4652	6
4653	8
4654	8
4655	8
4656	8
4657	6
4658	6
4659	6
4660	3
4661	9
4662	6
4663	6
4664	0
4665	9
4666	9
4667	6
4668	6
4669	6
4670	6
4671	6
4672	6
4673	6
4674	6
4675	6
4676	6
4677	9
4678	6
4679	0
4680	6
4681	6
4682	6
4683	6
4684	6
4685	6
4686	6
4687	6
4688	6
4689	6
4690	6
4691	6
4692	3
4693	6
4694	6
4695	6
4696	6
4697	6
4698	6
4699	6
4700	6
4701	6
4702	6
4703	6
4704	6
4705	6
4706	3
4707	0
4708	6
4709	6
4710	6
4711	6
4712	0
4713	6
4714	6
4715	6
4716	6
4717	6
4718	6
4719	3
4720	6
4721	6
4722	6
4723	6
4724	6
4725	0
4726	6
4727	6
4728	6
4729	6
4730	6
4731	6
4732	6
4733	6
4734	6
4735	6
4736	6
4737	6
4738	6
4739	6
4740	3
4741	6
4742	6
4743	6
4744	6
4745	3
4746	3
4747	6
4748	6
4749	6
4750	6
4751	6
4752	6
4753	6
4754	6
4755	6
4756	6
4757	3
4758	6
4759	6
4760	6
4761	6
4762	6
4763	3
4764	6
4765	6
4766	6
4767	6
4768	6
4769	6
4770	6
4771	6
4772	6
4773	6
4774	6
4775	6
4776	6
4777	6
4778	3
4779	6
4780	3
4781	3
4782	6
4783	3
4784	8
4785	6
4786	6
4787	6
4788	6
4789	6
4790	6
4791	6
4792	6
4793	6
4794	6
4795	6
4796	6
4797	4
4798	6
4799	6
4800	6
4801	6
4802	6
4803	6
4804	6
4805	6
4806	6
4807	6
4808	6
4809	6
4810	3
4811	3
4812	6
4813	6
4815	8
4816	8
4817	8
4818	8
4819	8
4820	8
4821	8
4822	8
4823	8
4826	6
4827	6
4828	3
4829	3
4830	6
4831	6
4832	6
4833	3
4834	3
4835	3
4836	3
4837	6
4838	6
4839	3
4840	6
4841	6
4842	6
4843	3
4844	4
4845	6
4846	6
4847	6
4848	6
4849	6
4850	6
4851	6
4852	3
4853	3
4854	3
4855	3
4856	3
4857	3
4858	6
4859	6
4860	4
4861	4
4862	4
4863	6
4864	6
4865	3
4866	6
4867	6
4868	3
4869	6
4870	6
4871	6
4872	1
4873	5
4874	9
4875	9
4876	6
4877	6
4878	3
4879	3
4880	3
4881	3
4882	3
4883	6
4884	6
4885	6
4886	6
4887	3
4888	3
4889	3
4890	3
4891	6
4892	6
4893	6
4894	6
4895	6
4896	3
4897	9
4898	6
4899	3
4900	3
4901	5
4902	5
4903	3
4904	6
4905	6
4906	9
4907	6
4908	3
4909	3
4910	3
4911	9
4912	9
4913	3
4914	9
4915	3
4916	9
4917	3
4918	9
4919	3
4920	6
4921	0
4922	0
4923	3
4924	6
4925	0
4926	3
4927	3
4928	6
4929	0
4930	3
4931	3
4932	0
4933	3
4934	3
4935	0
4936	0
4937	3
4938	3
4939	6
4940	9
4941	3
4942	3
4943	6
4944	6
4945	6
4946	6
4947	6
4948	8
4949	8
4950	8
4951	9
4953	9
4954	9
4955	9
4956	9
4958	9
4959	9
4961	9
4966	9
4968	1
4969	1
4970	1
4971	1
4972	1
4973	1
4974	1
4975	1
4976	1
4977	1
4978	1
4979	1
4980	1
4981	1
4982	1
4983	1
4984	1
4985	1
4986	1
4987	1
4988	1
4989	1
4990	1
4991	1
4992	1
4993	1
4994	1
4995	1
4996	1
4997	1
4998	1
4999	1
5000	1
5001	1
5002	1
5003	1
5004	1
5005	1
5006	1
5007	1
5008	1
5009	1
5010	1
5011	1
5012	1
5013	1
5014	1
5015	1
5016	1
5017	1
5018	1
5019	1
5020	1
5021	1
5022	8
5023	1
5024	1
5025	1
5026	1
5027	1
5028	1
5029	1
5030	1
5031	1
5032	8
5033	8
5034	8
5035	8
5036	8
5037	8
5038	8
5039	1
5040	1
5041	1
5042	1
5043	1
5044	1
5045	1
5046	1
5047	1
5048	1
5049	1
5050	1
5051	8
5052	8
5053	1
5054	1
5055	1
5058	1
5059	8
5063	1
5066	7
5067	7
5068	7
5069	7
5070	8
5071	7
5072	7
5073	1
5074	7
5075	7
5076	7
5077	1
5078	1
5079	8
5080	1
5081	8
5082	8
5083	8
5084	1
5085	8
5086	1
5087	8
5088	1
5089	1
5090	1
5091	1
5092	1
5093	1
5094	1
5095	1
5096	1
5097	1
5098	1
5099	9
5100	6
5101	9
5102	9
5103	6
5104	6
5105	6
5106	6
5107	6
5108	8
5109	6
5110	6
5111	8
5112	6
5113	8
5114	6
5115	8
5116	9
5117	9
5118	9
5119	2
5120	9
5121	5
5122	9
5123	9
5124	9
5125	2
5126	2
5127	2
5128	5
5129	5
5130	2
5131	2
5132	5
5133	2
5134	2
5135	2
5136	2
5137	5
5138	2
5139	2
5140	2
5141	2
5142	2
5143	5
5144	2
5145	2
5146	2
5147	5
5148	7
5149	2
5150	2
5151	2
5152	2
5153	5
5154	2
5155	2
5156	2
5157	2
5158	2
5159	2
5160	2
5161	5
5162	2
5163	2
5164	2
5165	2
5166	2
5167	9
5168	9
5169	9
5170	9
5171	9
5172	9
5173	8
5174	5
5175	2
5176	5
5177	5
5178	2
5179	5
5180	5
5181	2
5182	2
5183	5
5184	2
5185	5
5186	2
5187	2
5188	5
5189	8
5190	8
5191	2
5192	2
5193	2
5194	2
5195	2
5196	2
5197	2
5198	2
5199	2
5200	9
5201	1
5202	2
5203	2
5204	2
5205	2
5206	2
5207	2
5208	2
5209	2
5210	2
5211	2
5212	5
5213	8
5214	5
5215	5
5216	2
5217	7
5218	2
5219	9
5220	9
5221	9
5222	9
5223	9
5224	9
5225	5
5226	2
5227	9
5228	2
5229	2
5230	2
5231	5
5232	5
5233	5
5234	5
5235	5
5236	2
5237	2
5238	2
5239	2
5240	5
5241	2
5242	2
5243	9
5244	2
5245	2
5246	2
5247	2
5248	1
5249	2
5250	9
5251	5
5252	5
5253	8
5254	2
5255	2
5256	2
5257	2
5258	2
5259	9
5260	9
5261	9
5262	9
5263	5
5264	2
5265	5
5266	9
5267	5
5268	2
5269	2
5270	2
5271	2
5272	5
5273	5
5274	5
5275	2
5276	5
5277	2
5278	5
5279	2
5280	2
5281	2
5282	2
5283	9
5284	9
5285	2
5286	5
5287	5
5288	2
5289	2
5290	2
5291	2
5292	5
5293	2
5294	2
5295	2
5296	5
5297	2
5298	2
5299	5
5300	5
5301	5
5302	8
5303	5
5304	5
5305	9
5306	9
5307	5
5308	5
5309	5
5310	5
5311	2
5312	2
5313	2
5314	2
5315	2
5316	2
5317	5
5318	2
5319	5
5320	5
5321	5
5322	2
5324	5
5325	8
5326	2
5327	2
5328	2
5329	2
5330	2
5331	2
5332	5
5333	5
5334	5
5335	2
5336	2
5337	2
5338	2
5339	2
5340	2
5341	2
5342	5
5343	2
5344	2
5345	5
5346	2
5347	2
5348	2
5349	2
5350	5
5351	2
5352	5
5353	2
5354	9
5355	5
5356	2
5357	7
5358	5
5359	5
5360	5
5361	5
5362	2
5363	2
5364	5
5365	2
5366	2
5367	5
5368	2
5369	5
5370	5
5371	2
5372	2
5373	2
5374	2
5375	2
5376	5
5377	5
5378	2
5379	2
5380	2
5381	2
5382	5
5383	5
5384	5
5385	7
5386	2
5387	2
5388	2
5389	2
5390	2
5391	2
5392	2
5393	2
5394	2
5395	2
5396	2
5397	2
5398	5
5399	2
5400	5
5401	5
5402	5
5403	2
5404	2
5405	2
5406	2
5407	2
5408	2
5409	2
5410	5
5411	2
5412	5
5413	5
5414	2
5415	5
5416	2
5417	2
5418	7
5419	2
5420	5
5421	5
5422	2
5423	2
5424	5
5425	2
5426	5
5427	2
5428	5
5429	2
5430	2
5431	2
5432	2
5433	4
5434	5
5435	5
5436	2
5437	2
5438	2
5439	2
5440	2
5441	2
5442	2
5443	5
5444	5
5445	5
5446	2
5447	2
5448	2
5449	2
5450	2
5451	2
5452	2
5453	2
5454	2
5455	5
5456	5
5457	5
5458	2
5459	5
5460	2
5461	9
5462	5
5463	2
5464	2
5465	2
5466	2
5467	2
5468	5
5469	5
5470	9
5471	2
5472	2
5473	2
5474	2
5475	2
5476	2
5477	2
5478	2
5479	8
5480	8
5481	5
5482	5
5483	5
5484	5
5485	5
5486	2
5487	2
5488	2
5489	2
5490	2
5491	2
5492	9
5493	5
5494	5
5495	2
5496	5
5497	2
5498	1
5499	5
5500	9
5501	2
5502	2
5503	2
5504	2
5505	2
5506	2
5507	2
5508	2
5509	5
5510	2
5511	2
5512	5
5513	8
5514	5
5515	8
5516	2
5517	2
5518	7
5519	5
5520	2
5521	2
5522	1
5523	2
5524	2
5525	5
5526	2
5527	5
5528	2
5529	5
5530	2
5531	9
5532	5
5533	5
5534	5
5535	5
5536	5
5537	5
5538	5
5539	5
5540	2
5541	2
5542	2
5543	2
5544	2
5545	5
5546	2
5547	2
5548	2
5549	5
5550	5
5551	2
5552	2
5553	2
5554	2
5555	2
5556	8
5557	8
5558	2
5559	5
5560	8
5561	5
5562	5
5563	2
5564	2
5565	2
5566	2
5567	2
5568	2
5569	2
5570	8
5571	5
5572	2
5573	2
5574	5
5575	2
5576	2
5577	5
5578	2
5579	2
5580	2
5581	2
5582	2
5583	2
5584	2
5585	2
5586	5
5587	9
5588	2
5589	9
5590	9
5591	9
5592	9
5593	9
5594	2
5595	9
5596	2
5597	2
5598	2
5599	2
5600	2
5601	8
5602	8
5603	8
5604	2
5605	2
5606	8
5607	2
5608	2
5609	5
5610	2
5611	5
5612	5
5613	2
5614	5
5615	9
5616	2
5617	2
5618	5
5619	2
5620	2
5621	5
5622	5
5623	2
5624	2
5625	5
5626	9
5627	9
5628	5
5629	5
5630	2
5631	2
5632	2
5633	2
5634	2
5635	2
5636	2
5637	2
5638	2
5639	2
5640	2
5641	5
5642	5
5643	9
5644	2
5645	2
5646	5
5647	5
5648	2
5649	9
5650	9
5651	9
5652	2
5653	2
5654	2
5655	2
5656	2
5657	2
5658	1
5659	2
5660	2
5661	2
5662	5
5663	2
5664	8
5665	2
5666	2
5667	2
5668	5
5669	2
5670	5
5671	5
5672	2
5673	2
5674	2
5675	2
5676	2
5677	1
5678	2
5679	2
5680	2
5681	2
5682	2
5683	2
5684	2
5685	5
5686	5
5687	2
5688	2
5689	5
5690	9
5691	9
5692	9
5693	9
5694	9
5695	2
5696	5
5697	2
5698	5
5699	2
5700	2
5701	2
5702	2
5703	2
5704	2
5705	5
5706	5
5707	2
5708	2
5709	2
5710	2
5711	2
5712	2
5713	7
5714	7
5715	2
5716	2
5717	5
5718	2
5719	9
5720	5
5721	2
5722	5
5723	7
5725	5
5726	5
5727	2
5728	5
5729	5
5730	2
5731	5
5732	2
5733	9
5734	2
5735	5
5736	2
5737	2
5738	2
5739	5
5740	2
5741	9
5742	2
5743	9
5744	9
5745	9
5746	9
5747	9
5748	9
5749	2
5750	2
5751	2
5752	2
5753	2
5754	2
5755	2
5756	5
5757	8
5758	8
5759	2
5766	2
5767	7
5768	2
5769	5
5770	2
5771	5
5772	5
5773	2
5774	2
5775	5
5776	5
5777	7
5778	5
5779	2
5780	5
5781	2
5782	5
5783	2
5784	8
5785	2
5786	7
5787	5
5788	5
5789	5
5790	5
5791	5
5792	5
5793	5
5794	9
5795	9
5796	9
5797	9
5798	9
5799	9
5800	9
5801	2
5802	2
5803	2
5804	2
5805	5
5806	5
5807	5
5810	5
5811	2
5812	2
5813	5
5814	8
5815	8
5816	8
5817	8
5818	1
5819	2
5820	2
5821	2
5822	5
5823	9
5824	5
5825	5
5826	5
5827	2
5828	7
5829	2
5830	2
5831	5
5832	2
5833	5
5834	2
5835	2
5836	2
5837	2
5838	2
5839	5
5840	5
5841	5
5842	5
5843	5
5844	9
5845	2
5846	9
5847	2
5848	9
5849	9
5850	9
5851	2
5852	2
5853	5
5854	2
5855	7
5856	2
5857	2
5858	2
5859	2
5860	2
5861	2
5862	2
5863	2
5864	5
5865	2
5866	2
5867	2
5868	2
5869	2
5870	5
5871	7
5872	2
5873	2
5874	2
5875	1
5876	2
5877	1
5878	1
5879	5
5880	5
5881	5
5882	5
5883	5
5884	2
5885	9
5886	9
5887	9
5888	9
5889	9
5890	9
5891	7
5892	7
5893	7
5894	7
5895	7
5896	7
5897	7
5898	7
5899	7
5900	7
5901	7
5902	7
5903	7
5904	7
5905	7
5906	7
5907	7
5908	7
5909	7
5910	7
5911	7
5912	7
5913	7
5914	7
5915	7
5916	7
5917	7
5918	7
5919	7
5920	7
5921	7
5922	7
5923	7
5924	7
5925	7
5926	7
5927	7
5928	7
5929	7
5930	7
5931	7
5932	7
5933	7
5934	7
5935	7
5936	7
5937	7
5938	7
5939	7
5940	7
5941	7
5942	7
5943	7
5944	7
5945	7
5946	7
5947	7
5948	7
5949	7
5950	7
5951	7
5952	7
5953	7
5954	7
5955	7
5956	7
5957	7
5958	7
5959	7
5960	7
5961	7
5962	7
5963	7
5964	7
5965	7
5966	7
5967	7
5968	7
5969	7
5970	7
5971	7
5972	7
5973	7
5974	7
5975	7
5976	7
5977	7
5978	7
5979	7
5980	7
5981	7
5982	7
5983	7
5984	7
5985	7
5986	7
5987	7
5988	7
5989	7
5990	7
5991	7
5992	7
5993	7
5994	7
5995	7
5996	7
5997	7
5998	7
5999	7
6000	7
6001	7
6002	7
6003	7
6004	7
6005	7
6006	7
6007	7
6008	7
6009	7
6010	7
6011	7
6012	7
6013	7
6014	7
6015	7
6016	7
6017	7
6018	7
6019	7
6020	7
6021	7
6022	7
6023	7
6024	7
6025	7
6026	7
6027	7
6028	7
6029	7
6030	7
6031	7
6032	7
6033	7
6034	7
6035	7
6036	7
6037	7
6038	7
6039	7
6040	7
6041	7
6042	7
6043	7
6044	7
6045	7
6046	7
6047	7
6048	7
6049	7
6050	7
6051	7
6052	7
6053	7
6054	7
6055	7
6056	7
6057	7
6058	7
6059	7
6060	7
6061	7
6062	7
6063	7
6064	7
6065	7
6066	7
6067	7
6068	7
6069	7
6070	7
6071	7
6072	7
6073	7
6074	7
6075	7
6076	7
6077	7
6078	7
6079	7
6080	7
6081	7
6082	7
6083	7
6084	7
6085	7
6086	7
6087	7
6088	7
6089	7
6090	7
6091	7
6092	7
6093	7
6094	7
6095	7
6096	7
6097	7
6098	7
6099	7
6100	7
6101	7
6102	7
6103	7
6104	7
6105	7
6106	7
6107	7
6108	7
6109	7
6110	7
6111	7
6112	7
6113	7
6114	7
6115	1
6116	1
6117	1
6118	7
6119	7
6120	7
6121	7
6122	7
6123	7
6124	7
6125	7
6126	7
6127	7
6128	7
6129	7
6130	7
6131	1
6132	7
6133	7
6134	7
6135	7
6136	7
6137	7
6138	7
6139	7
6140	7
6141	7
6142	7
6143	7
6144	7
6145	7
6146	7
6147	7
6148	7
6149	7
6150	7
6151	7
6152	7
6153	7
6154	7
6155	7
6156	7
6157	7
6158	7
6159	7
6160	1
6161	7
6162	1
6163	7
6164	7
6165	7
6166	7
6167	7
6168	7
6169	7
6170	7
6171	7
6172	7
6173	7
6174	7
6175	7
6176	7
6177	7
6178	7
6179	7
6180	7
6181	7
6182	7
6183	7
6184	7
6185	7
6186	7
6187	7
6188	7
6189	7
6190	7
6191	7
6192	7
6193	7
6194	7
6195	7
6196	7
6197	7
6198	7
6199	7
6200	7
6201	7
6202	7
6203	7
6204	7
6205	7
6206	7
6207	7
6208	7
6209	7
6210	7
6211	7
6212	7
6213	7
6214	7
6215	7
6216	7
6217	7
6218	7
6219	7
6220	7
6221	7
6222	7
6223	7
6224	7
6225	7
6226	7
6227	7
6228	7
6229	7
6230	7
6231	7
6232	7
6233	7
6234	7
6235	7
6236	7
6237	7
6238	7
6239	8
6240	6
6241	0
6242	0
6243	6
6244	6
6245	6
6246	6
6247	8
6248	9
6249	6
6250	6
6251	6
6252	6
6253	0
6254	0
6255	8
6256	6
6257	6
6258	8
6259	6
6260	6
6261	8
6262	6
6263	8
6264	8
6265	8
6266	8
6267	0
6268	8
6269	6
6270	8
6271	6
6272	8
6273	8
6274	8
6275	0
6276	0
6277	0
6278	8
6279	8
6280	9
6281	9
6282	6
6283	6
6284	6
6285	0
6286	8
6287	0
6288	9
6289	8
6290	9
6291	0
6292	9
6293	0
6294	0
6295	0
6296	0
6297	0
6298	0
6299	6
6300	9
6301	6
6302	6
6303	6
6304	8
6305	6
6306	6
6307	9
6308	8
6309	9
6310	8
6311	6
6312	9
6313	6
6314	6
6315	6
6316	6
6317	6
6318	6
6319	6
6320	8
6321	6
6322	9
6323	9
6324	6
6325	0
6326	6
6327	6
6328	6
6329	0
6330	6
6331	0
6332	0
6333	6
6334	6
6335	8
6336	0
6337	6
6338	9
6339	9
6340	8
6341	6
6342	0
6343	0
6344	8
6345	9
6346	9
6347	8
6348	9
6349	6
6350	9
6351	6
6352	9
6353	8
6354	9
6355	8
6356	9
6357	8
6358	0
6359	0
6360	0
6361	0
6362	3
6363	0
6364	0
6365	6
6366	6
6367	6
6368	8
6369	6
6370	6
6371	3
6372	0
6373	0
6374	0
6375	0
6376	8
6377	8
6378	8
6379	9
6380	0
6381	0
6382	8
6383	9
6384	8
6385	8
6386	6
6387	0
6388	6
6389	9
6390	9
6391	0
6392	9
6393	6
6394	9
6395	6
6396	6
6397	6
6398	8
6399	6
6400	6
6401	8
6402	9
6403	6
6404	0
6405	6
6406	6
6407	6
6408	6
6409	6
6410	0
6411	9
6412	9
6413	6
6414	6
6415	8
6416	6
6417	0
6418	0
6419	8
6420	8
6421	8
6422	0
6423	8
6424	9
6425	8
6426	9
6427	9
6428	9
6429	8
6430	0
6431	9
6432	9
6433	0
6435	0
6436	0
6437	8
6438	9
6439	9
6440	0
6441	0
6442	9
6443	9
6444	9
6445	6
6446	8
6447	8
6448	6
6449	9
6450	0
6451	8
6452	8
6453	8
6454	9
6455	6
6456	0
6457	6
6458	6
6459	6
6460	0
6461	9
6462	0
6463	6
6464	6
6465	6
6466	9
6467	9
6468	6
6469	9
6470	6
6471	9
6472	9
6474	3
6475	6
6476	0
6477	6
6478	3
6479	8
6480	8
6481	6
6482	6
6483	0
6484	8
6485	6
6486	8
6487	6
6488	6
6489	8
6490	9
6491	8
6492	0
6493	9
6494	0
6495	0
6496	0
6497	0
6498	6
6499	9
6500	6
6501	6
6502	8
6503	6
6504	9
6505	8
6506	9
6507	6
6508	8
6509	6
6510	6
6511	8
6512	8
6513	6
6514	8
6515	6
6516	9
6517	0
6518	6
6519	6
6520	6
6521	3
6522	9
6523	9
6524	9
6525	8
6526	8
6527	8
6528	9
6529	8
6530	8
6531	9
6532	6
6533	6
6534	6
6535	6
6536	0
6537	6
6538	0
6539	0
6540	9
6541	8
6542	6
6543	9
6544	9
6545	9
6546	9
6547	6
6548	8
6549	6
6550	6
6551	6
6552	6
6553	6
6554	0
6555	0
6556	9
6557	9
6558	0
6559	0
6560	0
6561	0
6562	9
6563	0
6564	9
6565	1
6566	1
6567	1
6568	1
6569	1
6570	1
6571	1
6572	1
6573	1
6574	1
6575	1
6576	1
6577	1
6578	1
6579	1
6580	1
6581	1
6582	1
6583	1
6584	1
6585	1
6586	1
6587	1
6588	1
6589	1
6590	1
6591	1
6592	1
6593	1
6594	1
6595	1
6596	1
6597	1
6598	1
6599	1
6600	1
6601	1
6602	1
6603	1
6604	1
6605	1
6606	1
6607	1
6608	1
6609	1
6610	1
6611	1
6612	1
6613	7
6614	1
6615	0
6616	0
6617	7
6618	1
6619	7
6620	7
6621	7
6622	7
6623	7
6624	8
6625	8
6626	8
6627	8
6628	8
6629	8
6630	8
6631	8
6632	8
6633	8
6634	8
6635	8
6636	8
6637	8
6638	8
6639	8
6640	8
6641	8
6642	8
6643	8
6644	8
6645	8
6646	8
6647	8
6648	8
6650	8
6651	8
6652	8
6653	8
6654	8
6655	8
6656	8
6657	8
6658	8
6659	8
6660	8
6661	8
6662	8
6663	8
6664	8
6665	8
6666	8
6667	8
6668	8
6669	8
6671	8
6672	8
6679	1
6683	8
6684	8
6685	8
6686	8
6687	7
6688	5
6689	8
6690	8
6691	8
6692	8
6693	8
6694	8
6695	8
6696	8
6697	8
6698	8
6699	8
6700	8
6701	8
6702	8
6703	8
6704	8
6705	8
6706	8
6707	8
6708	8
6709	8
6710	8
6711	8
6712	8
6713	8
6714	8
6715	8
6716	8
6717	8
6718	5
6719	8
6720	8
6721	8
6722	8
6723	8
6724	8
6725	8
6726	8
6727	8
6728	8
6729	8
6730	8
6731	8
6732	8
6733	8
6734	8
6735	8
6736	8
6737	8
6738	8
6739	8
6740	8
6741	8
6742	8
6743	8
6744	8
6745	8
6746	8
6747	8
6748	8
6749	8
6750	8
6751	8
6752	8
6753	8
6754	8
6755	8
6756	8
6757	1
6758	8
6759	8
6760	1
6761	1
6762	8
6763	8
6764	7
6765	7
6766	7
6767	7
6768	0
6769	0
6770	7
6771	7
6772	7
6773	1
6774	7
6775	7
6776	7
6777	7
6778	7
6779	7
6780	7
6781	7
6782	7
6783	7
6784	7
6785	7
6786	7
6787	7
6788	7
6789	7
6790	7
6791	7
6792	7
6793	7
6794	7
6795	7
6796	7
6797	7
6798	7
6799	7
6800	7
6801	7
6802	7
6803	7
6804	7
6805	7
6806	7
6807	7
6808	7
6809	7
6810	7
6811	7
6812	7
6813	7
6814	1
6815	7
6816	7
6817	7
6818	7
6819	7
6820	1
6821	9
6822	1
6823	9
6824	9
6825	0
6826	0
6827	9
6828	1
6829	9
6830	9
6831	9
6832	1
6833	0
6834	1
6835	0
6836	1
6837	0
6838	1
6839	0
6840	0
6841	0
6842	0
6843	0
6844	0
6845	0
6846	0
6847	0
6848	9
6849	9
6850	0
6851	0
6852	0
6853	0
6854	0
6855	1
6856	0
6857	9
6858	0
6859	9
6860	0
6861	0
6862	0
6863	9
6864	9
6865	9
6866	9
6867	0
6868	0
6869	9
6870	7
6871	7
6872	1
6873	0
6874	9
6875	1
6876	1
6877	0
6878	1
6879	1
6880	0
6881	6
6882	0
6883	1
6884	1
6885	0
6886	0
6887	1
6888	0
6889	0
6890	0
6891	0
6892	6
6893	9
6894	9
6895	9
6896	9
6897	0
6898	1
6899	0
6900	0
6901	0
6902	1
6903	1
6904	0
6905	0
6906	1
6907	1
6908	0
6909	0
6910	0
6911	0
6912	0
6913	0
6914	0
6915	9
6916	9
6917	0
6918	9
6919	0
6920	0
6921	0
6922	1
6923	0
6924	0
6925	0
6926	0
6927	1
6928	0
6929	0
6930	0
6931	0
6932	0
6933	1
6934	1
6935	0
6936	0
6937	0
6938	0
6939	1
6940	1
6941	1
6942	1
6943	0
6944	6
6945	0
6946	1
6947	1
6948	1
6949	0
6950	0
6951	1
6952	1
6953	1
6954	1
6955	1
6956	5
6957	1
6958	1
6959	1
6960	1
6961	1
6962	1
6963	1
6964	1
6965	1
6966	5
