1	0
2	0
3	0
4	0
5	0
6	0
7	7
8	7
9	0
10	7
11	0
12	7
13	1
14	1
15	1
16	7
17	1
18	1
19	0
20	0
21	0
22	0
23	0
24	0
25	1
26	0
27	0
28	0
29	0
30	0
31	0
32	7
33	1
34	1
35	1
36	1
37	1
38	1
39	1
40	1
41	1
42	1
43	1
44	1
45	1
46	1
47	1
48	1
49	1
50	7
51	1
52	7
53	1
54	1
55	1
56	7
57	1
58	1
59	1
60	7
61	1
62	7
63	0
64	0
65	0
66	0
67	0
68	0
69	0
70	0
71	0
72	1
73	1
74	1
75	9
76	9
77	1
78	1
79	0
80	1
81	0
82	0
83	0
84	0
85	0
86	9
87	0
88	1
89	0
90	1
91	1
92	1
93	1
94	1
95	9
96	0
97	0
98	0
99	9
100	0
101	9
102	9
103	1
104	1
105	1
106	0
107	0
108	0
109	0
110	0
111	9
112	1
113	9
114	0
115	0
116	0
117	0
118	0
119	1
120	0
121	0
122	0
123	1
124	1
125	1
126	1
127	1
128	9
129	9
130	9
131	9
132	9
133	0
134	1
135	0
136	0
137	0
138	0
139	9
140	1
141	0
142	0
143	9
144	0
145	0
146	0
147	9
148	9
149	0
150	9
151	0
152	0
153	0
154	0
155	0
156	0
157	0
158	0
159	0
160	0
161	0
162	0
163	9
164	0
165	0
166	0
167	0
168	0
169	0
170	0
171	7
172	0
173	7
174	0
175	0
176	9
177	0
178	0
179	0
180	0
181	0
182	7
183	1
184	0
185	0
186	0
187	1
188	0
189	0
190	0
191	0
192	0
193	0
194	0
195	9
196	0
197	0
198	0
199	9
200	0
201	0
202	0
203	1
204	0
205	0
206	0
207	0
208	0
209	0
210	0
211	0
212	9
213	1
214	1
215	1
216	0
217	0
218	0
219	0
220	0
221	0
222	0
223	0
224	0
225	9
226	1
227	9
228	0
229	9
230	0
231	0
232	0
233	0
234	0
235	1
236	1
237	1
238	9
239	0
240	9
241	9
242	0
243	0
244	0
245	0
246	0
247	1
248	0
249	1
250	9
251	9
252	0
253	0
254	0
255	1
256	0
257	8
258	1
259	1
260	7
261	7
262	7
263	7
264	1
265	0
266	0
267	7
268	7
269	8
270	0
271	8
272	8
273	8
274	8
275	1
276	8
277	7
278	8
279	8
280	8
281	8
282	8
283	8
284	8
285	8
286	8
287	8
288	7
289	8
290	7
291	0
292	0
293	0
294	0
295	8
296	8
297	8
298	7
299	7
300	8
301	8
302	1
303	8
304	5
305	0
306	0
307	7
308	7
309	8
310	8
311	7
312	0
313	7
314	0
315	5
316	7
317	0
318	0
319	5
320	0
321	5
322	5
323	7
324	5
325	8
326	8
327	1
328	8
329	8
330	5
331	7
332	1
333	8
334	1
335	8
336	8
337	1
338	1
339	1
340	1
341	8
342	8
343	9
344	9
345	9
346	9
347	9
348	9
349	9
350	9
351	9
352	9
353	9
354	9
355	9
357	9
358	9
359	9
360	9
361	9
362	9
363	9
365	9
366	9
367	9
368	9
369	9
370	9
372	9
373	9
374	9
375	9
376	9
377	9
378	9
379	9
380	9
381	9
382	9
383	9
384	9
385	9
386	9
387	9
388	9
389	9
390	9
391	9
392	9
393	9
394	9
395	9
396	9
397	9
398	9
399	9
400	9
401	9
402	9
403	9
404	9
405	9
406	9
407	9
408	9
409	9
410	9
411	9
412	9
413	9
414	9
415	9
416	9
417	9
418	9
419	9
420	9
421	9
422	9
423	9
424	9
425	9
426	9
427	9
428	9
429	9
430	9
431	9
432	9
434	9
435	9
436	9
438	9
439	8
440	8
441	9
442	8
443	8
444	8
445	8
446	9
447	9
448	9
449	9
450	9
451	9
452	8
453	6
454	8
455	9
456	9
457	8
458	8
459	8
460	8
461	8
462	8
463	8
464	9
465	9
466	9
467	9
468	8
469	9
470	8
471	8
472	9
473	9
474	9
475	8
476	8
477	8
478	9
479	9
480	9
481	8
482	8
483	8
484	8
485	8
486	8
487	8
488	8
489	9
490	9
491	8
492	8
493	8
494	8
495	8
496	8
497	8
498	9
499	8
500	9
501	8
502	8
503	8
504	8
505	8
506	9
507	6
508	9
509	9
510	9
511	8
512	6
513	6
514	9
515	9
516	9
517	8
518	9
519	9
520	8
521	9
522	8
523	9
524	8
525	8
526	9
527	8
528	9
529	9
530	9
531	6
532	6
533	9
534	9
535	9
536	9
538	9
539	8
540	8
541	8
542	9
543	6
544	8
545	8
546	8
547	8
548	8
549	8
550	8
551	8
552	8
553	8
554	9
555	8
556	9
557	8
558	8
559	8
560	9
561	8
562	8
563	8
564	6
565	9
566	8
567	8
568	9
569	9
570	8
571	8
572	8
573	9
574	8
575	9
576	9
577	8
578	8
579	9
580	9
581	9
582	9
583	9
584	9
585	9
586	9
587	8
588	9
589	9
590	8
591	9
592	9
593	6
594	6
595	6
596	9
597	9
598	9
599	8
600	8
601	9
602	8
603	8
604	8
605	8
606	8
607	8
608	9
609	9
610	9
611	9
612	9
613	9
614	9
615	9
616	9
617	9
618	8
619	9
620	8
621	9
622	9
623	9
624	8
625	8
626	8
627	9
628	8
629	9
630	9
631	9
632	9
633	9
634	8
635	9
636	9
637	8
638	9
639	8
640	8
641	8
642	9
643	9
644	9
645	9
646	1
647	1
648	1
649	1
650	1
651	1
652	0
653	1
654	0
655	0
656	1
657	0
658	0
659	1
660	0
661	0
662	9
663	9
664	9
665	9
666	9
667	9
668	0
669	0
670	9
671	0
672	0
673	0
674	0
675	0
676	0
677	9
678	9
679	0
680	9
681	9
682	9
683	9
684	0
685	9
686	9
687	0
688	9
689	0
690	9
691	0
692	9
693	0
694	0
695	0
696	9
697	0
698	0
699	0
700	0
701	0
702	0
703	0
704	0
705	0
706	0
707	0
708	0
709	0
710	0
711	0
712	0
713	0
714	0
715	0
716	0
717	0
718	0
719	6
720	0
721	0
722	0
723	0
724	0
725	6
726	6
727	6
728	9
729	9
730	9
731	9
732	9
733	9
734	9
735	9
736	9
737	9
738	9
739	9
740	9
741	0
742	0
743	0
744	0
745	0
746	6
747	6
748	0
749	0
750	6
751	0
752	0
753	0
754	7
755	7
756	7
757	7
758	7
759	7
760	8
761	7
762	8
763	8
764	8
765	5
766	7
767	7
768	1
769	8
770	5
771	7
772	8
773	8
774	5
775	1
776	8
777	8
778	1
779	8
780	8
781	8
782	8
783	8
784	8
785	8
786	8
787	8
788	1
789	1
790	1
791	8
792	1
793	1
794	8
795	7
796	7
797	7
798	7
799	3
800	7
801	7
802	7
803	7
804	3
805	3
806	7
807	7
808	7
809	7
810	7
811	7
812	7
813	7
814	7
815	7
816	7
817	3
818	3
819	7
820	7
821	7
822	7
823	7
824	7
825	7
826	7
827	7
828	7
829	7
830	7
831	7
832	7
833	7
834	7
835	0
836	7
837	0
838	0
839	0
840	7
841	7
842	0
843	1
844	0
845	0
846	0
847	0
848	0
849	0
850	0
851	0
852	0
853	0
854	0
855	0
856	0
857	0
858	0
859	7
860	1
861	0
862	1
863	0
864	1
865	0
866	0
867	1
868	0
869	1
870	0
871	0
872	0
873	0
874	0
875	0
876	0
877	0
878	0
879	0
880	0
881	0
882	0
883	0
884	0
885	7
886	7
887	0
888	0
889	0
890	0
891	0
892	0
893	0
894	0
895	7
896	0
897	0
898	0
899	0
900	7
901	0
902	0
903	0
904	0
905	0
906	7
907	7
908	7
909	7
910	0
911	7
912	0
913	0
914	0
915	7
916	7
917	1
918	1
919	1
920	1
921	7
922	7
923	0
924	0
925	0
926	1
927	1
928	7
929	7
930	7
931	1
932	7
933	7
934	7
935	7
936	0
937	1
938	7
939	0
940	0
941	7
942	7
943	1
944	1
945	1
946	0
947	1
948	1
949	1
950	1
951	7
952	7
953	7
954	7
955	7
956	7
957	7
958	1
959	1
960	0
961	7
962	0
963	0
964	0
965	0
966	7
967	7
968	0
969	0
970	0
971	0
972	8
973	0
974	7
975	7
976	1
977	7
978	7
979	7
980	1
981	1
982	1
983	7
984	0
985	0
986	1
987	1
988	1
989	0
990	0
991	0
992	1
993	1
994	7
995	7
996	7
997	7
998	7
999	8
1000	7
1001	8
1002	7
1003	0
1004	7
1005	7
1006	7
1007	0
1008	8
1009	9
1010	9
1011	9
1012	8
1013	9
1014	9
1015	9
1016	8
1017	9
1018	8
1019	9
1020	9
1021	8
1022	9
1023	9
1024	9
1025	9
1026	9
1027	9
1028	8
1029	8
1030	9
1031	9
1032	9
1033	9
1034	9
1035	9
1036	9
1037	8
1038	9
1039	8
1040	8
1041	8
1042	8
1043	8
1044	9
1045	9
1046	8
1051	9
1052	9
1053	9
1054	9
1055	9
1056	9
1057	8
1058	9
1059	9
1060	9
1061	9
1062	8
1063	8
1064	9
1065	9
1066	9
1068	9
1069	9
1070	9
1071	9
1072	8
1073	9
1074	9
1075	9
1076	9
1077	9
1078	9
1079	9
1080	9
1081	9
1082	9
1084	8
1085	8
1087	8
1088	8
1089	8
1090	8
1091	8
1092	8
1093	8
1094	8
1095	8
1096	8
1097	8
1099	8
1101	8
1102	8
1103	8
1104	8
1105	8
1106	8
1107	8
1108	8
1109	8
1110	8
1111	8
1112	1
1113	8
1114	8
1115	8
1116	8
1117	8
1118	8
1120	8
1121	8
1122	8
1123	8
1124	8
1125	8
1126	8
1127	8
1128	8
1129	8
1130	8
1131	8
1132	8
1133	8
1134	8
1135	8
1136	8
1137	8
1138	8
1139	8
1140	8
1141	8
1142	8
1143	8
1144	8
1145	8
1146	8
1147	8
1149	8
1151	8
1157	8
1160	8
1161	8
1162	8
1163	8
1164	8
1165	8
1167	8
1168	8
1169	8
1170	8
1171	8
1172	8
1173	8
1174	8
1175	8
1176	8
1177	9
1178	9
1179	9
1181	9
1182	9
1185	9
1189	9
1190	9
1191	9
1192	9
1193	9
1194	9
1195	9
1196	8
1197	9
1198	9
1199	9
1200	9
1201	9
1202	9
1203	9
1204	9
1205	9
1206	9
1207	9
1208	9
1209	9
1210	9
1211	9
1212	9
1213	9
1214	9
1215	9
1216	9
1217	6
1218	6
1219	6
1220	6
1221	6
1222	6
1223	4
1224	6
1225	6
1226	6
1227	6
1228	6
1229	6
1230	6
1231	4
1232	6
1233	9
1234	9
1235	9
1236	4
1237	4
1238	4
1239	4
1240	4
1241	4
1242	4
1243	4
1244	4
1245	4
1246	4
1247	4
1249	4
1250	4
1251	4
1252	4
1253	4
1254	4
1255	4
1256	4
1257	4
1258	4
1259	4
1260	4
1261	4
1263	4
1264	4
1265	4
1266	4
1267	4
1268	4
1269	4
1270	4
1271	4
1272	4
1273	2
1274	4
1275	2
1276	2
1277	2
1278	2
1279	2
1280	2
1281	2
1282	2
1283	4
1284	2
1285	4
1286	2
1287	2
1288	2
1289	4
1290	4
1291	4
1292	4
1293	2
1294	2
1295	2
1296	2
1297	2
1298	2
1299	2
1300	2
1301	2
1302	2
1303	2
1304	2
1305	2
1306	2
1307	2
1308	4
1309	2
1310	4
1311	4
1312	4
1313	4
1314	4
1315	5
1316	4
1317	4
1318	4
1319	4
1320	4
1321	4
1322	4
1323	5
1324	5
1325	5
1326	5
1327	5
1328	5
1329	5
1330	2
1331	5
1332	2
1333	2
1334	2
1335	4
1336	4
1337	4
1338	4
1339	4
1340	4
1341	2
1342	2
1343	2
1344	2
1345	2
1346	2
1347	2
1348	2
1349	4
1350	4
1351	5
1352	5
1353	4
1354	5
1355	4
1356	4
1357	4
1358	4
1359	4
1360	4
1361	4
1362	4
1363	4
1364	4
1365	2
1366	4
1367	2
1368	4
1369	4
1370	4
1371	4
1372	4
1374	4
1375	4
1376	4
1377	6
1378	5
1379	5
1380	5
1381	5
1382	5
1383	5
1384	5
1385	5
1386	5
1387	6
1388	6
1389	6
1390	6
1391	6
1392	6
1393	6
1394	6
1395	6
1396	6
1397	9
1398	9
1399	9
1400	9
1401	9
1402	9
1403	9
1404	9
1405	9
1406	9
1407	9
1408	4
1409	4
1410	4
1411	4
1412	5
1413	4
1414	4
1415	4
1416	4
1417	4
1418	4
1419	4
1420	4
1421	4
1422	4
1423	4
1424	4
1425	4
1426	4
1427	4
1429	4
1432	4
1433	4
1434	4
1435	2
1436	2
1437	2
1438	2
1439	2
1440	2
1441	2
1442	4
1443	2
1444	4
1445	4
1446	4
1447	2
1448	2
1449	4
1450	2
1451	4
1452	4
1453	2
1454	4
1455	4
1456	4
1457	4
1458	2
1459	4
1460	4
1461	4
1462	2
1463	2
1464	2
1465	2
1466	3
1467	4
1468	3
1469	4
1470	3
1471	3
1472	4
1473	4
1474	4
1475	5
1476	5
1477	5
1478	5
1479	5
1480	2
1481	5
1482	5
1483	2
1484	5
1485	5
1486	5
1487	4
1488	5
1489	5
1490	4
1491	4
1492	4
1493	4
1494	4
1495	4
1496	4
1497	4
1498	4
1499	4
1500	4
1501	4
1502	2
1503	2
1504	2
1505	2
1506	4
1507	2
1508	2
1509	4
1510	4
1511	4
1512	4
1513	2
1514	2
1515	2
1516	2
1517	4
1518	4
1519	4
1520	4
1521	4
1522	4
1523	5
1524	5
1525	5
1526	4
1527	4
1528	4
1529	4
1530	4
1531	4
1533	4
1534	4
1535	2
1536	4
1537	4
1538	2
1539	4
1540	4
1541	2
1542	2
1543	4
1544	5
1545	5
1546	5
1547	5
1548	5
1549	5
1550	5
1551	5
1552	5
1553	6
1554	6
1555	6
1556	4
1557	4
1558	4
1559	4
1560	4
1561	4
1562	4
1563	9
1564	9
1565	9
1566	9
1567	9
1568	4
1569	6
1570	5
1571	4
1572	5
1573	5
1574	4
1575	5
1576	5
1577	4
1578	5
1579	4
1580	4
1581	4
1582	5
1584	4
1585	4
1586	4
1587	4
1588	4
1589	4
1590	4
1591	4
1592	4
1593	4
1594	4
1596	4
1597	4
1598	4
1599	4
1600	4
1601	4
1602	4
1603	4
1604	4
1605	2
1606	4
1607	4
1608	4
1609	4
1610	4
1611	4
1612	4
1613	4
1614	4
1615	4
1616	2
1617	2
1618	2
1619	4
1620	2
1621	2
1622	2
1623	2
1624	2
1625	2
1626	2
1627	2
1628	2
1629	2
1630	2
1631	2
1632	2
1633	2
1634	4
1635	2
1636	5
1637	5
1638	4
1639	4
1640	4
1641	4
1642	4
1643	4
1644	4
1645	4
1646	5
1647	5
1648	5
1649	5
1650	5
1651	5
1652	5
1653	5
1654	4
1655	5
1656	5
1657	4
1658	5
1659	5
1660	5
1661	2
1662	5
1663	4
1664	4
1665	4
1666	5
1667	2
1668	2
1669	2
1670	2
1671	2
1672	2
1673	2
1674	2
1675	4
1676	4
1677	4
1678	2
1679	2
1680	2
1681	2
1682	2
1683	4
1684	2
1685	2
1686	2
1687	2
1688	4
1689	4
1690	5
1691	5
1692	5
1693	4
1694	4
1695	4
1696	4
1697	4
1698	4
1699	2
1700	2
1701	2
1702	2
1703	2
1704	2
1705	2
1706	2
1707	2
1708	2
1709	2
1710	4
1711	2
1712	4
1713	4
1714	4
1715	5
1716	5
1717	5
1718	5
1719	5
1720	5
1721	5
1722	5
1723	4
1724	6
1725	6
1726	4
1727	6
1728	4
1729	4
1730	6
1731	4
1732	4
1733	4
1734	4
1735	4
1736	4
1737	4
1738	5
1739	5
1740	4
1741	4
1742	4
1743	4
1744	4
1745	4
1746	4
1747	4
1748	4
1749	4
1750	4
1751	4
1752	4
1753	4
1754	4
1755	4
1756	4
1757	4
1758	4
1759	4
1760	4
1761	4
1762	4
1763	4
1764	4
1765	4
1766	4
1767	2
1769	2
1770	2
1771	2
1772	2
1773	4
1774	2
1775	4
1776	4
1777	4
1778	4
1779	4
1780	4
1781	4
1782	2
1783	4
1784	4
1785	2
1786	2
1787	2
1788	2
1789	2
1790	2
1791	4
1792	2
1793	2
1795	4
1796	4
1797	2
1798	2
1799	2
1800	2
1801	4
1802	4
1803	4
1804	4
1805	4
1806	4
1807	4
1808	4
1809	4
1810	4
1811	4
1812	5
1813	5
1814	5
1815	4
1816	4
1817	5
1818	5
1819	4
1820	4
1821	4
1822	2
1823	2
1824	2
1825	5
1826	5
1827	5
1828	5
1829	2
1830	5
1831	2
1832	2
1833	2
1834	2
1835	2
1836	2
1837	2
1838	2
1839	2
1840	2
1841	2
1842	2
1843	2
1844	2
1845	2
1846	2
1847	2
1848	2
1849	2
1850	4
1851	4
1852	4
1853	4
1854	4
1855	4
1856	5
1857	4
1858	4
1859	4
1860	4
1861	4
1862	4
1863	4
1864	4
1865	4
1866	5
1867	5
1868	6
1869	5
1870	5
1871	5
1872	5
1873	5
1874	5
1875	5
1876	6
1877	6
1878	6
1879	4
1880	4
1881	4
1882	6
1883	6
1884	6
1885	4
1886	4
1887	4
1888	4
1889	4
1890	4
1891	4
1892	5
1893	5
1894	5
1895	5
1896	4
1897	4
1898	4
1899	4
1900	4
1901	4
1902	4
1903	4
1904	4
1905	4
1906	4
1907	4
1908	4
1909	4
1910	4
1911	4
1912	4
1913	4
1914	4
1915	4
1916	4
1917	4
1918	4
1919	4
1920	4
1921	4
1922	4
1923	4
1924	4
1925	2
1926	2
1927	4
1928	2
1929	4
1930	4
1931	4
1932	4
1933	4
1934	2
1935	2
1936	4
1937	2
1938	2
1939	2
1940	2
1941	2
1942	2
1943	2
1944	4
1945	4
1946	2
1947	2
1948	2
1949	2
1950	2
1951	4
1952	4
1953	4
1954	2
1955	4
1956	4
1957	4
1958	4
1959	4
1960	4
1961	2
1962	2
1963	4
1964	2
1965	4
1966	4
1967	4
1968	4
1969	4
1970	4
1971	4
1972	4
1973	5
1974	5
1975	5
1976	5
1977	5
1978	5
1979	4
1980	2
1981	2
1982	2
1983	2
1984	2
1985	2
1986	2
1987	2
1988	2
1989	2
1990	2
1991	2
1992	2
1993	2
1994	2
1995	2
1996	2
1997	2
1998	2
1999	2
2000	2
2001	2
2002	2
2003	2
2004	2
2005	2
2006	2
2007	2
2008	2
2009	2
2010	2
2011	5
2012	5
2013	5
2014	5
2015	6
2016	5
2017	5
2018	6
2019	6
2020	5
2021	5
2022	5
2023	5
2024	5
2025	4
2026	4
2027	5
2028	5
2029	5
2030	5
2031	5
2032	5
2033	4
2034	4
2035	4
2036	4
2037	4
2038	4
2039	4
2040	4
2041	5
2042	5
2043	5
2044	5
2045	5
2046	5
2047	4
2048	4
2049	4
2050	5
2051	4
2052	4
2053	4
2054	4
2055	4
2056	4
2057	4
2058	4
2059	4
2060	4
2061	4
2062	4
2063	4
2064	4
2065	4
2066	2
2067	4
2068	4
2069	4
2070	4
2071	4
2072	4
2073	4
2074	4
2075	4
2076	4
2077	4
2078	4
2079	2
2080	4
2081	2
2082	2
2083	2
2084	2
2085	4
2086	4
2087	4
2088	4
2089	4
2090	4
2091	4
2092	4
2093	4
2094	2
2095	4
2096	4
2097	4
2098	2
2099	2
2100	2
2101	2
2102	4
2103	4
2104	2
2105	4
2106	4
2107	2
2108	2
2109	4
2110	2
2111	2
2112	2
2113	4
2114	5
2115	4
2116	4
2117	4
2118	5
2119	4
2120	4
2121	4
2122	5
2123	5
2124	5
2125	5
2126	5
2127	5
2128	4
2129	4
2130	2
2131	2
2132	2
2133	2
2134	2
2135	5
2136	2
2137	5
2138	5
2139	5
2140	5
2141	2
2142	2
2143	2
2144	2
2145	2
2146	2
2147	2
2148	2
2149	2
2150	2
2151	2
2152	5
2153	4
2154	4
2155	4
2156	2
2157	4
2158	4
2161	5
2162	5
2163	5
2164	5
2165	5
2166	5
2167	5
2168	5
2169	5
2170	5
2171	5
2172	5
2173	0
2174	0
2175	5
2176	5
2177	5
2178	0
2179	0
2180	0
2181	0
2182	5
2183	5
2184	5
2185	5
2186	5
2187	5
2188	5
2189	5
2190	3
2191	3
2192	3
2193	4
2194	4
2195	4
2196	4
2197	4
2198	4
2199	4
2200	4
2201	4
2202	5
2203	5
2204	5
2205	5
2206	5
2207	4
2208	4
2209	4
2210	4
2211	4
2212	4
2213	4
2215	4
2216	4
2217	4
2218	4
2219	4
2220	4
2221	2
2222	4
2223	4
2224	2
2225	4
2226	2
2227	2
2228	2
2229	2
2230	4
2231	2
2232	2
2233	4
2234	4
2235	4
2236	2
2237	4
2238	4
2239	4
2240	4
2241	4
2242	4
2243	2
2244	2
2245	4
2246	4
2247	4
2248	4
2249	4
2250	2
2251	4
2252	4
2253	4
2254	4
2255	4
2256	4
2257	5
2258	5
2259	5
2260	3
2261	5
2262	3
2263	5
2264	3
2265	4
2266	4
2267	4
2268	4
2269	5
2270	5
2271	5
2272	4
2273	5
2274	5
2275	5
2276	5
2277	5
2278	2
2279	2
2280	2
2281	2
2282	2
2283	2
2284	2
2285	2
2286	2
2287	2
2288	5
2289	2
2290	2
2291	2
2292	2
2293	2
2294	2
2295	2
2296	2
2297	2
2298	2
2299	2
2300	2
2301	2
2302	2
2303	5
2304	5
2305	5
2306	5
2307	0
2308	5
2309	5
2310	5
2311	5
2312	5
2313	5
2314	5
2315	5
2316	5
2317	5
2318	5
2319	5
2320	5
2321	5
2322	5
2323	5
2324	5
2325	5
2326	5
2327	5
2328	5
2329	5
2330	6
2331	5
2332	5
2333	5
2334	5
2335	3
2336	5
2337	3
2338	3
2339	3
2340	3
2341	5
2342	5
2343	5
2344	4
2345	4
2346	4
2347	4
2348	4
2349	4
2350	6
2351	6
2352	4
2353	6
2354	6
2355	4
2356	4
2357	4
2358	4
2359	4
2360	4
2361	4
2362	4
2363	4
2364	4
2365	4
2366	4
2367	4
2368	4
2369	4
2370	4
2371	4
2372	4
2373	4
2374	5
2375	4
2376	4
2377	4
2378	4
2379	4
2380	4
2381	4
2382	4
2383	4
2384	4
2385	2
2386	2
2387	4
2388	4
2389	2
2390	2
2391	2
2392	2
2393	4
2394	2
2395	4
2396	4
2397	2
2398	2
2399	2
2400	2
2401	2
2402	2
2403	4
2404	4
2405	4
2406	4
2407	4
2408	4
2409	4
2410	4
2411	4
2412	4
2413	4
2414	4
2415	4
2416	4
2417	4
2418	4
2419	4
2420	4
2421	4
2422	4
2423	4
2424	4
2425	5
2426	5
2427	3
2428	4
2429	3
2430	4
2431	4
2432	4
2433	4
2434	4
2435	4
2436	4
2437	4
2438	4
2439	4
2440	4
2441	5
2442	5
2443	5
2444	5
2445	5
2446	5
2447	5
2448	5
2449	5
2450	5
2451	5
2452	2
2453	5
2454	2
2455	2
2456	2
2457	2
2458	2
2459	2
2460	2
2461	2
2462	2
2463	2
2464	2
2465	4
2466	5
2467	4
2468	5
2469	5
2470	5
2471	5
2472	5
2473	5
2474	5
2475	0
2476	0
2477	5
2478	5
2479	5
2480	5
2481	5
2482	5
2483	5
2484	0
2485	5
2486	5
2487	5
2488	5
2489	5
2490	5
2491	5
2492	5
2493	5
2494	5
2495	5
2496	5
2497	5
2498	5
2499	3
2500	5
2501	3
2502	4
2503	4
2504	3
2505	5
2506	5
2507	5
2508	5
2509	5
2510	4
2511	4
2512	4
2513	4
2514	4
2515	4
2516	4
2517	4
2518	4
2520	4
2521	4
2522	4
2523	4
2524	4
2525	4
2526	4
2527	6
2528	4
2529	4
2530	4
2531	4
2532	4
2533	6
2534	6
2535	4
2536	4
2537	4
2538	4
2539	4
2540	4
2541	4
2542	4
2543	4
2544	4
2545	4
2546	4
2547	4
2548	4
2549	4
2550	4
2551	4
2552	2
2553	4
2554	4
2555	4
2556	4
2557	4
2558	4
2559	4
2560	4
2561	4
2562	4
2563	4
2564	4
2565	4
2566	4
2567	4
2568	4
2569	4
2570	4
2571	4
2572	4
2573	4
2574	4
2575	4
2576	4
2577	4
2578	2
2579	2
2580	4
2581	4
2582	4
2583	4
2584	2
2585	4
2586	4
2587	4
2588	4
2589	2
2590	4
2591	4
2592	3
2593	5
2594	5
2595	5
2596	5
2597	4
2598	3
2599	5
2600	5
2601	5
2602	5
2603	5
2604	5
2605	5
2606	5
2607	2
2608	2
2609	4
2610	5
2611	5
2612	4
2613	4
2614	5
2615	4
2616	2
2617	2
2618	2
2619	2
2620	2
2621	2
2622	2
2623	2
2624	2
2625	2
2626	2
2627	5
2628	4
2629	5
2630	4
2631	4
2632	5
2633	5
2634	3
2635	5
2636	5
2637	4
2638	5
2639	5
2640	5
2641	5
2642	5
2643	5
2644	5
2645	5
2646	5
2647	5
2648	5
2649	5
2650	4
2651	5
2652	5
2653	5
2654	5
2655	5
2656	5
2657	5
2658	5
2659	5
2660	5
2661	5
2662	5
2663	4
2664	4
2665	4
2666	4
2667	3
2668	4
2669	4
2670	4
2671	4
2672	4
2673	4
2674	4
2675	4
2676	4
2677	2
2678	2
2679	2
2680	2
2681	2
2682	2
2683	4
2684	6
2685	4
2686	4
2687	4
2688	4
2689	4
2690	4
2691	4
2692	4
2693	4
2694	4
2695	4
2696	4
2697	4
2698	4
2699	4
2700	4
2701	4
2702	5
2703	4
2704	5
2705	4
2706	4
2707	5
2708	4
2710	4
2711	4
2712	4
2713	2
2714	4
2715	2
2716	2
2717	4
2718	4
2719	4
2720	4
2721	4
2722	4
2723	4
2724	4
2725	4
2726	4
2727	4
2728	2
2729	2
2730	2
2731	4
2732	2
2733	2
2734	4
2735	2
2736	2
2737	2
2738	2
2739	2
2740	2
2741	3
2742	4
2743	3
2744	5
2745	5
2746	3
2747	4
2748	4
2749	4
2750	3
2751	4
2752	5
2753	5
2754	5
2755	5
2756	4
2757	5
2758	4
2759	5
2760	5
2761	5
2762	5
2763	4
2764	4
2765	5
2766	4
2767	5
2768	4
2769	4
2770	4
2771	4
2772	4
2773	2
2774	5
2775	2
2776	2
2777	5
2778	2
2779	2
2780	2
2781	4
2782	4
2783	4
2784	2
2785	4
2786	4
2787	2
2788	4
2789	2
2790	2
2791	2
2792	2
2793	2
2794	2
2795	2
2796	4
2797	2
2798	3
2799	4
2800	3
2801	5
2802	5
2803	5
2804	5
2805	5
2806	5
2807	5
2808	5
2809	5
2810	5
2811	5
2812	5
2813	5
2814	5
2815	5
2816	2
2817	5
2818	5
2819	5
2820	3
2821	3
2822	5
2823	5
2824	5
2825	6
2826	5
2827	3
2828	5
2829	5
2830	4
2831	4
2832	4
2833	5
2834	4
2835	4
2836	2
2837	2
2838	2
2839	2
2840	2
2841	2
2842	2
2843	2
2844	2
2845	2
2846	2
2847	2
2848	5
2849	5
2850	4
2851	4
2852	5
2853	4
2854	4
2855	4
2856	4
2857	4
2858	4
2859	4
2860	4
2861	4
2862	4
2863	4
2864	4
2865	5
2866	5
2867	5
2868	4
2869	4
2870	5
2871	4
2872	4
2873	4
2874	4
2875	4
2876	4
2877	4
2878	2
2879	4
2880	2
2881	2
2882	4
2883	2
2884	2
2885	2
2886	4
2887	4
2888	4
2889	4
2890	4
2891	4
2892	4
2893	2
2894	4
2895	4
2896	2
2897	2
2898	4
2899	4
2900	2
2901	4
2902	4
2903	4
2904	4
2905	4
2906	4
2907	4
2908	2
2909	2
2910	2
2911	2
2912	2
2913	5
2914	5
2915	5
2916	5
2917	5
2918	5
2919	5
2920	5
2921	5
2922	5
2923	5
2924	5
2925	5
2926	5
2927	5
2928	5
2929	5
2930	4
2931	5
2932	5
2933	2
2934	2
2935	2
2936	4
2937	4
2938	5
2939	4
2940	4
2941	4
2942	4
2943	4
2944	4
2945	4
2946	4
2947	4
2948	2
2949	2
2950	2
2951	5
2952	2
2953	2
2954	2
2955	5
2956	2
2957	2
2958	4
2959	5
2960	2
2961	4
2962	5
2964	5
2965	6
2966	2
2967	5
2968	5
2969	5
2970	5
2971	5
2972	5
2973	5
2974	2
2975	5
2976	5
2977	5
2978	5
2979	5
2980	4
2981	3
2982	4
2983	4
2984	5
2985	3
2986	6
2987	6
2988	6
2989	6
2990	3
2991	6
2992	6
2993	6
2994	6
2995	6
2996	5
2997	5
2998	5
2999	5
3000	4
3001	5
3002	5
3003	2
3004	2
3005	5
3006	2
3007	4
3008	4
3009	4
3010	4
3011	4
3012	4
3013	4
3014	4
3015	4
3016	4
3017	4
3018	4
3019	4
3020	4
3021	4
3022	4
3023	4
3024	2
3025	2
3026	2
3027	2
3028	4
3029	4
3030	4
3031	4
3032	4
3033	4
3034	4
3035	4
3036	4
3037	4
3038	4
3039	4
3040	4
3041	4
3042	4
3043	4
3044	4
3045	4
3046	4
3047	4
3048	4
3049	4
3050	4
3051	4
3052	4
3053	4
3054	4
3055	4
3056	4
3057	4
3058	4
3059	4
3060	4
3061	4
3062	4
3063	4
3064	2
3065	4
3066	2
3067	4
3068	2
3069	4
3070	4
3071	2
3072	4
3073	4
3074	2
3075	4
3076	4
3077	4
3078	4
3079	4
3080	4
3081	5
3082	5
3083	5
3084	3
3085	3
3086	3
3087	4
3088	3
3089	3
3090	5
3091	3
3092	3
3093	5
3094	5
3095	5
3096	5
3097	4
3098	4
3099	4
3100	4
3101	4
3102	4
3103	4
3104	4
3105	4
3106	4
3107	4
3108	4
3109	2
3110	4
3111	4
3112	4
3113	5
3114	5
3115	5
3116	5
3117	5
3118	5
3119	2
3120	5
3121	2
3122	2
3123	5
3124	6
3125	4
3126	4
3127	5
3128	2
3129	5
3130	4
3131	5
3132	5
3133	4
3135	2
3136	5
3137	5
3138	5
3139	5
3140	5
3141	5
3142	5
3143	5
3144	5
3145	5
3146	2
3147	2
3148	4
3149	4
3150	4
3151	5
3152	4
3153	6
3154	6
3155	6
3156	6
3157	6
3158	6
3159	6
3160	4
3161	6
3162	6
3163	5
3164	5
3165	5
3166	2
3167	5
3168	5
3169	2
3170	2
3171	2
3172	2
3173	2
3174	2
3175	2
3176	2
3177	2
3178	2
3179	2
3180	4
3181	4
3184	2
3185	2
3186	2
3187	4
3188	4
3189	4
3190	4
3191	4
3192	4
3193	4
3194	4
3195	4
3196	4
3197	4
3198	4
3199	4
3200	4
3201	4
3202	4
3203	4
3204	4
3205	4
3206	4
3212	4
3213	4
3214	4
3215	4
3216	4
3217	4
3218	4
3219	2
3220	4
3221	4
3222	2
3223	2
3224	4
3225	4
3226	4
3227	4
3228	4
3229	4
3230	4
3231	4
3232	2
3233	2
3234	4
3235	2
3236	2
3237	2
3238	2
3239	2
3240	4
3241	3
3242	3
3243	3
3244	3
3245	4
3246	4
3247	3
3248	3
3249	3
3250	3
3251	4
3252	4
3253	4
3254	4
3255	4
3256	4
3257	4
3258	4
3259	4
3260	4
3261	4
3262	4
3263	5
3264	5
3265	5
3266	5
3267	5
3268	5
3269	5
3270	5
3271	5
3272	5
3273	5
3274	5
3275	5
3276	2
3277	2
3278	2
3279	5
3280	2
3281	4
3282	5
3284	5
3285	4
3286	2
3287	5
3288	5
3289	5
3292	4
3293	5
3294	5
3295	5
3296	4
3297	5
3298	4
3299	2
3300	2
3301	5
3302	4
3303	5
3304	6
3305	6
3306	6
3307	5
3308	3
3309	6
3310	6
3311	6
3312	6
3313	6
3314	4
3315	6
3316	4
3317	4
3318	4
3319	3
3320	6
3321	6
3322	2
3323	0
3324	2
3325	2
3326	2
3327	2
3328	2
3329	2
3330	2
3331	6
3332	4
3333	2
3334	2
3335	2
3336	2
3337	4
3338	4
3339	4
3340	4
3341	4
3342	4
3343	4
3344	4
3345	4
3346	4
3347	4
3348	4
3350	4
3351	4
3352	4
3353	4
3355	4
3356	4
3357	2
3358	2
3359	4
3360	2
3361	2
3362	4
3363	4
3364	4
3365	4
3366	4
3367	4
3368	4
3369	4
3370	2
3371	4
3372	2
3373	4
3374	4
3375	2
3376	2
3377	2
3378	4
3379	2
3380	2
3381	2
3382	2
3383	2
3384	2
3385	4
3386	2
3387	2
3388	2
3389	2
3390	2
3391	2
3392	2
3393	2
3394	2
3395	2
3396	2
3397	2
3398	2
3399	2
3400	3
3401	3
3402	5
3403	5
3404	5
3405	5
3406	5
3407	3
3408	4
3409	4
3410	4
3411	5
3412	4
3413	4
3414	5
3415	5
3416	5
3417	5
3418	2
3419	5
3420	5
3421	2
3422	5
3423	2
3424	5
3425	4
3426	4
3427	5
3428	4
3429	5
3430	5
3431	2
3432	2
3433	2
3434	2
3435	2
3436	2
3437	2
3438	2
3439	3
3440	6
3441	4
3442	2
3443	4
3444	4
3445	2
3446	2
3447	4
3448	4
3449	5
3450	4
3451	4
3452	4
3453	5
3454	5
3455	5
3456	4
3457	5
3458	5
3459	4
3460	5
3461	5
3462	6
3463	3
3464	4
3465	5
3466	4
3467	3
3468	3
3469	3
3470	3
3471	3
3472	6
3473	6
3474	4
3475	4
3476	6
3477	4
3478	6
3479	6
3480	6
3481	6
3482	4
3483	4
3484	4
3485	4
3486	4
3487	6
3488	6
3489	6
3490	6
3491	6
3492	6
3493	4
3494	6
3495	6
3496	4
3497	4
3498	4
3499	4
3500	4
3501	4
3502	4
3503	5
3504	4
3505	4
3506	4
3507	4
3508	4
3509	4
3510	4
3513	4
3514	4
3515	4
3516	4
3517	4
3518	4
3519	4
3520	4
3521	4
3522	4
3523	4
3524	4
3525	4
3526	4
3527	4
3528	4
3529	4
3530	4
3531	2
3533	4
3534	2
3535	2
3536	2
3537	2
3538	2
3539	2
3540	2
3541	2
3542	4
3543	2
3544	2
3545	2
3546	2
3547	2
3548	2
3549	2
3550	2
3551	2
3552	2
3553	2
3554	2
3555	2
3556	2
3557	2
3558	4
3559	2
3560	4
3561	2
3562	2
3563	2
3564	2
3565	4
3566	2
3567	2
3568	4
3569	4
3570	4
3571	4
3572	5
3573	5
3574	4
3575	4
3576	5
3577	4
3578	5
3579	5
3580	5
3581	5
3582	4
3583	4
3584	4
3585	5
3586	5
3587	5
3588	5
3589	5
3590	5
3591	5
3592	5
3593	2
3594	2
3595	2
3596	2
3597	2
3598	2
3599	2
3600	2
3601	2
3602	2
3603	4
3604	5
3605	5
3606	5
3607	5
3608	5
3609	5
3610	4
3611	3
3612	5
3614	4
3615	2
3616	5
3617	5
3618	4
3619	5
3620	5
3621	5
3622	5
3623	4
3624	4
3625	4
3626	4
3627	5
3628	5
3629	0
3630	6
3631	0
3632	5
3633	5
3634	5
3635	5
3636	5
3637	5
3638	5
3639	5
3640	4
3641	6
3642	6
3643	6
3644	6
3645	6
3646	6
3647	6
3648	4
3649	6
3650	4
3651	4
3652	6
3653	6
3654	4
3655	4
3656	6
3657	5
3658	4
3659	4
3660	4
3661	4
3662	5
3663	5
3664	5
3665	5
3666	5
3667	5
3668	4
3669	4
3670	4
3671	4
3672	4
3673	4
3674	4
3675	4
3676	4
3677	4
3678	4
3679	4
3680	4
3681	4
3682	4
3684	4
3685	2
3686	2
3687	2
3688	4
3689	2
3690	2
3691	2
3692	2
3693	4
3694	2
3695	2
3696	2
3697	2
3698	4
3699	4
3700	2
3701	2
3702	4
3703	2
3704	2
3705	2
3706	4
3707	2
3708	2
3709	2
3710	4
3711	4
3712	4
3713	4
3715	2
3717	2
3718	2
3719	2
3720	2
3721	2
3722	2
3723	2
3724	2
3725	2
3726	4
3727	4
3728	5
3729	5
3730	4
3731	4
3732	4
3733	4
3734	4
3735	4
3736	4
3737	4
3738	5
3739	4
3740	4
3741	4
3742	5
3743	2
3744	2
3745	4
3746	4
3747	4
3748	2
3749	4
3750	4
3751	4
3752	5
3753	2
3754	4
3755	2
3756	2
3757	2
3758	2
3759	2
3760	2
3761	2
3762	2
3763	2
3764	2
3768	4
3769	5
3770	2
3771	4
3772	5
3773	4
3774	4
3775	4
3776	4
3777	5
3778	6
3779	6
3780	4
3781	4
3782	4
3783	4
3784	4
3785	4
3786	4
3787	4
3788	4
3789	4
3790	8
3791	8
3792	8
3793	8
3794	8
3795	8
3796	8
3797	8
3798	8
3799	8
3800	8
3801	8
3802	8
3803	8
3804	8
3805	8
3806	8
3807	8
3808	8
3809	8
3810	8
3811	8
3812	8
3813	8
3814	8
3815	8
3816	8
3817	8
3818	8
3819	8
3820	8
3821	8
3822	8
3823	8
3824	8
3825	8
3826	8
3827	8
3828	8
3829	8
3830	8
3831	8
3832	8
3833	8
3834	8
3835	8
3836	8
3837	8
3838	8
3839	8
3840	8
3841	8
3842	8
3843	8
3844	8
3845	8
3846	8
3847	8
3848	8
3849	8
3850	8
3851	8
3852	8
3853	8
3854	8
3855	8
3856	8
3857	8
3858	8
3859	8
3860	8
3861	9
3862	8
3863	8
3864	8
3865	8
3866	8
3867	8
3868	8
3869	8
3870	9
3871	9
3872	9
3873	9
3874	8
3875	8
3876	8
3877	9
3878	8
3879	8
3880	8
3883	8
3884	8
3885	8
3886	8
3887	8
3888	8
3889	8
3890	8
3892	8
3893	8
3894	8
3897	9
3898	8
3899	8
3900	8
3901	8
3902	8
3903	8
3904	8
3905	8
3906	8
3907	8
3908	8
3909	8
3910	8
3911	8
3912	8
3913	9
3914	8
3915	8
3916	8
3917	8
3918	8
3919	8
3920	8
3921	8
3922	8
3923	8
3924	8
3925	8
3926	9
3927	8
3928	8
3929	8
3930	8
3931	9
3932	8
3933	8
3934	8
3935	8
3936	8
3937	8
3938	8
3939	8
3940	8
3941	8
3942	8
3943	8
3944	8
3945	8
3946	8
3947	8
3948	8
3949	9
3950	8
3951	8
3952	8
3953	8
3954	8
3955	8
3956	8
3957	8
3958	8
3959	8
3960	8
3961	8
3962	8
3963	9
3964	8
3965	9
3966	9
3967	9
3968	9
3969	9
3970	8
3971	8
3972	8
3973	8
3974	8
3975	8
3976	8
3977	8
3978	8
3979	8
3980	9
3981	8
3982	8
3983	8
3985	8
3986	8
3987	9
3988	0
3989	5
3990	1
3991	9
3992	1
3993	0
3994	7
3995	5
3996	5
3997	1
3998	5
3999	5
4000	5
4001	1
4002	9
4003	0
4004	0
4005	0
4006	0
4007	5
4008	9
4009	5
4010	1
4011	0
4012	7
4013	7
4014	7
4015	1
4016	7
4017	7
4018	7
4019	5
4020	0
4021	9
4022	5
4023	1
4024	5
4025	1
4026	9
4027	0
4028	5
4029	5
4030	5
4031	5
4032	5
4033	5
4034	5
4035	5
4036	9
4037	1
4038	9
4039	5
4040	5
4041	5
4042	5
4043	5
4044	5
4045	5
4046	5
4047	5
4048	5
4049	1
4050	1
4051	1
4052	1
4053	1
4054	1
4055	1
4056	1
4057	1
4058	1
4059	1
4060	1
4061	1
4062	1
4063	1
4064	1
4065	1
4066	1
4067	1
4068	1
4069	1
4070	1
4071	1
4072	1
4073	1
4074	1
4075	1
4076	1
4077	0
4078	0
4079	9
4080	0
4081	6
4082	9
4083	9
4084	0
4085	0
4086	0
4087	9
4088	9
4089	9
4090	9
4091	9
4092	0
4093	9
4094	9
4095	9
4096	9
4097	9
4098	9
4099	9
4100	9
4101	9
4102	9
4103	9
4104	9
4105	9
4106	9
4107	9
4108	8
4109	9
4110	9
4111	0
4112	0
4113	6
4114	0
4115	9
4116	0
4117	9
4118	9
4119	0
4120	6
4121	0
4122	9
4123	6
4124	9
4125	0
4126	3
4127	9
4128	0
4129	1
4130	0
4131	9
4132	9
4133	9
4134	0
4135	6
4136	9
4137	9
4138	0
4139	6
4140	9
4141	0
4142	9
4143	9
4144	9
4145	0
4146	9
4147	9
4148	6
4149	0
4150	9
4151	9
4152	9
4153	9
4154	0
4155	6
4156	0
4157	0
4158	9
4159	9
4160	6
4161	0
4162	0
4163	7
4164	7
4165	7
4166	1
4167	1
4168	7
4169	7
4170	0
4171	7
4172	7
4173	1
4174	7
4175	0
4176	0
4177	0
4178	0
4179	7
4180	0
4181	0
4182	7
4183	7
4184	7
4185	7
4186	7
4187	7
4188	7
4189	1
4190	1
4191	1
4192	7
4193	7
4194	1
4195	7
4196	7
4197	7
4198	7
4199	1
4200	1
4201	1
4202	7
4203	7
4204	7
4205	7
4206	0
4207	0
4208	0
4209	8
4210	8
4211	8
4212	8
4213	8
4214	8
4215	8
4216	8
4217	8
4218	8
4219	8
4220	9
4221	9
4222	9
4223	8
4224	8
4225	8
4226	8
4227	8
4228	8
4229	8
4230	8
4231	8
4232	8
4233	8
4234	8
4235	8
4236	8
4237	8
4238	8
4239	8
4240	8
4241	8
4242	9
4243	8
4244	9
4245	8
4246	8
4247	8
4248	8
4249	8
4250	9
4251	8
4252	8
4253	8
4254	8
4255	8
4256	8
4257	8
4258	8
4259	8
4260	8
4261	8
4262	8
4263	8
4264	8
4265	8
4266	7
4267	7
4268	7
4269	7
4270	7
4271	7
4272	7
4273	7
4274	7
4275	7
4276	7
4277	7
4278	7
4279	7
4280	0
4281	7
4282	7
4283	7
4284	7
4285	7
4286	7
4287	7
4288	7
4289	7
4290	7
4291	7
4292	7
4293	7
4294	7
4295	7
4296	7
4297	7
4298	7
4299	7
4300	7
4301	7
4302	7
4303	7
4304	7
4305	7
4306	3
4307	7
4308	7
4309	3
4310	7
4311	3
4312	3
4313	7
4314	7
4315	7
4316	7
4317	7
4318	3
4319	7
4320	7
4321	3
4322	7
4323	3
4324	3
4325	7
4326	7
4327	7
4328	7
4329	0
4330	7
4331	7
4332	7
4333	0
4334	7
4335	0
4336	0
4337	7
4338	7
4339	7
4340	3
4341	7
4342	7
4343	7
4344	7
4345	7
4346	7
4347	7
4348	7
4349	3
4350	0
4351	7
4352	7
4353	7
4354	7
4355	7
4356	7
4357	7
4358	7
4359	7
4360	7
4361	7
4362	7
4363	7
4364	7
4365	7
4366	7
4367	7
4368	7
4369	0
4370	7
4371	7
4372	7
4373	7
4374	0
4375	7
4376	7
4377	7
4378	7
4379	7
4380	7
4381	3
4382	7
4383	7
4384	3
4385	7
4386	7
4387	7
4388	7
4389	7
4390	7
4391	7
4392	7
4393	7
4394	3
4395	7
4396	7
4397	7
4398	7
4399	3
4400	7
4401	7
4402	7
4403	7
4404	7
4405	7
4406	7
4407	7
4408	7
4409	7
4410	7
4411	7
4412	7
4413	7
4414	7
4415	7
4416	7
4417	7
4418	7
4419	3
4420	7
4421	7
4422	7
4423	7
4424	7
4425	7
4426	7
4427	7
4428	7
4429	7
4430	7
4431	7
4432	7
4433	7
4434	7
4435	7
4436	7
4437	7
4438	7
4439	7
4440	7
4441	3
4442	7
4443	7
4444	5
4445	7
4446	3
4447	3
4448	7
4449	7
4450	3
4451	7
4452	7
4453	7
4454	7
4455	7
4456	3
4457	7
4458	7
4459	7
4460	7
4461	7
4462	3
4463	7
4464	7
4465	7
4466	3
4467	7
4468	7
4469	7
4470	7
4471	7
4472	7
4473	7
4474	7
4475	7
4476	7
4477	7
4478	7
4479	7
4480	7
4481	7
4482	7
4483	7
4484	7
4485	7
4486	7
4487	7
4488	7
4489	7
4490	9
4496	9
4497	9
4498	9
4499	9
4500	9
4501	9
4502	9
4503	9
4504	9
4510	0
4511	9
4512	9
4513	9
4514	9
4515	9
4516	9
4517	9
4518	9
4519	9
4520	9
4521	9
4522	9
4523	9
4524	9
4525	9
4526	9
4527	7
4528	7
4529	7
4530	7
4531	7
4532	7
4533	7
4534	7
4535	7
4536	7
4537	7
4538	7
4539	7
4540	7
4541	7
4542	7
4543	7
4544	7
4545	7
4546	7
4547	7
4548	7
4549	7
4550	7
4551	7
4552	7
4553	7
4554	0
4555	0
4556	0
4557	0
4558	6
4559	6
4560	6
4561	6
4562	6
4563	6
4564	6
4565	6
4566	6
4567	6
4568	6
4569	6
4570	6
4571	3
4572	6
4573	6
4574	3
4575	0
4576	0
4577	0
4578	0
4579	0
4580	0
4581	0
4582	0
4583	6
4584	6
4585	6
4586	8
4587	8
4588	0
4589	0
4590	6
4591	0
4592	0
4596	6
4597	8
4599	8
4600	8
4601	8
4602	8
4603	8
4607	8
4608	6
4609	6
4610	6
4611	6
4612	3
4613	6
4614	6
4615	6
4616	0
4617	8
4618	8
4619	8
4620	8
4621	3
4622	3
4623	0
4624	0
4625	0
4626	0
4627	6
4628	0
4629	6
4630	0
4631	6
4632	6
4633	6
4634	0
4635	0
4636	0
4637	0
4638	8
4639	8
4640	8
4641	8
4642	6
4643	6
4644	0
4645	6
4646	6
4647	0
4648	0
4649	6
4650	0
4651	6
4652	6
4653	9
4654	8
4655	8
4656	8
4657	6
4658	6
4659	6
4660	3
4661	6
4662	0
4663	5
4664	0
4665	6
4666	0
4667	6
4668	0
4669	6
4670	6
4671	0
4672	6
4673	6
4674	9
4675	1
4676	3
4677	9
4678	5
4679	6
4680	0
4681	6
4682	0
4683	0
4684	6
4685	6
4686	6
4687	6
4688	6
4689	6
4690	6
4691	6
4692	3
4693	6
4694	6
4695	6
4696	6
4697	6
4698	6
4699	6
4700	6
4701	6
4702	6
4703	6
4704	6
4705	6
4706	6
4707	6
4708	6
4709	3
4710	3
4711	3
4712	6
4713	6
4714	3
4715	6
4716	3
4717	9
4718	9
4719	9
4720	6
4721	6
4722	6
4723	6
4724	6
4725	6
4726	6
4727	6
4728	6
4729	6
4730	3
4731	3
4732	6
4733	6
4734	6
4735	6
4736	6
4737	6
4738	9
4739	9
4740	3
4741	6
4742	3
4743	6
4744	3
4745	6
4746	6
4747	6
4748	3
4749	6
4750	3
4751	6
4752	6
4753	6
4754	6
4755	6
4756	6
4757	6
4758	6
4759	6
4760	6
4761	6
4762	6
4763	6
4764	6
4765	6
4766	6
4767	6
4768	6
4769	3
4770	6
4771	6
4772	6
4773	6
4774	6
4775	6
4776	6
4777	6
4778	6
4779	6
4780	6
4781	6
4782	6
4783	6
4784	8
4785	6
4786	6
4787	3
4788	0
4789	6
4790	6
4791	6
4792	6
4793	3
4794	6
4795	3
4796	6
4797	4
4798	3
4799	4
4800	3
4801	6
4802	6
4803	3
4804	6
4805	3
4806	3
4807	6
4808	6
4809	6
4810	6
4811	6
4812	6
4813	6
4815	8
4816	8
4817	8
4818	8
4819	8
4820	8
4821	8
4822	8
4823	8
4826	3
4827	6
4828	3
4829	3
4830	6
4831	3
4832	6
4833	3
4834	3
4835	6
4836	3
4837	6
4838	3
4839	6
4840	3
4841	6
4842	6
4843	3
4844	4
4845	4
4846	6
4847	4
4848	6
4849	6
4850	6
4851	6
4852	3
4853	6
4854	6
4855	6
4856	6
4857	6
4858	6
4859	6
4860	4
4861	4
4862	4
4863	6
4864	3
4865	6
4866	6
4867	6
4868	3
4869	6
4870	6
4871	3
4872	0
4873	5
4874	5
4875	5
4876	0
4877	3
4878	6
4879	6
4880	6
4881	6
4882	6
4883	6
4884	6
4885	6
4886	6
4887	6
4888	6
4889	6
4890	3
4891	6
4892	3
4893	6
4894	6
4895	6
4896	6
4897	0
4898	9
4899	0
4900	9
4901	3
4902	9
4903	3
4904	3
4905	3
4906	9
4907	3
4908	3
4909	0
4910	6
4911	0
4912	0
4913	3
4914	3
4915	0
4916	3
4917	3
4918	0
4919	0
4920	9
4921	9
4922	3
4923	3
4924	9
4925	3
4926	6
4927	6
4928	6
4929	3
4930	6
4931	6
4932	6
4933	6
4934	3
4935	0
4936	9
4937	0
4938	0
4939	3
4940	9
4941	6
4942	3
4943	6
4944	6
4945	6
4946	6
4947	3
4948	8
4949	8
4950	8
4951	9
4953	9
4954	9
4955	9
4956	9
4958	9
4959	9
4961	9
4966	9
4968	1
4969	1
4970	1
4971	1
4972	1
4973	1
4974	1
4975	1
4976	1
4977	1
4978	1
4979	1
4980	1
4981	1
4982	1
4983	1
4984	1
4985	1
4986	1
4987	1
4988	1
4989	1
4990	1
4991	1
4992	1
4993	1
4994	1
4995	1
4996	1
4997	1
4998	1
4999	1
5000	1
5001	1
5002	1
5003	1
5004	1
5005	1
5006	1
5007	1
5008	1
5009	1
5010	1
5011	1
5012	1
5013	1
5014	1
5015	1
5016	1
5017	1
5018	8
5019	1
5020	1
5021	1
5022	1
5023	1
5024	1
5025	1
5026	1
5027	1
5028	1
5029	1
5030	1
5031	1
5032	1
5033	1
5034	1
5035	1
5036	1
5037	1
5038	8
5039	1
5040	1
5041	8
5042	8
5043	8
5044	8
5045	1
5046	8
5047	8
5048	1
5049	8
5050	8
5051	1
5052	1
5053	1
5054	1
5055	1
5058	1
5059	8
5063	1
5066	5
5067	1
5068	7
5069	8
5070	7
5071	2
5072	1
5073	7
5074	1
5075	1
5076	1
5077	1
5078	1
5079	1
5080	8
5081	2
5082	2
5083	2
5084	2
5085	1
5086	1
5087	1
5088	1
5089	1
5090	1
5091	1
5092	1
5093	1
5094	1
5095	1
5096	1
5097	1
5098	9
5099	9
5100	9
5101	9
5102	9
5103	9
5104	6
5105	9
5106	6
5107	6
5108	8
5109	6
5110	8
5111	8
5112	6
5113	6
5114	9
5115	6
5116	9
5117	9
5118	6
5119	9
5120	9
5121	9
5122	2
5123	9
5124	9
5125	2
5126	2
5127	2
5128	5
5129	5
5130	2
5131	2
5132	2
5133	2
5134	2
5135	2
5136	2
5137	2
5138	2
5139	2
5140	5
5141	5
5142	5
5143	5
5144	2
5145	5
5146	2
5147	7
5148	5
5149	2
5150	2
5151	2
5152	2
5153	2
5154	2
5155	2
5156	2
5157	2
5158	5
5159	2
5160	2
5161	5
5162	2
5163	5
5164	2
5165	2
5166	2
5167	9
5168	9
5169	9
5170	9
5171	9
5172	9
5173	2
5174	5
5175	2
5176	5
5177	5
5178	2
5179	2
5180	2
5181	2
5182	2
5183	5
5184	2
5185	5
5186	5
5187	2
5188	7
5189	5
5190	2
5191	2
5192	2
5193	2
5194	2
5195	2
5196	2
5197	2
5198	2
5199	2
5200	9
5201	5
5202	2
5203	2
5204	2
5205	2
5206	2
5207	2
5208	5
5209	2
5210	2
5211	8
5212	5
5213	2
5214	2
5215	5
5216	9
5217	7
5218	2
5219	9
5220	9
5221	9
5222	9
5223	5
5224	5
5225	5
5226	2
5227	2
5228	7
5229	2
5230	5
5231	5
5232	5
5233	5
5234	5
5235	5
5236	5
5237	2
5238	2
5239	2
5240	5
5241	2
5242	2
5243	2
5244	2
5245	2
5246	2
5247	2
5248	2
5249	2
5250	2
5251	2
5252	5
5253	8
5254	7
5255	2
5256	2
5257	9
5258	2
5259	5
5260	5
5261	5
5262	5
5263	5
5264	5
5265	5
5266	5
5267	7
5268	2
5269	2
5270	2
5271	2
5272	5
5273	5
5274	5
5275	2
5276	2
5277	2
5278	5
5279	2
5280	2
5281	2
5282	2
5283	2
5284	2
5285	2
5286	2
5287	5
5288	2
5289	2
5290	2
5291	2
5292	7
5293	2
5294	5
5295	2
5296	2
5297	2
5298	5
5299	5
5300	5
5301	5
5302	7
5303	5
5304	5
5305	5
5306	9
5307	5
5308	5
5309	5
5310	5
5311	2
5312	2
5313	2
5314	2
5315	2
5316	2
5317	2
5318	2
5319	2
5320	5
5321	5
5322	2
5324	2
5325	2
5326	2
5327	2
5328	2
5329	2
5330	5
5331	2
5332	2
5333	5
5334	7
5335	2
5336	2
5337	2
5338	2
5339	2
5340	2
5341	2
5342	5
5343	2
5344	2
5345	5
5346	2
5347	2
5348	7
5349	2
5350	5
5351	2
5352	5
5353	2
5354	2
5355	5
5356	2
5357	5
5358	5
5359	5
5360	5
5361	5
5362	2
5363	2
5364	2
5365	2
5366	5
5367	5
5368	5
5369	5
5370	2
5371	2
5372	5
5373	2
5374	2
5375	2
5376	9
5377	5
5378	5
5379	2
5380	2
5381	8
5382	5
5383	5
5384	5
5385	5
5386	2
5387	2
5388	2
5389	2
5390	2
5391	2
5392	2
5393	2
5394	2
5395	2
5396	2
5397	2
5398	5
5399	2
5400	7
5401	5
5402	5
5403	2
5404	2
5405	2
5406	2
5407	2
5408	2
5409	5
5410	5
5411	5
5412	5
5413	2
5414	2
5415	2
5416	2
5417	2
5418	7
5419	2
5420	2
5421	5
5422	2
5423	9
5424	5
5425	2
5426	5
5427	2
5428	5
5429	2
5430	2
5431	2
5432	2
5433	2
5434	5
5435	5
5436	2
5437	2
5438	2
5439	2
5440	2
5441	2
5442	5
5443	0
5444	5
5445	5
5446	2
5447	2
5448	2
5449	2
5450	2
5451	2
5452	2
5453	2
5454	5
5455	5
5456	7
5457	2
5458	2
5459	5
5460	2
5461	2
5462	5
5463	2
5464	2
5465	5
5466	5
5467	2
5468	2
5469	5
5470	5
5471	2
5472	8
5473	5
5474	2
5475	5
5476	2
5477	2
5478	2
5479	2
5480	2
5481	5
5482	5
5483	5
5484	5
5485	5
5486	2
5487	2
5488	2
5489	2
5490	2
5491	2
5492	2
5493	5
5494	5
5495	2
5496	2
5497	2
5498	1
5499	5
5500	9
5501	5
5502	2
5503	2
5504	2
5505	2
5506	2
5507	2
5508	2
5509	5
5510	2
5511	2
5512	7
5513	2
5514	7
5515	2
5516	2
5517	2
5518	7
5519	5
5520	2
5521	2
5522	2
5523	5
5524	2
5525	5
5526	2
5527	5
5528	5
5529	5
5530	5
5531	2
5532	5
5533	5
5534	5
5535	5
5536	5
5537	5
5538	2
5539	2
5540	2
5541	2
5542	2
5543	2
5544	2
5545	5
5546	2
5547	9
5548	2
5549	5
5550	2
5551	2
5552	2
5553	2
5554	2
5555	2
5556	7
5557	8
5558	2
5559	2
5560	2
5561	2
5562	5
5563	2
5564	2
5565	2
5566	8
5567	2
5568	2
5569	2
5570	2
5571	5
5572	2
5573	2
5574	5
5575	2
5576	2
5577	2
5578	5
5579	2
5580	2
5581	2
5582	2
5583	2
5584	2
5585	2
5586	5
5587	2
5588	9
5589	9
5590	9
5591	9
5592	9
5593	9
5594	9
5595	9
5596	2
5597	2
5598	2
5599	2
5600	2
5601	7
5602	2
5603	7
5604	2
5605	7
5606	2
5607	2
5608	5
5609	5
5610	2
5611	5
5612	7
5613	2
5614	7
5615	9
5616	5
5617	2
5618	5
5619	2
5620	2
5621	5
5622	5
5623	2
5624	2
5625	5
5626	9
5627	9
5628	2
5629	5
5630	2
5631	2
5632	2
5633	2
5634	2
5635	2
5636	2
5637	2
5638	2
5639	2
5640	2
5641	5
5642	2
5643	9
5644	9
5645	9
5646	2
5647	9
5648	9
5649	9
5650	9
5651	9
5652	2
5653	2
5654	2
5655	2
5656	2
5657	2
5658	2
5659	2
5660	2
5661	2
5662	7
5663	2
5664	8
5665	2
5666	2
5667	5
5668	5
5669	2
5670	7
5671	7
5672	2
5673	2
5674	2
5675	2
5676	9
5677	2
5678	2
5679	2
5680	2
5681	2
5682	2
5683	2
5684	2
5685	5
5686	7
5687	2
5688	2
5689	5
5690	9
5691	9
5692	9
5693	9
5694	9
5695	2
5696	5
5697	9
5698	5
5699	2
5700	2
5701	2
5702	2
5703	2
5704	2
5705	5
5706	2
5707	2
5708	2
5709	2
5710	2
5711	2
5712	5
5713	7
5714	7
5715	2
5716	2
5717	5
5718	2
5719	2
5720	5
5721	2
5722	5
5723	5
5725	2
5726	5
5727	2
5728	5
5729	5
5730	2
5731	7
5732	2
5733	2
5734	2
5735	2
5736	2
5737	2
5738	2
5739	5
5740	2
5741	2
5742	2
5743	9
5744	9
5745	2
5746	9
5747	9
5748	9
5749	2
5750	2
5751	2
5752	2
5753	2
5754	2
5755	2
5756	5
5757	8
5758	2
5759	2
5766	2
5767	5
5768	2
5769	5
5770	1
5771	5
5772	5
5773	2
5774	2
5775	7
5776	7
5777	7
5778	2
5779	2
5780	5
5781	2
5782	5
5783	8
5784	2
5785	2
5786	5
5787	2
5788	5
5789	5
5790	5
5791	5
5792	5
5793	5
5794	9
5795	9
5796	9
5797	9
5798	9
5799	9
5800	9
5801	2
5802	2
5803	2
5804	2
5805	2
5806	5
5807	5
5810	5
5811	5
5812	2
5813	5
5814	2
5815	1
5816	2
5817	1
5818	2
5819	2
5820	5
5821	2
5822	5
5823	9
5824	2
5825	5
5826	5
5827	2
5828	7
5829	9
5830	2
5831	5
5832	2
5833	1
5834	2
5835	2
5836	2
5837	2
5838	8
5839	5
5840	5
5841	5
5842	5
5843	5
5844	9
5845	9
5846	9
5847	9
5848	9
5849	9
5850	9
5851	2
5852	2
5853	5
5854	5
5855	7
5856	2
5857	2
5858	2
5859	2
5860	8
5861	2
5862	2
5863	2
5864	5
5865	2
5866	5
5867	5
5868	5
5869	2
5870	5
5871	5
5872	9
5873	2
5874	2
5875	5
5876	5
5877	5
5878	5
5879	2
5880	5
5881	5
5882	5
5883	5
5884	8
5885	9
5886	9
5887	9
5888	9
5889	9
5890	9
5891	7
5892	7
5893	7
5894	7
5895	7
5896	7
5897	7
5898	7
5899	7
5900	7
5901	7
5902	7
5903	7
5904	7
5905	7
5906	7
5907	7
5908	7
5909	7
5910	7
5911	7
5912	7
5913	7
5914	7
5915	7
5916	7
5917	7
5918	7
5919	7
5920	7
5921	7
5922	7
5923	7
5924	7
5925	7
5926	7
5927	7
5928	7
5929	7
5930	7
5931	7
5932	7
5933	7
5934	7
5935	7
5936	7
5937	7
5938	7
5939	7
5940	7
5941	7
5942	7
5943	7
5944	7
5945	7
5946	7
5947	7
5948	7
5949	7
5950	7
5951	7
5952	7
5953	7
5954	7
5955	7
5956	7
5957	7
5958	7
5959	7
5960	7
5961	7
5962	7
5963	7
5964	7
5965	7
5966	7
5967	7
5968	7
5969	7
5970	7
5971	7
5972	7
5973	7
5974	7
5975	7
5976	7
5977	7
5978	7
5979	7
5980	7
5981	7
5982	7
5983	7
5984	7
5985	7
5986	7
5987	7
5988	7
5989	7
5990	7
5991	7
5992	7
5993	7
5994	7
5995	7
5996	7
5997	7
5998	7
5999	7
6000	7
6001	7
6002	7
6003	7
6004	7
6005	7
6006	7
6007	7
6008	7
6009	7
6010	7
6011	7
6012	7
6013	7
6014	7
6015	7
6016	7
6017	7
6018	7
6019	7
6020	7
6021	7
6022	7
6023	7
6024	7
6025	7
6026	7
6027	7
6028	7
6029	7
6030	7
6031	7
6032	7
6033	7
6034	7
6035	7
6036	7
6037	7
6038	7
6039	7
6040	7
6041	7
6042	7
6043	7
6044	7
6045	7
6046	7
6047	7
6048	7
6049	7
6050	7
6051	7
6052	7
6053	7
6054	7
6055	7
6056	7
6057	7
6058	7
6059	7
6060	7
6061	7
6062	7
6063	7
6064	7
6065	7
6066	7
6067	7
6068	7
6069	7
6070	7
6071	7
6072	7
6073	7
6074	7
6075	7
6076	7
6077	7
6078	7
6079	7
6080	7
6081	7
6082	7
6083	7
6084	7
6085	7
6086	7
6087	7
6088	7
6089	7
6090	7
6091	7
6092	7
6093	7
6094	7
6095	7
6096	7
6097	7
6098	7
6099	7
6100	7
6101	7
6102	7
6103	7
6104	7
6105	7
6106	7
6107	7
6108	7
6109	7
6110	7
6111	7
6112	7
6113	7
6114	7
6115	7
6116	7
6117	7
6118	7
6119	7
6120	7
6121	7
6122	7
6123	7
6124	7
6125	7
6126	7
6127	7
6128	7
6129	7
6130	7
6131	1
6132	7
6133	7
6134	7
6135	7
6136	7
6137	7
6138	7
6139	7
6140	7
6141	7
6142	7
6143	1
6144	7
6145	7
6146	7
6147	7
6148	7
6149	7
6150	7
6151	7
6152	7
6153	7
6154	7
6155	7
6156	7
6157	7
6158	7
6159	7
6160	7
6161	7
6162	7
6163	7
6164	7
6165	7
6166	7
6167	7
6168	7
6169	7
6170	7
6171	7
6172	7
6173	7
6174	7
6175	7
6176	7
6177	7
6178	7
6179	7
6180	7
6181	7
6182	7
6183	7
6184	7
6185	7
6186	7
6187	7
6188	7
6189	7
6190	7
6191	7
6192	7
6193	7
6194	7
6195	7
6196	7
6197	7
6198	7
6199	7
6200	7
6201	7
6202	7
6203	7
6204	7
6205	7
6206	7
6207	7
6208	7
6209	7
6210	7
6211	7
6212	7
6213	7
6214	7
6215	7
6216	7
6217	7
6218	7
6219	7
6220	7
6221	7
6222	7
6223	7
6224	7
6225	7
6226	7
6227	7
6228	7
6229	7
6230	7
6231	7
6232	7
6233	7
6234	7
6235	7
6236	7
6237	7
6238	7
6239	8
6240	6
6241	6
6242	0
6243	8
6244	6
6245	6
6246	6
6247	6
6248	9
6249	6
6250	6
6251	6
6252	9
6253	8
6254	8
6255	8
6256	6
6257	9
6258	8
6259	8
6260	6
6261	0
6262	6
6263	0
6264	0
6265	0
6266	0
6267	0
6268	8
6269	9
6270	8
6271	0
6272	8
6273	0
6274	0
6275	0
6276	8
6277	6
6278	9
6279	9
6280	0
6281	6
6282	6
6283	8
6284	8
6285	0
6286	8
6287	9
6288	8
6289	0
6290	0
6291	9
6292	0
6293	8
6294	0
6295	9
6296	9
6297	3
6298	8
6299	9
6300	6
6301	6
6302	6
6303	6
6304	8
6305	9
6306	6
6307	6
6308	8
6309	8
6310	6
6311	8
6312	6
6313	6
6314	9
6315	6
6316	6
6317	6
6318	6
6319	8
6320	6
6321	9
6322	6
6323	6
6324	6
6325	6
6326	9
6327	6
6328	0
6329	0
6330	6
6331	9
6332	9
6333	3
6334	6
6335	0
6336	6
6337	6
6338	0
6339	0
6340	8
6341	9
6342	8
6343	8
6344	8
6345	8
6346	6
6347	6
6348	8
6349	6
6350	8
6351	6
6352	6
6353	9
6354	9
6355	8
6356	9
6357	8
6358	9
6359	9
6360	3
6361	3
6362	3
6363	9
6364	6
6365	0
6366	3
6367	6
6368	9
6369	0
6370	6
6371	3
6372	3
6373	3
6374	3
6375	9
6376	8
6377	8
6378	8
6379	8
6380	0
6381	0
6382	0
6383	6
6384	0
6385	8
6386	6
6387	8
6388	8
6389	9
6390	0
6391	8
6392	9
6393	3
6394	8
6395	8
6396	6
6397	6
6398	9
6399	6
6400	8
6401	9
6402	6
6403	6
6404	6
6405	0
6406	8
6407	3
6408	3
6409	8
6410	0
6411	3
6412	0
6413	6
6414	6
6415	6
6416	6
6417	9
6418	6
6419	6
6420	9
6421	8
6422	9
6423	9
6424	0
6425	8
6426	9
6427	9
6428	9
6429	9
6430	0
6431	8
6432	8
6433	9
6435	8
6436	0
6437	8
6438	8
6439	0
6440	8
6441	0
6442	0
6443	0
6444	9
6445	8
6446	9
6447	9
6448	9
6449	8
6450	8
6451	9
6452	9
6453	8
6454	8
6455	8
6456	9
6457	3
6458	0
6459	0
6460	9
6461	9
6462	9
6463	8
6464	6
6465	3
6466	9
6467	9
6468	9
6469	9
6470	6
6471	8
6472	6
6474	6
6475	8
6476	0
6477	3
6478	6
6479	6
6480	8
6481	8
6482	8
6483	8
6484	9
6485	9
6486	8
6487	6
6488	9
6489	8
6490	8
6491	6
6492	9
6493	9
6494	9
6495	0
6496	8
6497	0
6498	6
6499	8
6500	6
6501	6
6502	8
6503	8
6504	9
6505	9
6506	9
6507	8
6508	8
6509	3
6510	6
6511	9
6512	9
6513	6
6514	0
6515	6
6516	8
6517	0
6518	6
6519	6
6520	8
6521	3
6522	9
6523	9
6524	9
6525	8
6526	8
6527	8
6528	9
6529	8
6530	8
6531	8
6532	8
6533	8
6534	3
6535	9
6536	0
6537	6
6538	0
6539	6
6540	8
6541	6
6542	8
6543	3
6544	9
6545	9
6546	8
6547	0
6548	8
6549	6
6550	9
6551	6
6552	3
6553	9
6554	0
6555	0
6556	0
6557	9
6558	0
6559	0
6560	0
6561	0
6562	0
6563	9
6564	9
6565	1
6566	1
6567	1
6568	1
6569	1
6570	1
6571	1
6572	1
6573	1
6574	1
6575	1
6576	1
6577	1
6578	1
6579	1
6580	1
6581	1
6582	1
6583	1
6584	1
6585	1
6586	1
6587	1
6588	1
6589	1
6590	1
6591	1
6592	1
6593	1
6594	1
6595	1
6596	1
6597	1
6598	1
6599	1
6600	1
6601	1
6602	1
6603	1
6604	1
6605	1
6606	1
6607	1
6608	1
6609	1
6610	0
6611	0
6612	0
6613	1
6614	0
6615	0
6616	0
6617	1
6618	1
6619	0
6620	0
6621	0
6622	0
6623	7
6624	8
6625	8
6626	8
6627	1
6628	1
6629	8
6630	8
6631	8
6632	8
6633	8
6634	8
6635	8
6636	8
6637	7
6638	8
6639	8
6640	8
6641	8
6642	8
6643	8
6644	8
6645	8
6646	8
6647	8
6648	8
6650	8
6651	8
6652	8
6653	8
6654	8
6655	8
6656	8
6657	8
6658	8
6659	8
6660	8
6661	8
6662	8
6663	8
6664	8
6665	8
6666	8
6667	8
6668	8
6669	8
6671	7
6672	8
6679	1
6683	8
6684	8
6685	8
6686	1
6687	5
6688	5
6689	5
6690	8
6691	8
6692	8
6693	8
6694	8
6695	8
6696	8
6697	8
6698	8
6699	8
6700	8
6701	8
6702	8
6703	8
6704	8
6705	8
6706	8
6707	8
6708	8
6709	8
6710	8
6711	8
6712	8
6713	8
6714	8
6715	8
6716	8
6717	8
6718	5
6719	8
6720	8
6721	8
6722	8
6723	8
6724	8
6725	8
6726	8
6727	8
6728	8
6729	8
6730	8
6731	8
6732	8
6733	8
6734	8
6735	8
6736	8
6737	8
6738	8
6739	8
6740	8
6741	8
6742	8
6743	8
6744	7
6745	8
6746	8
6747	8
6748	8
6749	8
6750	8
6751	8
6752	8
6753	8
6754	8
6755	8
6756	8
6757	8
6758	8
6759	8
6760	1
6761	8
6762	8
6763	8
6764	7
6765	1
6766	7
6767	0
6768	0
6769	0
6770	0
6771	7
6772	7
6773	7
6774	1
6775	7
6776	7
6777	7
6778	1
6779	7
6780	7
6781	7
6782	7
6783	7
6784	7
6785	7
6786	7
6787	7
6788	7
6789	7
6790	7
6791	7
6792	7
6793	7
6794	7
6795	7
6796	7
6797	7
6798	7
6799	7
6800	7
6801	7
6802	7
6803	7
6804	7
6805	7
6806	7
6807	7
6808	7
6809	7
6810	7
6811	1
6812	7
6813	7
6814	7
6815	1
6816	7
6817	7
6818	7
6819	7
6820	1
6821	0
6822	1
6823	1
6824	9
6825	1
6826	1
6827	1
6828	1
6829	1
6830	1
6831	1
6832	0
6833	0
6834	0
6835	1
6836	1
6837	0
6838	0
6839	0
6840	0
6841	0
6842	0
6843	0
6844	0
6845	0
6846	0
6847	0
6848	1
6849	0
6850	0
6851	0
6852	0
6853	0
6854	0
6855	1
6856	0
6857	1
6858	0
6859	1
6860	1
6861	0
6862	1
6863	7
6864	1
6865	0
6866	0
6867	0
6868	7
6869	1
6870	0
6871	1
6872	0
6873	0
6874	9
6875	0
6876	1
6877	1
6878	1
6879	9
6880	0
6881	1
6882	1
6883	1
6884	1
6885	1
6886	1
6887	1
6888	1
6889	9
6890	9
6891	9
6892	9
6893	9
6894	9
6895	9
6896	9
6897	9
6898	1
6899	9
6900	9
6901	1
6902	0
6903	0
6904	9
6905	9
6906	9
6907	9
6908	9
6909	9
6910	0
6911	0
6912	9
6913	9
6914	0
6915	0
6916	0
6917	0
6918	1
6919	0
6920	0
6921	1
6922	1
6923	1
6924	0
6925	0
6926	0
6927	0
6928	0
6929	9
6930	0
6931	0
6932	9
6933	1
6934	9
6935	0
6936	9
6937	1
6938	9
6939	1
6940	1
6941	1
6942	1
6943	1
6944	1
6945	1
6946	1
6947	1
6948	1
6949	9
6950	1
6951	0
6952	1
6953	1
6954	1
6955	1
6956	1
6957	1
6958	1
6959	1
6960	1
6961	1
6962	1
6963	1
6964	1
6965	1
6966	9
