1	0
2	0
3	0
4	0
5	0
6	0
7	7
8	7
9	0
10	0
11	0
12	7
13	7
14	7
15	7
16	7
17	7
18	7
19	0
20	0
21	9
22	0
23	0
24	0
25	0
26	0
27	0
28	0
29	0
30	9
31	9
32	0
33	7
34	7
35	7
36	7
37	7
38	7
39	7
40	7
41	7
42	7
43	7
44	7
45	7
46	7
47	7
48	7
49	7
50	7
51	7
52	7
53	7
54	7
55	7
56	7
57	7
58	7
59	7
60	7
61	7
62	7
63	0
64	0
65	0
66	0
67	0
68	0
69	0
70	0
71	0
72	1
73	0
74	1
75	9
76	0
77	9
78	0
79	0
80	9
81	0
82	0
83	0
84	0
85	1
86	9
87	9
88	9
89	0
90	0
91	0
92	0
93	0
94	9
95	0
96	0
97	0
98	1
99	1
100	1
101	1
102	9
103	1
104	9
105	1
106	0
107	0
108	0
109	0
110	0
111	1
112	9
113	1
114	9
115	9
116	1
117	0
118	1
119	1
120	0
121	0
122	9
123	9
124	9
125	1
126	1
127	1
128	1
129	1
130	1
131	1
132	1
133	9
134	0
135	0
136	0
137	0
138	0
139	1
140	1
141	1
142	1
143	1
144	0
145	0
146	0
147	9
148	9
149	1
150	7
151	0
152	0
153	0
154	0
155	0
156	9
157	9
158	9
159	9
160	9
161	1
162	0
163	1
164	1
165	0
166	1
167	9
168	0
169	0
170	0
171	0
172	1
173	0
174	0
175	0
176	7
177	0
178	0
179	0
180	0
181	0
182	0
183	9
184	1
185	9
186	0
187	0
188	0
189	9
190	9
191	9
192	0
193	0
194	0
195	9
196	0
197	0
198	0
199	9
200	0
201	0
202	0
203	0
204	0
205	0
206	0
207	0
208	0
209	9
210	0
211	0
212	0
213	9
214	0
215	1
216	0
217	0
218	0
219	0
220	0
221	0
222	9
223	0
224	9
225	0
226	0
227	0
228	9
229	9
230	9
231	0
232	0
233	0
234	0
235	0
236	0
237	0
238	1
239	1
240	1
241	1
242	0
243	0
244	0
245	0
246	0
247	0
248	0
249	0
250	0
251	0
252	1
253	1
254	1
255	0
256	1
257	8
258	0
259	1
260	1
261	1
262	8
263	1
264	8
265	1
266	8
267	8
268	9
269	1
270	1
271	8
272	8
273	1
274	1
275	1
276	9
277	7
278	8
279	8
280	8
281	8
282	8
283	8
284	8
285	8
286	1
287	8
288	7
289	8
290	7
291	8
292	8
293	8
294	8
295	8
296	8
297	8
298	8
299	8
300	0
301	8
302	8
303	8
304	7
305	7
306	8
307	8
308	8
309	9
310	9
311	7
312	8
313	9
314	7
315	8
316	7
317	9
318	7
319	8
320	8
321	7
322	9
323	8
324	8
325	8
326	8
327	0
328	1
329	8
330	8
331	8
332	1
333	8
334	8
335	8
336	8
337	8
338	0
339	8
340	1
341	8
342	8
343	9
344	9
345	9
346	9
347	9
348	9
349	9
350	9
351	9
352	9
353	9
354	9
355	9
357	9
358	9
359	9
360	9
361	9
362	9
363	9
365	9
366	9
367	9
368	9
369	9
370	9
372	9
373	9
374	9
375	9
376	9
377	9
378	9
379	9
380	9
381	9
382	9
383	9
384	9
385	9
386	9
387	9
388	9
389	9
390	9
391	9
392	9
393	9
394	9
395	9
396	9
397	9
398	9
399	9
400	9
401	9
402	9
403	9
404	9
405	9
406	9
407	9
408	9
409	9
410	9
411	9
412	9
413	9
414	9
415	9
416	9
417	9
418	9
419	9
420	9
421	9
422	9
423	9
424	9
425	9
426	9
427	9
428	9
429	9
430	9
431	9
432	9
434	9
435	9
436	9
438	9
439	9
440	9
441	9
442	9
443	9
444	9
445	9
446	9
447	9
448	9
449	9
450	8
451	8
452	8
453	8
454	9
455	8
456	8
457	6
458	9
459	9
460	9
461	9
462	9
463	8
464	9
465	9
466	9
467	8
468	9
469	9
470	9
471	9
472	9
473	9
474	9
475	9
476	8
477	9
478	9
479	9
480	9
481	8
482	9
483	8
484	9
485	8
486	6
487	9
488	9
489	9
490	8
491	8
492	9
493	9
494	8
495	8
496	8
497	9
498	9
499	8
500	8
501	9
502	8
503	8
504	8
505	9
506	8
507	8
508	8
509	8
510	8
511	8
512	8
513	8
514	8
515	8
516	8
517	8
518	8
519	8
520	8
521	9
522	8
523	8
524	8
525	8
526	8
527	8
528	8
529	8
530	8
531	8
532	8
533	8
534	8
535	9
536	8
538	8
539	8
540	9
541	8
542	9
543	9
544	8
545	8
546	8
547	8
548	8
549	8
550	8
551	8
552	8
553	8
554	8
555	8
556	8
557	8
558	8
559	8
560	8
561	9
562	8
563	9
564	8
565	8
566	8
567	8
568	9
569	9
570	8
571	8
572	9
573	8
574	8
575	8
576	9
577	8
578	8
579	8
580	8
581	8
582	8
583	8
584	8
585	8
586	8
587	8
588	8
589	8
590	8
591	8
592	9
593	8
594	8
595	8
596	8
597	8
598	8
599	8
600	8
601	8
602	8
603	8
604	8
605	8
606	9
607	8
608	8
609	9
610	9
611	9
612	9
613	9
614	9
615	9
616	9
617	9
618	9
619	9
620	6
621	6
622	6
623	8
624	9
625	9
626	9
627	9
628	9
629	9
630	6
631	6
632	6
633	6
634	9
635	6
636	9
637	6
638	9
639	9
640	9
641	6
642	6
643	9
644	8
645	8
646	7
647	7
648	7
649	7
650	7
651	0
652	7
653	7
654	1
655	0
656	0
657	0
658	0
659	1
660	6
661	0
662	0
663	6
664	0
665	6
666	0
667	0
668	0
669	0
670	0
671	6
672	0
673	0
674	0
675	0
676	6
677	6
678	6
679	0
680	6
681	6
682	6
683	6
684	6
685	6
686	6
687	0
688	0
689	0
690	0
691	0
692	0
693	6
694	0
695	0
696	0
697	0
698	0
699	6
700	6
701	0
702	6
703	0
704	0
705	0
706	6
707	6
708	0
709	6
710	6
711	0
712	0
713	0
714	0
715	0
716	0
717	0
718	0
719	6
720	6
721	0
722	6
723	0
724	9
725	0
726	0
727	8
728	8
729	0
730	0
731	8
732	8
733	0
734	8
735	8
736	8
737	8
738	0
739	8
740	0
741	0
742	0
743	0
744	0
745	0
746	0
747	0
748	0
749	6
750	6
751	6
752	7
753	7
754	1
755	1
756	1
757	1
758	7
759	7
760	0
761	7
762	1
763	0
764	8
765	7
766	1
767	0
768	0
769	1
770	7
771	1
772	0
773	0
774	7
775	1
776	8
777	0
778	8
779	0
780	0
781	0
782	0
783	0
784	0
785	0
786	0
787	0
788	8
789	1
790	8
791	8
792	8
793	1
794	8
795	1
796	1
797	7
798	7
799	3
800	7
801	7
802	7
803	7
804	7
805	7
806	7
807	7
808	7
809	7
810	7
811	7
812	7
813	7
814	7
815	7
816	7
817	7
818	7
819	7
820	7
821	7
822	7
823	7
824	3
825	7
826	3
827	3
828	7
829	7
830	7
831	7
832	7
833	0
834	1
835	7
836	1
837	1
838	0
839	1
840	1
841	1
842	0
843	1
844	0
845	0
846	0
847	7
848	1
849	0
850	0
851	0
852	0
853	0
854	0
855	1
856	0
857	0
858	1
859	0
860	0
861	0
862	1
863	0
864	1
865	7
866	7
867	1
868	7
869	7
870	1
871	1
872	1
873	0
874	1
875	1
876	0
877	1
878	1
879	1
880	0
881	0
882	0
883	0
884	0
885	0
886	1
887	0
888	0
889	1
890	0
891	0
892	0
893	0
894	0
895	9
896	0
897	0
898	0
899	0
900	1
901	9
902	0
903	7
904	1
905	0
906	1
907	0
908	0
909	0
910	1
911	0
912	1
913	0
914	1
915	1
916	0
917	0
918	0
919	0
920	0
921	1
922	1
923	0
924	0
925	9
926	7
927	7
928	7
929	7
930	7
931	7
932	7
933	7
934	7
935	7
936	7
937	7
938	0
939	0
940	0
941	0
942	0
943	0
944	0
945	0
946	9
947	0
948	0
949	8
950	8
951	0
952	0
953	8
954	0
955	0
956	0
957	7
958	0
959	1
960	7
961	7
962	9
963	1
964	0
965	9
966	0
967	9
968	1
969	0
970	0
971	0
972	9
973	9
974	0
975	0
976	0
977	9
978	0
979	0
980	0
981	0
982	0
983	0
984	0
985	7
986	0
987	0
988	0
989	7
990	7
991	7
992	8
993	0
994	7
995	7
996	8
997	0
998	7
999	7
1000	7
1001	7
1002	7
1003	0
1004	1
1005	0
1006	0
1007	7
1008	0
1009	9
1010	9
1011	9
1012	9
1013	9
1014	9
1015	9
1016	9
1017	9
1018	9
1019	9
1020	9
1021	8
1022	9
1023	9
1024	9
1025	8
1026	9
1027	9
1028	8
1029	8
1030	9
1031	9
1032	9
1033	9
1034	9
1035	9
1036	9
1037	9
1038	9
1039	8
1040	8
1041	8
1042	8
1043	0
1044	9
1045	9
1046	9
1051	9
1052	9
1053	9
1054	9
1055	9
1056	9
1057	0
1058	9
1059	9
1060	8
1061	9
1062	9
1063	8
1064	9
1065	9
1066	9
1068	9
1069	9
1070	8
1071	8
1072	8
1073	9
1074	9
1075	9
1076	9
1077	9
1078	9
1079	9
1080	9
1081	9
1082	9
1084	8
1085	8
1087	8
1088	8
1089	8
1090	8
1091	8
1092	8
1093	8
1094	8
1095	8
1096	8
1097	8
1099	8
1101	8
1102	8
1103	8
1104	8
1105	8
1106	8
1107	1
1108	2
1109	1
1110	8
1111	1
1112	1
1113	8
1114	8
1115	8
1116	8
1117	8
1118	8
1120	8
1121	8
1122	1
1123	8
1124	8
1125	8
1126	8
1127	8
1128	8
1129	8
1130	8
1131	8
1132	8
1133	8
1134	8
1135	8
1136	8
1137	8
1138	8
1139	8
1140	8
1141	8
1142	8
1143	8
1144	8
1145	8
1146	8
1147	8
1149	8
1151	8
1157	8
1160	8
1161	8
1162	8
1163	8
1164	8
1165	8
1167	8
1168	8
1169	8
1170	8
1171	8
1172	8
1173	8
1174	8
1175	8
1176	8
1177	9
1178	9
1179	9
1181	9
1182	9
1185	9
1189	9
1190	9
1191	9
1192	9
1193	9
1194	9
1195	9
1196	9
1197	9
1198	9
1199	9
1200	9
1201	9
1202	9
1203	9
1204	9
1205	9
1206	9
1207	9
1208	9
1209	9
1210	9
1211	9
1212	9
1213	9
1214	9
1215	9
1216	9
1217	6
1218	4
1219	4
1220	4
1221	3
1222	3
1223	6
1224	4
1225	4
1226	6
1227	4
1228	4
1229	4
1230	4
1231	6
1232	4
1233	9
1234	9
1235	9
1236	4
1237	4
1238	4
1239	4
1240	4
1241	4
1242	4
1243	4
1244	4
1245	4
1246	4
1247	4
1249	2
1250	2
1251	4
1252	4
1253	4
1254	4
1255	4
1256	4
1257	4
1258	4
1259	4
1260	4
1261	4
1263	4
1264	4
1265	4
1266	4
1267	4
1268	4
1269	4
1270	4
1271	4
1272	4
1273	4
1274	4
1275	4
1276	4
1277	4
1278	4
1279	4
1280	4
1281	4
1282	4
1283	4
1284	4
1285	4
1286	4
1287	4
1288	4
1289	4
1290	4
1291	4
1292	4
1293	4
1294	4
1295	2
1296	2
1297	2
1298	4
1299	4
1300	4
1301	2
1302	2
1303	4
1304	4
1305	4
1306	4
1307	2
1308	2
1309	2
1310	2
1311	2
1312	2
1313	4
1314	4
1315	4
1316	4
1317	4
1318	4
1319	3
1320	5
1321	5
1322	3
1323	5
1324	5
1325	3
1326	3
1327	3
1328	3
1329	3
1330	4
1331	2
1332	2
1333	2
1334	2
1335	2
1336	4
1337	4
1338	4
1339	4
1340	4
1341	2
1342	5
1343	2
1344	2
1345	4
1346	5
1347	4
1348	5
1349	5
1350	5
1351	5
1352	4
1353	5
1354	5
1355	5
1356	5
1357	5
1358	5
1359	4
1360	4
1361	4
1362	4
1363	4
1364	4
1365	4
1366	4
1367	4
1368	4
1369	4
1370	4
1371	2
1372	2
1374	4
1375	4
1376	4
1377	4
1378	5
1379	5
1380	5
1381	5
1382	5
1383	5
1384	5
1385	5
1386	5
1387	4
1388	3
1389	4
1390	4
1391	4
1392	4
1393	6
1394	6
1395	4
1396	6
1397	9
1398	9
1399	9
1400	9
1401	9
1402	9
1403	9
1404	9
1405	9
1406	9
1407	9
1408	4
1409	4
1410	4
1411	4
1412	4
1413	4
1414	4
1415	4
1416	4
1417	4
1418	4
1419	4
1420	4
1421	4
1422	4
1423	4
1424	4
1425	4
1426	4
1427	4
1429	4
1432	4
1433	4
1434	4
1435	4
1436	4
1437	4
1438	4
1439	4
1440	4
1441	4
1442	4
1443	4
1444	4
1445	4
1446	4
1447	2
1448	2
1449	2
1450	2
1451	2
1452	2
1453	2
1454	2
1455	2
1456	2
1457	2
1458	2
1459	2
1460	2
1461	5
1462	5
1463	5
1464	2
1465	2
1466	5
1467	5
1468	3
1469	3
1470	3
1471	3
1472	5
1473	5
1474	5
1475	5
1476	5
1477	5
1478	5
1479	5
1480	5
1481	5
1482	5
1483	5
1484	5
1485	5
1486	3
1487	5
1488	5
1489	3
1490	2
1491	4
1492	4
1493	4
1494	4
1495	2
1496	2
1497	2
1498	2
1499	2
1500	2
1501	2
1502	2
1503	2
1504	2
1505	2
1506	2
1507	4
1508	2
1509	2
1510	5
1511	2
1512	5
1513	2
1514	4
1515	2
1516	4
1517	5
1518	5
1519	5
1520	5
1521	5
1522	5
1523	5
1524	5
1525	5
1526	4
1527	4
1528	4
1529	4
1530	4
1531	4
1533	4
1534	4
1535	2
1536	4
1537	4
1538	4
1539	4
1540	4
1541	4
1542	4
1543	4
1544	5
1545	5
1546	5
1547	5
1548	5
1549	5
1550	5
1551	5
1552	5
1553	6
1554	6
1555	4
1556	4
1557	4
1558	4
1559	4
1560	6
1561	4
1562	4
1563	9
1564	9
1565	9
1566	9
1567	9
1568	4
1569	4
1570	4
1571	4
1572	4
1573	4
1574	4
1575	4
1576	4
1577	4
1578	4
1579	4
1580	4
1581	4
1582	4
1584	4
1585	4
1586	4
1587	4
1588	4
1589	4
1590	4
1591	4
1592	4
1593	4
1594	4
1596	4
1597	4
1598	4
1599	4
1600	4
1601	4
1602	4
1603	4
1604	4
1605	4
1606	4
1607	4
1608	4
1609	4
1610	4
1611	4
1612	4
1613	4
1614	4
1615	4
1616	2
1617	2
1618	2
1619	2
1620	2
1621	2
1622	2
1623	2
1624	2
1625	2
1626	2
1627	2
1628	2
1629	2
1630	2
1631	2
1632	2
1633	2
1634	2
1635	2
1636	5
1637	5
1638	5
1639	5
1640	5
1641	3
1642	5
1643	5
1644	5
1645	3
1646	3
1647	3
1648	3
1649	5
1650	5
1651	5
1652	5
1653	2
1654	5
1655	3
1656	2
1657	3
1658	2
1659	2
1660	2
1661	5
1662	2
1663	2
1664	2
1665	2
1666	2
1667	2
1668	5
1669	2
1670	2
1671	5
1672	4
1673	4
1674	4
1675	2
1676	2
1677	2
1678	2
1679	2
1680	4
1681	2
1682	2
1683	2
1684	2
1685	2
1686	2
1687	2
1688	5
1689	5
1690	5
1691	4
1692	5
1693	4
1694	4
1695	4
1696	4
1697	4
1698	2
1699	2
1700	2
1701	2
1702	4
1703	4
1704	4
1705	4
1706	2
1707	4
1708	2
1709	2
1710	4
1711	2
1712	2
1713	5
1714	2
1715	5
1716	5
1717	5
1718	5
1719	5
1720	5
1721	5
1722	5
1723	4
1724	4
1725	4
1726	6
1727	6
1728	4
1729	6
1730	6
1731	3
1732	3
1733	3
1734	6
1735	3
1736	3
1737	4
1738	4
1739	4
1740	4
1741	4
1742	4
1743	4
1744	4
1745	4
1746	4
1747	4
1748	4
1749	4
1750	4
1751	4
1752	2
1753	2
1754	4
1755	3
1756	4
1757	4
1758	4
1759	4
1760	4
1761	4
1762	4
1763	4
1764	4
1765	4
1766	4
1767	4
1769	2
1770	4
1771	4
1772	4
1773	4
1774	4
1775	4
1776	4
1777	4
1778	4
1779	4
1780	4
1781	4
1782	4
1783	4
1784	2
1785	2
1786	4
1787	2
1788	2
1789	4
1790	4
1791	2
1792	2
1793	2
1795	2
1796	4
1797	2
1798	4
1799	2
1800	2
1801	3
1802	3
1803	5
1804	5
1805	4
1806	5
1807	5
1808	5
1809	5
1810	5
1811	5
1812	5
1813	5
1814	5
1815	3
1816	2
1817	5
1818	4
1819	5
1820	5
1821	5
1822	2
1823	2
1824	2
1825	2
1826	4
1827	4
1828	2
1829	4
1830	2
1831	4
1832	4
1833	2
1834	2
1835	2
1836	2
1837	2
1838	2
1839	2
1840	2
1841	2
1842	2
1843	2
1844	2
1845	2
1846	2
1847	2
1848	2
1849	2
1850	4
1851	4
1852	4
1853	4
1854	5
1855	4
1856	4
1857	3
1858	5
1859	5
1860	3
1861	3
1862	5
1863	5
1864	5
1865	5
1866	5
1867	5
1868	5
1869	5
1870	5
1871	5
1872	5
1873	5
1874	5
1875	5
1876	6
1877	4
1878	4
1879	4
1880	4
1881	4
1882	4
1883	4
1884	4
1885	6
1886	6
1887	4
1888	5
1889	4
1890	4
1891	3
1892	6
1893	5
1894	3
1895	3
1896	4
1897	4
1898	4
1899	4
1900	4
1901	4
1902	4
1903	4
1904	4
1905	4
1906	4
1907	4
1908	4
1909	4
1910	4
1911	4
1912	4
1913	4
1914	4
1915	4
1916	4
1917	4
1918	4
1919	4
1920	4
1921	4
1922	4
1923	4
1924	4
1925	2
1926	2
1927	2
1928	4
1929	2
1930	2
1931	4
1932	4
1933	4
1934	4
1935	4
1936	4
1937	4
1938	4
1939	4
1940	2
1941	2
1942	2
1943	2
1944	2
1945	2
1946	2
1947	2
1948	2
1949	2
1950	2
1951	2
1952	2
1953	2
1954	2
1955	2
1956	2
1957	4
1958	2
1959	2
1960	2
1961	2
1962	2
1963	2
1964	2
1965	5
1966	5
1967	5
1968	5
1969	5
1970	5
1971	5
1972	2
1973	5
1974	3
1975	5
1976	5
1977	5
1978	3
1979	3
1980	4
1981	2
1982	2
1983	2
1984	4
1985	2
1986	4
1987	4
1988	4
1989	2
1990	5
1991	2
1992	2
1993	2
1994	2
1995	2
1996	2
1997	2
1998	2
1999	2
2000	2
2001	2
2002	2
2003	2
2004	2
2005	2
2006	2
2007	2
2008	4
2009	4
2010	4
2011	5
2012	5
2013	5
2014	5
2015	5
2016	5
2017	5
2018	6
2019	5
2020	5
2021	5
2022	5
2023	5
2024	5
2025	5
2026	5
2027	5
2028	5
2029	5
2030	5
2031	5
2032	5
2033	4
2034	4
2035	4
2036	4
2037	4
2038	4
2039	4
2040	4
2041	3
2042	6
2043	6
2044	6
2045	6
2046	3
2047	4
2048	4
2049	4
2050	6
2051	3
2052	4
2053	4
2054	4
2055	4
2056	4
2057	4
2058	4
2059	4
2060	4
2061	4
2062	4
2063	4
2064	4
2065	3
2066	4
2067	4
2068	4
2069	4
2070	4
2071	4
2072	4
2073	4
2074	4
2075	4
2076	4
2077	4
2078	2
2079	2
2080	2
2081	2
2082	2
2083	2
2084	2
2085	2
2086	2
2087	2
2088	2
2089	2
2090	2
2091	2
2092	2
2093	2
2094	2
2095	2
2096	2
2097	2
2098	4
2099	2
2100	2
2101	2
2102	4
2103	2
2104	2
2105	2
2106	2
2107	2
2108	2
2109	2
2110	2
2111	2
2112	2
2113	3
2114	3
2115	3
2116	3
2117	3
2118	3
2119	3
2120	3
2121	5
2122	3
2123	2
2124	3
2125	3
2126	2
2127	3
2128	3
2129	3
2130	2
2131	2
2132	2
2133	2
2134	4
2135	4
2136	4
2137	4
2138	4
2139	4
2140	4
2141	4
2142	5
2143	5
2144	4
2145	4
2146	4
2147	2
2148	2
2149	4
2150	4
2151	4
2152	5
2153	4
2154	3
2155	3
2156	5
2157	4
2158	4
2161	5
2162	5
2163	5
2164	5
2165	5
2166	5
2167	1
2168	5
2169	5
2170	5
2171	5
2172	5
2173	5
2174	5
2175	5
2176	5
2177	5
2178	5
2179	6
2180	5
2181	5
2182	5
2183	5
2184	5
2185	5
2186	5
2187	5
2188	5
2189	5
2190	5
2191	5
2192	5
2193	4
2194	4
2195	4
2196	4
2197	4
2198	4
2199	4
2200	4
2201	4
2202	6
2203	5
2204	3
2205	6
2206	6
2207	4
2208	4
2209	4
2210	4
2211	4
2212	4
2213	4
2215	4
2216	4
2217	4
2218	4
2219	4
2220	4
2221	4
2222	4
2223	4
2224	4
2225	4
2226	3
2227	4
2228	2
2229	3
2230	3
2231	3
2232	2
2233	2
2234	2
2235	2
2236	2
2237	2
2238	2
2239	2
2240	2
2241	2
2242	2
2243	2
2244	4
2245	2
2246	2
2247	4
2248	4
2249	4
2250	4
2251	4
2252	2
2253	4
2254	4
2255	4
2256	4
2257	3
2258	6
2259	5
2260	4
2261	5
2262	3
2263	4
2264	4
2265	4
2266	4
2267	4
2268	4
2269	3
2270	5
2271	5
2272	5
2273	3
2274	3
2275	3
2276	3
2277	3
2278	4
2279	4
2280	4
2281	2
2282	2
2283	2
2284	4
2285	4
2286	4
2287	4
2288	4
2289	4
2290	4
2291	4
2292	2
2293	2
2294	2
2295	2
2296	2
2297	2
2298	2
2299	2
2300	2
2301	2
2302	2
2303	5
2304	5
2305	5
2306	5
2307	2
2308	5
2309	5
2310	5
2311	5
2312	5
2313	5
2314	5
2315	5
2316	5
2317	5
2318	5
2319	5
2320	5
2321	5
2322	5
2323	5
2324	5
2325	5
2326	5
2327	5
2328	5
2329	5
2330	5
2331	5
2332	5
2333	5
2334	5
2335	5
2336	5
2337	5
2338	5
2339	5
2340	5
2341	5
2342	5
2343	6
2344	4
2345	4
2346	4
2347	4
2348	4
2349	4
2350	4
2351	4
2352	4
2353	6
2354	4
2355	4
2356	4
2357	4
2358	4
2359	4
2360	4
2361	4
2362	4
2363	4
2364	5
2365	4
2366	5
2367	4
2368	5
2369	5
2370	4
2371	4
2372	4
2373	4
2374	4
2375	4
2376	4
2377	4
2378	4
2379	4
2380	4
2381	4
2382	4
2383	4
2384	4
2385	4
2386	2
2387	2
2388	4
2389	4
2390	4
2391	3
2392	4
2393	4
2394	4
2395	4
2396	2
2397	4
2398	4
2399	4
2400	4
2401	4
2402	4
2403	2
2404	4
2405	2
2406	2
2407	2
2408	2
2409	4
2410	4
2411	4
2412	4
2413	2
2414	4
2415	4
2416	4
2417	2
2418	4
2419	4
2420	4
2421	2
2422	4
2423	2
2424	2
2425	3
2426	4
2427	3
2428	4
2429	5
2430	5
2431	5
2432	5
2433	5
2434	5
2435	4
2436	4
2437	4
2438	4
2439	5
2440	5
2441	5
2442	5
2443	3
2444	3
2445	3
2446	5
2447	5
2448	5
2449	5
2450	5
2451	5
2452	5
2453	5
2454	5
2455	4
2456	4
2457	4
2458	4
2459	4
2460	5
2461	2
2462	2
2463	2
2464	4
2465	5
2466	5
2467	5
2468	5
2469	5
2470	5
2471	5
2472	5
2473	9
2474	9
2475	9
2476	5
2477	5
2478	5
2479	5
2480	5
2481	5
2482	5
2483	5
2484	4
2485	5
2486	2
2487	5
2488	2
2489	5
2490	5
2491	5
2492	5
2493	5
2494	5
2495	5
2496	5
2497	5
2498	5
2499	5
2500	6
2501	6
2502	6
2503	3
2504	6
2505	6
2506	6
2507	6
2508	6
2509	3
2510	4
2511	4
2512	4
2513	4
2514	4
2515	4
2516	4
2517	4
2518	4
2520	4
2521	4
2522	4
2523	4
2524	4
2525	4
2526	5
2527	5
2528	5
2529	5
2530	5
2531	5
2532	5
2533	5
2534	5
2535	4
2536	4
2537	4
2538	4
2539	4
2540	4
2541	4
2542	4
2543	4
2544	4
2545	4
2546	4
2547	4
2548	4
2549	4
2550	4
2551	4
2552	4
2553	4
2554	4
2555	4
2556	4
2557	4
2558	4
2559	4
2560	4
2561	4
2562	4
2563	4
2564	4
2565	4
2566	4
2567	4
2568	4
2569	2
2570	2
2571	2
2572	2
2573	2
2574	4
2575	4
2576	4
2577	4
2578	4
2579	4
2580	4
2581	4
2582	4
2583	4
2584	2
2585	2
2586	2
2587	4
2588	4
2589	4
2590	5
2591	5
2592	4
2593	4
2594	4
2595	4
2596	5
2597	5
2598	3
2599	4
2600	4
2601	5
2602	5
2603	5
2604	5
2605	5
2606	5
2607	5
2608	5
2609	5
2610	5
2611	5
2612	2
2613	4
2614	4
2615	2
2616	4
2617	4
2618	2
2619	2
2620	4
2621	2
2622	5
2623	2
2624	2
2625	4
2626	2
2627	5
2628	2
2629	5
2630	5
2631	5
2632	5
2633	5
2634	3
2635	5
2636	2
2637	4
2638	2
2639	5
2640	2
2641	5
2642	5
2643	5
2644	5
2645	2
2646	2
2647	5
2648	5
2649	5
2650	5
2651	5
2652	5
2653	5
2654	5
2655	5
2656	6
2657	6
2658	3
2659	6
2660	3
2661	5
2662	5
2663	5
2664	3
2665	5
2666	5
2667	5
2668	4
2669	4
2670	4
2671	4
2672	4
2673	4
2674	4
2675	4
2676	4
2677	4
2678	4
2679	4
2680	4
2681	4
2682	4
2683	4
2684	4
2685	4
2686	4
2687	5
2688	4
2689	4
2690	4
2691	4
2692	4
2693	4
2694	4
2695	4
2696	4
2697	4
2698	4
2699	4
2700	4
2701	4
2702	3
2703	4
2704	4
2705	4
2706	4
2707	4
2708	2
2710	4
2711	4
2712	4
2713	4
2714	4
2715	4
2716	2
2717	2
2718	2
2719	4
2720	4
2721	4
2722	2
2723	4
2724	4
2725	4
2726	4
2727	4
2728	4
2729	4
2730	2
2731	4
2732	4
2733	4
2734	4
2735	2
2736	2
2737	2
2738	2
2739	4
2740	2
2741	5
2742	3
2743	3
2744	6
2745	3
2746	3
2747	3
2748	5
2749	5
2750	4
2751	4
2752	3
2753	3
2754	5
2755	5
2756	5
2757	5
2758	5
2759	5
2760	5
2761	5
2762	5
2763	4
2764	4
2765	4
2766	2
2767	2
2768	2
2769	2
2770	2
2771	4
2772	4
2773	5
2774	5
2775	5
2776	5
2777	5
2778	2
2779	2
2780	4
2781	4
2782	2
2783	2
2784	4
2785	4
2786	2
2787	4
2788	2
2789	2
2790	4
2791	2
2792	4
2793	5
2794	2
2795	2
2796	6
2797	5
2798	3
2799	3
2800	3
2801	5
2802	2
2803	5
2804	5
2805	9
2806	9
2807	5
2808	9
2809	9
2810	5
2811	5
2812	5
2813	5
2814	5
2815	5
2816	9
2817	9
2818	5
2819	5
2820	5
2821	5
2822	5
2823	5
2824	5
2825	6
2826	5
2827	3
2828	6
2829	3
2830	5
2831	5
2832	4
2833	4
2834	4
2835	4
2836	2
2837	2
2838	2
2839	2
2840	2
2841	2
2842	2
2843	2
2844	4
2845	2
2846	2
2847	2
2848	2
2849	5
2850	5
2851	5
2852	5
2853	5
2854	4
2855	4
2856	4
2857	4
2858	4
2859	4
2860	4
2861	4
2862	4
2863	4
2864	4
2865	4
2866	4
2867	4
2868	4
2869	4
2870	4
2871	4
2872	4
2873	4
2874	4
2875	4
2876	4
2877	4
2878	4
2879	4
2880	4
2881	2
2882	4
2883	4
2884	2
2885	2
2886	2
2887	4
2888	4
2889	4
2890	4
2891	2
2892	4
2893	4
2894	4
2895	4
2896	4
2897	4
2898	4
2899	4
2900	4
2901	4
2902	4
2903	4
2904	4
2905	4
2906	4
2907	4
2908	2
2909	2
2910	2
2911	2
2912	2
2913	5
2914	3
2915	3
2916	5
2917	6
2918	5
2919	5
2920	5
2921	5
2922	5
2923	5
2924	5
2925	4
2926	4
2927	5
2928	5
2929	5
2930	5
2931	5
2932	5
2933	5
2934	5
2935	2
2936	2
2937	2
2938	3
2939	4
2940	2
2941	5
2942	2
2943	4
2944	2
2945	2
2946	2
2947	2
2948	4
2949	2
2950	2
2951	4
2952	5
2953	5
2954	9
2955	5
2956	5
2957	5
2958	2
2959	4
2960	2
2961	5
2962	5
2964	5
2965	6
2966	2
2967	5
2968	5
2969	5
2970	5
2971	5
2972	5
2973	5
2974	9
2975	2
2976	5
2977	5
2978	4
2979	2
2980	5
2981	5
2982	5
2983	5
2984	5
2985	4
2986	4
2987	6
2988	6
2989	6
2990	6
2991	6
2992	6
2993	6
2994	6
2995	5
2996	5
2997	5
2998	5
2999	5
3000	5
3001	2
3002	5
3003	2
3004	2
3005	2
3006	2
3007	2
3008	4
3009	4
3010	4
3011	4
3012	4
3013	4
3014	4
3015	4
3016	4
3017	4
3018	4
3019	4
3020	4
3021	4
3022	4
3023	4
3024	4
3025	4
3026	4
3027	4
3028	4
3029	4
3030	4
3031	4
3032	4
3033	4
3034	4
3035	4
3036	4
3037	4
3038	4
3039	4
3040	4
3041	4
3042	4
3043	4
3044	4
3045	4
3046	4
3047	2
3048	4
3049	2
3050	4
3051	4
3052	4
3053	4
3054	4
3055	4
3056	4
3057	4
3058	4
3059	4
3060	2
3061	4
3062	4
3063	4
3064	2
3065	2
3066	2
3067	2
3068	2
3069	2
3070	2
3071	2
3072	2
3073	2
3074	2
3075	2
3076	2
3077	2
3078	2
3079	2
3080	2
3081	5
3082	3
3083	5
3084	5
3085	5
3086	5
3087	3
3088	5
3089	3
3090	3
3091	3
3092	3
3093	5
3094	5
3095	5
3096	5
3097	5
3098	2
3099	4
3100	3
3101	2
3102	2
3103	5
3104	5
3105	2
3106	3
3107	4
3108	3
3109	2
3110	2
3111	2
3112	4
3113	2
3114	2
3115	5
3116	5
3117	2
3118	5
3119	5
3120	4
3121	5
3122	5
3123	5
3124	4
3125	3
3126	3
3127	5
3128	4
3129	5
3130	5
3131	5
3132	4
3133	4
3135	5
3136	5
3137	5
3138	5
3139	5
3140	5
3141	5
3142	4
3143	5
3144	4
3145	4
3146	5
3147	4
3148	5
3149	5
3150	5
3151	5
3152	5
3153	6
3154	6
3155	6
3156	5
3157	6
3158	6
3159	5
3160	5
3161	6
3162	6
3163	4
3164	5
3165	2
3166	2
3167	2
3168	2
3169	9
3170	9
3171	9
3172	4
3173	4
3174	4
3175	4
3176	4
3177	4
3178	4
3179	4
3180	4
3181	4
3184	4
3185	4
3186	4
3187	4
3188	2
3189	4
3190	4
3191	4
3192	4
3193	4
3194	4
3195	4
3196	4
3197	4
3198	4
3199	4
3200	2
3201	4
3202	2
3203	4
3204	4
3205	4
3206	2
3212	4
3213	4
3214	4
3215	4
3216	4
3217	4
3218	4
3219	4
3220	4
3221	4
3222	2
3223	2
3224	2
3225	2
3226	4
3227	2
3228	2
3229	2
3230	2
3231	2
3232	2
3233	2
3234	2
3235	4
3236	2
3237	2
3238	2
3239	2
3240	2
3241	3
3242	3
3243	3
3244	3
3245	3
3246	3
3247	3
3248	3
3249	3
3250	3
3251	5
3252	5
3253	5
3254	5
3255	5
3256	5
3257	5
3258	5
3259	5
3260	5
3261	5
3262	5
3263	2
3264	2
3265	2
3266	2
3267	2
3268	5
3269	5
3270	5
3271	5
3272	5
3273	9
3274	4
3275	9
3276	4
3277	4
3278	4
3279	4
3280	5
3281	4
3282	5
3284	5
3285	4
3286	4
3287	5
3288	2
3289	5
3292	4
3293	5
3294	4
3295	5
3296	5
3297	5
3298	5
3299	5
3300	9
3301	5
3302	5
3303	5
3304	6
3305	6
3306	4
3307	5
3308	4
3309	6
3310	6
3311	5
3312	6
3313	6
3314	4
3315	4
3316	5
3317	6
3318	5
3319	6
3320	6
3321	6
3322	9
3323	5
3324	4
3325	9
3326	9
3327	5
3328	2
3329	2
3330	4
3331	6
3332	4
3333	4
3334	4
3335	2
3336	2
3337	2
3338	3
3339	4
3340	2
3341	3
3342	4
3343	4
3344	4
3345	4
3346	4
3347	4
3348	4
3350	4
3351	4
3352	4
3353	4
3355	4
3356	4
3357	4
3358	4
3359	4
3360	4
3361	4
3362	4
3363	4
3364	4
3365	4
3366	4
3367	4
3368	4
3369	4
3370	4
3371	4
3372	4
3373	4
3374	2
3375	4
3376	4
3377	4
3378	2
3379	4
3380	2
3381	2
3382	2
3383	2
3384	2
3385	2
3386	2
3387	2
3388	2
3389	4
3390	2
3391	2
3392	2
3393	4
3394	2
3395	2
3396	2
3397	2
3398	2
3399	4
3400	3
3401	3
3402	5
3403	5
3404	4
3405	3
3406	5
3407	3
3408	2
3409	5
3410	4
3411	5
3412	5
3413	5
3414	5
3415	5
3416	5
3417	5
3418	5
3419	2
3420	5
3421	5
3422	5
3423	5
3424	5
3425	5
3426	5
3427	5
3428	5
3429	5
3430	1
3431	4
3432	5
3433	5
3434	4
3435	4
3436	9
3437	4
3438	4
3439	6
3440	4
3441	4
3442	4
3443	4
3444	4
3445	4
3446	4
3447	5
3448	4
3449	5
3450	5
3451	5
3452	5
3453	5
3454	5
3455	5
3456	5
3457	5
3458	5
3459	5
3460	5
3461	5
3462	4
3463	4
3464	4
3465	4
3466	5
3467	4
3468	5
3469	4
3470	5
3471	5
3472	6
3473	6
3474	6
3475	5
3476	6
3477	5
3478	6
3479	6
3480	5
3481	6
3482	4
3483	4
3484	4
3485	4
3486	4
3487	4
3488	4
3489	6
3490	6
3491	4
3492	4
3493	4
3494	4
3495	4
3496	4
3497	3
3498	5
3499	4
3500	4
3501	5
3502	3
3503	5
3504	4
3505	4
3506	4
3507	4
3508	4
3509	4
3510	4
3513	4
3514	4
3515	4
3516	4
3517	4
3518	4
3519	4
3520	2
3521	4
3522	4
3523	4
3524	4
3525	4
3526	4
3527	4
3528	4
3529	4
3530	4
3531	4
3533	2
3534	4
3535	4
3536	4
3537	4
3538	4
3539	4
3540	2
3541	2
3542	4
3543	2
3544	4
3545	4
3546	2
3547	2
3548	4
3549	4
3550	2
3551	2
3552	2
3553	2
3554	4
3555	2
3556	2
3557	2
3558	2
3559	2
3560	2
3561	2
3562	2
3563	2
3564	2
3565	2
3566	2
3567	2
3568	4
3569	4
3570	4
3571	4
3572	4
3573	4
3574	4
3575	4
3576	4
3577	4
3578	5
3579	5
3580	5
3581	5
3582	5
3583	5
3584	3
3585	5
3586	5
3587	5
3588	2
3589	2
3590	2
3591	2
3592	2
3593	2
3594	5
3595	5
3596	5
3597	5
3598	5
3599	5
3600	5
3601	5
3602	2
3603	3
3604	5
3605	5
3606	5
3607	5
3608	4
3609	5
3610	5
3611	3
3612	4
3614	5
3615	2
3616	5
3617	5
3618	5
3619	5
3620	5
3621	5
3622	6
3623	5
3624	5
3625	5
3626	5
3627	5
3628	6
3629	5
3630	5
3631	5
3632	5
3633	5
3634	5
3635	5
3636	5
3637	5
3638	5
3639	5
3640	4
3641	6
3642	6
3643	6
3644	6
3645	4
3646	4
3647	5
3648	4
3649	4
3650	3
3651	4
3652	4
3653	4
3654	4
3655	4
3656	4
3657	3
3658	5
3659	4
3660	5
3661	4
3662	5
3663	5
3664	5
3665	5
3666	5
3667	5
3668	4
3669	4
3670	2
3671	4
3672	4
3673	4
3674	4
3675	2
3676	4
3677	4
3678	4
3679	4
3680	4
3681	4
3682	4
3684	4
3685	4
3686	4
3687	4
3688	4
3689	4
3690	4
3691	4
3692	4
3693	4
3694	4
3695	4
3696	4
3697	4
3698	4
3699	4
3700	4
3701	4
3702	4
3703	4
3704	4
3705	4
3706	4
3707	4
3708	4
3709	4
3710	4
3711	2
3712	2
3713	2
3715	2
3717	2
3718	2
3719	2
3720	2
3721	2
3722	4
3723	2
3724	2
3725	2
3726	4
3727	4
3728	4
3729	4
3730	4
3731	4
3732	4
3733	4
3734	4
3735	4
3736	4
3737	5
3738	5
3739	5
3740	5
3741	5
3742	2
3743	5
3744	5
3745	5
3746	2
3747	5
3748	2
3749	2
3750	2
3751	2
3752	2
3753	5
3754	2
3755	2
3756	2
3757	5
3758	5
3759	5
3760	5
3761	2
3762	2
3763	5
3764	5
3768	4
3769	4
3770	4
3771	5
3772	5
3773	5
3774	5
3775	5
3776	5
3777	4
3778	4
3779	4
3780	4
3781	4
3782	4
3783	4
3784	4
3785	4
3786	4
3787	4
3788	4
3789	4
3790	8
3791	8
3792	8
3793	8
3794	8
3795	8
3796	8
3797	8
3798	8
3799	8
3800	8
3801	8
3802	8
3803	8
3804	8
3805	8
3806	8
3807	8
3808	8
3809	8
3810	8
3811	8
3812	8
3813	8
3814	8
3815	8
3816	8
3817	8
3818	8
3819	8
3820	8
3821	8
3822	8
3823	8
3824	8
3825	8
3826	8
3827	8
3828	8
3829	8
3830	8
3831	8
3832	8
3833	8
3834	8
3835	8
3836	8
3837	8
3838	8
3839	8
3840	8
3841	8
3842	8
3843	8
3844	8
3845	8
3846	8
3847	8
3848	8
3849	8
3850	8
3851	8
3852	8
3853	8
3854	8
3855	8
3856	8
3857	8
3858	8
3859	8
3860	8
3861	8
3862	8
3863	8
3864	8
3865	8
3866	8
3867	8
3868	8
3869	8
3870	8
3871	8
3872	8
3873	8
3874	8
3875	8
3876	8
3877	8
3878	8
3879	8
3880	8
3883	8
3884	8
3885	8
3886	8
3887	8
3888	8
3889	8
3890	8
3892	8
3893	8
3894	8
3897	8
3898	8
3899	8
3900	8
3901	8
3902	8
3903	8
3904	8
3905	8
3906	8
3907	8
3908	8
3909	8
3910	8
3911	8
3912	8
3913	8
3914	8
3915	8
3916	8
3917	8
3918	8
3919	8
3920	8
3921	8
3922	8
3923	8
3924	8
3925	8
3926	8
3927	8
3928	8
3929	8
3930	8
3931	8
3932	8
3933	8
3934	8
3935	8
3936	8
3937	8
3938	8
3939	8
3940	8
3941	8
3942	8
3943	8
3944	8
3945	8
3946	8
3947	8
3948	8
3949	8
3950	8
3951	8
3952	8
3953	8
3954	8
3955	8
3956	8
3957	8
3958	8
3959	8
3960	8
3961	8
3962	8
3963	8
3964	8
3965	8
3966	8
3967	8
3968	8
3969	8
3970	8
3971	8
3972	8
3973	8
3974	8
3975	8
3976	8
3977	8
3978	8
3979	8
3980	8
3981	8
3982	8
3983	8
3985	8
3986	8
3987	7
3988	0
3989	7
3990	1
3991	8
3992	1
3993	9
3994	7
3995	9
3996	7
3997	7
3998	0
3999	9
4000	5
4001	8
4002	1
4003	7
4004	7
4005	7
4006	0
4007	5
4008	9
4009	9
4010	7
4011	7
4012	0
4013	8
4014	0
4015	9
4016	0
4017	9
4018	8
4019	0
4020	0
4021	1
4022	9
4023	9
4024	9
4025	0
4026	9
4027	5
4028	7
4029	7
4030	0
4031	9
4032	9
4033	0
4034	9
4035	9
4036	1
4037	1
4038	7
4039	0
4040	7
4041	0
4042	0
4043	0
4044	7
4045	9
4046	0
4047	7
4048	0
4049	1
4050	0
4051	0
4052	1
4053	1
4054	1
4055	1
4056	1
4057	1
4058	1
4059	1
4060	1
4061	1
4062	1
4063	1
4064	1
4065	1
4066	1
4067	1
4068	1
4069	1
4070	1
4071	1
4072	1
4073	1
4074	1
4075	1
4076	1
4077	0
4078	9
4079	3
4080	3
4081	0
4082	0
4083	9
4084	9
4085	9
4086	9
4087	9
4088	9
4089	9
4090	0
4091	9
4092	3
4093	3
4094	3
4095	3
4096	3
4097	3
4098	8
4099	8
4100	8
4101	8
4102	3
4103	3
4104	3
4105	3
4106	1
4107	0
4108	0
4109	0
4110	0
4111	9
4112	3
4113	0
4114	9
4115	3
4116	3
4117	3
4118	3
4119	3
4120	0
4121	0
4122	0
4123	9
4124	3
4125	9
4126	0
4127	3
4128	3
4129	0
4130	9
4131	9
4132	3
4133	0
4134	0
4135	0
4136	3
4137	0
4138	9
4139	3
4140	6
4141	0
4142	0
4143	9
4144	9
4145	6
4146	0
4147	6
4148	0
4149	9
4150	1
4151	3
4152	3
4153	3
4154	0
4155	0
4156	9
4157	9
4158	3
4159	3
4160	0
4161	7
4162	7
4163	7
4164	7
4165	7
4166	0
4167	7
4168	7
4169	7
4170	7
4171	7
4172	7
4173	7
4174	7
4175	7
4176	7
4177	7
4178	0
4179	0
4180	7
4181	7
4182	7
4183	7
4184	0
4185	1
4186	7
4187	7
4188	7
4189	7
4190	7
4191	7
4192	7
4193	7
4194	7
4195	7
4196	7
4197	7
4198	7
4199	7
4200	0
4201	7
4202	0
4203	7
4204	7
4205	0
4206	7
4207	7
4208	7
4209	8
4210	8
4211	9
4212	8
4213	9
4214	8
4215	8
4216	9
4217	8
4218	9
4219	9
4220	8
4221	9
4222	8
4223	8
4224	8
4225	8
4226	9
4227	9
4228	8
4229	9
4230	9
4231	9
4232	8
4233	9
4234	9
4235	9
4236	8
4237	9
4238	9
4239	9
4240	8
4241	9
4242	8
4243	8
4244	8
4245	8
4246	9
4247	9
4248	9
4249	9
4250	9
4251	8
4252	8
4253	8
4254	9
4255	9
4256	9
4257	9
4258	9
4259	9
4260	9
4261	9
4262	9
4263	8
4264	9
4265	9
4266	3
4267	7
4268	7
4269	7
4270	3
4271	7
4272	7
4273	7
4274	7
4275	7
4276	7
4277	7
4278	7
4279	7
4280	7
4281	7
4282	7
4283	7
4284	7
4285	7
4286	7
4287	1
4288	1
4289	7
4290	7
4291	7
4292	7
4293	7
4294	7
4295	7
4296	7
4297	7
4298	7
4299	7
4300	7
4301	7
4302	7
4303	7
4304	7
4305	7
4306	7
4307	7
4308	7
4309	7
4310	7
4311	7
4312	7
4313	7
4314	7
4315	7
4316	7
4317	7
4318	7
4319	7
4320	7
4321	7
4322	7
4323	7
4324	7
4325	7
4326	7
4327	7
4328	7
4329	7
4330	7
4331	7
4332	7
4333	1
4334	7
4335	7
4336	7
4337	7
4338	7
4339	7
4340	7
4341	7
4342	7
4343	7
4344	7
4345	7
4346	7
4347	7
4348	7
4349	7
4350	7
4351	7
4352	7
4353	7
4354	7
4355	7
4356	7
4357	7
4358	7
4359	7
4360	7
4361	7
4362	3
4363	7
4364	7
4365	7
4366	7
4367	7
4368	3
4369	7
4370	7
4371	7
4372	7
4373	7
4374	7
4375	7
4376	7
4377	7
4378	7
4379	7
4380	7
4381	7
4382	7
4383	7
4384	7
4385	7
4386	7
4387	7
4388	7
4389	7
4390	7
4391	3
4392	7
4393	3
4394	7
4395	7
4396	7
4397	7
4398	7
4399	7
4400	7
4401	7
4402	7
4403	7
4404	7
4405	3
4406	7
4407	3
4408	7
4409	7
4410	7
4411	3
4412	3
4413	7
4414	7
4415	7
4416	7
4417	7
4418	7
4419	7
4420	7
4421	7
4422	7
4423	7
4424	7
4425	7
4426	7
4427	7
4428	7
4429	7
4430	3
4431	7
4432	3
4433	7
4434	7
4435	7
4436	7
4437	7
4438	7
4439	7
4440	7
4441	7
4442	7
4443	7
4444	7
4445	7
4446	7
4447	7
4448	7
4449	1
4450	7
4451	7
4452	7
4453	3
4454	7
4455	7
4456	7
4457	7
4458	1
4459	7
4460	7
4461	7
4462	7
4463	7
4464	7
4465	7
4466	7
4467	7
4468	7
4469	7
4470	7
4471	7
4472	7
4473	7
4474	7
4475	7
4476	7
4477	7
4478	7
4479	7
4480	1
4481	1
4482	7
4483	3
4484	7
4485	7
4486	7
4487	7
4488	3
4489	3
4490	9
4496	9
4497	9
4498	9
4499	9
4500	9
4501	9
4502	9
4503	9
4504	9
4510	9
4511	9
4512	9
4513	9
4514	9
4515	9
4516	9
4517	9
4518	9
4519	9
4520	9
4521	9
4522	9
4523	9
4524	9
4525	9
4526	9
4527	7
4528	7
4529	7
4530	7
4531	7
4532	7
4533	7
4534	7
4535	7
4536	7
4537	7
4538	7
4539	7
4540	7
4541	7
4542	7
4543	7
4544	7
4545	7
4546	7
4547	7
4548	7
4549	7
4550	7
4551	7
4552	7
4553	7
4554	5
4555	5
4556	5
4557	6
4558	3
4559	6
4560	6
4561	6
4562	6
4563	3
4564	6
4565	6
4566	3
4567	3
4568	3
4569	3
4570	5
4571	5
4572	5
4573	5
4574	9
4575	5
4576	6
4577	6
4578	6
4579	6
4580	6
4581	6
4582	6
4583	3
4584	3
4585	3
4586	8
4587	8
4588	6
4589	6
4590	6
4591	6
4592	6
4596	6
4597	8
4599	8
4600	8
4601	8
4602	8
4603	8
4607	8
4608	6
4609	6
4610	6
4611	6
4612	9
4613	6
4614	6
4615	6
4616	6
4617	8
4618	8
4619	8
4620	8
4621	9
4622	0
4623	5
4624	9
4625	0
4626	9
4627	6
4628	6
4629	6
4630	6
4631	6
4632	6
4633	6
4634	6
4635	6
4636	6
4637	6
4638	8
4639	8
4640	8
4641	8
4642	3
4643	6
4644	6
4645	6
4646	6
4647	6
4648	6
4649	6
4650	6
4651	6
4652	6
4653	8
4654	8
4655	8
4656	8
4657	3
4658	5
4659	6
4660	6
4661	5
4662	6
4663	5
4664	6
4665	6
4666	6
4667	6
4668	6
4669	6
4670	6
4671	3
4672	3
4673	6
4674	6
4675	0
4676	0
4677	0
4678	5
4679	6
4680	6
4681	6
4682	6
4683	6
4684	6
4685	6
4686	6
4687	6
4688	4
4689	6
4690	3
4691	3
4692	6
4693	6
4694	6
4695	6
4696	3
4697	3
4698	6
4699	6
4700	3
4701	6
4702	6
4703	3
4704	6
4705	3
4706	3
4707	6
4708	6
4709	6
4710	6
4711	6
4712	6
4713	6
4714	6
4715	6
4716	6
4717	3
4718	3
4719	3
4720	6
4721	6
4722	9
4723	6
4724	6
4725	6
4726	6
4727	6
4728	9
4729	6
4730	6
4731	6
4732	3
4733	6
4734	6
4735	6
4736	6
4737	6
4738	9
4739	6
4740	6
4741	6
4742	6
4743	9
4744	9
4745	6
4746	6
4747	6
4748	6
4749	6
4750	6
4751	6
4752	4
4753	6
4754	6
4755	6
4756	6
4757	6
4758	3
4759	3
4760	6
4761	6
4762	3
4763	3
4764	3
4765	6
4766	6
4767	6
4768	6
4769	6
4770	6
4771	6
4772	4
4773	6
4774	6
4775	6
4776	6
4777	6
4778	6
4779	6
4780	6
4781	3
4782	3
4783	3
4784	8
4785	6
4786	6
4787	4
4788	6
4789	6
4790	6
4791	6
4792	6
4793	6
4794	6
4795	6
4796	5
4797	4
4798	5
4799	6
4800	4
4801	3
4802	3
4803	3
4804	6
4805	6
4806	5
4807	5
4808	5
4809	6
4810	6
4811	6
4812	6
4813	6
4815	8
4816	8
4817	8
4818	8
4819	8
4820	8
4821	8
4822	8
4823	8
4826	6
4827	6
4828	6
4829	6
4830	6
4831	6
4832	6
4833	6
4834	6
4835	6
4836	6
4837	6
4838	6
4839	6
4840	6
4841	6
4842	4
4843	6
4844	6
4845	6
4846	5
4847	5
4848	5
4849	5
4850	6
4851	6
4852	6
4853	6
4854	4
4855	6
4856	6
4857	6
4858	6
4859	6
4860	4
4861	3
4862	3
4863	6
4864	4
4865	6
4866	4
4867	3
4868	3
4869	5
4870	5
4871	5
4872	6
4873	9
4874	9
4875	5
4876	5
4877	9
4878	6
4879	6
4880	9
4881	6
4882	6
4883	6
4884	3
4885	6
4886	3
4887	6
4888	3
4889	3
4890	3
4891	3
4892	6
4893	5
4894	5
4895	3
4896	3
4897	9
4898	6
4899	9
4900	6
4901	6
4902	6
4903	3
4904	9
4905	9
4906	3
4907	3
4908	3
4909	9
4910	9
4911	6
4912	6
4913	9
4914	0
4915	9
4916	9
4917	9
4918	9
4919	9
4920	6
4921	6
4922	9
4923	6
4924	9
4925	9
4926	9
4927	6
4928	9
4929	6
4930	6
4931	6
4932	6
4933	9
4934	5
4935	5
4936	5
4937	3
4938	3
4939	9
4940	5
4941	9
4942	9
4943	6
4944	3
4945	3
4946	3
4947	4
4948	8
4949	8
4950	8
4951	9
4953	9
4954	9
4955	9
4956	9
4958	9
4959	9
4961	9
4966	9
4968	8
4969	8
4970	1
4971	8
4972	1
4973	1
4974	1
4975	8
4976	8
4977	8
4978	2
4979	2
4980	1
4981	1
4982	1
4983	1
4984	1
4985	1
4986	1
4987	1
4988	1
4989	1
4990	1
4991	1
4992	8
4993	8
4994	1
4995	1
4996	1
4997	1
4998	1
4999	1
5000	1
5001	8
5002	8
5003	1
5004	1
5005	2
5006	2
5007	1
5008	1
5009	2
5010	8
5011	8
5012	8
5013	2
5014	8
5015	8
5016	8
5017	1
5018	1
5019	1
5020	1
5021	8
5022	1
5023	1
5024	8
5025	2
5026	7
5027	7
5028	8
5029	8
5030	8
5031	8
5032	1
5033	2
5034	1
5035	1
5036	1
5037	2
5038	2
5039	1
5040	1
5041	1
5042	1
5043	1
5044	1
5045	1
5046	1
5047	1
5048	1
5049	1
5050	1
5051	1
5052	1
5053	1
5054	1
5055	1
5058	1
5059	7
5063	1
5066	7
5067	7
5068	7
5069	7
5070	7
5071	7
5072	7
5073	1
5074	1
5075	7
5076	7
5077	1
5078	7
5079	1
5080	1
5081	7
5082	7
5083	7
5084	7
5085	1
5086	7
5087	7
5088	8
5089	1
5090	1
5091	8
5092	1
5093	9
5094	1
5095	9
5096	1
5097	9
5098	9
5099	9
5100	9
5101	9
5102	9
5103	9
5104	6
5105	9
5106	8
5107	8
5108	8
5109	8
5110	8
5111	8
5112	6
5113	6
5114	6
5115	6
5116	8
5117	9
5118	8
5119	5
5120	9
5121	5
5122	9
5123	9
5124	9
5125	2
5126	9
5127	2
5128	9
5129	5
5130	2
5131	4
5132	2
5133	9
5134	2
5135	2
5136	2
5137	7
5138	7
5139	2
5140	5
5141	5
5142	5
5143	5
5144	4
5145	5
5146	2
5147	2
5148	2
5149	9
5150	9
5151	9
5152	9
5153	5
5154	2
5155	5
5156	5
5157	7
5158	5
5159	5
5160	2
5161	2
5162	5
5163	9
5164	5
5165	9
5166	2
5167	9
5168	5
5169	9
5170	5
5171	5
5172	5
5173	7
5174	5
5175	2
5176	5
5177	5
5178	8
5179	5
5180	5
5181	2
5182	7
5183	5
5184	2
5185	5
5186	9
5187	9
5188	2
5189	7
5190	2
5191	9
5192	9
5193	9
5194	9
5195	9
5196	9
5197	9
5198	9
5199	9
5200	9
5201	5
5202	5
5203	2
5204	5
5205	2
5206	2
5207	2
5208	5
5209	5
5210	2
5211	7
5212	5
5213	7
5214	2
5215	2
5216	9
5217	5
5218	9
5219	5
5220	5
5221	5
5222	9
5223	5
5224	5
5225	5
5226	9
5227	9
5228	5
5229	7
5230	9
5231	5
5232	2
5233	5
5234	5
5235	5
5236	9
5237	9
5238	7
5239	8
5240	5
5241	9
5242	9
5243	9
5244	9
5245	5
5246	5
5247	5
5248	5
5249	5
5250	9
5251	5
5252	5
5253	5
5254	7
5255	2
5256	2
5257	9
5258	2
5259	5
5260	5
5261	5
5262	5
5263	5
5264	5
5265	5
5266	5
5267	2
5268	4
5269	2
5270	2
5271	2
5272	2
5273	5
5274	5
5275	7
5276	2
5277	2
5278	5
5279	9
5280	7
5281	7
5282	9
5283	9
5284	9
5285	2
5286	2
5287	5
5288	9
5289	5
5290	9
5291	2
5292	2
5293	4
5294	9
5295	2
5296	2
5297	9
5298	9
5299	5
5300	5
5301	2
5302	7
5303	5
5304	5
5305	5
5306	9
5307	5
5308	5
5309	5
5310	5
5311	4
5312	2
5313	2
5314	4
5315	7
5316	5
5317	9
5318	2
5319	2
5320	5
5321	5
5322	8
5324	7
5325	2
5326	2
5327	9
5328	9
5329	2
5330	5
5331	9
5332	9
5333	9
5334	2
5335	2
5336	4
5337	2
5338	2
5339	2
5340	2
5341	2
5342	5
5343	9
5344	9
5345	5
5346	9
5347	9
5348	5
5349	5
5350	5
5351	5
5352	2
5353	7
5354	9
5355	5
5356	9
5357	2
5358	2
5359	5
5360	5
5361	2
5362	9
5363	9
5364	5
5365	9
5366	9
5367	2
5368	2
5369	5
5370	5
5371	2
5372	2
5373	9
5374	2
5375	2
5376	5
5377	5
5378	5
5379	9
5380	9
5381	7
5382	5
5383	2
5384	5
5385	2
5386	2
5387	2
5388	4
5389	2
5390	4
5391	2
5392	9
5393	2
5394	9
5395	2
5396	2
5397	2
5398	2
5399	5
5400	2
5401	2
5402	2
5403	4
5404	2
5405	2
5406	2
5407	2
5408	2
5409	9
5410	9
5411	2
5412	5
5413	9
5414	9
5415	5
5416	2
5417	4
5418	2
5419	9
5420	5
5421	5
5422	5
5423	9
5424	5
5425	9
5426	5
5427	5
5428	5
5429	4
5430	4
5431	2
5432	2
5433	4
5434	5
5435	2
5436	9
5437	2
5438	2
5439	2
5440	9
5441	2
5442	9
5443	2
5444	2
5445	2
5446	9
5447	2
5448	2
5449	2
5450	2
5451	2
5452	2
5453	2
5454	9
5455	9
5456	2
5457	5
5458	7
5459	2
5460	2
5461	5
5462	5
5463	2
5464	2
5465	5
5466	5
5467	7
5468	5
5469	5
5470	5
5471	2
5472	7
5473	2
5474	2
5475	9
5476	2
5477	7
5478	9
5479	8
5480	8
5481	5
5482	5
5483	5
5484	5
5485	5
5486	2
5487	2
5488	2
5489	2
5490	2
5491	9
5492	9
5493	5
5494	9
5495	2
5496	2
5497	9
5498	7
5499	5
5500	9
5501	5
5502	2
5503	2
5504	2
5505	2
5506	2
5507	2
5508	4
5509	5
5510	2
5511	9
5512	5
5513	7
5514	2
5515	2
5516	2
5517	9
5518	5
5519	2
5520	2
5521	5
5522	1
5523	9
5524	9
5525	5
5526	2
5527	5
5528	5
5529	2
5530	9
5531	2
5532	5
5533	5
5534	2
5535	5
5536	5
5537	5
5538	9
5539	5
5540	2
5541	2
5542	2
5543	2
5544	2
5545	2
5546	2
5547	9
5548	5
5549	2
5550	5
5551	2
5552	2
5553	2
5554	2
5555	2
5556	5
5557	5
5558	8
5559	2
5560	5
5561	2
5562	5
5563	2
5564	2
5565	7
5566	7
5567	2
5568	2
5569	5
5570	2
5571	2
5572	9
5573	5
5574	2
5575	7
5576	9
5577	5
5578	9
5579	9
5580	9
5581	2
5582	2
5583	2
5584	2
5585	2
5586	5
5587	2
5588	9
5589	9
5590	9
5591	9
5592	5
5593	5
5594	9
5595	5
5596	2
5597	2
5598	2
5599	2
5600	2
5601	2
5602	2
5603	2
5604	2
5605	8
5606	2
5607	2
5608	5
5609	2
5610	7
5611	5
5612	2
5613	5
5614	5
5615	9
5616	9
5617	2
5618	2
5619	5
5620	2
5621	5
5622	5
5623	9
5624	9
5625	2
5626	5
5627	9
5628	9
5629	5
5630	9
5631	9
5632	9
5633	9
5634	9
5635	9
5636	9
5637	2
5638	2
5639	2
5640	2
5641	5
5642	5
5643	9
5644	9
5645	9
5646	5
5647	5
5648	9
5649	9
5650	9
5651	9
5652	2
5653	2
5654	2
5655	2
5656	2
5657	2
5658	2
5659	9
5660	2
5661	9
5662	5
5663	9
5664	2
5665	2
5666	9
5667	5
5668	5
5669	2
5670	5
5671	5
5672	9
5673	9
5674	2
5675	7
5676	9
5677	1
5678	9
5679	9
5680	5
5681	9
5682	9
5683	9
5684	9
5685	5
5686	2
5687	7
5688	2
5689	2
5690	9
5691	9
5692	5
5693	5
5694	9
5695	5
5696	5
5697	9
5698	5
5699	4
5700	2
5701	2
5702	2
5703	2
5704	2
5705	5
5706	5
5707	9
5708	9
5709	9
5710	2
5711	2
5712	9
5713	7
5714	5
5715	5
5716	2
5717	5
5718	9
5719	9
5720	2
5721	1
5722	5
5723	5
5725	9
5726	5
5727	5
5728	5
5729	5
5730	9
5731	2
5732	2
5733	9
5734	2
5735	9
5736	2
5737	9
5738	8
5739	5
5740	9
5741	9
5742	9
5743	9
5744	9
5745	9
5746	9
5747	9
5748	9
5749	2
5750	2
5751	2
5752	2
5753	2
5754	2
5755	2
5756	5
5757	8
5758	7
5759	9
5766	2
5767	5
5768	9
5769	2
5770	8
5771	5
5772	5
5773	7
5774	9
5775	2
5776	2
5777	7
5778	9
5779	5
5780	5
5781	9
5782	5
5783	7
5784	7
5785	7
5786	2
5787	2
5788	5
5789	5
5790	5
5791	5
5792	5
5793	5
5794	9
5795	9
5796	5
5797	9
5798	9
5799	9
5800	5
5801	2
5802	2
5803	2
5804	2
5805	2
5806	5
5807	5
5810	5
5811	5
5812	4
5813	5
5814	8
5815	7
5816	8
5817	8
5818	8
5819	5
5820	9
5821	5
5822	2
5823	9
5824	5
5825	5
5826	9
5827	2
5828	2
5829	5
5830	2
5831	5
5832	2
5833	5
5834	2
5835	2
5836	2
5837	2
5838	7
5839	5
5840	5
5841	5
5842	5
5843	5
5844	5
5845	9
5846	5
5847	9
5848	9
5849	9
5850	5
5851	9
5852	2
5853	9
5854	9
5855	7
5856	2
5857	7
5858	7
5859	2
5860	7
5861	7
5862	2
5863	5
5864	2
5865	2
5866	5
5867	5
5868	5
5869	2
5870	5
5871	2
5872	9
5873	9
5874	9
5875	5
5876	5
5877	5
5878	5
5879	5
5880	5
5881	5
5882	5
5883	5
5884	7
5885	9
5886	5
5887	5
5888	5
5889	9
5890	5
5891	7
5892	7
5893	7
5894	7
5895	7
5896	7
5897	7
5898	7
5899	7
5900	7
5901	7
5902	7
5903	7
5904	7
5905	7
5906	7
5907	7
5908	7
5909	7
5910	7
5911	7
5912	7
5913	7
5914	7
5915	7
5916	7
5917	7
5918	7
5919	7
5920	7
5921	7
5922	7
5923	7
5924	7
5925	7
5926	7
5927	7
5928	7
5929	7
5930	7
5931	7
5932	7
5933	7
5934	7
5935	7
5936	7
5937	7
5938	7
5939	7
5940	7
5941	7
5942	7
5943	7
5944	7
5945	7
5946	7
5947	7
5948	7
5949	7
5950	7
5951	7
5952	7
5953	7
5954	7
5955	7
5956	7
5957	7
5958	7
5959	7
5960	7
5961	7
5962	7
5963	7
5964	7
5965	7
5966	7
5967	7
5968	7
5969	7
5970	7
5971	7
5972	7
5973	7
5974	7
5975	7
5976	7
5977	7
5978	7
5979	7
5980	7
5981	7
5982	7
5983	7
5984	7
5985	7
5986	7
5987	7
5988	7
5989	7
5990	7
5991	7
5992	7
5993	7
5994	7
5995	7
5996	7
5997	7
5998	7
5999	7
6000	7
6001	7
6002	7
6003	7
6004	7
6005	7
6006	7
6007	7
6008	7
6009	7
6010	7
6011	7
6012	7
6013	7
6014	7
6015	7
6016	7
6017	7
6018	7
6019	7
6020	7
6021	7
6022	7
6023	7
6024	7
6025	7
6026	7
6027	7
6028	7
6029	7
6030	7
6031	7
6032	7
6033	7
6034	7
6035	7
6036	7
6037	7
6038	7
6039	7
6040	7
6041	7
6042	7
6043	7
6044	7
6045	7
6046	7
6047	7
6048	7
6049	7
6050	7
6051	7
6052	7
6053	7
6054	7
6055	7
6056	7
6057	7
6058	7
6059	7
6060	7
6061	7
6062	7
6063	7
6064	7
6065	7
6066	7
6067	7
6068	7
6069	7
6070	7
6071	7
6072	7
6073	7
6074	7
6075	7
6076	7
6077	7
6078	7
6079	7
6080	7
6081	7
6082	7
6083	7
6084	7
6085	7
6086	7
6087	7
6088	7
6089	7
6090	7
6091	7
6092	7
6093	7
6094	7
6095	7
6096	7
6097	7
6098	7
6099	7
6100	7
6101	7
6102	7
6103	7
6104	7
6105	7
6106	7
6107	7
6108	7
6109	7
6110	7
6111	7
6112	7
6113	7
6114	7
6115	7
6116	7
6117	7
6118	7
6119	7
6120	7
6121	7
6122	7
6123	7
6124	7
6125	7
6126	7
6127	7
6128	7
6129	7
6130	7
6131	7
6132	7
6133	7
6134	7
6135	7
6136	7
6137	7
6138	7
6139	7
6140	7
6141	7
6142	7
6143	7
6144	7
6145	7
6146	7
6147	7
6148	7
6149	7
6150	7
6151	7
6152	7
6153	7
6154	7
6155	7
6156	7
6157	7
6158	7
6159	7
6160	7
6161	7
6162	7
6163	7
6164	7
6165	7
6166	7
6167	7
6168	7
6169	7
6170	7
6171	7
6172	7
6173	7
6174	7
6175	7
6176	7
6177	7
6178	7
6179	7
6180	7
6181	7
6182	7
6183	7
6184	7
6185	7
6186	7
6187	7
6188	7
6189	7
6190	7
6191	7
6192	7
6193	3
6194	7
6195	7
6196	7
6197	7
6198	7
6199	7
6200	7
6201	7
6202	7
6203	7
6204	7
6205	7
6206	3
6207	7
6208	7
6209	7
6210	7
6211	7
6212	7
6213	7
6214	7
6215	3
6216	7
6217	7
6218	7
6219	7
6220	7
6221	7
6222	7
6223	7
6224	3
6225	3
6226	7
6227	7
6228	7
6229	7
6230	7
6231	7
6232	7
6233	7
6234	7
6235	7
6236	7
6237	7
6238	7
6239	0
6240	6
6241	9
6242	9
6243	6
6244	0
6245	0
6246	0
6247	0
6248	6
6249	0
6250	0
6251	9
6252	0
6253	6
6254	6
6255	6
6256	9
6257	9
6258	0
6259	6
6260	0
6261	6
6262	0
6263	6
6264	0
6265	0
6266	0
6267	0
6268	6
6269	9
6270	6
6271	6
6272	0
6273	6
6274	8
6275	0
6276	0
6277	0
6278	8
6279	0
6280	8
6281	8
6282	0
6283	0
6284	0
6285	8
6286	0
6287	8
6288	8
6289	8
6290	8
6291	0
6292	0
6293	0
6294	0
6295	9
6296	9
6297	9
6298	9
6299	0
6300	0
6301	6
6302	0
6303	8
6304	6
6305	6
6306	3
6307	0
6308	0
6309	6
6310	0
6311	6
6312	0
6313	6
6314	0
6315	0
6316	6
6317	0
6318	0
6319	6
6320	6
6321	6
6322	6
6323	0
6324	0
6325	9
6326	9
6327	0
6328	0
6329	9
6330	9
6331	9
6332	9
6333	9
6334	0
6335	0
6336	0
6337	3
6338	8
6339	8
6340	8
6341	0
6342	3
6343	0
6344	0
6345	8
6346	8
6347	8
6348	8
6349	0
6350	8
6351	9
6352	0
6353	8
6354	8
6355	9
6356	8
6357	0
6358	9
6359	3
6360	8
6361	9
6362	3
6363	0
6364	6
6365	6
6366	9
6367	3
6368	3
6369	0
6370	9
6371	8
6372	8
6373	8
6374	8
6375	9
6376	8
6377	8
6378	8
6379	8
6380	8
6381	0
6382	0
6383	8
6384	0
6385	0
6386	0
6387	0
6388	0
6389	8
6390	8
6391	0
6392	0
6393	9
6394	6
6395	9
6396	0
6397	3
6398	8
6399	9
6400	9
6401	3
6402	0
6403	9
6404	3
6405	9
6406	6
6407	9
6408	3
6409	9
6410	0
6411	9
6412	8
6413	0
6414	0
6415	0
6416	0
6417	0
6418	9
6419	6
6420	8
6421	0
6422	3
6423	8
6424	8
6425	8
6426	8
6427	8
6428	8
6429	8
6430	0
6431	0
6432	8
6433	9
6435	0
6436	3
6437	0
6438	8
6439	8
6440	8
6441	0
6442	8
6443	8
6444	8
6445	9
6446	0
6447	9
6448	3
6449	3
6450	8
6451	0
6452	0
6453	0
6454	8
6455	6
6456	8
6457	9
6458	6
6459	9
6460	8
6461	9
6462	0
6463	9
6464	9
6465	9
6466	0
6467	0
6468	0
6469	3
6470	0
6471	8
6472	0
6474	3
6475	9
6476	8
6477	9
6478	3
6479	6
6480	8
6481	3
6482	9
6483	3
6484	3
6485	9
6486	0
6487	0
6488	6
6489	8
6490	8
6491	8
6492	8
6493	8
6494	8
6495	8
6496	0
6497	0
6498	6
6499	8
6500	9
6501	6
6502	8
6503	8
6504	0
6505	0
6506	8
6507	9
6508	8
6509	8
6510	0
6511	0
6512	8
6513	9
6514	0
6515	6
6516	0
6517	9
6518	6
6519	0
6520	6
6521	3
6522	8
6523	8
6524	8
6525	8
6526	8
6527	8
6528	3
6529	8
6530	8
6531	8
6532	9
6533	9
6534	9
6535	0
6536	9
6537	6
6538	0
6539	6
6540	8
6541	6
6542	9
6543	8
6544	6
6545	3
6546	8
6547	0
6548	8
6549	0
6550	0
6551	9
6552	0
6553	9
6554	0
6555	9
6556	9
6557	9
6558	9
6559	9
6560	9
6561	6
6562	9
6563	9
6564	9
6565	1
6566	1
6567	1
6568	1
6569	1
6570	1
6571	1
6572	1
6573	1
6574	0
6575	0
6576	1
6577	1
6578	1
6579	1
6580	1
6581	1
6582	1
6583	1
6584	1
6585	1
6586	1
6587	1
6588	1
6589	1
6590	1
6591	1
6592	1
6593	1
6594	1
6595	1
6596	1
6597	1
6598	1
6599	1
6600	1
6601	1
6602	1
6603	1
6604	1
6605	1
6606	1
6607	1
6608	0
6609	0
6610	0
6611	7
6612	0
6613	0
6614	0
6615	0
6616	0
6617	0
6618	0
6619	0
6620	0
6621	0
6622	0
6623	0
6624	1
6625	1
6626	1
6627	7
6628	7
6629	8
6630	8
6631	8
6632	8
6633	8
6634	8
6635	8
6636	8
6637	8
6638	8
6639	8
6640	8
6641	8
6642	8
6643	8
6644	8
6645	8
6646	8
6647	8
6648	8
6650	8
6651	8
6652	8
6653	8
6654	8
6655	8
6656	8
6657	8
6658	8
6659	8
6660	8
6661	8
6662	8
6663	8
6664	8
6665	8
6666	8
6667	8
6668	8
6669	8
6671	8
6672	8
6679	8
6683	1
6684	8
6685	8
6686	7
6687	7
6688	7
6689	7
6690	8
6691	1
6692	8
6693	8
6694	8
6695	8
6696	1
6697	8
6698	8
6699	1
6700	1
6701	8
6702	1
6703	1
6704	1
6705	1
6706	1
6707	1
6708	1
6709	8
6710	1
6711	1
6712	1
6713	8
6714	8
6715	1
6716	8
6717	8
6718	7
6719	8
6720	8
6721	8
6722	1
6723	1
6724	8
6725	8
6726	8
6727	8
6728	8
6729	8
6730	8
6731	8
6732	8
6733	8
6734	8
6735	8
6736	8
6737	8
6738	8
6739	8
6740	8
6741	8
6742	8
6743	8
6744	8
6745	8
6746	8
6747	8
6748	8
6749	8
6750	8
6751	8
6752	8
6753	8
6754	8
6755	8
6756	8
6757	1
6758	1
6759	8
6760	1
6761	8
6762	1
6763	1
6764	7
6765	7
6766	7
6767	7
6768	0
6769	7
6770	7
6771	7
6772	7
6773	7
6774	7
6775	7
6776	7
6777	7
6778	7
6779	7
6780	7
6781	7
6782	7
6783	7
6784	7
6785	7
6786	7
6787	7
6788	7
6789	7
6790	7
6791	7
6792	7
6793	7
6794	7
6795	7
6796	7
6797	7
6798	7
6799	7
6800	7
6801	7
6802	7
6803	7
6804	7
6805	7
6806	7
6807	7
6808	7
6809	7
6810	7
6811	7
6812	7
6813	7
6814	7
6815	7
6816	7
6817	7
6818	7
6819	7
6820	1
6821	1
6822	1
6823	1
6824	9
6825	0
6826	0
6827	1
6828	1
6829	1
6830	1
6831	1
6832	1
6833	1
6834	0
6835	9
6836	0
6837	1
6838	0
6839	1
6840	1
6841	1
6842	1
6843	1
6844	1
6845	1
6846	0
6847	0
6848	1
6849	9
6850	1
6851	9
6852	9
6853	9
6854	9
6855	0
6856	9
6857	9
6858	9
6859	1
6860	9
6861	9
6862	9
6863	1
6864	1
6865	1
6866	9
6867	9
6868	0
6869	9
6870	9
6871	9
6872	9
6873	0
6874	9
6875	0
6876	9
6877	1
6878	9
6879	9
6880	9
6881	9
6882	9
6883	9
6884	9
6885	9
6886	9
6887	1
6888	9
6889	1
6890	1
6891	1
6892	1
6893	1
6894	1
6895	1
6896	9
6897	1
6898	0
6899	0
6900	0
6901	0
6902	1
6903	1
6904	1
6905	1
6906	9
6907	1
6908	1
6909	0
6910	0
6911	0
6912	1
6913	1
6914	9
6915	9
6916	0
6917	1
6918	9
6919	9
6920	1
6921	9
6922	9
6923	1
6924	1
6925	9
6926	9
6927	1
6928	1
6929	9
6930	9
6931	1
6932	1
6933	9
6934	9
6935	1
6936	1
6937	1
6938	1
6939	1
6940	1
6941	9
6942	9
6943	9
6944	1
6945	9
6946	9
6947	9
6948	9
6949	1
6950	1
6951	1
6952	9
6953	1
6954	1
6955	1
6956	0
6957	0
6958	0
6959	9
6960	0
6961	9
6962	1
6963	9
6964	0
6965	1
6966	0
