1	9
2	0
3	7
4	7
5	9
6	7
7	7
8	7
9	7
10	7
11	0
12	7
13	7
14	7
15	7
16	7
17	7
18	0
19	7
20	0
21	0
22	0
23	0
24	9
25	7
26	9
27	9
28	0
29	0
30	0
31	0
32	7
33	7
34	7
35	7
36	7
37	7
38	7
39	7
40	7
41	7
42	7
43	7
44	7
45	7
46	7
47	7
48	7
49	7
50	7
51	7
52	7
53	7
54	7
55	7
56	7
57	7
58	0
59	7
60	7
61	7
62	0
63	0
64	0
65	0
66	0
67	0
68	0
69	0
70	1
71	0
72	0
73	0
74	1
75	0
76	0
77	1
78	0
79	0
80	0
81	0
82	0
83	0
84	0
85	1
86	1
87	1
88	0
89	0
90	0
91	0
92	0
93	0
94	0
95	0
96	0
97	0
98	1
99	1
100	1
101	1
102	1
103	1
104	0
105	1
106	0
107	0
108	0
109	0
110	0
111	0
112	0
113	1
114	0
115	1
116	0
117	0
118	0
119	0
120	0
121	0
122	0
123	0
124	1
125	1
126	1
127	1
128	0
129	1
130	0
131	0
132	0
133	0
134	0
135	0
136	0
137	0
138	0
139	0
140	0
141	0
142	1
143	1
144	1
145	1
146	0
147	0
148	0
149	0
150	0
151	0
152	0
153	0
154	0
155	0
156	0
157	0
158	0
159	0
160	0
161	0
162	1
163	0
164	0
165	0
166	1
167	0
168	0
169	1
170	1
171	0
172	0
173	0
174	0
175	0
176	0
177	0
178	0
179	0
180	0
181	0
182	0
183	0
184	1
185	1
186	0
187	0
188	0
189	0
190	0
191	0
192	0
193	0
194	0
195	0
196	0
197	0
198	0
199	1
200	0
201	7
202	0
203	0
204	0
205	0
206	0
207	0
208	0
209	0
210	0
211	0
212	0
213	0
214	0
215	0
216	0
217	0
218	0
219	0
220	0
221	0
222	0
223	0
224	0
225	0
226	0
227	0
228	0
229	0
230	0
231	0
232	0
233	0
234	0
235	0
236	0
237	0
238	0
239	0
240	0
241	0
242	0
243	0
244	0
245	0
246	0
247	0
248	0
249	0
250	0
251	0
252	0
253	0
254	1
255	0
256	0
257	7
258	5
259	8
260	1
261	1
262	8
263	7
264	8
265	7
266	1
267	1
268	2
269	1
270	1
271	8
272	1
273	1
274	8
275	1
276	7
277	7
278	7
279	7
280	7
281	8
282	8
283	8
284	8
285	8
286	7
287	8
288	7
289	7
290	7
291	7
292	2
293	2
294	7
295	8
296	7
297	8
298	1
299	1
300	5
301	8
302	8
303	7
304	7
305	7
306	7
307	7
308	8
309	7
310	7
311	7
312	7
313	7
314	7
315	7
316	7
317	7
318	7
319	7
320	7
321	7
322	7
323	7
324	7
325	7
326	7
327	8
328	8
329	7
330	7
331	8
332	8
333	8
334	8
335	7
336	7
337	7
338	7
339	5
340	7
341	8
342	8
343	9
344	9
345	9
346	9
347	9
348	9
349	9
350	9
351	9
352	9
353	9
354	9
355	9
357	9
358	9
359	9
360	9
361	9
362	9
363	9
365	9
366	9
367	9
368	9
369	9
370	9
372	9
373	9
374	9
375	9
376	9
377	9
378	9
379	9
380	9
381	9
382	9
383	9
384	9
385	9
386	9
387	9
388	9
389	9
390	9
391	9
392	9
393	9
394	9
395	9
396	9
397	9
398	9
399	9
400	9
401	9
402	9
403	9
404	9
405	9
406	9
407	9
408	9
409	9
410	9
411	9
412	9
413	9
414	9
415	9
416	9
417	9
418	9
419	9
420	9
421	9
422	9
423	9
424	9
425	9
426	9
427	9
428	9
429	9
430	9
431	9
432	9
434	9
435	9
436	9
438	9
439	6
440	6
441	8
442	9
443	9
444	6
445	9
446	9
447	8
448	8
449	8
450	9
451	8
452	0
453	8
454	8
455	8
456	8
457	6
458	6
459	6
460	6
461	6
462	9
463	9
464	9
465	9
466	9
467	8
468	9
469	6
470	9
471	9
472	8
473	8
474	9
475	6
476	6
477	9
478	9
479	8
480	8
481	8
482	6
483	9
484	9
485	9
486	6
487	9
488	6
489	9
490	8
491	8
492	8
493	0
494	8
495	8
496	8
497	6
498	6
499	6
500	6
501	8
502	6
503	8
504	6
505	6
506	8
507	8
508	8
509	8
510	8
511	9
512	6
513	9
514	8
515	9
516	9
517	9
518	8
519	9
520	9
521	6
522	8
523	8
524	9
525	8
526	9
527	0
528	8
529	8
530	9
531	9
532	9
533	8
534	8
535	8
536	9
538	8
539	8
540	9
541	8
542	9
543	0
544	9
545	9
546	8
547	8
548	8
549	8
550	9
551	8
552	8
553	8
554	8
555	8
556	6
557	8
558	8
559	8
560	8
561	8
562	9
563	9
564	0
565	8
566	9
567	0
568	9
569	9
570	8
571	9
572	8
573	9
574	9
575	9
576	8
577	9
578	9
579	6
580	8
581	8
582	0
583	0
584	9
585	8
586	8
587	9
588	9
589	8
590	8
591	8
592	8
593	0
594	0
595	0
596	8
597	0
598	8
599	8
600	8
601	9
602	9
603	9
604	9
605	9
606	9
607	8
608	8
609	8
610	8
611	9
612	8
613	8
614	9
615	9
616	8
617	9
618	6
619	6
620	6
621	8
622	8
623	8
624	9
625	6
626	6
627	8
628	6
629	9
630	8
631	8
632	6
633	6
634	6
635	8
636	8
637	6
638	8
639	9
640	6
641	6
642	8
643	9
644	8
645	9
646	7
647	7
648	7
649	0
650	0
651	0
652	7
653	7
654	7
655	1
656	7
657	0
658	0
659	1
660	8
661	8
662	8
663	0
664	0
665	0
666	0
667	0
668	6
669	6
670	8
671	6
672	6
673	6
674	6
675	6
676	6
677	6
678	6
679	0
680	6
681	6
682	6
683	6
684	6
685	6
686	6
687	6
688	6
689	6
690	6
691	0
692	0
693	6
694	6
695	6
696	0
697	0
698	0
699	6
700	0
701	0
702	0
703	0
704	0
705	0
706	0
707	0
708	0
709	0
710	0
711	0
712	0
713	0
714	0
715	0
716	6
717	0
718	0
719	6
720	6
721	0
722	0
723	6
724	6
725	6
726	8
727	8
728	9
729	8
730	8
731	8
732	8
733	8
734	8
735	8
736	8
737	8
738	8
739	8
740	6
741	6
742	6
743	8
744	6
745	6
746	6
747	6
748	6
749	6
750	6
751	6
752	7
753	7
754	7
755	7
756	7
757	7
758	7
759	7
760	7
761	7
762	7
763	7
764	7
765	7
766	7
767	7
768	7
769	7
770	7
771	7
772	7
773	7
774	7
775	7
776	5
777	5
778	5
779	5
780	7
781	7
782	7
783	7
784	5
785	0
786	0
787	0
788	7
789	7
790	7
791	7
792	7
793	7
794	7
795	7
796	7
797	7
798	3
799	7
800	7
801	7
802	3
803	3
804	7
805	7
806	7
807	3
808	3
809	7
810	7
811	7
812	3
813	7
814	7
815	7
816	7
817	7
818	3
819	7
820	7
821	7
822	7
823	9
824	7
825	3
826	7
827	7
828	7
829	7
830	7
831	7
832	7
833	0
834	7
835	0
836	0
837	0
838	0
839	0
840	0
841	7
842	7
843	0
844	0
845	0
846	0
847	0
848	0
849	0
850	0
851	0
852	0
853	0
854	0
855	0
856	0
857	0
858	0
859	0
860	7
861	1
862	7
863	7
864	7
865	1
866	0
867	7
868	1
869	0
870	1
871	1
872	1
873	0
874	0
875	1
876	0
877	7
878	7
879	7
880	7
881	7
882	1
883	7
884	7
885	7
886	0
887	7
888	0
889	0
890	7
891	9
892	7
893	0
894	7
895	9
896	9
897	9
898	9
899	9
900	7
901	7
902	0
903	0
904	0
905	0
906	0
907	0
908	0
909	7
910	7
911	0
912	0
913	7
914	0
915	7
916	7
917	7
918	7
919	7
920	7
921	7
922	0
923	0
924	0
925	9
926	0
927	7
928	7
929	7
930	0
931	0
932	7
933	0
934	7
935	7
936	7
937	7
938	0
939	0
940	0
941	0
942	0
943	0
944	0
945	0
946	9
947	7
948	0
949	0
950	0
951	0
952	0
953	0
954	0
955	0
956	0
957	0
958	0
959	7
960	7
961	7
962	7
963	7
964	7
965	7
966	0
967	7
968	7
969	7
970	0
971	9
972	9
973	9
974	0
975	9
976	9
977	9
978	0
979	0
980	0
981	0
982	0
983	0
984	0
985	0
986	0
987	0
988	0
989	0
990	7
991	0
992	0
993	0
994	7
995	0
996	0
997	0
998	0
999	0
1000	7
1001	7
1002	7
1003	7
1004	7
1005	0
1006	0
1007	0
1008	0
1009	9
1010	9
1011	9
1012	9
1013	8
1014	8
1015	9
1016	8
1017	8
1018	8
1019	9
1020	8
1021	8
1022	9
1023	8
1024	9
1025	9
1026	8
1027	9
1028	8
1029	9
1030	8
1031	8
1032	9
1033	9
1034	9
1035	8
1036	8
1037	9
1038	8
1039	8
1040	8
1041	8
1042	9
1043	9
1044	9
1045	9
1046	9
1051	9
1052	9
1053	9
1054	8
1055	9
1056	9
1057	9
1058	9
1059	9
1060	9
1061	8
1062	9
1063	9
1064	9
1065	9
1066	9
1068	9
1069	9
1070	8
1071	0
1072	8
1073	9
1074	9
1075	9
1076	9
1077	9
1078	9
1079	9
1080	9
1081	9
1082	9
1084	8
1085	8
1087	8
1088	8
1089	8
1090	8
1091	8
1092	8
1093	8
1094	8
1095	8
1096	8
1097	8
1099	8
1101	8
1102	8
1103	8
1104	8
1105	8
1106	8
1107	8
1108	8
1109	8
1110	8
1111	1
1112	8
1113	8
1114	8
1115	8
1116	8
1117	8
1118	8
1120	8
1121	8
1122	8
1123	8
1124	8
1125	8
1126	8
1127	8
1128	8
1129	8
1130	8
1131	8
1132	8
1133	8
1134	8
1135	8
1136	8
1137	8
1138	8
1139	8
1140	8
1141	8
1142	8
1143	8
1144	8
1145	8
1146	8
1147	8
1149	8
1151	8
1157	8
1160	8
1161	8
1162	8
1163	8
1164	8
1165	8
1167	8
1168	8
1169	8
1170	8
1171	8
1172	8
1173	8
1174	8
1175	8
1176	8
1177	9
1178	9
1179	9
1181	8
1182	8
1185	9
1189	8
1190	9
1191	8
1192	8
1193	8
1194	9
1195	9
1196	9
1197	9
1198	8
1199	8
1200	9
1201	9
1202	8
1203	9
1204	8
1205	9
1206	9
1207	9
1208	8
1209	9
1210	9
1211	9
1212	9
1213	9
1214	9
1215	9
1216	9
1217	6
1218	6
1219	4
1220	4
1221	6
1222	6
1223	5
1224	6
1225	4
1226	6
1227	4
1228	6
1229	4
1230	4
1231	4
1232	4
1233	9
1234	9
1235	9
1236	4
1237	3
1238	3
1239	4
1240	4
1241	3
1242	4
1243	4
1244	4
1245	4
1246	3
1247	4
1249	2
1250	4
1251	4
1252	4
1253	4
1254	4
1255	4
1256	4
1257	4
1258	4
1259	4
1260	4
1261	4
1263	2
1264	2
1265	2
1266	4
1267	4
1268	4
1269	4
1270	4
1271	4
1272	4
1273	4
1274	4
1275	4
1276	4
1277	4
1278	4
1279	4
1280	4
1281	4
1282	4
1283	4
1284	4
1285	4
1286	4
1287	4
1288	4
1289	4
1290	4
1291	4
1292	4
1293	4
1294	4
1295	4
1296	4
1297	4
1298	4
1299	4
1300	4
1301	4
1302	4
1303	4
1304	4
1305	4
1306	2
1307	4
1308	4
1309	2
1310	4
1311	2
1312	2
1313	5
1314	5
1315	5
1316	4
1317	4
1318	4
1319	4
1320	3
1321	5
1322	5
1323	3
1324	5
1325	3
1326	3
1327	3
1328	3
1329	3
1330	4
1331	2
1332	2
1333	2
1334	2
1335	4
1336	2
1337	2
1338	2
1339	4
1340	2
1341	4
1342	2
1343	4
1344	4
1345	4
1346	2
1347	4
1348	2
1349	5
1350	5
1351	5
1352	3
1353	5
1354	5
1355	3
1356	5
1357	5
1358	5
1359	6
1360	4
1361	4
1362	4
1363	4
1364	4
1365	4
1366	4
1367	4
1368	4
1369	2
1370	2
1371	2
1372	4
1374	4
1375	4
1376	4
1377	6
1378	6
1379	5
1380	0
1381	6
1382	6
1383	5
1384	5
1385	5
1386	0
1387	6
1388	6
1389	4
1390	4
1391	6
1392	6
1393	6
1394	6
1395	6
1396	6
1397	9
1398	9
1399	9
1400	9
1401	9
1402	9
1403	9
1404	9
1405	9
1406	9
1407	9
1408	4
1409	3
1410	3
1411	6
1412	6
1413	6
1414	6
1415	4
1416	4
1417	4
1418	4
1419	4
1420	2
1421	2
1422	4
1423	2
1424	4
1425	4
1426	4
1427	4
1429	4
1432	4
1433	4
1434	4
1435	4
1436	4
1437	4
1438	4
1439	4
1440	4
1441	4
1442	4
1443	4
1444	4
1445	4
1446	4
1447	4
1448	2
1449	2
1450	2
1451	2
1452	2
1453	2
1454	2
1455	2
1456	2
1457	2
1458	2
1459	2
1460	2
1461	2
1462	2
1463	2
1464	2
1465	2
1466	5
1467	5
1468	5
1469	5
1470	3
1471	5
1472	5
1473	5
1474	3
1475	5
1476	5
1477	3
1478	5
1479	5
1480	5
1481	5
1482	5
1483	5
1484	5
1485	3
1486	3
1487	3
1488	3
1489	3
1490	4
1491	2
1492	2
1493	2
1494	4
1495	4
1496	4
1497	2
1498	3
1499	4
1500	4
1501	3
1502	4
1503	4
1504	4
1505	2
1506	2
1507	4
1508	2
1509	2
1510	2
1511	2
1512	2
1513	2
1514	2
1515	2
1516	2
1517	5
1518	5
1519	5
1520	5
1521	5
1522	5
1523	5
1524	3
1525	3
1526	4
1527	4
1528	4
1529	4
1530	4
1531	4
1533	4
1534	4
1535	4
1536	2
1537	4
1538	2
1539	2
1540	4
1541	2
1542	2
1543	2
1544	5
1545	0
1546	0
1547	0
1548	0
1549	0
1550	0
1551	5
1552	5
1553	6
1554	5
1555	5
1556	4
1557	4
1558	6
1559	4
1560	4
1561	4
1562	4
1563	9
1564	9
1565	9
1566	9
1567	9
1568	6
1569	6
1570	3
1571	6
1572	6
1573	3
1574	3
1575	4
1576	3
1577	3
1578	3
1579	3
1580	3
1581	6
1582	3
1584	4
1585	4
1586	2
1587	4
1588	4
1589	4
1590	4
1591	4
1592	4
1593	4
1594	4
1596	4
1597	4
1598	4
1599	4
1600	4
1601	4
1602	4
1603	4
1604	4
1605	4
1606	4
1607	4
1608	4
1609	4
1610	4
1611	4
1612	4
1613	4
1614	4
1615	4
1616	2
1617	2
1618	4
1619	2
1620	4
1621	2
1622	2
1623	2
1624	4
1625	4
1626	4
1627	2
1628	2
1629	4
1630	4
1631	2
1632	2
1633	2
1634	2
1635	2
1636	5
1637	5
1638	5
1639	5
1640	3
1641	3
1642	5
1643	5
1644	5
1645	5
1646	3
1647	3
1648	3
1649	3
1650	5
1651	5
1652	5
1653	3
1654	3
1655	3
1656	3
1657	5
1658	2
1659	2
1660	2
1661	4
1662	2
1663	4
1664	4
1665	4
1666	4
1667	2
1668	2
1669	4
1670	4
1671	4
1672	2
1673	2
1674	2
1675	2
1676	4
1677	2
1678	4
1679	4
1680	4
1681	2
1682	4
1683	4
1684	4
1685	4
1686	2
1687	4
1688	5
1689	5
1690	5
1691	5
1692	5
1693	5
1694	5
1695	5
1696	4
1697	4
1698	4
1699	4
1700	4
1701	2
1702	2
1703	2
1704	2
1705	2
1706	2
1707	2
1708	2
1709	2
1710	2
1711	2
1712	4
1713	4
1714	5
1715	5
1716	5
1717	5
1718	5
1719	0
1720	5
1721	0
1722	5
1723	6
1724	4
1725	6
1726	4
1727	4
1728	4
1729	4
1730	4
1731	5
1732	4
1733	6
1734	4
1735	6
1736	6
1737	3
1738	4
1739	4
1740	4
1741	4
1742	4
1743	4
1744	4
1745	4
1746	2
1747	4
1748	2
1749	2
1750	4
1751	2
1752	2
1753	2
1754	4
1755	4
1756	4
1757	4
1758	4
1759	4
1760	4
1761	4
1762	4
1763	4
1764	4
1765	4
1766	4
1767	4
1769	4
1770	4
1771	4
1772	4
1773	4
1774	4
1775	4
1776	4
1777	4
1778	4
1779	4
1780	4
1781	4
1782	4
1783	4
1784	2
1785	2
1786	4
1787	4
1788	2
1789	2
1790	2
1791	4
1792	4
1793	4
1795	2
1796	4
1797	2
1798	2
1799	4
1800	2
1801	3
1802	5
1803	5
1804	5
1805	3
1806	5
1807	3
1808	5
1809	5
1810	5
1811	3
1812	4
1813	4
1814	4
1815	4
1816	2
1817	4
1818	2
1819	4
1820	5
1821	5
1822	4
1823	4
1824	2
1825	4
1826	2
1827	4
1828	2
1829	4
1830	4
1831	4
1832	2
1833	2
1834	2
1835	2
1836	2
1837	2
1838	2
1839	2
1840	2
1841	4
1842	4
1843	4
1844	4
1845	2
1846	2
1847	2
1848	2
1849	2
1850	5
1851	5
1852	5
1853	5
1854	5
1855	5
1856	5
1857	5
1858	5
1859	4
1860	4
1861	4
1862	5
1863	4
1864	4
1865	4
1866	0
1867	3
1868	3
1869	5
1870	5
1871	5
1872	5
1873	0
1874	5
1875	5
1876	6
1877	4
1878	4
1879	4
1880	4
1881	4
1882	4
1883	6
1884	6
1885	4
1886	6
1887	6
1888	6
1889	6
1890	6
1891	5
1892	3
1893	3
1894	3
1895	6
1896	4
1897	2
1898	2
1899	4
1900	2
1901	4
1902	4
1903	4
1904	4
1905	4
1906	4
1907	4
1908	4
1909	4
1910	4
1911	4
1912	4
1913	3
1914	2
1915	2
1916	2
1917	2
1918	2
1919	2
1920	2
1921	2
1922	2
1923	2
1924	2
1925	4
1926	4
1927	2
1928	4
1929	4
1930	4
1931	4
1932	4
1933	4
1934	4
1935	4
1936	4
1937	4
1938	4
1939	4
1940	4
1941	4
1942	2
1943	4
1944	4
1945	4
1946	2
1947	2
1948	4
1949	4
1950	2
1951	2
1952	2
1953	2
1954	2
1955	2
1956	2
1957	2
1958	2
1959	2
1960	2
1961	4
1962	4
1963	2
1964	4
1965	3
1966	3
1967	5
1968	5
1969	5
1970	3
1971	3
1972	3
1973	3
1974	3
1975	4
1976	3
1977	3
1978	3
1979	3
1980	2
1981	2
1982	2
1983	2
1984	2
1985	2
1986	2
1987	2
1988	2
1989	2
1990	2
1991	2
1992	2
1993	4
1994	2
1995	4
1996	2
1997	2
1998	2
1999	2
2000	2
2001	2
2002	2
2003	2
2004	2
2005	2
2006	2
2007	2
2008	2
2009	2
2010	2
2011	5
2012	3
2013	2
2014	2
2015	3
2016	7
2017	7
2018	3
2019	6
2020	7
2021	6
2022	7
2023	5
2024	5
2025	5
2026	3
2027	5
2028	6
2029	5
2030	5
2031	5
2032	5
2033	4
2034	6
2035	6
2036	6
2037	6
2038	6
2039	6
2040	6
2041	5
2042	5
2043	3
2044	3
2045	5
2046	5
2047	6
2048	6
2049	6
2050	6
2051	6
2052	4
2053	4
2054	4
2055	4
2056	4
2057	4
2058	4
2059	4
2060	4
2061	4
2062	4
2063	2
2064	2
2065	4
2066	2
2067	4
2068	4
2069	4
2070	4
2071	2
2072	4
2073	2
2074	4
2075	2
2076	2
2077	2
2078	4
2079	2
2080	2
2081	2
2082	2
2083	2
2084	4
2085	4
2086	2
2087	2
2088	4
2089	2
2090	2
2091	4
2092	2
2093	2
2094	2
2095	2
2096	4
2097	4
2098	2
2099	2
2100	2
2101	2
2102	2
2103	2
2104	4
2105	4
2106	4
2107	4
2108	2
2109	2
2110	2
2111	4
2112	2
2113	3
2114	3
2115	3
2116	3
2117	3
2118	3
2119	3
2120	3
2121	3
2122	3
2123	3
2124	3
2125	3
2126	3
2127	3
2128	5
2129	4
2130	2
2131	2
2132	2
2133	4
2134	4
2135	4
2136	4
2137	4
2138	4
2139	4
2140	4
2141	2
2142	4
2143	4
2144	4
2145	4
2146	4
2147	4
2148	4
2149	4
2150	2
2151	2
2152	5
2153	3
2154	4
2155	3
2156	4
2157	2
2158	4
2161	5
2162	5
2163	5
2164	7
2165	0
2166	5
2167	9
2168	2
2169	2
2170	2
2171	2
2172	2
2173	6
2174	7
2175	7
2176	3
2177	3
2178	7
2179	3
2180	6
2181	6
2182	5
2183	5
2184	5
2185	4
2186	5
2187	5
2188	6
2189	5
2190	5
2191	6
2192	4
2193	4
2194	4
2195	4
2196	4
2197	6
2198	6
2199	4
2200	6
2201	4
2202	3
2203	3
2204	4
2205	3
2206	3
2207	3
2208	2
2209	4
2210	2
2211	4
2212	4
2213	2
2215	2
2216	3
2217	4
2218	4
2219	3
2220	2
2221	2
2222	2
2223	2
2224	2
2225	2
2226	2
2227	4
2228	2
2229	4
2230	4
2231	4
2232	4
2233	2
2234	2
2235	2
2236	4
2237	4
2238	4
2239	4
2240	4
2241	4
2242	4
2243	2
2244	4
2245	4
2246	4
2247	4
2248	4
2249	4
2250	4
2251	4
2252	4
2253	4
2254	4
2255	2
2256	2
2257	5
2258	3
2259	3
2260	3
2261	4
2262	4
2263	5
2264	4
2265	3
2266	5
2267	5
2268	5
2269	4
2270	4
2271	4
2272	4
2273	3
2274	3
2275	3
2276	3
2277	5
2278	4
2279	4
2280	4
2281	4
2282	4
2283	4
2284	4
2285	4
2286	4
2287	4
2288	4
2289	2
2290	2
2291	2
2292	2
2293	2
2294	2
2295	2
2296	2
2297	2
2298	2
2299	2
2300	2
2301	2
2302	2
2303	3
2304	0
2305	5
2306	5
2307	5
2308	5
2309	2
2310	3
2311	5
2312	5
2313	9
2314	9
2315	9
2316	5
2317	5
2318	5
2319	5
2320	5
2321	5
2322	5
2323	5
2324	6
2325	6
2326	6
2327	6
2328	6
2329	6
2330	6
2331	3
2332	0
2333	0
2334	0
2335	4
2336	4
2337	4
2338	4
2339	5
2340	4
2341	4
2342	4
2343	3
2344	6
2345	6
2346	6
2347	6
2348	4
2349	4
2350	6
2351	4
2352	4
2353	6
2354	6
2355	4
2356	4
2357	4
2358	4
2359	4
2360	6
2361	4
2362	6
2363	6
2364	6
2365	6
2366	6
2367	6
2368	6
2369	6
2370	4
2371	4
2372	4
2373	4
2374	4
2375	4
2376	4
2377	2
2378	2
2379	2
2380	2
2381	2
2382	2
2383	2
2384	2
2385	2
2386	2
2387	4
2388	4
2389	4
2390	2
2391	4
2392	4
2393	4
2394	4
2395	4
2396	4
2397	2
2398	4
2399	4
2400	4
2401	4
2402	4
2403	2
2404	2
2405	4
2406	2
2407	4
2408	2
2409	2
2410	2
2411	4
2412	4
2413	4
2414	4
2415	4
2416	4
2417	4
2418	4
2419	4
2420	2
2421	4
2422	2
2423	2
2424	2
2425	5
2426	4
2427	4
2428	5
2429	4
2430	4
2431	4
2432	4
2433	4
2434	5
2435	3
2436	3
2437	3
2438	3
2439	5
2440	3
2441	5
2442	5
2443	3
2444	3
2445	5
2446	5
2447	5
2448	5
2449	5
2450	5
2451	5
2452	5
2453	5
2454	3
2455	4
2456	5
2457	5
2458	4
2459	4
2460	5
2461	4
2462	4
2463	4
2464	5
2465	4
2466	5
2467	5
2468	5
2469	5
2470	5
2471	5
2472	5
2473	5
2474	9
2475	9
2476	5
2477	5
2478	5
2479	5
2480	5
2481	5
2482	5
2483	5
2484	5
2485	2
2486	2
2487	2
2488	5
2489	5
2490	0
2491	0
2492	0
2493	0
2494	0
2495	5
2496	0
2497	0
2498	5
2499	5
2500	5
2501	5
2502	5
2503	3
2504	3
2505	3
2506	3
2507	3
2508	3
2509	3
2510	4
2511	4
2512	4
2513	4
2514	5
2515	4
2516	4
2517	4
2518	2
2520	4
2521	4
2522	4
2523	4
2524	4
2525	2
2526	6
2527	6
2528	3
2529	6
2530	6
2531	4
2532	4
2533	3
2534	6
2535	6
2536	2
2537	2
2538	2
2539	2
2540	2
2541	2
2542	2
2543	2
2544	2
2545	2
2546	2
2547	2
2548	2
2549	4
2550	4
2551	4
2552	4
2553	3
2554	4
2555	4
2556	4
2557	4
2558	4
2559	4
2560	4
2561	3
2562	3
2563	4
2564	4
2565	4
2566	4
2567	4
2568	3
2569	2
2570	2
2571	2
2572	4
2573	2
2574	2
2575	4
2576	4
2577	4
2578	4
2579	4
2580	2
2581	2
2582	2
2583	2
2584	2
2585	2
2586	2
2587	2
2588	2
2589	2
2590	4
2591	4
2592	4
2593	4
2594	4
2595	4
2596	4
2597	4
2598	3
2599	3
2600	5
2601	5
2602	5
2603	5
2604	5
2605	5
2606	5
2607	5
2608	4
2609	5
2610	5
2611	4
2612	4
2613	4
2614	4
2615	2
2616	4
2617	4
2618	4
2619	4
2620	4
2621	4
2622	2
2623	2
2624	2
2625	5
2626	2
2627	5
2628	3
2629	0
2630	5
2631	5
2632	5
2633	4
2634	3
2635	3
2636	5
2637	2
2638	5
2639	5
2640	5
2641	5
2642	5
2643	5
2644	5
2645	5
2646	4
2647	5
2648	4
2649	0
2650	0
2651	0
2652	0
2653	5
2654	5
2655	5
2656	3
2657	3
2658	6
2659	6
2660	6
2661	3
2662	5
2663	5
2664	4
2665	5
2666	5
2667	5
2668	4
2669	2
2670	2
2671	4
2672	2
2673	4
2674	4
2675	4
2676	4
2677	4
2678	4
2679	4
2680	4
2681	4
2682	4
2683	4
2684	6
2685	4
2686	4
2687	4
2688	6
2689	3
2690	4
2691	3
2692	4
2693	3
2694	3
2695	3
2696	3
2697	4
2698	4
2699	4
2700	2
2701	2
2702	3
2703	3
2704	4
2705	4
2706	4
2707	4
2708	4
2710	4
2711	4
2712	4
2713	4
2714	4
2715	4
2716	4
2717	4
2718	4
2719	2
2720	4
2721	4
2722	2
2723	4
2724	2
2725	4
2726	4
2727	2
2728	4
2729	4
2730	2
2731	2
2732	4
2733	4
2734	4
2735	2
2736	2
2737	4
2738	4
2739	4
2740	4
2741	5
2742	5
2743	3
2744	3
2745	3
2746	3
2747	5
2748	3
2749	3
2750	3
2751	3
2752	3
2753	3
2754	4
2755	4
2756	5
2757	4
2758	5
2759	5
2760	5
2761	3
2762	3
2763	2
2764	4
2765	3
2766	5
2767	4
2768	2
2769	4
2770	2
2771	2
2772	4
2773	2
2774	2
2775	4
2776	4
2777	9
2778	5
2779	2
2780	2
2781	4
2782	2
2783	2
2784	2
2785	2
2786	4
2787	2
2788	2
2789	2
2790	2
2791	2
2792	2
2793	2
2794	4
2795	2
2796	3
2797	5
2798	4
2799	4
2800	3
2801	5
2802	4
2803	9
2804	5
2805	9
2806	5
2807	5
2808	5
2809	5
2810	5
2811	5
2812	5
2813	4
2814	9
2815	5
2816	5
2817	5
2818	5
2819	5
2820	4
2821	5
2822	0
2823	5
2824	4
2825	6
2826	3
2827	3
2828	3
2829	3
2830	6
2831	6
2832	6
2833	6
2834	6
2835	4
2836	2
2837	4
2838	4
2839	2
2840	4
2841	2
2842	4
2843	2
2844	4
2845	4
2846	4
2847	4
2848	3
2849	5
2850	5
2851	5
2852	4
2853	4
2854	4
2855	4
2856	4
2857	2
2858	2
2859	2
2860	4
2861	4
2862	2
2863	4
2864	2
2865	3
2866	5
2867	3
2868	4
2869	4
2870	4
2871	4
2872	4
2873	4
2874	2
2875	4
2876	2
2877	2
2878	4
2879	4
2880	4
2881	2
2882	4
2883	4
2884	4
2885	4
2886	4
2887	4
2888	4
2889	4
2890	4
2891	4
2892	4
2893	4
2894	4
2895	4
2896	4
2897	4
2898	2
2899	4
2900	4
2901	2
2902	4
2903	2
2904	2
2905	4
2906	2
2907	4
2908	4
2909	4
2910	4
2911	4
2912	4
2913	3
2914	3
2915	3
2916	3
2917	5
2918	3
2919	3
2920	4
2921	4
2922	3
2923	4
2924	5
2925	5
2926	3
2927	5
2928	5
2929	5
2930	5
2931	5
2932	4
2933	4
2934	5
2935	2
2936	4
2937	4
2938	2
2939	4
2940	4
2941	2
2942	2
2943	2
2944	4
2945	2
2946	4
2947	4
2948	2
2949	4
2950	4
2951	2
2952	5
2953	4
2954	4
2955	4
2956	9
2957	4
2958	2
2959	5
2960	2
2961	3
2962	0
2964	5
2965	4
2966	2
2967	5
2968	5
2969	5
2970	5
2971	5
2972	5
2973	5
2974	4
2975	5
2976	4
2977	5
2978	5
2979	4
2980	4
2981	4
2982	4
2983	5
2984	5
2985	6
2986	6
2987	6
2988	6
2989	6
2990	6
2991	6
2992	6
2993	6
2994	6
2995	6
2996	4
2997	5
2998	5
2999	4
3000	3
3001	5
3002	5
3003	5
3004	5
3005	3
3006	5
3007	4
3008	4
3009	4
3010	4
3011	4
3012	4
3013	2
3014	4
3015	4
3016	4
3017	2
3018	2
3019	2
3020	2
3021	4
3022	4
3023	4
3024	4
3025	4
3026	4
3027	4
3028	2
3029	5
3030	5
3031	4
3032	4
3033	5
3034	5
3035	4
3036	4
3037	5
3038	3
3039	3
3040	3
3041	4
3042	4
3043	4
3044	4
3045	4
3046	4
3047	4
3048	4
3049	4
3050	4
3051	4
3052	4
3053	4
3054	4
3055	4
3056	4
3057	4
3058	4
3059	4
3060	4
3061	4
3062	4
3063	4
3064	2
3065	4
3066	4
3067	2
3068	4
3069	2
3070	2
3071	4
3072	2
3073	2
3074	2
3075	2
3076	4
3077	2
3078	2
3079	2
3080	4
3081	4
3082	3
3083	4
3084	4
3085	4
3086	4
3087	4
3088	4
3089	4
3090	4
3091	3
3092	4
3093	4
3094	5
3095	5
3096	5
3097	5
3098	3
3099	4
3100	4
3101	5
3102	5
3103	4
3104	4
3105	4
3106	2
3107	4
3108	4
3109	2
3110	2
3111	2
3112	2
3113	5
3114	5
3115	3
3116	5
3117	3
3118	4
3119	5
3120	4
3121	4
3122	5
3123	4
3124	4
3125	4
3126	4
3127	4
3128	4
3129	4
3130	4
3131	5
3132	3
3133	6
3135	4
3136	3
3137	5
3138	5
3139	3
3140	3
3141	3
3142	4
3143	4
3144	4
3145	4
3146	4
3147	5
3148	4
3149	5
3150	6
3151	6
3152	5
3153	6
3154	6
3155	6
3156	6
3157	6
3158	6
3159	6
3160	5
3161	6
3162	6
3163	5
3164	4
3165	5
3166	3
3167	3
3168	4
3169	5
3170	5
3171	5
3172	4
3173	4
3174	4
3175	4
3176	2
3177	4
3178	2
3179	4
3180	4
3181	4
3184	4
3185	4
3186	4
3187	2
3188	2
3189	4
3190	4
3191	2
3192	4
3193	4
3194	4
3195	4
3196	4
3197	4
3198	4
3199	2
3200	2
3201	2
3202	4
3203	4
3204	4
3205	4
3206	4
3212	4
3213	4
3214	4
3215	2
3216	4
3217	4
3218	4
3219	4
3220	4
3221	4
3222	4
3223	4
3224	4
3225	4
3226	2
3227	2
3228	2
3229	2
3230	2
3231	2
3232	4
3233	2
3234	2
3235	2
3236	2
3237	2
3238	2
3239	2
3240	4
3241	4
3242	4
3243	4
3244	4
3245	4
3246	4
3247	4
3248	4
3249	4
3250	4
3251	4
3252	4
3253	4
3254	4
3255	4
3256	4
3257	4
3258	4
3259	4
3260	4
3261	4
3262	4
3263	5
3264	5
3265	5
3266	5
3267	3
3268	5
3269	5
3270	5
3271	5
3272	3
3273	9
3274	9
3275	5
3276	5
3277	5
3278	4
3279	4
3280	4
3281	5
3282	0
3284	0
3285	4
3286	4
3287	6
3288	4
3289	5
3292	4
3293	3
3294	5
3295	3
3296	4
3297	5
3298	3
3299	4
3300	4
3301	5
3302	5
3303	4
3304	6
3305	3
3306	5
3307	5
3308	5
3309	6
3310	6
3311	6
3312	6
3313	6
3314	6
3315	6
3316	6
3317	4
3318	4
3319	6
3320	6
3321	6
3322	5
3323	9
3324	9
3325	5
3326	2
3327	5
3328	4
3329	4
3330	4
3331	6
3332	4
3333	2
3334	4
3335	2
3336	2
3337	4
3338	4
3339	4
3340	4
3341	4
3342	4
3343	4
3344	2
3345	2
3346	2
3347	2
3348	2
3350	4
3351	4
3352	4
3353	4
3355	4
3356	4
3357	4
3358	4
3359	4
3360	4
3361	4
3362	4
3363	4
3364	4
3365	4
3366	2
3367	4
3368	4
3369	4
3370	3
3371	4
3372	4
3373	3
3374	4
3375	2
3376	4
3377	2
3378	4
3379	4
3380	4
3381	4
3382	4
3383	4
3384	4
3385	4
3386	4
3387	4
3388	2
3389	4
3390	2
3391	4
3392	4
3393	4
3394	4
3395	4
3396	4
3397	4
3398	4
3399	4
3400	4
3401	4
3402	3
3403	3
3404	3
3405	5
3406	3
3407	4
3408	4
3409	4
3410	4
3411	4
3412	4
3413	4
3414	5
3415	3
3416	3
3417	5
3418	5
3419	5
3420	5
3421	5
3422	5
3423	5
3424	5
3425	4
3426	5
3427	5
3428	5
3429	5
3430	5
3431	5
3432	5
3433	5
3434	4
3435	5
3436	5
3437	5
3438	5
3439	5
3440	4
3441	4
3442	4
3443	4
3444	4
3445	2
3446	2
3447	3
3448	4
3449	2
3450	5
3451	2
3452	2
3453	5
3454	5
3455	5
3456	5
3457	5
3458	5
3459	5
3460	5
3461	7
3462	6
3463	6
3464	6
3465	6
3466	6
3467	6
3468	6
3469	6
3470	6
3471	6
3472	6
3473	6
3474	5
3475	6
3476	6
3477	6
3478	6
3479	6
3480	6
3481	6
3482	4
3483	6
3484	6
3485	6
3486	6
3487	6
3488	6
3489	4
3490	4
3491	4
3492	4
3493	4
3494	6
3495	4
3496	4
3497	4
3498	4
3499	4
3500	4
3501	5
3502	3
3503	3
3504	4
3505	2
3506	4
3507	4
3508	2
3509	4
3510	2
3513	2
3514	4
3515	4
3516	2
3517	2
3518	4
3519	4
3520	2
3521	4
3522	4
3523	2
3524	4
3525	4
3526	4
3527	4
3528	4
3529	4
3530	4
3531	4
3533	4
3534	2
3535	2
3536	2
3537	4
3538	2
3539	4
3540	4
3541	4
3542	4
3543	4
3544	4
3545	4
3546	4
3547	4
3548	4
3549	4
3550	4
3551	4
3552	4
3553	4
3554	4
3555	4
3556	4
3557	4
3558	4
3559	2
3560	4
3561	2
3562	4
3563	2
3564	4
3565	2
3566	4
3567	2
3568	5
3569	5
3570	4
3571	5
3572	5
3573	4
3574	4
3575	5
3576	5
3577	5
3578	3
3579	3
3580	4
3581	3
3582	5
3583	5
3584	3
3585	3
3586	5
3587	3
3588	5
3589	5
3590	5
3591	3
3592	3
3593	5
3594	5
3595	4
3596	5
3597	5
3598	5
3599	5
3600	2
3601	5
3602	5
3603	5
3604	5
3605	4
3606	5
3607	5
3608	2
3609	4
3610	4
3611	3
3612	5
3614	5
3615	2
3616	3
3617	5
3618	5
3619	5
3620	5
3621	5
3622	6
3623	5
3624	5
3625	4
3626	4
3627	6
3628	6
3629	5
3630	5
3631	6
3632	7
3633	5
3634	6
3635	6
3636	5
3637	5
3638	5
3639	6
3640	6
3641	6
3642	6
3643	6
3644	6
3645	6
3646	6
3647	6
3648	4
3649	6
3650	6
3651	4
3652	4
3653	4
3654	6
3655	6
3656	6
3657	3
3658	3
3659	3
3660	5
3661	3
3662	3
3663	3
3664	5
3665	5
3666	3
3667	3
3668	3
3669	4
3670	4
3671	2
3672	2
3673	2
3674	2
3675	4
3676	4
3677	2
3678	4
3679	2
3680	4
3681	2
3682	2
3684	4
3685	4
3686	4
3687	4
3688	4
3689	4
3690	4
3691	4
3692	4
3693	4
3694	4
3695	4
3696	4
3697	4
3698	4
3699	4
3700	4
3701	4
3702	4
3703	4
3704	4
3705	4
3706	4
3707	4
3708	4
3709	4
3710	4
3711	4
3712	4
3713	2
3715	4
3717	4
3718	4
3719	4
3720	4
3721	4
3722	4
3723	4
3724	4
3725	4
3726	5
3727	3
3728	5
3729	5
3730	5
3731	5
3732	5
3733	5
3734	4
3735	5
3736	3
3737	3
3738	3
3739	5
3740	4
3741	5
3742	4
3743	3
3744	3
3745	3
3746	3
3747	3
3748	4
3749	4
3750	4
3751	4
3752	2
3753	5
3754	4
3755	4
3756	4
3757	4
3758	4
3759	4
3760	5
3761	4
3762	4
3763	4
3764	4
3768	4
3769	3
3770	4
3771	5
3772	5
3773	5
3774	5
3775	5
3776	5
3777	6
3778	5
3779	6
3780	6
3781	6
3782	6
3783	6
3784	6
3785	6
3786	6
3787	6
3788	6
3789	4
3790	8
3791	8
3792	8
3793	8
3794	8
3795	8
3796	8
3797	8
3798	8
3799	8
3800	8
3801	8
3802	8
3803	8
3804	8
3805	8
3806	8
3807	8
3808	8
3809	8
3810	8
3811	8
3812	8
3813	8
3814	8
3815	8
3816	8
3817	8
3818	8
3819	8
3820	8
3821	8
3822	8
3823	8
3824	8
3825	8
3826	8
3827	8
3828	8
3829	8
3830	8
3831	8
3832	8
3833	8
3834	8
3835	8
3836	8
3837	8
3838	8
3839	8
3840	8
3841	8
3842	8
3843	8
3844	8
3845	8
3846	8
3847	8
3848	8
3849	8
3850	8
3851	8
3852	8
3853	8
3854	8
3855	8
3856	8
3857	8
3858	8
3859	8
3860	8
3861	8
3862	8
3863	8
3864	8
3865	8
3866	8
3867	8
3868	8
3869	8
3870	8
3871	8
3872	8
3873	8
3874	8
3875	8
3876	8
3877	8
3878	8
3879	8
3880	8
3883	8
3884	8
3885	8
3886	8
3887	8
3888	8
3889	8
3890	8
3892	8
3893	8
3894	8
3897	8
3898	8
3899	8
3900	8
3901	8
3902	8
3903	8
3904	8
3905	8
3906	8
3907	8
3908	8
3909	8
3910	8
3911	8
3912	8
3913	8
3914	8
3915	8
3916	8
3917	8
3918	8
3919	8
3920	8
3921	8
3922	8
3923	8
3924	8
3925	8
3926	8
3927	8
3928	8
3929	8
3930	8
3931	8
3932	8
3933	8
3934	8
3935	8
3936	8
3937	8
3938	8
3939	8
3940	8
3941	8
3942	8
3943	8
3944	8
3945	8
3946	8
3947	8
3948	8
3949	8
3950	8
3951	8
3952	8
3953	8
3954	8
3955	8
3956	8
3957	8
3958	8
3959	8
3960	8
3961	8
3962	8
3963	8
3964	8
3965	8
3966	8
3967	8
3968	8
3969	8
3970	8
3971	8
3972	8
3973	8
3974	8
3975	8
3976	8
3977	8
3978	8
3979	8
3980	8
3981	8
3982	8
3983	8
3985	8
3986	8
3987	5
3988	9
3989	9
3990	7
3991	7
3992	7
3993	7
3994	7
3995	7
3996	7
3997	9
3998	9
3999	9
4000	7
4001	7
4002	1
4003	7
4004	7
4005	7
4006	7
4007	9
4008	1
4009	9
4010	7
4011	7
4012	9
4013	7
4014	7
4015	7
4016	7
4017	7
4018	7
4019	5
4020	7
4021	7
4022	9
4023	7
4024	7
4025	9
4026	1
4027	9
4028	7
4029	7
4030	9
4031	9
4032	9
4033	9
4034	9
4035	7
4036	9
4037	7
4038	9
4039	7
4040	7
4041	7
4042	9
4043	9
4044	9
4045	9
4046	9
4047	9
4048	9
4049	0
4050	0
4051	0
4052	1
4053	0
4054	9
4055	0
4056	0
4057	0
4058	0
4059	0
4060	0
4061	0
4062	1
4063	1
4064	1
4065	1
4066	0
4067	1
4068	1
4069	1
4070	1
4071	1
4072	1
4073	1
4074	1
4075	0
4076	9
4077	0
4078	8
4079	0
4080	6
4081	0
4082	8
4083	3
4084	9
4085	9
4086	9
4087	3
4088	3
4089	3
4090	3
4091	9
4092	8
4093	8
4094	8
4095	8
4096	8
4097	8
4098	3
4099	8
4100	8
4101	3
4102	8
4103	3
4104	6
4105	0
4106	0
4107	9
4108	3
4109	9
4110	9
4111	3
4112	3
4113	0
4114	0
4115	8
4116	6
4117	8
4118	8
4119	8
4120	6
4121	0
4122	9
4123	1
4124	0
4125	3
4126	0
4127	6
4128	3
4129	0
4130	3
4131	9
4132	3
4133	0
4134	0
4135	9
4136	6
4137	8
4138	0
4139	6
4140	6
4141	8
4142	6
4143	8
4144	8
4145	3
4146	6
4147	9
4148	0
4149	3
4150	0
4151	3
4152	6
4153	6
4154	8
4155	0
4156	6
4157	6
4158	6
4159	6
4160	6
4161	7
4162	7
4163	7
4164	7
4165	7
4166	0
4167	7
4168	7
4169	9
4170	7
4171	7
4172	7
4173	7
4174	7
4175	9
4176	7
4177	7
4178	7
4179	7
4180	9
4181	9
4182	9
4183	9
4184	7
4185	7
4186	7
4187	7
4188	7
4189	7
4190	7
4191	7
4192	7
4193	7
4194	7
4195	7
4196	7
4197	7
4198	7
4199	7
4200	0
4201	7
4202	7
4203	0
4204	7
4205	9
4206	9
4207	9
4208	7
4209	8
4210	9
4211	9
4212	8
4213	9
4214	9
4215	9
4216	9
4217	9
4218	9
4219	9
4220	8
4221	9
4222	9
4223	8
4224	9
4225	9
4226	9
4227	9
4228	8
4229	9
4230	9
4231	8
4232	8
4233	8
4234	8
4235	8
4236	8
4237	8
4238	8
4239	8
4240	8
4241	8
4242	8
4243	8
4244	8
4245	8
4246	8
4247	8
4248	8
4249	8
4250	8
4251	8
4252	8
4253	8
4254	8
4255	9
4256	9
4257	9
4258	9
4259	9
4260	9
4261	9
4262	8
4263	8
4264	9
4265	9
4266	3
4267	7
4268	7
4269	7
4270	7
4271	7
4272	7
4273	7
4274	7
4275	7
4276	7
4277	7
4278	7
4279	7
4280	7
4281	1
4282	1
4283	7
4284	7
4285	7
4286	7
4287	7
4288	7
4289	7
4290	7
4291	7
4292	7
4293	7
4294	7
4295	7
4296	7
4297	7
4298	7
4299	7
4300	7
4301	7
4302	7
4303	7
4304	7
4305	7
4306	7
4307	7
4308	7
4309	7
4310	7
4311	7
4312	7
4313	7
4314	7
4315	7
4316	7
4317	7
4318	7
4319	7
4320	7
4321	7
4322	7
4323	7
4324	7
4325	7
4326	7
4327	7
4328	7
4329	7
4330	7
4331	7
4332	1
4333	7
4334	7
4335	7
4336	7
4337	7
4338	7
4339	7
4340	7
4341	7
4342	7
4343	7
4344	7
4345	7
4346	7
4347	7
4348	7
4349	7
4350	7
4351	5
4352	7
4353	7
4354	7
4355	3
4356	3
4357	7
4358	7
4359	7
4360	7
4361	7
4362	3
4363	7
4364	3
4365	7
4366	7
4367	7
4368	7
4369	7
4370	7
4371	7
4372	7
4373	7
4374	7
4375	3
4376	7
4377	7
4378	7
4379	7
4380	7
4381	7
4382	7
4383	7
4384	7
4385	7
4386	7
4387	7
4388	7
4389	7
4390	7
4391	7
4392	7
4393	7
4394	7
4395	3
4396	7
4397	7
4398	7
4399	7
4400	7
4401	7
4402	5
4403	7
4404	7
4405	7
4406	3
4407	3
4408	7
4409	7
4410	7
4411	7
4412	3
4413	7
4414	7
4415	7
4416	7
4417	7
4418	7
4419	7
4420	7
4421	7
4422	7
4423	7
4424	7
4425	7
4426	7
4427	7
4428	7
4429	7
4430	7
4431	7
4432	3
4433	7
4434	7
4435	7
4436	7
4437	7
4438	7
4439	7
4440	7
4441	7
4442	3
4443	7
4444	7
4445	7
4446	7
4447	7
4448	7
4449	7
4450	7
4451	7
4452	7
4453	7
4454	3
4455	7
4456	7
4457	7
4458	7
4459	7
4460	7
4461	7
4462	7
4463	7
4464	3
4465	7
4466	7
4467	7
4468	7
4469	7
4470	7
4471	7
4472	7
4473	7
4474	7
4475	7
4476	7
4477	7
4478	7
4479	7
4480	7
4481	7
4482	7
4483	7
4484	7
4485	7
4486	7
4487	7
4488	3
4489	7
4490	6
4496	9
4497	9
4498	9
4499	9
4500	9
4501	9
4502	9
4503	9
4504	9
4510	9
4511	9
4512	9
4513	9
4514	8
4515	9
4516	9
4517	9
4518	9
4519	9
4520	9
4521	9
4522	9
4523	9
4524	9
4525	9
4526	9
4527	7
4528	7
4529	7
4530	7
4531	7
4532	7
4533	7
4534	7
4535	7
4536	7
4537	7
4538	7
4539	7
4540	7
4541	7
4542	7
4543	7
4544	7
4545	7
4546	7
4547	7
4548	7
4549	7
4550	7
4551	7
4552	7
4553	7
4554	6
4555	6
4556	6
4557	3
4558	6
4559	6
4560	3
4561	3
4562	3
4563	6
4564	3
4565	3
4566	3
4567	3
4568	3
4569	3
4570	6
4571	6
4572	6
4573	5
4574	6
4575	6
4576	6
4577	3
4578	6
4579	6
4580	0
4581	0
4582	6
4583	3
4584	3
4585	3
4586	8
4587	8
4588	6
4589	0
4590	6
4591	6
4592	6
4596	6
4597	8
4599	8
4600	8
4601	8
4602	8
4603	8
4607	8
4608	6
4609	6
4610	6
4611	6
4612	9
4613	6
4614	6
4615	6
4616	3
4617	8
4618	8
4619	8
4620	8
4621	0
4622	0
4623	6
4624	6
4625	6
4626	6
4627	6
4628	6
4629	6
4630	6
4631	6
4632	6
4633	6
4634	3
4635	9
4636	9
4637	9
4638	8
4639	8
4640	8
4641	8
4642	6
4643	6
4644	6
4645	6
4646	6
4647	3
4648	6
4649	9
4650	6
4651	6
4652	6
4653	8
4654	8
4655	8
4656	8
4657	6
4658	6
4659	5
4660	6
4661	6
4662	6
4663	7
4664	6
4665	6
4666	6
4667	6
4668	6
4669	6
4670	6
4671	6
4672	6
4673	6
4674	6
4675	0
4676	0
4677	0
4678	0
4679	6
4680	3
4681	6
4682	6
4683	6
4684	6
4685	6
4686	6
4687	6
4688	3
4689	6
4690	3
4691	3
4692	6
4693	6
4694	6
4695	6
4696	6
4697	6
4698	6
4699	6
4700	6
4701	6
4702	6
4703	6
4704	6
4705	6
4706	6
4707	6
4708	6
4709	6
4710	6
4711	6
4712	6
4713	6
4714	6
4715	6
4716	6
4717	6
4718	6
4719	6
4720	5
4721	5
4722	6
4723	6
4724	6
4725	6
4726	6
4727	6
4728	6
4729	6
4730	5
4731	6
4732	6
4733	6
4734	6
4735	6
4736	6
4737	6
4738	6
4739	6
4740	6
4741	6
4742	6
4743	6
4744	6
4745	6
4746	6
4747	6
4748	6
4749	6
4750	5
4751	6
4752	6
4753	9
4754	6
4755	6
4756	6
4757	6
4758	3
4759	3
4760	6
4761	6
4762	6
4763	3
4764	3
4765	6
4766	5
4767	6
4768	5
4769	5
4770	5
4771	6
4772	6
4773	6
4774	6
4775	6
4776	6
4777	9
4778	9
4779	9
4780	6
4781	3
4782	3
4783	3
4784	8
4785	4
4786	6
4787	4
4788	9
4789	6
4790	6
4791	6
4792	6
4793	6
4794	6
4795	6
4796	4
4797	4
4798	4
4799	4
4800	4
4801	3
4802	6
4803	5
4804	6
4805	6
4806	4
4807	4
4808	5
4809	5
4810	6
4811	5
4812	6
4813	6
4815	8
4816	8
4817	8
4818	8
4819	8
4820	8
4821	8
4822	8
4823	8
4826	6
4827	6
4828	6
4829	6
4830	9
4831	9
4832	6
4833	5
4834	6
4835	6
4836	9
4837	5
4838	4
4839	6
4840	6
4841	4
4842	4
4843	6
4844	4
4845	4
4846	4
4847	4
4848	4
4849	5
4850	4
4851	9
4852	9
4853	6
4854	6
4855	6
4856	6
4857	6
4858	4
4859	9
4860	4
4861	4
4862	4
4863	4
4864	4
4865	6
4866	4
4867	6
4868	6
4869	6
4870	6
4871	6
4872	7
4873	7
4874	7
4875	6
4876	0
4877	9
4878	3
4879	6
4880	6
4881	6
4882	6
4883	4
4884	6
4885	4
4886	4
4887	4
4888	3
4889	4
4890	3
4891	6
4892	6
4893	6
4894	6
4895	6
4896	6
4897	6
4898	6
4899	6
4900	6
4901	0
4902	0
4903	0
4904	0
4905	0
4906	0
4907	0
4908	6
4909	6
4910	6
4911	6
4912	6
4913	6
4914	6
4915	6
4916	6
4917	6
4918	6
4919	6
4920	6
4921	6
4922	6
4923	6
4924	6
4925	6
4926	6
4927	6
4928	6
4929	6
4930	6
4931	6
4932	6
4933	6
4934	0
4935	5
4936	6
4937	6
4938	6
4939	6
4940	0
4941	9
4942	0
4943	6
4944	6
4945	6
4946	6
4947	4
4948	8
4949	8
4950	8
4951	9
4953	9
4954	9
4955	9
4956	9
4958	9
4959	9
4961	9
4966	9
4968	7
4969	7
4970	7
4971	7
4972	5
4973	7
4974	7
4975	5
4976	5
4977	5
4978	8
4979	1
4980	8
4981	5
4982	5
4983	5
4984	5
4985	1
4986	1
4987	1
4988	8
4989	1
4990	1
4991	8
4992	8
4993	1
4994	8
4995	8
4996	1
4997	1
4998	1
4999	1
5000	8
5001	1
5002	7
5003	8
5004	7
5005	7
5006	7
5007	1
5008	7
5009	8
5010	7
5011	8
5012	5
5013	7
5014	1
5015	5
5016	5
5017	5
5018	5
5019	8
5020	8
5021	8
5022	1
5023	8
5024	7
5025	8
5026	8
5027	8
5028	8
5029	8
5030	8
5031	8
5032	8
5033	8
5034	8
5035	8
5036	1
5037	8
5038	1
5039	1
5040	1
5041	1
5042	1
5043	1
5044	1
5045	1
5046	1
5047	1
5048	1
5049	1
5050	1
5051	8
5052	8
5053	1
5054	8
5055	7
5058	1
5059	7
5063	1
5066	5
5067	5
5068	7
5069	7
5070	7
5071	7
5072	7
5073	7
5074	7
5075	7
5076	7
5077	7
5078	5
5079	7
5080	7
5081	7
5082	8
5083	8
5084	8
5085	5
5086	5
5087	5
5088	5
5089	1
5090	5
5091	7
5092	1
5093	1
5094	0
5095	0
5096	1
5097	1
5098	9
5099	9
5100	9
5101	9
5102	9
5103	9
5104	9
5105	9
5106	9
5107	9
5108	9
5109	9
5110	0
5111	0
5112	9
5113	9
5114	9
5115	9
5116	0
5117	9
5118	9
5119	9
5120	9
5121	9
5122	9
5123	9
5124	5
5125	5
5126	4
5127	2
5128	5
5129	5
5130	9
5131	2
5132	5
5133	2
5134	7
5135	2
5136	5
5137	5
5138	5
5139	7
5140	5
5141	5
5142	5
5143	5
5144	2
5145	5
5146	2
5147	5
5148	5
5149	2
5150	9
5151	9
5152	9
5153	5
5154	5
5155	2
5156	5
5157	5
5158	5
5159	2
5160	1
5161	5
5162	5
5163	5
5164	5
5165	5
5166	5
5167	5
5168	5
5169	5
5170	5
5171	5
5172	5
5173	8
5174	2
5175	2
5176	2
5177	5
5178	8
5179	9
5180	2
5181	2
5182	5
5183	5
5184	1
5185	5
5186	5
5187	9
5188	5
5189	5
5190	5
5191	9
5192	9
5193	2
5194	9
5195	9
5196	9
5197	9
5198	9
5199	9
5200	9
5201	5
5202	5
5203	5
5204	2
5205	2
5206	5
5207	2
5208	5
5209	5
5210	2
5211	1
5212	9
5213	7
5214	7
5215	5
5216	5
5217	5
5218	9
5219	5
5220	5
5221	5
5222	9
5223	5
5224	5
5225	5
5226	2
5227	5
5228	7
5229	2
5230	5
5231	5
5232	5
5233	5
5234	5
5235	5
5236	5
5237	5
5238	7
5239	1
5240	2
5241	9
5242	9
5243	9
5244	9
5245	5
5246	5
5247	2
5248	5
5249	5
5250	2
5251	9
5252	5
5253	2
5254	7
5255	2
5256	5
5257	9
5258	9
5259	5
5260	5
5261	5
5262	5
5263	5
5264	5
5265	5
5266	5
5267	5
5268	2
5269	2
5270	2
5271	4
5272	5
5273	5
5274	5
5275	1
5276	5
5277	2
5278	5
5279	2
5280	1
5281	7
5282	9
5283	9
5284	9
5285	4
5286	5
5287	5
5288	9
5289	5
5290	9
5291	9
5292	2
5293	4
5294	9
5295	5
5296	5
5297	2
5298	5
5299	5
5300	2
5301	2
5302	7
5303	5
5304	5
5305	5
5306	5
5307	5
5308	5
5309	5
5310	5
5311	4
5312	4
5313	4
5314	4
5315	8
5316	5
5317	5
5318	7
5319	5
5320	5
5321	2
5322	1
5324	1
5325	1
5326	7
5327	5
5328	9
5329	2
5330	5
5331	9
5332	9
5333	2
5334	5
5335	4
5336	4
5337	4
5338	4
5339	4
5340	4
5341	2
5342	5
5343	2
5344	9
5345	5
5346	2
5347	2
5348	7
5349	5
5350	7
5351	9
5352	5
5353	1
5354	9
5355	5
5356	9
5357	2
5358	5
5359	5
5360	5
5361	5
5362	9
5363	9
5364	5
5365	9
5366	5
5367	2
5368	5
5369	5
5370	2
5371	2
5372	2
5373	2
5374	2
5375	2
5376	5
5377	5
5378	9
5379	5
5380	9
5381	1
5382	5
5383	5
5384	5
5385	2
5386	2
5387	4
5388	4
5389	4
5390	4
5391	4
5392	2
5393	2
5394	2
5395	2
5396	2
5397	4
5398	5
5399	5
5400	2
5401	5
5402	5
5403	2
5404	2
5405	2
5406	2
5407	2
5408	2
5409	5
5410	2
5411	2
5412	5
5413	5
5414	5
5415	5
5416	2
5417	5
5418	2
5419	9
5420	5
5421	5
5422	5
5423	5
5424	5
5425	9
5426	5
5427	5
5428	5
5429	2
5430	4
5431	4
5432	4
5433	2
5434	5
5435	5
5436	2
5437	2
5438	2
5439	4
5440	2
5441	2
5442	5
5443	5
5444	5
5445	5
5446	2
5447	2
5448	2
5449	2
5450	2
5451	2
5452	2
5453	2
5454	5
5455	5
5456	5
5457	5
5458	7
5459	2
5460	2
5461	9
5462	9
5463	5
5464	1
5465	5
5466	5
5467	1
5468	5
5469	2
5470	5
5471	2
5472	1
5473	5
5474	5
5475	5
5476	2
5477	5
5478	9
5479	1
5480	7
5481	9
5482	5
5483	2
5484	5
5485	5
5486	2
5487	2
5488	2
5489	2
5490	2
5491	2
5492	9
5493	5
5494	5
5495	2
5496	5
5497	2
5498	1
5499	5
5500	9
5501	9
5502	2
5503	2
5504	2
5505	2
5506	4
5507	2
5508	5
5509	9
5510	2
5511	2
5512	7
5513	7
5514	2
5515	7
5516	2
5517	5
5518	2
5519	5
5520	2
5521	5
5522	8
5523	5
5524	9
5525	5
5526	2
5527	5
5528	5
5529	5
5530	5
5531	9
5532	5
5533	9
5534	5
5535	9
5536	9
5537	5
5538	5
5539	5
5540	2
5541	2
5542	2
5543	4
5544	4
5545	5
5546	2
5547	9
5548	5
5549	2
5550	9
5551	9
5552	4
5553	4
5554	2
5555	2
5556	2
5557	1
5558	1
5559	7
5560	2
5561	5
5562	5
5563	2
5564	2
5565	2
5566	2
5567	7
5568	7
5569	5
5570	1
5571	5
5572	2
5573	9
5574	5
5575	7
5576	5
5577	5
5578	5
5579	9
5580	5
5581	2
5582	2
5583	2
5584	2
5585	4
5586	5
5587	2
5588	9
5589	5
5590	5
5591	9
5592	5
5593	9
5594	9
5595	9
5596	2
5597	2
5598	2
5599	2
5600	4
5601	1
5602	1
5603	1
5604	7
5605	2
5606	2
5607	2
5608	5
5609	2
5610	7
5611	5
5612	5
5613	9
5614	7
5615	5
5616	9
5617	2
5618	5
5619	2
5620	1
5621	5
5622	5
5623	9
5624	9
5625	5
5626	5
5627	9
5628	5
5629	5
5630	9
5631	2
5632	9
5633	5
5634	9
5635	5
5636	9
5637	4
5638	2
5639	2
5640	2
5641	5
5642	5
5643	9
5644	9
5645	9
5646	5
5647	9
5648	9
5649	9
5650	5
5651	5
5652	2
5653	2
5654	2
5655	2
5656	2
5657	2
5658	5
5659	2
5660	2
5661	2
5662	7
5663	9
5664	1
5665	2
5666	5
5667	9
5668	5
5669	2
5670	2
5671	2
5672	9
5673	9
5674	2
5675	8
5676	9
5677	8
5678	5
5679	9
5680	5
5681	9
5682	5
5683	9
5684	5
5685	2
5686	2
5687	1
5688	2
5689	5
5690	9
5691	5
5692	9
5693	5
5694	5
5695	5
5696	5
5697	9
5698	5
5699	2
5700	2
5701	2
5702	2
5703	2
5704	4
5705	5
5706	5
5707	9
5708	9
5709	5
5710	2
5711	2
5712	5
5713	2
5714	2
5715	5
5716	1
5717	5
5718	9
5719	9
5720	5
5721	8
5722	5
5723	2
5725	9
5726	5
5727	5
5728	5
5729	5
5730	2
5731	5
5732	2
5733	9
5734	2
5735	5
5736	4
5737	9
5738	7
5739	5
5740	9
5741	9
5742	9
5743	5
5744	5
5745	9
5746	5
5747	5
5748	9
5749	2
5750	4
5751	2
5752	4
5753	2
5754	2
5755	2
5756	2
5757	7
5758	8
5759	9
5766	7
5767	7
5768	9
5769	5
5770	1
5771	2
5772	5
5773	2
5774	2
5775	5
5776	5
5777	7
5778	5
5779	5
5780	9
5781	9
5782	5
5783	7
5784	2
5785	1
5786	2
5787	5
5788	5
5789	5
5790	5
5791	5
5792	5
5793	5
5794	9
5795	9
5796	9
5797	9
5798	9
5799	5
5800	9
5801	2
5802	2
5803	2
5804	2
5805	5
5806	2
5807	5
5810	5
5811	5
5812	2
5813	5
5814	7
5815	1
5816	1
5817	8
5818	8
5819	5
5820	5
5821	5
5822	5
5823	9
5824	5
5825	5
5826	9
5827	2
5828	2
5829	9
5830	4
5831	2
5832	7
5833	5
5834	7
5835	7
5836	5
5837	7
5838	5
5839	5
5840	5
5841	5
5842	5
5843	5
5844	9
5845	9
5846	5
5847	9
5848	9
5849	5
5850	5
5851	2
5852	9
5853	5
5854	5
5855	2
5856	7
5857	7
5858	7
5859	2
5860	5
5861	7
5862	7
5863	5
5864	5
5865	2
5866	5
5867	5
5868	5
5869	2
5870	5
5871	2
5872	9
5873	2
5874	5
5875	5
5876	5
5877	5
5878	5
5879	2
5880	5
5881	5
5882	5
5883	5
5884	7
5885	9
5886	9
5887	9
5888	9
5889	9
5890	9
5891	7
5892	7
5893	7
5894	7
5895	7
5896	7
5897	7
5898	7
5899	7
5900	7
5901	7
5902	7
5903	7
5904	7
5905	7
5906	7
5907	7
5908	7
5909	7
5910	7
5911	7
5912	7
5913	7
5914	7
5915	7
5916	7
5917	7
5918	7
5919	7
5920	7
5921	7
5922	7
5923	7
5924	7
5925	7
5926	7
5927	7
5928	7
5929	7
5930	7
5931	7
5932	7
5933	7
5934	7
5935	7
5936	7
5937	7
5938	7
5939	7
5940	7
5941	7
5942	7
5943	7
5944	7
5945	7
5946	7
5947	7
5948	7
5949	7
5950	7
5951	7
5952	7
5953	7
5954	7
5955	7
5956	7
5957	7
5958	7
5959	7
5960	7
5961	7
5962	7
5963	7
5964	7
5965	7
5966	7
5967	7
5968	7
5969	7
5970	7
5971	7
5972	7
5973	7
5974	7
5975	7
5976	7
5977	7
5978	7
5979	7
5980	7
5981	7
5982	7
5983	7
5984	7
5985	7
5986	7
5987	7
5988	7
5989	7
5990	7
5991	7
5992	7
5993	7
5994	7
5995	7
5996	7
5997	7
5998	7
5999	7
6000	7
6001	7
6002	7
6003	7
6004	7
6005	7
6006	7
6007	7
6008	7
6009	7
6010	7
6011	7
6012	7
6013	7
6014	7
6015	7
6016	7
6017	7
6018	7
6019	7
6020	7
6021	7
6022	7
6023	7
6024	7
6025	7
6026	7
6027	7
6028	7
6029	7
6030	7
6031	7
6032	7
6033	7
6034	7
6035	7
6036	7
6037	7
6038	7
6039	7
6040	7
6041	7
6042	7
6043	7
6044	7
6045	7
6046	7
6047	7
6048	7
6049	7
6050	7
6051	7
6052	7
6053	7
6054	7
6055	7
6056	7
6057	7
6058	7
6059	7
6060	7
6061	7
6062	7
6063	7
6064	7
6065	7
6066	7
6067	7
6068	7
6069	7
6070	7
6071	7
6072	7
6073	7
6074	7
6075	7
6076	7
6077	7
6078	7
6079	7
6080	7
6081	7
6082	7
6083	7
6084	7
6085	7
6086	7
6087	7
6088	7
6089	7
6090	7
6091	7
6092	7
6093	7
6094	7
6095	7
6096	7
6097	7
6098	7
6099	7
6100	7
6101	7
6102	7
6103	7
6104	7
6105	7
6106	7
6107	7
6108	7
6109	7
6110	7
6111	7
6112	7
6113	7
6114	7
6115	7
6116	7
6117	7
6118	7
6119	7
6120	7
6121	7
6122	7
6123	7
6124	7
6125	7
6126	7
6127	7
6128	7
6129	7
6130	7
6131	7
6132	7
6133	7
6134	7
6135	7
6136	0
6137	7
6138	7
6139	7
6140	7
6141	7
6142	7
6143	7
6144	7
6145	7
6146	7
6147	7
6148	7
6149	7
6150	7
6151	7
6152	7
6153	7
6154	7
6155	7
6156	7
6157	7
6158	7
6159	7
6160	7
6161	7
6162	7
6163	7
6164	7
6165	7
6166	7
6167	7
6168	7
6169	7
6170	7
6171	7
6172	7
6173	7
6174	7
6175	7
6176	7
6177	7
6178	7
6179	7
6180	7
6181	7
6182	7
6183	7
6184	7
6185	7
6186	7
6187	7
6188	3
6189	7
6190	7
6191	7
6192	7
6193	3
6194	7
6195	7
6196	7
6197	7
6198	7
6199	7
6200	7
6201	7
6202	7
6203	7
6204	7
6205	3
6206	7
6207	7
6208	7
6209	7
6210	7
6211	3
6212	7
6213	7
6214	7
6215	7
6216	7
6217	7
6218	7
6219	7
6220	7
6221	7
6222	7
6223	7
6224	3
6225	3
6226	7
6227	7
6228	7
6229	7
6230	7
6231	7
6232	7
6233	7
6234	7
6235	7
6236	7
6237	7
6238	3
6239	8
6240	9
6241	6
6242	6
6243	9
6244	9
6245	9
6246	9
6247	0
6248	6
6249	0
6250	0
6251	9
6252	9
6253	6
6254	6
6255	8
6256	6
6257	0
6258	8
6259	6
6260	0
6261	8
6262	9
6263	8
6264	8
6265	8
6266	8
6267	8
6268	6
6269	0
6270	8
6271	8
6272	8
6273	9
6274	0
6275	8
6276	8
6277	0
6278	8
6279	8
6280	8
6281	0
6282	3
6283	8
6284	0
6285	0
6286	8
6287	8
6288	0
6289	8
6290	8
6291	8
6292	8
6293	8
6294	8
6295	9
6296	9
6297	3
6298	3
6299	8
6300	0
6301	0
6302	0
6303	8
6304	0
6305	8
6306	3
6307	0
6308	0
6309	0
6310	0
6311	3
6312	0
6313	0
6314	0
6315	8
6316	0
6317	0
6318	8
6319	0
6320	0
6321	0
6322	0
6323	3
6324	0
6325	9
6326	9
6327	8
6328	8
6329	8
6330	9
6331	9
6332	8
6333	6
6334	0
6335	9
6336	9
6337	0
6338	8
6339	8
6340	8
6341	0
6342	0
6343	8
6344	0
6345	0
6346	0
6347	8
6348	0
6349	0
6350	8
6351	9
6352	8
6353	8
6354	8
6355	8
6356	8
6357	0
6358	9
6359	3
6360	0
6361	9
6362	9
6363	9
6364	9
6365	9
6366	9
6367	9
6368	3
6369	8
6370	9
6371	9
6372	9
6373	9
6374	9
6375	3
6376	8
6377	8
6378	8
6379	8
6380	8
6381	8
6382	8
6383	8
6384	8
6385	8
6386	3
6387	8
6388	8
6389	8
6390	0
6391	0
6392	0
6393	9
6394	9
6395	0
6396	9
6397	9
6398	8
6399	9
6400	0
6401	8
6402	8
6403	6
6404	9
6405	0
6406	9
6407	6
6408	9
6409	9
6410	0
6411	0
6412	8
6413	0
6414	0
6415	0
6416	0
6417	8
6418	8
6419	0
6420	8
6421	8
6422	9
6423	8
6424	8
6425	8
6426	8
6427	8
6428	8
6429	8
6430	8
6431	0
6432	9
6433	0
6435	8
6436	8
6437	8
6438	8
6439	0
6440	8
6441	8
6442	8
6443	0
6444	8
6445	0
6446	0
6447	3
6448	3
6449	8
6450	0
6451	0
6452	0
6453	0
6454	8
6455	9
6456	8
6457	6
6458	9
6459	8
6460	8
6461	8
6462	8
6463	6
6464	6
6465	6
6466	8
6467	0
6468	9
6469	0
6470	9
6471	8
6472	8
6474	9
6475	6
6476	8
6477	9
6478	6
6479	9
6480	8
6481	0
6482	3
6483	0
6484	3
6485	0
6486	0
6487	0
6488	0
6489	8
6490	8
6491	8
6492	3
6493	8
6494	8
6495	8
6496	9
6497	8
6498	0
6499	8
6500	9
6501	8
6502	8
6503	8
6504	8
6505	8
6506	9
6507	3
6508	8
6509	6
6510	3
6511	8
6512	8
6513	9
6514	8
6515	9
6516	8
6517	0
6518	0
6519	3
6520	3
6521	0
6522	8
6523	8
6524	8
6525	8
6526	8
6527	8
6528	0
6529	8
6530	8
6531	8
6532	0
6533	6
6534	9
6535	8
6536	8
6537	3
6538	8
6539	9
6540	8
6541	0
6542	9
6543	9
6544	0
6545	0
6546	0
6547	8
6548	8
6549	0
6550	8
6551	9
6552	0
6553	6
6554	6
6555	9
6556	9
6557	9
6558	9
6559	9
6560	9
6561	9
6562	9
6563	9
6564	9
6565	1
6566	1
6567	1
6568	1
6569	1
6570	1
6571	1
6572	1
6573	1
6574	1
6575	1
6576	1
6577	1
6578	1
6579	1
6580	1
6581	1
6582	1
6583	1
6584	1
6585	1
6586	1
6587	1
6588	1
6589	1
6590	1
6591	1
6592	1
6593	1
6594	1
6595	1
6596	1
6597	1
6598	1
6599	1
6600	1
6601	1
6602	1
6603	1
6604	7
6605	1
6606	1
6607	1
6608	7
6609	7
6610	1
6611	7
6612	1
6613	1
6614	1
6615	1
6616	7
6617	1
6618	1
6619	0
6620	0
6621	0
6622	0
6623	0
6624	1
6625	1
6626	1
6627	1
6628	1
6629	8
6630	1
6631	1
6632	1
6633	1
6634	1
6635	8
6636	8
6637	1
6638	8
6639	1
6640	8
6641	1
6642	8
6643	1
6644	8
6645	1
6646	1
6647	8
6648	8
6650	8
6651	8
6652	1
6653	1
6654	1
6655	1
6656	1
6657	1
6658	1
6659	1
6660	8
6661	8
6662	8
6663	8
6664	8
6665	8
6666	8
6667	8
6668	8
6669	1
6671	1
6672	8
6679	8
6683	1
6684	8
6685	8
6686	1
6687	1
6688	1
6689	5
6690	1
6691	8
6692	8
6693	1
6694	1
6695	8
6696	1
6697	1
6698	1
6699	1
6700	1
6701	1
6702	1
6703	1
6704	1
6705	1
6706	1
6707	1
6708	1
6709	1
6710	1
6711	1
6712	1
6713	1
6714	8
6715	1
6716	1
6717	1
6718	7
6719	1
6720	1
6721	1
6722	1
6723	1
6724	1
6725	1
6726	1
6727	1
6728	1
6729	1
6730	1
6731	1
6732	1
6733	1
6734	1
6735	1
6736	1
6737	1
6738	1
6739	8
6740	1
6741	8
6742	8
6743	8
6744	8
6745	8
6746	8
6747	8
6748	1
6749	1
6750	1
6751	1
6752	8
6753	8
6754	8
6755	8
6756	8
6757	1
6758	1
6759	1
6760	1
6761	1
6762	1
6763	1
6764	7
6765	7
6766	7
6767	0
6768	0
6769	7
6770	7
6771	7
6772	7
6773	7
6774	7
6775	7
6776	7
6777	7
6778	7
6779	7
6780	7
6781	7
6782	7
6783	7
6784	7
6785	7
6786	7
6787	7
6788	7
6789	7
6790	7
6791	7
6792	7
6793	7
6794	7
6795	7
6796	7
6797	7
6798	7
6799	7
6800	7
6801	7
6802	7
6803	7
6804	7
6805	7
6806	7
6807	7
6808	7
6809	7
6810	7
6811	7
6812	7
6813	7
6814	7
6815	7
6816	0
6817	7
6818	7
6819	7
6820	0
6821	0
6822	9
6823	0
6824	0
6825	0
6826	0
6827	1
6828	9
6829	9
6830	0
6831	1
6832	1
6833	1
6834	1
6835	0
6836	0
6837	0
6838	0
6839	1
6840	0
6841	0
6842	0
6843	0
6844	0
6845	0
6846	1
6847	1
6848	0
6849	0
6850	0
6851	1
6852	1
6853	1
6854	1
6855	1
6856	1
6857	1
6858	0
6859	9
6860	1
6861	1
6862	1
6863	9
6864	0
6865	0
6866	0
6867	0
6868	1
6869	1
6870	1
6871	7
6872	9
6873	9
6874	9
6875	9
6876	7
6877	7
6878	7
6879	7
6880	1
6881	9
6882	9
6883	7
6884	9
6885	9
6886	9
6887	0
6888	7
6889	7
6890	7
6891	7
6892	0
6893	0
6894	0
6895	7
6896	0
6897	9
6898	9
6899	9
6900	7
6901	9
6902	9
6903	7
6904	9
6905	9
6906	9
6907	7
6908	9
6909	9
6910	9
6911	7
6912	7
6913	9
6914	1
6915	0
6916	0
6917	0
6918	9
6919	1
6920	1
6921	1
6922	9
6923	9
6924	9
6925	9
6926	9
6927	9
6928	9
6929	9
6930	9
6931	7
6932	9
6933	9
6934	9
6935	7
6936	9
6937	9
6938	9
6939	1
6940	1
6941	1
6942	9
6943	9
6944	0
6945	0
6946	0
6947	7
6948	7
6949	7
6950	1
6951	0
6952	1
6953	1
6954	1
6955	1
6956	9
6957	9
6958	9
6959	0
6960	9
6961	9
6962	1
6963	1
6964	1
6965	1
6966	9
