1	9
2	7
3	7
4	0
5	9
6	7
7	7
8	7
9	7
10	0
11	7
12	7
13	7
14	7
15	7
16	0
17	0
18	0
19	9
20	0
21	9
22	7
23	0
24	9
25	9
26	7
27	7
28	9
29	7
30	9
31	9
32	9
33	7
34	7
35	7
36	7
37	7
38	7
39	7
40	7
41	7
42	7
43	7
44	7
45	7
46	7
47	7
48	7
49	7
50	7
51	7
52	7
53	7
54	7
55	7
56	7
57	7
58	7
59	7
60	7
61	7
62	7
63	0
64	0
65	0
66	0
67	0
68	0
69	0
70	0
71	0
72	0
73	0
74	0
75	0
76	0
77	0
78	0
79	0
80	0
81	0
82	0
83	0
84	0
85	0
86	0
87	1
88	0
89	0
90	0
91	0
92	0
93	0
94	0
95	1
96	0
97	0
98	1
99	0
100	1
101	0
102	1
103	1
104	1
105	0
106	0
107	0
108	1
109	1
110	1
111	1
112	0
113	0
114	0
115	1
116	1
117	0
118	0
119	0
120	0
121	0
122	0
123	0
124	1
125	0
126	0
127	0
128	0
129	0
130	0
131	0
132	0
133	0
134	0
135	0
136	0
137	0
138	0
139	1
140	0
141	1
142	0
143	0
144	1
145	0
146	0
147	0
148	0
149	0
150	0
151	0
152	0
153	0
154	1
155	0
156	0
157	0
158	0
159	0
160	0
161	0
162	1
163	0
164	1
165	1
166	0
167	0
168	1
169	1
170	0
171	0
172	0
173	0
174	0
175	0
176	0
177	0
178	0
179	0
180	0
181	0
182	7
183	0
184	1
185	0
186	0
187	0
188	0
189	0
190	0
191	0
192	0
193	0
194	0
195	0
196	0
197	0
198	0
199	0
200	0
201	0
202	0
203	0
204	0
205	0
206	0
207	0
208	0
209	0
210	1
211	0
212	0
213	0
214	0
215	0
216	0
217	0
218	0
219	0
220	0
221	0
222	0
223	0
224	0
225	0
226	0
227	0
228	0
229	0
230	0
231	0
232	0
233	0
234	0
235	0
236	0
237	0
238	0
239	0
240	0
241	1
242	0
243	0
244	0
245	0
246	0
247	0
248	0
249	0
250	0
251	0
252	0
253	0
254	0
255	0
256	0
257	8
258	0
259	8
260	1
261	1
262	1
263	7
264	7
265	7
266	2
267	1
268	2
269	7
270	1
271	7
272	1
273	2
274	1
275	1
276	7
277	7
278	7
279	7
280	8
281	8
282	8
283	8
284	8
285	8
286	5
287	8
288	5
289	7
290	7
291	7
292	2
293	7
294	7
295	8
296	8
297	8
298	1
299	1
300	5
301	0
302	7
303	7
304	7
305	7
306	7
307	7
308	8
309	7
310	7
311	2
312	7
313	7
314	7
315	7
316	7
317	7
318	7
319	7
320	7
321	7
322	7
323	7
324	7
325	7
326	7
327	7
328	5
329	0
330	7
331	7
332	1
333	0
334	7
335	7
336	7
337	7
338	7
339	8
340	8
341	7
342	8
343	8
344	9
345	9
346	9
347	8
348	9
349	9
350	9
351	9
352	9
353	9
354	9
355	9
357	9
358	9
359	9
360	9
361	9
362	9
363	9
365	9
366	9
367	9
368	9
369	9
370	9
372	9
373	9
374	9
375	9
376	9
377	9
378	9
379	9
380	9
381	9
382	9
383	9
384	9
385	9
386	9
387	9
388	9
389	9
390	9
391	9
392	9
393	9
394	9
395	9
396	9
397	9
398	9
399	9
400	9
401	9
402	9
403	9
404	9
405	9
406	9
407	9
408	9
409	9
410	9
411	9
412	9
413	9
414	9
415	9
416	9
417	9
418	9
419	9
420	9
421	9
422	9
423	9
424	9
425	9
426	8
427	8
428	9
429	8
430	9
431	9
432	9
434	9
435	9
436	9
438	9
439	9
440	9
441	9
442	9
443	6
444	6
445	6
446	9
447	9
448	9
449	9
450	9
451	6
452	9
453	9
454	9
455	9
456	6
457	8
458	6
459	9
460	6
461	6
462	9
463	6
464	9
465	9
466	8
467	9
468	6
469	9
470	6
471	9
472	9
473	9
474	9
475	9
476	9
477	6
478	6
479	9
480	9
481	9
482	9
483	6
484	6
485	9
486	9
487	6
488	6
489	6
490	9
491	8
492	8
493	8
494	9
495	8
496	6
497	6
498	6
499	9
500	9
501	6
502	6
503	6
504	6
505	9
506	6
507	6
508	9
509	9
510	9
511	9
512	8
513	9
514	6
515	9
516	6
517	9
518	9
519	6
520	9
521	9
522	9
523	9
524	8
525	6
526	9
527	8
528	9
529	8
530	9
531	0
532	6
533	9
534	9
535	9
536	9
538	9
539	9
540	9
541	9
542	9
543	0
544	6
545	9
546	9
547	9
548	9
549	6
550	9
551	9
552	9
553	9
554	8
555	8
556	9
557	8
558	8
559	8
560	8
561	8
562	9
563	9
564	0
565	9
566	9
567	9
568	6
569	8
570	8
571	9
572	8
573	9
574	8
575	9
576	9
577	9
578	9
579	6
580	9
581	9
582	9
583	0
584	0
585	9
586	9
587	9
588	9
589	9
590	9
591	8
592	9
593	0
594	0
595	9
596	9
597	9
598	9
599	8
600	8
601	9
602	6
603	6
604	9
605	9
606	9
607	9
608	9
609	9
610	8
611	6
612	8
613	8
614	9
615	9
616	9
617	9
618	8
619	9
620	8
621	6
622	8
623	9
624	9
625	6
626	8
627	8
628	8
629	8
630	9
631	8
632	6
633	6
634	9
635	8
636	6
637	6
638	9
639	6
640	9
641	9
642	6
643	8
644	8
645	8
646	7
647	7
648	0
649	7
650	7
651	1
652	7
653	0
654	7
655	1
656	7
657	1
658	1
659	7
660	0
661	0
662	0
663	0
664	6
665	0
666	0
667	0
668	6
669	0
670	0
671	0
672	0
673	0
674	0
675	0
676	6
677	6
678	6
679	6
680	6
681	6
682	6
683	6
684	6
685	0
686	6
687	6
688	6
689	6
690	6
691	6
692	6
693	6
694	0
695	0
696	6
697	6
698	6
699	0
700	0
701	6
702	0
703	6
704	0
705	6
706	6
707	0
708	6
709	0
710	6
711	0
712	6
713	0
714	0
715	0
716	0
717	0
718	0
719	0
720	0
721	9
722	9
723	9
724	0
725	0
726	0
727	0
728	9
729	8
730	9
731	9
732	9
733	9
734	9
735	9
736	9
737	8
738	8
739	8
740	6
741	6
742	6
743	6
744	8
745	8
746	0
747	0
748	0
749	0
750	0
751	6
752	7
753	7
754	7
755	7
756	7
757	9
758	9
759	7
760	7
761	7
762	7
763	0
764	0
765	7
766	7
767	7
768	8
769	7
770	7
771	7
772	7
773	7
774	7
775	7
776	0
777	5
778	0
779	0
780	7
781	0
782	0
783	7
784	7
785	7
786	7
787	7
788	0
789	0
790	0
791	0
792	0
793	0
794	0
795	7
796	9
797	7
798	3
799	7
800	7
801	7
802	7
803	7
804	7
805	7
806	7
807	7
808	7
809	7
810	7
811	7
812	7
813	7
814	7
815	7
816	7
817	7
818	7
819	7
820	7
821	7
822	7
823	3
824	7
825	3
826	7
827	7
828	7
829	7
830	7
831	7
832	7
833	7
834	0
835	0
836	7
837	7
838	0
839	7
840	0
841	0
842	0
843	0
844	0
845	0
846	0
847	0
848	0
849	0
850	0
851	0
852	0
853	0
854	0
855	0
856	0
857	0
858	0
859	1
860	1
861	7
862	7
863	1
864	0
865	1
866	1
867	1
868	1
869	1
870	1
871	0
872	0
873	0
874	0
875	9
876	0
877	0
878	0
879	9
880	0
881	9
882	1
883	9
884	9
885	7
886	7
887	9
888	9
889	0
890	9
891	9
892	1
893	0
894	1
895	7
896	9
897	9
898	9
899	9
900	9
901	9
902	0
903	0
904	0
905	7
906	0
907	7
908	7
909	0
910	0
911	0
912	0
913	0
914	0
915	7
916	1
917	0
918	0
919	1
920	1
921	7
922	7
923	0
924	0
925	9
926	7
927	7
928	7
929	7
930	7
931	7
932	7
933	7
934	7
935	7
936	7
937	7
938	0
939	0
940	0
941	0
942	0
943	0
944	0
945	0
946	7
947	7
948	0
949	0
950	0
951	7
952	0
953	0
954	0
955	0
956	7
957	0
958	0
959	7
960	7
961	7
962	7
963	9
964	9
965	9
966	0
967	7
968	9
969	9
970	7
971	7
972	7
973	7
974	7
975	7
976	7
977	7
978	0
979	0
980	0
981	0
982	0
983	7
984	0
985	7
986	0
987	0
988	0
989	0
990	0
991	0
992	7
993	9
994	7
995	7
996	7
997	7
998	0
999	7
1000	7
1001	7
1002	7
1003	7
1004	7
1005	0
1006	0
1007	0
1008	7
1009	9
1010	9
1011	9
1012	9
1013	9
1014	8
1015	9
1016	9
1017	9
1018	8
1019	9
1020	9
1021	9
1022	9
1023	8
1024	9
1025	9
1026	8
1027	9
1028	8
1029	9
1030	9
1031	9
1032	9
1033	8
1034	9
1035	8
1036	9
1037	9
1038	9
1039	8
1040	8
1041	8
1042	9
1043	0
1044	8
1045	9
1046	9
1051	9
1052	9
1053	8
1054	8
1055	8
1056	8
1057	9
1058	9
1059	9
1060	9
1061	9
1062	9
1063	9
1064	9
1065	9
1066	9
1068	9
1069	9
1070	8
1071	8
1072	8
1073	9
1074	9
1075	9
1076	9
1077	8
1078	9
1079	9
1080	9
1081	9
1082	9
1084	8
1085	8
1087	8
1088	8
1089	8
1090	8
1091	8
1092	8
1093	8
1094	8
1095	8
1096	8
1097	8
1099	8
1101	8
1102	8
1103	8
1104	8
1105	8
1106	8
1107	8
1108	8
1109	8
1110	8
1111	8
1112	8
1113	8
1114	8
1115	8
1116	8
1117	8
1118	8
1120	8
1121	8
1122	8
1123	8
1124	8
1125	8
1126	8
1127	8
1128	8
1129	8
1130	8
1131	8
1132	8
1133	8
1134	8
1135	8
1136	8
1137	8
1138	8
1139	8
1140	8
1141	8
1142	8
1143	8
1144	8
1145	8
1146	8
1147	8
1149	8
1151	8
1157	8
1160	8
1161	8
1162	8
1163	8
1164	8
1165	8
1167	8
1168	8
1169	8
1170	8
1171	8
1172	8
1173	8
1174	8
1175	8
1176	8
1177	9
1178	9
1179	9
1181	8
1182	8
1185	9
1189	8
1190	8
1191	9
1192	9
1193	9
1194	9
1195	9
1196	9
1197	9
1198	8
1199	9
1200	8
1201	8
1202	8
1203	8
1204	9
1205	9
1206	8
1207	9
1208	8
1209	9
1210	9
1211	9
1212	9
1213	9
1214	9
1215	9
1216	9
1217	6
1218	6
1219	6
1220	6
1221	4
1222	5
1223	6
1224	6
1225	6
1226	6
1227	6
1228	6
1229	6
1230	4
1231	6
1232	6
1233	9
1234	9
1235	9
1236	3
1237	4
1238	4
1239	4
1240	4
1241	3
1242	4
1243	4
1244	4
1245	4
1246	4
1247	4
1249	4
1250	4
1251	4
1252	4
1253	4
1254	4
1255	4
1256	4
1257	4
1258	2
1259	4
1260	4
1261	4
1263	2
1264	4
1265	4
1266	4
1267	4
1268	4
1269	4
1270	4
1271	4
1272	4
1273	4
1274	4
1275	4
1276	4
1277	4
1278	4
1279	4
1280	4
1281	4
1282	4
1283	4
1284	4
1285	4
1286	4
1287	4
1288	4
1289	4
1290	4
1291	4
1292	4
1293	4
1294	4
1295	4
1296	4
1297	4
1298	4
1299	4
1300	4
1301	4
1302	4
1303	4
1304	4
1305	2
1306	2
1307	2
1308	2
1309	2
1310	2
1311	2
1312	2
1313	4
1314	5
1315	4
1316	5
1317	4
1318	5
1319	5
1320	5
1321	5
1322	3
1323	3
1324	5
1325	5
1326	3
1327	3
1328	3
1329	3
1330	3
1331	2
1332	2
1333	2
1334	2
1335	2
1336	2
1337	5
1338	5
1339	2
1340	4
1341	2
1342	4
1343	2
1344	4
1345	4
1346	2
1347	4
1348	4
1349	2
1350	2
1351	2
1352	5
1353	3
1354	2
1355	2
1356	2
1357	5
1358	3
1359	4
1360	4
1361	4
1362	4
1363	4
1364	4
1365	4
1366	2
1367	4
1368	4
1369	4
1370	4
1371	4
1372	4
1374	4
1375	4
1376	4
1377	6
1378	5
1379	0
1380	5
1381	0
1382	5
1383	0
1384	3
1385	3
1386	5
1387	6
1388	6
1389	6
1390	4
1391	4
1392	6
1393	6
1394	6
1395	6
1396	6
1397	9
1398	9
1399	9
1400	9
1401	9
1402	9
1403	9
1404	9
1405	9
1406	9
1407	9
1408	4
1409	2
1410	6
1411	4
1412	6
1413	4
1414	4
1415	4
1416	4
1417	4
1418	4
1419	4
1420	4
1421	4
1422	4
1423	4
1424	4
1425	4
1426	4
1427	4
1429	4
1432	4
1433	4
1434	4
1435	4
1436	4
1437	4
1438	4
1439	4
1440	4
1441	4
1442	4
1443	4
1444	4
1445	4
1446	4
1447	4
1448	4
1449	2
1450	2
1451	4
1452	2
1453	2
1454	2
1455	2
1456	2
1457	2
1458	2
1459	2
1460	4
1461	2
1462	2
1463	2
1464	2
1465	2
1466	5
1467	5
1468	4
1469	4
1470	5
1471	5
1472	5
1473	5
1474	5
1475	5
1476	5
1477	5
1478	4
1479	4
1480	4
1481	5
1482	4
1483	5
1484	5
1485	5
1486	5
1487	5
1488	3
1489	3
1490	2
1491	4
1492	4
1493	4
1494	4
1495	4
1496	4
1497	5
1498	4
1499	4
1500	4
1501	4
1502	4
1503	4
1504	4
1505	4
1506	4
1507	4
1508	2
1509	4
1510	2
1511	4
1512	2
1513	2
1514	2
1515	2
1516	2
1517	2
1518	2
1519	2
1520	5
1521	5
1522	5
1523	5
1524	3
1525	5
1526	2
1527	4
1528	4
1529	4
1530	4
1531	4
1533	4
1534	4
1535	4
1536	4
1537	2
1538	2
1539	4
1540	4
1541	4
1542	2
1543	4
1544	5
1545	0
1546	0
1547	5
1548	0
1549	0
1550	0
1551	5
1552	5
1553	6
1554	4
1555	4
1556	4
1557	4
1558	4
1559	4
1560	4
1561	4
1562	4
1563	9
1564	9
1565	9
1566	9
1567	9
1568	6
1569	6
1570	3
1571	4
1572	3
1573	4
1574	3
1575	3
1576	3
1577	3
1578	3
1579	3
1580	3
1581	3
1582	4
1584	4
1585	4
1586	4
1587	4
1588	4
1589	4
1590	4
1591	4
1592	4
1593	4
1594	4
1596	4
1597	4
1598	4
1599	4
1600	4
1601	4
1602	4
1603	4
1604	4
1605	4
1606	4
1607	4
1608	4
1609	4
1610	4
1611	4
1612	4
1613	4
1614	4
1615	4
1616	2
1617	2
1618	2
1619	2
1620	2
1621	2
1622	2
1623	4
1624	2
1625	2
1626	4
1627	2
1628	2
1629	4
1630	2
1631	2
1632	4
1633	4
1634	4
1635	2
1636	5
1637	5
1638	5
1639	3
1640	5
1641	3
1642	5
1643	5
1644	5
1645	5
1646	3
1647	3
1648	3
1649	3
1650	4
1651	4
1652	4
1653	3
1654	3
1655	3
1656	3
1657	5
1658	2
1659	2
1660	4
1661	4
1662	4
1663	4
1664	4
1665	4
1666	4
1667	2
1668	2
1669	2
1670	2
1671	2
1672	2
1673	2
1674	2
1675	2
1676	2
1677	4
1678	2
1679	2
1680	2
1681	2
1682	2
1683	2
1684	4
1685	4
1686	2
1687	2
1688	3
1689	3
1690	5
1691	5
1692	5
1693	5
1694	3
1695	5
1696	4
1697	2
1698	4
1699	4
1700	2
1701	2
1702	2
1703	2
1704	2
1705	2
1706	4
1707	2
1708	4
1709	2
1710	4
1711	4
1712	2
1713	5
1714	5
1715	5
1716	0
1717	5
1718	5
1719	5
1720	5
1721	0
1722	5
1723	4
1724	4
1725	6
1726	4
1727	4
1728	4
1729	4
1730	6
1731	6
1732	6
1733	6
1734	6
1735	6
1736	6
1737	3
1738	3
1739	4
1740	4
1741	4
1742	4
1743	2
1744	4
1745	4
1746	2
1747	4
1748	2
1749	2
1750	4
1751	4
1752	2
1753	2
1754	4
1755	4
1756	4
1757	4
1758	4
1759	4
1760	4
1761	4
1762	4
1763	4
1764	4
1765	4
1766	4
1767	4
1769	4
1770	4
1771	4
1772	4
1773	4
1774	4
1775	4
1776	4
1777	4
1778	4
1779	4
1780	4
1781	4
1782	4
1783	4
1784	4
1785	4
1786	4
1787	4
1788	4
1789	4
1790	4
1791	4
1792	4
1793	4
1795	4
1796	4
1797	4
1798	4
1799	2
1800	4
1801	4
1802	5
1803	5
1804	4
1805	5
1806	5
1807	5
1808	3
1809	5
1810	5
1811	5
1812	3
1813	5
1814	4
1815	4
1816	5
1817	3
1818	4
1819	4
1820	3
1821	5
1822	4
1823	4
1824	2
1825	4
1826	2
1827	2
1828	2
1829	4
1830	2
1831	4
1832	2
1833	4
1834	2
1835	2
1836	2
1837	2
1838	2
1839	2
1840	4
1841	4
1842	4
1843	4
1844	4
1845	2
1846	2
1847	2
1848	2
1849	2
1850	5
1851	5
1852	3
1853	3
1854	3
1855	5
1856	3
1857	4
1858	4
1859	5
1860	5
1861	5
1862	5
1863	4
1864	5
1865	5
1866	5
1867	6
1868	3
1869	5
1870	5
1871	0
1872	5
1873	5
1874	5
1875	5
1876	4
1877	6
1878	6
1879	6
1880	4
1881	4
1882	4
1883	6
1884	6
1885	6
1886	6
1887	6
1888	6
1889	6
1890	6
1891	4
1892	3
1893	3
1894	3
1895	6
1896	4
1897	2
1898	4
1899	2
1900	4
1901	4
1902	4
1903	4
1904	4
1905	4
1906	4
1907	4
1908	4
1909	4
1910	4
1911	4
1912	4
1913	4
1914	2
1915	2
1916	2
1917	2
1918	2
1919	2
1920	2
1921	2
1922	4
1923	4
1924	2
1925	4
1926	4
1927	4
1928	4
1929	4
1930	4
1931	4
1932	4
1933	4
1934	4
1935	4
1936	4
1937	4
1938	4
1939	4
1940	4
1941	4
1942	4
1943	4
1944	2
1945	2
1946	4
1947	4
1948	2
1949	2
1950	2
1951	2
1952	2
1953	2
1954	2
1955	2
1956	2
1957	2
1958	2
1959	2
1960	2
1961	2
1962	4
1963	4
1964	2
1965	3
1966	3
1967	5
1968	5
1969	5
1970	3
1971	3
1972	5
1973	3
1974	3
1975	3
1976	5
1977	5
1978	5
1979	3
1980	4
1981	5
1982	4
1983	5
1984	2
1985	2
1986	2
1987	2
1988	2
1989	2
1990	2
1991	2
1992	2
1993	4
1994	4
1995	2
1996	2
1997	2
1998	2
1999	2
2000	2
2001	2
2002	2
2003	2
2004	2
2005	2
2006	2
2007	2
2008	2
2009	2
2010	2
2011	5
2012	3
2013	2
2014	2
2015	6
2016	6
2017	5
2018	3
2019	0
2020	5
2021	5
2022	6
2023	5
2024	5
2025	6
2026	6
2027	5
2028	5
2029	5
2030	5
2031	5
2032	5
2033	4
2034	4
2035	4
2036	4
2037	4
2038	6
2039	4
2040	6
2041	4
2042	4
2043	6
2044	3
2045	3
2046	4
2047	6
2048	6
2049	6
2050	4
2051	6
2052	4
2053	4
2054	4
2055	4
2056	4
2057	4
2058	4
2059	4
2060	4
2061	4
2062	4
2063	4
2064	4
2065	2
2066	2
2067	4
2068	4
2069	4
2070	4
2071	2
2072	4
2073	2
2074	4
2075	4
2076	4
2077	4
2078	4
2079	4
2080	4
2081	4
2082	4
2083	4
2084	4
2085	2
2086	4
2087	2
2088	2
2089	4
2090	4
2091	4
2092	4
2093	4
2094	4
2095	4
2096	4
2097	4
2098	2
2099	4
2100	4
2101	4
2102	2
2103	4
2104	2
2105	4
2106	4
2107	4
2108	2
2109	4
2110	2
2111	4
2112	4
2113	5
2114	4
2115	5
2116	4
2117	3
2118	3
2119	3
2120	3
2121	3
2122	3
2123	3
2124	5
2125	5
2126	5
2127	3
2128	3
2129	3
2130	2
2131	2
2132	2
2133	2
2134	4
2135	4
2136	4
2137	2
2138	4
2139	4
2140	4
2141	2
2142	2
2143	2
2144	2
2145	4
2146	4
2147	4
2148	4
2149	2
2150	4
2151	4
2152	5
2153	4
2154	4
2155	4
2156	2
2157	2
2158	4
2161	5
2162	5
2163	5
2164	5
2165	3
2166	3
2167	3
2168	2
2169	2
2170	2
2171	2
2172	2
2173	7
2174	6
2175	6
2176	6
2177	6
2178	6
2179	6
2180	5
2181	5
2182	5
2183	5
2184	5
2185	5
2186	5
2187	5
2188	3
2189	3
2190	3
2191	4
2192	4
2193	6
2194	6
2195	6
2196	6
2197	6
2198	6
2199	6
2200	6
2201	6
2202	4
2203	6
2204	6
2205	3
2206	4
2207	4
2208	4
2209	4
2210	4
2211	2
2212	4
2213	4
2215	4
2216	4
2217	4
2218	4
2219	4
2220	2
2221	2
2222	2
2223	2
2224	2
2225	2
2226	4
2227	2
2228	2
2229	4
2230	4
2231	4
2232	2
2233	2
2234	2
2235	4
2236	4
2237	4
2238	4
2239	4
2240	4
2241	4
2242	4
2243	4
2244	4
2245	4
2246	4
2247	2
2248	2
2249	4
2250	4
2251	4
2252	4
2253	4
2254	4
2255	4
2256	4
2257	5
2258	3
2259	3
2260	3
2261	3
2262	3
2263	3
2264	3
2265	3
2266	3
2267	3
2268	4
2269	3
2270	4
2271	4
2272	4
2273	3
2274	3
2275	5
2276	5
2277	5
2278	4
2279	4
2280	4
2281	4
2282	5
2283	5
2284	4
2285	5
2286	4
2287	4
2288	5
2289	2
2290	2
2291	2
2292	2
2293	2
2294	2
2295	2
2296	2
2297	2
2298	2
2299	4
2300	2
2301	2
2302	4
2303	2
2304	0
2305	2
2306	5
2307	2
2308	5
2309	5
2310	2
2311	5
2312	3
2313	5
2314	5
2315	5
2316	5
2317	3
2318	5
2319	5
2320	5
2321	5
2322	5
2323	5
2324	5
2325	5
2326	5
2327	5
2328	6
2329	5
2330	5
2331	5
2332	5
2333	0
2334	5
2335	5
2336	3
2337	5
2338	4
2339	5
2340	5
2341	3
2342	3
2343	3
2344	6
2345	6
2346	6
2347	6
2348	6
2349	6
2350	6
2351	6
2352	6
2353	4
2354	4
2355	5
2356	4
2357	4
2358	6
2359	6
2360	6
2361	6
2362	6
2363	6
2364	6
2365	6
2366	6
2367	6
2368	6
2369	6
2370	3
2371	3
2372	4
2373	4
2374	4
2375	4
2376	4
2377	4
2378	4
2379	4
2380	4
2381	2
2382	2
2383	2
2384	2
2385	2
2386	4
2387	2
2388	2
2389	2
2390	2
2391	4
2392	4
2393	4
2394	4
2395	4
2396	4
2397	4
2398	4
2399	4
2400	4
2401	4
2402	4
2403	2
2404	2
2405	2
2406	2
2407	4
2408	2
2409	2
2410	4
2411	4
2412	4
2413	4
2414	4
2415	4
2416	4
2417	4
2418	4
2419	4
2420	4
2421	4
2422	4
2423	2
2424	2
2425	3
2426	3
2427	5
2428	5
2429	5
2430	4
2431	5
2432	4
2433	5
2434	5
2435	3
2436	3
2437	3
2438	5
2439	2
2440	2
2441	4
2442	5
2443	5
2444	5
2445	5
2446	5
2447	5
2448	5
2449	5
2450	5
2451	5
2452	4
2453	5
2454	5
2455	5
2456	5
2457	5
2458	4
2459	4
2460	5
2461	5
2462	5
2463	4
2464	5
2465	3
2466	5
2467	6
2468	5
2469	3
2470	5
2471	0
2472	5
2473	5
2474	5
2475	5
2476	5
2477	5
2478	5
2479	5
2480	2
2481	5
2482	9
2483	5
2484	5
2485	2
2486	2
2487	5
2488	5
2489	5
2490	3
2491	5
2492	0
2493	0
2494	3
2495	5
2496	5
2497	5
2498	3
2499	5
2500	3
2501	4
2502	6
2503	6
2504	6
2505	4
2506	3
2507	3
2508	3
2509	3
2510	4
2511	5
2512	4
2513	5
2514	4
2515	4
2516	4
2517	4
2518	4
2520	4
2521	4
2522	4
2523	4
2524	4
2525	4
2526	6
2527	6
2528	6
2529	6
2530	4
2531	4
2532	6
2533	6
2534	6
2535	6
2536	2
2537	2
2538	2
2539	2
2540	2
2541	2
2542	2
2543	2
2544	2
2545	2
2546	2
2547	2
2548	2
2549	2
2550	2
2551	2
2552	4
2553	4
2554	4
2555	4
2556	4
2557	4
2558	4
2559	4
2560	4
2561	4
2562	4
2563	4
2564	4
2565	4
2566	4
2567	4
2568	4
2569	2
2570	2
2571	2
2572	2
2573	4
2574	4
2575	4
2576	4
2577	4
2578	4
2579	4
2580	4
2581	4
2582	2
2583	4
2584	2
2585	2
2586	2
2587	2
2588	4
2589	4
2590	4
2591	5
2592	3
2593	3
2594	3
2595	3
2596	4
2597	4
2598	3
2599	3
2600	3
2601	5
2602	5
2603	5
2604	5
2605	5
2606	3
2607	5
2608	5
2609	5
2610	5
2611	5
2612	5
2613	3
2614	5
2615	5
2616	4
2617	4
2618	4
2619	5
2620	2
2621	2
2622	2
2623	5
2624	2
2625	2
2626	5
2627	5
2628	4
2629	0
2630	5
2631	5
2632	5
2633	5
2634	4
2635	5
2636	3
2637	3
2638	5
2639	5
2640	5
2641	9
2642	9
2643	5
2644	5
2645	5
2646	5
2647	5
2648	9
2649	5
2650	5
2651	5
2652	5
2653	5
2654	5
2655	5
2656	5
2657	3
2658	6
2659	6
2660	4
2661	6
2662	6
2663	6
2664	6
2665	6
2666	6
2667	3
2668	4
2669	4
2670	4
2671	4
2672	4
2673	4
2674	4
2675	4
2676	4
2677	4
2678	4
2679	4
2680	4
2681	4
2682	4
2683	4
2684	6
2685	4
2686	4
2687	4
2688	4
2689	4
2690	4
2691	4
2692	4
2693	4
2694	3
2695	3
2696	4
2697	4
2698	4
2699	2
2700	2
2701	4
2702	4
2703	3
2704	3
2705	4
2706	3
2707	4
2708	4
2710	4
2711	4
2712	4
2713	4
2714	4
2715	4
2716	4
2717	2
2718	2
2719	2
2720	4
2721	4
2722	4
2723	4
2724	4
2725	4
2726	4
2727	4
2728	4
2729	4
2730	4
2731	4
2732	4
2733	4
2734	4
2735	2
2736	4
2737	4
2738	4
2739	4
2740	4
2741	5
2742	3
2743	3
2744	3
2745	3
2746	3
2747	3
2748	3
2749	4
2750	3
2751	3
2752	3
2753	3
2754	3
2755	4
2756	5
2757	4
2758	4
2759	5
2760	3
2761	3
2762	5
2763	2
2764	2
2765	5
2766	5
2767	5
2768	3
2769	5
2770	5
2771	3
2772	3
2773	5
2774	5
2775	5
2776	5
2777	3
2778	2
2779	2
2780	2
2781	4
2782	4
2783	2
2784	4
2785	2
2786	2
2787	2
2788	2
2789	2
2790	2
2791	2
2792	2
2793	5
2794	5
2795	4
2796	6
2797	5
2798	4
2799	4
2800	4
2801	5
2802	4
2803	9
2804	5
2805	5
2806	5
2807	5
2808	5
2809	5
2810	5
2811	5
2812	5
2813	5
2814	5
2815	5
2816	5
2817	5
2818	5
2819	4
2820	5
2821	5
2822	5
2823	5
2824	5
2825	6
2826	3
2827	3
2828	3
2829	3
2830	6
2831	6
2832	6
2833	5
2834	5
2835	4
2836	4
2837	4
2838	4
2839	4
2840	4
2841	4
2842	4
2843	4
2844	4
2845	4
2846	4
2847	4
2848	3
2849	4
2850	4
2851	4
2852	5
2853	4
2854	5
2855	4
2856	4
2857	4
2858	4
2859	4
2860	5
2861	2
2862	2
2863	2
2864	2
2865	4
2866	4
2867	4
2868	3
2869	4
2870	4
2871	4
2872	4
2873	4
2874	4
2875	4
2876	4
2877	4
2878	4
2879	4
2880	4
2881	4
2882	4
2883	4
2884	4
2885	4
2886	4
2887	4
2888	4
2889	4
2890	4
2891	4
2892	4
2893	4
2894	4
2895	4
2896	2
2897	2
2898	2
2899	2
2900	4
2901	2
2902	4
2903	4
2904	4
2905	2
2906	2
2907	2
2908	4
2909	4
2910	2
2911	4
2912	2
2913	3
2914	3
2915	4
2916	3
2917	6
2918	3
2919	4
2920	3
2921	3
2922	4
2923	4
2924	3
2925	5
2926	4
2927	4
2928	4
2929	5
2930	3
2931	3
2932	4
2933	3
2934	5
2935	3
2936	5
2937	5
2938	5
2939	5
2940	5
2941	5
2942	4
2943	5
2944	2
2945	5
2946	2
2947	2
2948	2
2949	2
2950	5
2951	5
2952	4
2953	4
2954	5
2955	5
2956	4
2957	5
2958	2
2959	4
2960	2
2961	2
2962	5
2964	5
2965	6
2966	2
2967	5
2968	5
2969	5
2970	5
2971	3
2972	5
2973	5
2974	5
2975	5
2976	5
2977	5
2978	5
2979	4
2980	3
2981	5
2982	5
2983	5
2984	5
2985	6
2986	6
2987	6
2988	6
2989	6
2990	6
2991	3
2992	6
2993	3
2994	6
2995	6
2996	2
2997	5
2998	4
2999	5
3000	3
3001	5
3002	5
3003	3
3004	3
3005	5
3006	3
3007	2
3008	4
3009	4
3010	4
3011	4
3012	4
3013	4
3014	4
3015	4
3016	4
3017	4
3018	4
3019	4
3020	4
3021	4
3022	4
3023	4
3024	4
3025	4
3026	4
3027	4
3028	5
3029	5
3030	4
3031	5
3032	4
3033	5
3034	5
3035	5
3036	5
3037	5
3038	3
3039	3
3040	5
3041	4
3042	4
3043	4
3044	4
3045	4
3046	4
3047	4
3048	4
3049	4
3050	4
3051	4
3052	4
3053	4
3054	4
3055	4
3056	4
3057	4
3058	4
3059	4
3060	4
3061	4
3062	4
3063	4
3064	2
3065	2
3066	2
3067	2
3068	4
3069	2
3070	2
3071	2
3072	4
3073	2
3074	2
3075	4
3076	4
3077	4
3078	4
3079	4
3080	4
3081	4
3082	4
3083	4
3084	5
3085	4
3086	5
3087	5
3088	4
3089	4
3090	4
3091	4
3092	4
3093	4
3094	4
3095	5
3096	4
3097	4
3098	4
3099	4
3100	4
3101	4
3102	5
3103	4
3104	4
3105	2
3106	2
3107	2
3108	2
3109	2
3110	2
3111	2
3112	2
3113	3
3114	3
3115	3
3116	3
3117	3
3118	5
3119	4
3120	5
3121	4
3122	4
3123	4
3124	4
3125	6
3126	4
3127	4
3128	4
3129	4
3130	5
3131	5
3132	3
3133	6
3135	5
3136	3
3137	3
3138	5
3139	3
3140	2
3141	3
3142	4
3143	4
3144	2
3145	4
3146	4
3147	4
3148	5
3149	3
3150	6
3151	6
3152	5
3153	3
3154	6
3155	6
3156	6
3157	6
3158	6
3159	6
3160	6
3161	6
3162	6
3163	3
3164	4
3165	5
3166	3
3167	3
3168	5
3169	5
3170	5
3171	5
3172	4
3173	4
3174	4
3175	4
3176	4
3177	4
3178	4
3179	4
3180	4
3181	4
3184	4
3185	4
3186	4
3187	4
3188	4
3189	4
3190	5
3191	5
3192	4
3193	4
3194	4
3195	4
3196	4
3197	4
3198	4
3199	2
3200	2
3201	2
3202	4
3203	4
3204	4
3205	4
3206	4
3212	4
3213	4
3214	4
3215	4
3216	4
3217	4
3218	4
3219	4
3220	4
3221	4
3222	2
3223	4
3224	4
3225	2
3226	2
3227	2
3228	2
3229	4
3230	2
3231	2
3232	4
3233	4
3234	4
3235	2
3236	2
3237	2
3238	4
3239	4
3240	4
3241	4
3242	4
3243	4
3244	4
3245	4
3246	4
3247	4
3248	4
3249	4
3250	5
3251	5
3252	4
3253	4
3254	5
3255	5
3256	4
3257	4
3258	5
3259	5
3260	4
3261	4
3262	5
3263	3
3264	3
3265	3
3266	3
3267	3
3268	5
3269	2
3270	2
3271	2
3272	2
3273	5
3274	5
3275	4
3276	5
3277	5
3278	5
3279	4
3280	5
3281	5
3282	5
3284	5
3285	4
3286	4
3287	6
3288	4
3289	5
3292	2
3293	3
3294	3
3295	3
3296	4
3297	0
3298	5
3299	4
3300	4
3301	5
3302	5
3303	5
3304	3
3305	3
3306	6
3307	5
3308	5
3309	6
3310	6
3311	6
3312	6
3313	6
3314	4
3315	6
3316	4
3317	4
3318	6
3319	6
3320	5
3321	6
3322	5
3323	9
3324	5
3325	5
3326	5
3327	4
3328	5
3329	4
3330	5
3331	4
3332	6
3333	4
3334	4
3335	2
3336	4
3337	4
3338	4
3339	4
3340	4
3341	4
3342	4
3343	4
3344	4
3345	4
3346	4
3347	4
3348	4
3350	4
3351	4
3352	4
3353	4
3355	4
3356	4
3357	4
3358	4
3359	4
3360	4
3361	4
3362	4
3363	4
3364	4
3365	4
3366	4
3367	4
3368	2
3369	4
3370	4
3371	2
3372	4
3373	4
3374	4
3375	4
3376	4
3377	2
3378	4
3379	4
3380	4
3381	4
3382	4
3383	4
3384	4
3385	4
3386	4
3387	2
3388	4
3389	4
3390	4
3391	4
3392	4
3393	4
3394	4
3395	4
3396	4
3397	4
3398	4
3399	4
3400	4
3401	4
3402	4
3403	4
3404	4
3405	4
3406	4
3407	4
3408	4
3409	4
3410	4
3411	4
3412	3
3413	4
3414	5
3415	3
3416	5
3417	4
3418	5
3419	5
3420	5
3421	2
3422	5
3423	5
3424	2
3425	5
3426	5
3427	5
3428	5
3429	5
3430	3
3431	5
3432	5
3433	5
3434	5
3435	5
3436	5
3437	5
3438	5
3439	3
3440	6
3441	4
3442	2
3443	4
3444	4
3445	2
3446	4
3447	5
3448	4
3449	2
3450	5
3451	3
3452	5
3453	5
3454	5
3455	2
3456	5
3457	5
3458	3
3459	5
3460	5
3461	5
3462	6
3463	5
3464	5
3465	5
3466	6
3467	3
3468	5
3469	3
3470	5
3471	3
3472	6
3473	6
3474	6
3475	5
3476	6
3477	6
3478	6
3479	6
3480	6
3481	6
3482	4
3483	6
3484	6
3485	6
3486	6
3487	6
3488	6
3489	4
3490	6
3491	6
3492	6
3493	4
3494	4
3495	4
3496	4
3497	4
3498	4
3499	4
3500	4
3501	5
3502	5
3503	5
3504	4
3505	4
3506	4
3507	2
3508	2
3509	2
3510	4
3513	2
3514	2
3515	2
3516	2
3517	4
3518	4
3519	4
3520	4
3521	4
3522	4
3523	4
3524	4
3525	4
3526	4
3527	4
3528	4
3529	4
3530	4
3531	4
3533	4
3534	4
3535	4
3536	4
3537	4
3538	4
3539	4
3540	4
3541	4
3542	4
3543	4
3544	4
3545	4
3546	4
3547	4
3548	4
3549	4
3550	4
3551	4
3552	4
3553	4
3554	4
3555	4
3556	4
3557	4
3558	2
3559	2
3560	2
3561	2
3562	2
3563	2
3564	2
3565	2
3566	2
3567	2
3568	4
3569	4
3570	4
3571	4
3572	4
3573	4
3574	4
3575	4
3576	5
3577	5
3578	3
3579	5
3580	3
3581	3
3582	4
3583	4
3584	4
3585	3
3586	2
3587	2
3588	3
3589	5
3590	2
3591	2
3592	4
3593	3
3594	5
3595	4
3596	4
3597	5
3598	4
3599	4
3600	5
3601	5
3602	5
3603	5
3604	3
3605	3
3606	5
3607	5
3608	3
3609	4
3610	4
3611	5
3612	5
3614	5
3615	4
3616	3
3617	2
3618	5
3619	5
3620	5
3621	5
3622	6
3623	4
3624	6
3625	6
3626	6
3627	6
3628	6
3629	6
3630	3
3631	6
3632	5
3633	6
3634	5
3635	0
3636	6
3637	5
3638	5
3639	6
3640	5
3641	6
3642	6
3643	5
3644	6
3645	6
3646	6
3647	6
3648	6
3649	6
3650	6
3651	6
3652	6
3653	6
3654	6
3655	6
3656	6
3657	3
3658	3
3659	5
3660	5
3661	5
3662	5
3663	5
3664	5
3665	5
3666	3
3667	3
3668	4
3669	2
3670	4
3671	4
3672	4
3673	2
3674	4
3675	4
3676	2
3677	2
3678	2
3679	2
3680	4
3681	4
3682	2
3684	4
3685	4
3686	4
3687	4
3688	4
3689	4
3690	4
3691	4
3692	4
3693	4
3694	4
3695	4
3696	4
3697	4
3698	4
3699	4
3700	4
3701	4
3702	4
3703	4
3704	4
3705	4
3706	4
3707	4
3708	4
3709	4
3710	4
3711	2
3712	2
3713	4
3715	4
3717	4
3718	4
3719	4
3720	4
3721	4
3722	4
3723	4
3724	4
3725	4
3726	5
3727	5
3728	5
3729	5
3730	5
3731	5
3732	4
3733	5
3734	4
3735	5
3736	3
3737	5
3738	5
3739	5
3740	5
3741	5
3742	3
3743	3
3744	3
3745	3
3746	3
3747	4
3748	3
3749	4
3750	4
3751	4
3752	4
3753	4
3754	4
3755	4
3756	5
3757	4
3758	4
3759	4
3760	5
3761	5
3762	2
3763	4
3764	2
3768	5
3769	4
3770	5
3771	5
3772	2
3773	2
3774	2
3775	5
3776	5
3777	5
3778	5
3779	6
3780	6
3781	6
3782	6
3783	6
3784	6
3785	6
3786	6
3787	6
3788	4
3789	4
3790	8
3791	8
3792	8
3793	8
3794	8
3795	8
3796	8
3797	8
3798	8
3799	8
3800	8
3801	8
3802	8
3803	8
3804	8
3805	8
3806	8
3807	8
3808	8
3809	8
3810	8
3811	8
3812	8
3813	8
3814	8
3815	8
3816	8
3817	8
3818	8
3819	8
3820	8
3821	8
3822	8
3823	8
3824	8
3825	8
3826	8
3827	8
3828	8
3829	8
3830	8
3831	8
3832	8
3833	8
3834	8
3835	8
3836	8
3837	8
3838	8
3839	8
3840	8
3841	8
3842	8
3843	8
3844	8
3845	8
3846	8
3847	8
3848	8
3849	8
3850	8
3851	8
3852	8
3853	8
3854	8
3855	8
3856	8
3857	8
3858	8
3859	8
3860	8
3861	8
3862	8
3863	8
3864	8
3865	8
3866	8
3867	8
3868	8
3869	8
3870	8
3871	8
3872	8
3873	8
3874	8
3875	8
3876	8
3877	8
3878	8
3879	8
3880	8
3883	8
3884	8
3885	8
3886	8
3887	8
3888	8
3889	8
3890	8
3892	8
3893	8
3894	8
3897	8
3898	8
3899	8
3900	8
3901	8
3902	8
3903	8
3904	8
3905	8
3906	8
3907	8
3908	8
3909	8
3910	8
3911	8
3912	8
3913	8
3914	8
3915	8
3916	8
3917	8
3918	8
3919	8
3920	8
3921	8
3922	8
3923	8
3924	8
3925	8
3926	8
3927	8
3928	8
3929	8
3930	8
3931	8
3932	8
3933	8
3934	8
3935	8
3936	8
3937	8
3938	8
3939	8
3940	8
3941	8
3942	8
3943	8
3944	8
3945	8
3946	8
3947	8
3948	8
3949	8
3950	8
3951	8
3952	8
3953	8
3954	8
3955	8
3956	8
3957	8
3958	8
3959	8
3960	8
3961	8
3962	8
3963	8
3964	8
3965	8
3966	8
3967	8
3968	8
3969	8
3970	8
3971	8
3972	8
3973	8
3974	8
3975	8
3976	8
3977	8
3978	8
3979	8
3980	8
3981	8
3982	8
3983	8
3985	8
3986	8
3987	9
3988	9
3989	7
3990	8
3991	7
3992	9
3993	7
3994	7
3995	7
3996	9
3997	9
3998	9
3999	9
4000	5
4001	9
4002	9
4003	7
4004	7
4005	7
4006	7
4007	7
4008	7
4009	9
4010	9
4011	7
4012	9
4013	7
4014	7
4015	7
4016	7
4017	7
4018	7
4019	9
4020	7
4021	7
4022	9
4023	7
4024	7
4025	9
4026	7
4027	7
4028	9
4029	7
4030	9
4031	9
4032	9
4033	9
4034	9
4035	9
4036	9
4037	9
4038	9
4039	7
4040	7
4041	7
4042	9
4043	7
4044	7
4045	9
4046	9
4047	7
4048	7
4049	0
4050	0
4051	0
4052	0
4053	0
4054	0
4055	0
4056	0
4057	0
4058	1
4059	1
4060	0
4061	1
4062	1
4063	0
4064	1
4065	1
4066	0
4067	0
4068	0
4069	1
4070	1
4071	0
4072	1
4073	1
4074	0
4075	0
4076	0
4077	0
4078	8
4079	3
4080	3
4081	0
4082	6
4083	3
4084	9
4085	9
4086	9
4087	9
4088	6
4089	9
4090	6
4091	8
4092	8
4093	8
4094	8
4095	8
4096	8
4097	8
4098	8
4099	8
4100	8
4101	8
4102	8
4103	8
4104	3
4105	6
4106	0
4107	9
4108	8
4109	8
4110	0
4111	9
4112	6
4113	0
4114	0
4115	3
4116	9
4117	8
4118	8
4119	8
4120	0
4121	0
4122	9
4123	0
4124	8
4125	9
4126	0
4127	3
4128	9
4129	0
4130	8
4131	9
4132	3
4133	9
4134	0
4135	6
4136	3
4137	3
4138	8
4139	9
4140	8
4141	8
4142	6
4143	8
4144	8
4145	9
4146	9
4147	6
4148	6
4149	8
4150	9
4151	3
4152	6
4153	3
4154	9
4155	6
4156	6
4157	8
4158	6
4159	3
4160	6
4161	7
4162	7
4163	7
4164	7
4165	7
4166	7
4167	7
4168	7
4169	7
4170	7
4171	9
4172	7
4173	7
4174	7
4175	7
4176	7
4177	7
4178	7
4179	7
4180	9
4181	7
4182	7
4183	7
4184	9
4185	9
4186	7
4187	9
4188	7
4189	7
4190	0
4191	7
4192	9
4193	7
4194	7
4195	7
4196	7
4197	7
4198	7
4199	0
4200	0
4201	7
4202	7
4203	7
4204	9
4205	7
4206	9
4207	9
4208	9
4209	9
4210	9
4211	9
4212	9
4213	9
4214	9
4215	9
4216	9
4217	9
4218	9
4219	9
4220	9
4221	9
4222	8
4223	8
4224	8
4225	9
4226	9
4227	8
4228	9
4229	8
4230	8
4231	9
4232	8
4233	8
4234	8
4235	8
4236	8
4237	8
4238	8
4239	8
4240	8
4241	8
4242	8
4243	8
4244	8
4245	8
4246	8
4247	8
4248	8
4249	8
4250	8
4251	9
4252	8
4253	9
4254	9
4255	9
4256	9
4257	9
4258	9
4259	9
4260	9
4261	9
4262	9
4263	9
4264	9
4265	8
4266	3
4267	7
4268	7
4269	7
4270	7
4271	7
4272	7
4273	7
4274	7
4275	7
4276	7
4277	7
4278	7
4279	7
4280	7
4281	1
4282	1
4283	7
4284	7
4285	7
4286	7
4287	7
4288	7
4289	7
4290	7
4291	7
4292	7
4293	7
4294	7
4295	7
4296	7
4297	7
4298	7
4299	7
4300	7
4301	7
4302	7
4303	7
4304	7
4305	7
4306	7
4307	7
4308	7
4309	7
4310	7
4311	7
4312	7
4313	7
4314	7
4315	7
4316	7
4317	7
4318	7
4319	7
4320	7
4321	7
4322	7
4323	7
4324	7
4325	7
4326	7
4327	7
4328	7
4329	7
4330	7
4331	7
4332	1
4333	7
4334	7
4335	7
4336	7
4337	7
4338	7
4339	7
4340	7
4341	7
4342	7
4343	2
4344	7
4345	7
4346	7
4347	7
4348	7
4349	7
4350	7
4351	7
4352	7
4353	7
4354	7
4355	3
4356	3
4357	3
4358	7
4359	7
4360	3
4361	7
4362	7
4363	7
4364	3
4365	7
4366	7
4367	7
4368	7
4369	7
4370	7
4371	7
4372	7
4373	7
4374	7
4375	3
4376	7
4377	7
4378	7
4379	7
4380	7
4381	7
4382	7
4383	7
4384	7
4385	7
4386	7
4387	7
4388	7
4389	7
4390	7
4391	7
4392	7
4393	7
4394	7
4395	7
4396	7
4397	7
4398	7
4399	7
4400	7
4401	7
4402	7
4403	7
4404	7
4405	7
4406	3
4407	7
4408	7
4409	7
4410	7
4411	7
4412	3
4413	7
4414	7
4415	7
4416	7
4417	7
4418	7
4419	7
4420	7
4421	7
4422	7
4423	7
4424	7
4425	7
4426	7
4427	7
4428	7
4429	7
4430	7
4431	7
4432	7
4433	7
4434	7
4435	7
4436	7
4437	7
4438	7
4439	7
4440	7
4441	7
4442	3
4443	7
4444	2
4445	7
4446	7
4447	7
4448	7
4449	7
4450	7
4451	7
4452	7
4453	7
4454	7
4455	7
4456	7
4457	7
4458	7
4459	7
4460	7
4461	7
4462	7
4463	7
4464	7
4465	7
4466	7
4467	7
4468	7
4469	7
4470	7
4471	7
4472	7
4473	7
4474	7
4475	7
4476	7
4477	7
4478	7
4479	7
4480	7
4481	7
4482	7
4483	7
4484	7
4485	7
4486	7
4487	7
4488	7
4489	7
4490	9
4496	9
4497	9
4498	9
4499	9
4500	9
4501	9
4502	9
4503	9
4504	9
4510	9
4511	9
4512	9
4513	9
4514	9
4515	9
4516	9
4517	9
4518	9
4519	9
4520	9
4521	8
4522	9
4523	9
4524	9
4525	9
4526	9
4527	7
4528	7
4529	7
4530	7
4531	7
4532	7
4533	7
4534	7
4535	7
4536	7
4537	7
4538	7
4539	7
4540	7
4541	7
4542	7
4543	7
4544	7
4545	7
4546	7
4547	7
4548	7
4549	7
4550	7
4551	7
4552	7
4553	7
4554	5
4555	6
4556	5
4557	3
4558	3
4559	3
4560	4
4561	3
4562	3
4563	3
4564	3
4565	3
4566	3
4567	3
4568	3
4569	3
4570	6
4571	4
4572	4
4573	6
4574	6
4575	6
4576	6
4577	6
4578	3
4579	6
4580	0
4581	3
4582	6
4583	3
4584	3
4585	3
4586	8
4587	8
4588	0
4589	0
4590	6
4591	6
4592	3
4596	6
4597	8
4599	8
4600	8
4601	8
4602	8
4603	8
4607	8
4608	0
4609	6
4610	6
4611	3
4612	9
4613	3
4614	3
4615	3
4616	9
4617	8
4618	8
4619	8
4620	8
4621	0
4622	0
4623	6
4624	0
4625	6
4626	0
4627	6
4628	6
4629	6
4630	6
4631	6
4632	6
4633	6
4634	6
4635	6
4636	6
4637	6
4638	8
4639	8
4640	8
4641	8
4642	6
4643	6
4644	6
4645	6
4646	6
4647	6
4648	6
4649	9
4650	6
4651	9
4652	6
4653	8
4654	8
4655	8
4656	8
4657	6
4658	6
4659	6
4660	6
4661	6
4662	6
4663	6
4664	6
4665	6
4666	3
4667	6
4668	9
4669	3
4670	3
4671	6
4672	6
4673	6
4674	6
4675	9
4676	0
4677	0
4678	6
4679	6
4680	6
4681	6
4682	6
4683	6
4684	6
4685	6
4686	4
4687	3
4688	3
4689	3
4690	3
4691	3
4692	6
4693	6
4694	6
4695	6
4696	6
4697	6
4698	3
4699	6
4700	3
4701	6
4702	6
4703	6
4704	6
4705	6
4706	3
4707	5
4708	6
4709	6
4710	6
4711	6
4712	6
4713	6
4714	6
4715	6
4716	6
4717	6
4718	6
4719	6
4720	3
4721	4
4722	0
4723	6
4724	6
4725	0
4726	5
4727	5
4728	5
4729	6
4730	6
4731	5
4732	6
4733	6
4734	6
4735	6
4736	6
4737	6
4738	6
4739	6
4740	6
4741	6
4742	6
4743	6
4744	6
4745	6
4746	6
4747	6
4748	6
4749	6
4750	6
4751	5
4752	6
4753	6
4754	6
4755	6
4756	6
4757	6
4758	3
4759	3
4760	3
4761	4
4762	3
4763	3
4764	3
4765	6
4766	6
4767	6
4768	6
4769	6
4770	4
4771	6
4772	6
4773	6
4774	6
4775	4
4776	3
4777	6
4778	6
4779	6
4780	6
4781	3
4782	3
4783	3
4784	8
4785	4
4786	6
4787	4
4788	3
4789	6
4790	3
4791	3
4792	3
4793	6
4794	6
4795	6
4796	4
4797	6
4798	6
4799	4
4800	4
4801	3
4802	6
4803	5
4804	4
4805	5
4806	4
4807	6
4808	6
4809	5
4810	3
4811	6
4812	6
4813	5
4815	8
4816	8
4817	8
4818	8
4819	8
4820	8
4821	8
4822	8
4823	8
4826	6
4827	6
4828	6
4829	6
4830	9
4831	3
4832	4
4833	4
4834	4
4835	6
4836	9
4837	5
4838	4
4839	9
4840	4
4841	6
4842	4
4843	4
4844	4
4845	5
4846	4
4847	6
4848	4
4849	6
4850	6
4851	4
4852	9
4853	6
4854	6
4855	6
4856	6
4857	6
4858	6
4859	4
4860	4
4861	4
4862	4
4863	6
4864	6
4865	4
4866	6
4867	6
4868	6
4869	6
4870	6
4871	6
4872	0
4873	7
4874	5
4875	6
4876	5
4877	6
4878	9
4879	6
4880	3
4881	6
4882	6
4883	4
4884	3
4885	4
4886	4
4887	3
4888	3
4889	3
4890	4
4891	4
4892	6
4893	6
4894	6
4895	4
4896	6
4897	6
4898	6
4899	6
4900	6
4901	0
4902	0
4903	0
4904	0
4905	9
4906	0
4907	0
4908	9
4909	6
4910	0
4911	6
4912	6
4913	6
4914	6
4915	6
4916	6
4917	0
4918	0
4919	6
4920	6
4921	6
4922	6
4923	6
4924	6
4925	0
4926	0
4927	0
4928	0
4929	6
4930	6
4931	0
4932	0
4933	5
4934	0
4935	6
4936	6
4937	6
4938	6
4939	6
4940	0
4941	3
4942	0
4943	4
4944	6
4945	6
4946	5
4947	6
4948	8
4949	8
4950	8
4951	9
4953	9
4954	9
4955	9
4956	9
4958	9
4959	9
4961	9
4966	9
4968	1
4969	1
4970	7
4971	7
4972	5
4973	5
4974	5
4975	1
4976	7
4977	1
4978	8
4979	8
4980	8
4981	8
4982	8
4983	5
4984	5
4985	5
4986	5
4987	8
4988	8
4989	1
4990	8
4991	8
4992	8
4993	8
4994	8
4995	8
4996	1
4997	5
4998	1
4999	1
5000	8
5001	1
5002	7
5003	7
5004	7
5005	7
5006	7
5007	7
5008	7
5009	7
5010	7
5011	7
5012	7
5013	7
5014	7
5015	1
5016	7
5017	1
5018	7
5019	1
5020	7
5021	8
5022	8
5023	8
5024	8
5025	8
5026	8
5027	8
5028	8
5029	7
5030	7
5031	8
5032	1
5033	1
5034	1
5035	1
5036	8
5037	8
5038	8
5039	1
5040	1
5041	1
5042	1
5043	1
5044	1
5045	1
5046	1
5047	1
5048	1
5049	1
5050	8
5051	1
5052	8
5053	8
5054	8
5055	8
5058	5
5059	7
5063	8
5066	1
5067	1
5068	2
5069	7
5070	7
5071	7
5072	5
5073	2
5074	5
5075	1
5076	7
5077	7
5078	7
5079	7
5080	7
5081	5
5082	8
5083	5
5084	7
5085	8
5086	5
5087	1
5088	7
5089	5
5090	7
5091	1
5092	9
5093	0
5094	0
5095	0
5096	0
5097	9
5098	9
5099	9
5100	9
5101	9
5102	9
5103	0
5104	9
5105	0
5106	9
5107	9
5108	9
5109	9
5110	9
5111	9
5112	9
5113	9
5114	9
5115	9
5116	9
5117	0
5118	6
5119	5
5120	5
5121	5
5122	5
5123	5
5124	5
5125	2
5126	2
5127	5
5128	5
5129	5
5130	2
5131	2
5132	5
5133	2
5134	5
5135	5
5136	5
5137	2
5138	5
5139	7
5140	5
5141	5
5142	5
5143	5
5144	2
5145	5
5146	9
5147	5
5148	5
5149	9
5150	9
5151	9
5152	9
5153	5
5154	5
5155	5
5156	5
5157	5
5158	5
5159	5
5160	1
5161	5
5162	9
5163	5
5164	5
5165	5
5166	2
5167	5
5168	5
5169	5
5170	9
5171	5
5172	5
5173	8
5174	5
5175	2
5176	5
5177	5
5178	8
5179	5
5180	5
5181	2
5182	5
5183	5
5184	2
5185	5
5186	5
5187	9
5188	5
5189	5
5190	5
5191	9
5192	9
5193	2
5194	9
5195	2
5196	2
5197	9
5198	9
5199	9
5200	9
5201	5
5202	2
5203	5
5204	5
5205	5
5206	5
5207	5
5208	5
5209	5
5210	2
5211	1
5212	9
5213	1
5214	5
5215	5
5216	9
5217	5
5218	9
5219	9
5220	9
5221	5
5222	5
5223	5
5224	5
5225	5
5226	9
5227	9
5228	5
5229	1
5230	5
5231	5
5232	5
5233	5
5234	5
5235	5
5236	5
5237	2
5238	1
5239	1
5240	9
5241	9
5242	2
5243	9
5244	9
5245	5
5246	5
5247	5
5248	5
5249	5
5250	9
5251	5
5252	5
5253	5
5254	7
5255	2
5256	9
5257	2
5258	2
5259	5
5260	5
5261	5
5262	5
5263	5
5264	5
5265	5
5266	5
5267	2
5268	2
5269	2
5270	2
5271	4
5272	5
5273	5
5274	5
5275	2
5276	5
5277	5
5278	5
5279	9
5280	1
5281	1
5282	9
5283	5
5284	9
5285	4
5286	5
5287	5
5288	9
5289	5
5290	2
5291	2
5292	2
5293	2
5294	9
5295	2
5296	5
5297	2
5298	5
5299	2
5300	5
5301	5
5302	7
5303	5
5304	5
5305	5
5306	5
5307	5
5308	5
5309	5
5310	5
5311	4
5312	4
5313	2
5314	2
5315	7
5316	5
5317	5
5318	5
5319	7
5320	5
5321	5
5322	7
5324	5
5325	1
5326	7
5327	5
5328	2
5329	2
5330	5
5331	9
5332	9
5333	7
5334	5
5335	4
5336	4
5337	4
5338	4
5339	4
5340	4
5341	4
5342	9
5343	9
5344	9
5345	5
5346	2
5347	2
5348	7
5349	5
5350	7
5351	9
5352	2
5353	1
5354	9
5355	5
5356	9
5357	2
5358	5
5359	5
5360	5
5361	5
5362	9
5363	9
5364	5
5365	9
5366	5
5367	5
5368	5
5369	4
5370	5
5371	5
5372	5
5373	9
5374	2
5375	4
5376	5
5377	2
5378	9
5379	9
5380	2
5381	7
5382	2
5383	5
5384	2
5385	7
5386	2
5387	4
5388	4
5389	2
5390	2
5391	2
5392	2
5393	4
5394	2
5395	2
5396	2
5397	4
5398	5
5399	5
5400	5
5401	5
5402	5
5403	2
5404	2
5405	2
5406	2
5407	2
5408	2
5409	5
5410	5
5411	5
5412	5
5413	5
5414	5
5415	5
5416	2
5417	5
5418	2
5419	9
5420	5
5421	9
5422	5
5423	5
5424	2
5425	2
5426	5
5427	5
5428	5
5429	2
5430	4
5431	2
5432	4
5433	2
5434	5
5435	9
5436	2
5437	2
5438	2
5439	2
5440	2
5441	2
5442	5
5443	2
5444	2
5445	5
5446	5
5447	2
5448	2
5449	2
5450	2
5451	2
5452	2
5453	2
5454	4
5455	5
5456	5
5457	9
5458	5
5459	2
5460	9
5461	5
5462	5
5463	5
5464	1
5465	5
5466	5
5467	1
5468	4
5469	5
5470	5
5471	5
5472	7
5473	5
5474	5
5475	5
5476	2
5477	5
5478	9
5479	1
5480	7
5481	5
5482	5
5483	5
5484	5
5485	9
5486	2
5487	2
5488	2
5489	4
5490	2
5491	2
5492	9
5493	5
5494	9
5495	2
5496	5
5497	2
5498	7
5499	5
5500	5
5501	5
5502	2
5503	2
5504	2
5505	2
5506	2
5507	2
5508	5
5509	5
5510	2
5511	2
5512	7
5513	8
5514	2
5515	2
5516	4
5517	2
5518	2
5519	5
5520	5
5521	5
5522	7
5523	5
5524	5
5525	5
5526	4
5527	5
5528	9
5529	2
5530	5
5531	9
5532	9
5533	9
5534	2
5535	9
5536	2
5537	5
5538	5
5539	9
5540	2
5541	4
5542	2
5543	2
5544	2
5545	5
5546	5
5547	9
5548	5
5549	2
5550	9
5551	9
5552	2
5553	2
5554	2
5555	2
5556	7
5557	1
5558	1
5559	1
5560	1
5561	7
5562	5
5563	5
5564	5
5565	1
5566	7
5567	5
5568	5
5569	5
5570	7
5571	5
5572	2
5573	5
5574	5
5575	1
5576	9
5577	9
5578	9
5579	9
5580	9
5581	2
5582	2
5583	2
5584	2
5585	2
5586	2
5587	9
5588	9
5589	9
5590	9
5591	9
5592	9
5593	5
5594	9
5595	5
5596	2
5597	2
5598	2
5599	2
5600	2
5601	7
5602	2
5603	7
5604	5
5605	1
5606	7
5607	7
5608	9
5609	5
5610	7
5611	5
5612	7
5613	5
5614	7
5615	5
5616	9
5617	1
5618	5
5619	5
5620	1
5621	5
5622	5
5623	5
5624	9
5625	5
5626	5
5627	9
5628	5
5629	5
5630	9
5631	2
5632	5
5633	9
5634	9
5635	2
5636	2
5637	2
5638	4
5639	2
5640	2
5641	2
5642	5
5643	9
5644	5
5645	9
5646	5
5647	5
5648	5
5649	5
5650	5
5651	5
5652	2
5653	2
5654	2
5655	2
5656	2
5657	2
5658	5
5659	2
5660	2
5661	2
5662	5
5663	2
5664	2
5665	2
5666	5
5667	9
5668	5
5669	2
5670	2
5671	2
5672	2
5673	5
5674	9
5675	7
5676	9
5677	8
5678	2
5679	5
5680	9
5681	2
5682	9
5683	9
5684	9
5685	5
5686	5
5687	1
5688	4
5689	5
5690	5
5691	5
5692	9
5693	5
5694	5
5695	5
5696	5
5697	5
5698	5
5699	2
5700	2
5701	2
5702	2
5703	2
5704	2
5705	5
5706	5
5707	9
5708	9
5709	5
5710	2
5711	5
5712	5
5713	2
5714	2
5715	9
5716	1
5717	5
5718	2
5719	9
5720	5
5721	1
5722	9
5723	2
5725	5
5726	5
5727	9
5728	5
5729	5
5730	2
5731	5
5732	2
5733	9
5734	4
5735	5
5736	2
5737	5
5738	1
5739	5
5740	5
5741	9
5742	9
5743	5
5744	5
5745	5
5746	9
5747	5
5748	9
5749	4
5750	2
5751	2
5752	2
5753	2
5754	2
5755	2
5756	5
5757	7
5758	7
5759	9
5766	5
5767	7
5768	9
5769	5
5770	7
5771	5
5772	5
5773	5
5774	2
5775	2
5776	5
5777	7
5778	9
5779	5
5780	2
5781	2
5782	5
5783	7
5784	8
5785	7
5786	2
5787	5
5788	5
5789	5
5790	5
5791	5
5792	5
5793	5
5794	5
5795	5
5796	9
5797	9
5798	9
5799	9
5800	9
5801	2
5802	2
5803	4
5804	4
5805	2
5806	9
5807	5
5810	5
5811	5
5812	2
5813	5
5814	7
5815	7
5816	7
5817	7
5818	7
5819	5
5820	5
5821	5
5822	2
5823	9
5824	5
5825	5
5826	9
5827	2
5828	2
5829	5
5830	2
5831	5
5832	1
5833	5
5834	1
5835	7
5836	1
5837	5
5838	1
5839	5
5840	5
5841	5
5842	5
5843	5
5844	5
5845	5
5846	9
5847	9
5848	5
5849	5
5850	5
5851	9
5852	9
5853	5
5854	9
5855	2
5856	5
5857	7
5858	7
5859	2
5860	1
5861	1
5862	7
5863	5
5864	5
5865	4
5866	5
5867	5
5868	5
5869	2
5870	5
5871	2
5872	5
5873	9
5874	2
5875	5
5876	5
5877	5
5878	5
5879	5
5880	5
5881	5
5882	5
5883	5
5884	7
5885	5
5886	5
5887	9
5888	5
5889	5
5890	5
5891	7
5892	7
5893	7
5894	7
5895	7
5896	7
5897	7
5898	7
5899	7
5900	7
5901	7
5902	7
5903	7
5904	7
5905	7
5906	7
5907	7
5908	7
5909	7
5910	7
5911	7
5912	7
5913	7
5914	7
5915	7
5916	7
5917	7
5918	7
5919	7
5920	7
5921	7
5922	7
5923	7
5924	7
5925	7
5926	7
5927	7
5928	7
5929	7
5930	7
5931	7
5932	7
5933	7
5934	7
5935	7
5936	7
5937	7
5938	7
5939	7
5940	7
5941	7
5942	7
5943	7
5944	7
5945	7
5946	7
5947	7
5948	7
5949	7
5950	7
5951	7
5952	7
5953	7
5954	7
5955	7
5956	7
5957	7
5958	7
5959	7
5960	7
5961	7
5962	7
5963	7
5964	7
5965	7
5966	7
5967	7
5968	7
5969	7
5970	7
5971	7
5972	7
5973	7
5974	7
5975	7
5976	7
5977	7
5978	7
5979	7
5980	7
5981	7
5982	7
5983	7
5984	7
5985	7
5986	7
5987	7
5988	7
5989	7
5990	7
5991	7
5992	7
5993	7
5994	7
5995	7
5996	7
5997	7
5998	7
5999	7
6000	7
6001	7
6002	7
6003	7
6004	7
6005	7
6006	7
6007	7
6008	7
6009	7
6010	7
6011	7
6012	7
6013	7
6014	7
6015	7
6016	7
6017	7
6018	7
6019	7
6020	7
6021	7
6022	7
6023	7
6024	7
6025	7
6026	7
6027	7
6028	7
6029	7
6030	7
6031	7
6032	7
6033	7
6034	7
6035	7
6036	7
6037	7
6038	7
6039	7
6040	7
6041	7
6042	7
6043	7
6044	7
6045	7
6046	7
6047	7
6048	7
6049	7
6050	7
6051	7
6052	7
6053	7
6054	7
6055	7
6056	7
6057	7
6058	7
6059	7
6060	7
6061	7
6062	7
6063	7
6064	7
6065	7
6066	7
6067	7
6068	7
6069	7
6070	7
6071	7
6072	7
6073	7
6074	7
6075	7
6076	7
6077	7
6078	7
6079	7
6080	7
6081	7
6082	7
6083	7
6084	7
6085	7
6086	7
6087	7
6088	7
6089	7
6090	7
6091	7
6092	7
6093	7
6094	7
6095	7
6096	7
6097	7
6098	7
6099	7
6100	7
6101	7
6102	7
6103	7
6104	7
6105	7
6106	7
6107	7
6108	7
6109	7
6110	7
6111	7
6112	7
6113	7
6114	7
6115	7
6116	7
6117	7
6118	7
6119	7
6120	7
6121	7
6122	7
6123	7
6124	7
6125	7
6126	7
6127	7
6128	7
6129	7
6130	7
6131	7
6132	7
6133	7
6134	7
6135	7
6136	7
6137	7
6138	7
6139	7
6140	7
6141	7
6142	7
6143	7
6144	7
6145	7
6146	7
6147	7
6148	7
6149	7
6150	7
6151	7
6152	7
6153	7
6154	7
6155	7
6156	7
6157	7
6158	7
6159	7
6160	7
6161	7
6162	7
6163	7
6164	7
6165	7
6166	7
6167	7
6168	7
6169	7
6170	7
6171	7
6172	7
6173	7
6174	7
6175	7
6176	7
6177	7
6178	7
6179	7
6180	7
6181	7
6182	7
6183	7
6184	3
6185	7
6186	7
6187	3
6188	7
6189	7
6190	7
6191	7
6192	7
6193	7
6194	7
6195	7
6196	7
6197	7
6198	7
6199	7
6200	7
6201	7
6202	7
6203	3
6204	3
6205	3
6206	7
6207	7
6208	7
6209	7
6210	7
6211	7
6212	3
6213	7
6214	7
6215	7
6216	3
6217	7
6218	3
6219	3
6220	7
6221	7
6222	7
6223	7
6224	7
6225	7
6226	7
6227	7
6228	7
6229	7
6230	7
6231	3
6232	7
6233	7
6234	7
6235	7
6236	7
6237	7
6238	3
6239	9
6240	9
6241	6
6242	9
6243	9
6244	9
6245	9
6246	9
6247	9
6248	6
6249	9
6250	6
6251	9
6252	9
6253	6
6254	9
6255	9
6256	9
6257	9
6258	8
6259	9
6260	6
6261	0
6262	9
6263	0
6264	8
6265	0
6266	9
6267	9
6268	9
6269	6
6270	0
6271	0
6272	0
6273	0
6274	8
6275	8
6276	8
6277	8
6278	8
6279	8
6280	8
6281	8
6282	8
6283	8
6284	0
6285	8
6286	9
6287	8
6288	8
6289	8
6290	8
6291	8
6292	8
6293	9
6294	8
6295	9
6296	9
6297	3
6298	3
6299	0
6300	8
6301	3
6302	8
6303	8
6304	0
6305	8
6306	8
6307	8
6308	0
6309	0
6310	8
6311	0
6312	0
6313	8
6314	8
6315	8
6316	0
6317	8
6318	8
6319	8
6320	0
6321	0
6322	0
6323	8
6324	8
6325	9
6326	9
6327	8
6328	9
6329	9
6330	9
6331	9
6332	6
6333	0
6334	9
6335	9
6336	9
6337	8
6338	8
6339	8
6340	8
6341	8
6342	9
6343	9
6344	8
6345	8
6346	8
6347	8
6348	8
6349	0
6350	8
6351	9
6352	8
6353	8
6354	8
6355	8
6356	8
6357	0
6358	6
6359	6
6360	0
6361	6
6362	0
6363	9
6364	9
6365	9
6366	9
6367	9
6368	3
6369	8
6370	9
6371	9
6372	9
6373	9
6374	9
6375	3
6376	8
6377	8
6378	8
6379	8
6380	8
6381	8
6382	8
6383	8
6384	8
6385	8
6386	8
6387	8
6388	8
6389	8
6390	8
6391	8
6392	8
6393	9
6394	9
6395	6
6396	3
6397	9
6398	8
6399	9
6400	6
6401	8
6402	8
6403	6
6404	9
6405	6
6406	0
6407	9
6408	9
6409	9
6410	8
6411	0
6412	8
6413	8
6414	8
6415	8
6416	0
6417	8
6418	6
6419	0
6420	8
6421	9
6422	0
6423	8
6424	8
6425	8
6426	8
6427	8
6428	8
6429	8
6430	8
6431	8
6432	8
6433	8
6435	8
6436	8
6437	8
6438	8
6439	8
6440	8
6441	8
6442	8
6443	8
6444	8
6445	3
6446	3
6447	3
6448	3
6449	3
6450	8
6451	0
6452	0
6453	0
6454	0
6455	0
6456	8
6457	9
6458	0
6459	8
6460	8
6461	8
6462	8
6463	6
6464	6
6465	6
6466	3
6467	3
6468	3
6469	8
6470	9
6471	0
6472	8
6474	9
6475	6
6476	8
6477	9
6478	9
6479	0
6480	8
6481	3
6482	0
6483	3
6484	3
6485	9
6486	0
6487	0
6488	0
6489	0
6490	8
6491	8
6492	6
6493	8
6494	8
6495	8
6496	8
6497	8
6498	8
6499	8
6500	9
6501	9
6502	8
6503	0
6504	8
6505	8
6506	6
6507	3
6508	8
6509	6
6510	3
6511	8
6512	8
6513	9
6514	9
6515	9
6516	0
6517	0
6518	3
6519	3
6520	9
6521	9
6522	8
6523	8
6524	8
6525	8
6526	8
6527	8
6528	0
6529	8
6530	8
6531	8
6532	9
6533	6
6534	9
6535	8
6536	8
6537	8
6538	8
6539	9
6540	8
6541	8
6542	9
6543	9
6544	9
6545	0
6546	0
6547	8
6548	0
6549	0
6550	0
6551	9
6552	6
6553	8
6554	9
6555	9
6556	9
6557	8
6558	9
6559	9
6560	9
6561	9
6562	9
6563	9
6564	9
6565	1
6566	1
6567	1
6568	1
6569	1
6570	1
6571	1
6572	1
6573	1
6574	1
6575	1
6576	1
6577	1
6578	1
6579	1
6580	1
6581	1
6582	1
6583	1
6584	1
6585	1
6586	1
6587	1
6588	1
6589	1
6590	1
6591	1
6592	1
6593	1
6594	1
6595	1
6596	1
6597	1
6598	1
6599	1
6600	1
6601	1
6602	1
6603	1
6604	7
6605	1
6606	1
6607	1
6608	7
6609	1
6610	7
6611	1
6612	7
6613	1
6614	1
6615	1
6616	1
6617	0
6618	1
6619	1
6620	0
6621	0
6622	0
6623	0
6624	1
6625	1
6626	1
6627	1
6628	1
6629	1
6630	1
6631	1
6632	1
6633	1
6634	8
6635	8
6636	8
6637	8
6638	8
6639	8
6640	1
6641	8
6642	8
6643	8
6644	8
6645	8
6646	1
6647	8
6648	1
6650	1
6651	1
6652	8
6653	8
6654	8
6655	8
6656	1
6657	1
6658	8
6659	8
6660	8
6661	8
6662	1
6663	8
6664	8
6665	8
6666	8
6667	8
6668	1
6669	8
6671	8
6672	8
6679	1
6683	1
6684	8
6685	8
6686	1
6687	2
6688	5
6689	5
6690	1
6691	1
6692	8
6693	1
6694	1
6695	1
6696	1
6697	1
6698	1
6699	1
6700	1
6701	1
6702	1
6703	1
6704	1
6705	1
6706	1
6707	1
6708	1
6709	1
6710	1
6711	1
6712	1
6713	1
6714	1
6715	1
6716	1
6717	1
6718	5
6719	1
6720	1
6721	1
6722	1
6723	1
6724	1
6725	1
6726	1
6727	1
6728	1
6729	1
6730	1
6731	1
6732	1
6733	1
6734	1
6735	1
6736	1
6737	1
6738	1
6739	1
6740	1
6741	1
6742	8
6743	8
6744	8
6745	8
6746	8
6747	8
6748	8
6749	8
6750	8
6751	8
6752	8
6753	8
6754	8
6755	8
6756	8
6757	1
6758	1
6759	1
6760	7
6761	1
6762	1
6763	1
6764	7
6765	7
6766	7
6767	7
6768	7
6769	7
6770	7
6771	7
6772	7
6773	7
6774	7
6775	7
6776	7
6777	7
6778	7
6779	7
6780	7
6781	7
6782	7
6783	7
6784	7
6785	7
6786	7
6787	7
6788	7
6789	7
6790	7
6791	7
6792	7
6793	7
6794	7
6795	7
6796	7
6797	7
6798	7
6799	7
6800	7
6801	7
6802	7
6803	7
6804	7
6805	7
6806	7
6807	7
6808	7
6809	7
6810	7
6811	7
6812	7
6813	7
6814	0
6815	7
6816	7
6817	7
6818	7
6819	7
6820	9
6821	9
6822	1
6823	1
6824	1
6825	0
6826	1
6827	0
6828	0
6829	9
6830	0
6831	0
6832	1
6833	1
6834	0
6835	1
6836	0
6837	0
6838	0
6839	0
6840	0
6841	0
6842	0
6843	0
6844	0
6845	0
6846	0
6847	1
6848	1
6849	1
6850	1
6851	1
6852	0
6853	1
6854	0
6855	0
6856	1
6857	0
6858	1
6859	0
6860	1
6861	1
6862	0
6863	0
6864	9
6865	0
6866	0
6867	0
6868	1
6869	9
6870	0
6871	1
6872	9
6873	9
6874	9
6875	9
6876	9
6877	9
6878	7
6879	7
6880	0
6881	7
6882	7
6883	9
6884	7
6885	9
6886	7
6887	0
6888	7
6889	7
6890	7
6891	7
6892	7
6893	7
6894	7
6895	7
6896	7
6897	7
6898	9
6899	7
6900	9
6901	7
6902	9
6903	9
6904	9
6905	7
6906	9
6907	9
6908	9
6909	9
6910	5
6911	5
6912	9
6913	9
6914	1
6915	0
6916	9
6917	9
6918	9
6919	9
6920	0
6921	1
6922	1
6923	1
6924	9
6925	9
6926	0
6927	0
6928	1
6929	9
6930	9
6931	9
6932	0
6933	9
6934	9
6935	9
6936	7
6937	9
6938	9
6939	1
6940	1
6941	1
6942	7
6943	7
6944	7
6945	9
6946	9
6947	9
6948	7
6949	7
6950	0
6951	1
6952	1
6953	1
6954	0
6955	1
6956	7
6957	9
6958	7
6959	9
6960	9
6961	9
6962	9
6963	0
6964	9
6965	9
6966	9
