1	0
2	7
3	0
4	0
5	0
6	0
7	7
8	7
9	0
10	7
11	7
12	7
13	7
14	7
15	7
16	7
17	7
18	7
19	9
20	1
21	9
22	9
23	7
24	7
25	1
26	1
27	9
28	1
29	9
30	9
31	1
32	1
33	7
34	7
35	7
36	7
37	7
38	7
39	7
40	7
41	7
42	7
43	7
44	7
45	7
46	7
47	7
48	7
49	7
50	7
51	7
52	7
53	7
54	7
55	7
56	7
57	7
58	7
59	7
60	7
61	7
62	7
63	0
64	0
65	0
66	0
67	0
68	0
69	0
70	0
71	0
72	0
73	0
74	0
75	0
76	0
77	0
78	0
79	0
80	0
81	0
82	0
83	0
84	0
85	0
86	0
87	0
88	0
89	0
90	0
91	0
92	0
93	0
94	0
95	0
96	0
97	0
98	0
99	0
100	0
101	0
102	0
103	0
104	0
105	0
106	0
107	0
108	0
109	0
110	0
111	0
112	0
113	1
114	1
115	1
116	1
117	0
118	0
119	0
120	0
121	1
122	0
123	0
124	1
125	0
126	0
127	0
128	0
129	0
130	0
131	0
132	0
133	0
134	0
135	0
136	0
137	0
138	0
139	0
140	0
141	0
142	0
143	0
144	0
145	0
146	0
147	0
148	0
149	0
150	0
151	0
152	0
153	0
154	0
155	0
156	0
157	0
158	0
159	0
160	0
161	0
162	0
163	0
164	0
165	0
166	0
167	0
168	0
169	0
170	0
171	0
172	0
173	0
174	0
175	0
176	0
177	0
178	0
179	0
180	0
181	0
182	0
183	0
184	9
185	0
186	0
187	0
188	0
189	0
190	0
191	0
192	0
193	0
194	0
195	0
196	0
197	0
198	0
199	0
200	0
201	0
202	0
203	0
204	0
205	0
206	0
207	0
208	0
209	0
210	0
211	0
212	0
213	0
214	0
215	0
216	0
217	0
218	0
219	0
220	0
221	0
222	0
223	0
224	0
225	0
226	0
227	0
228	0
229	0
230	0
231	0
232	0
233	0
234	0
235	0
236	0
237	0
238	0
239	0
240	0
241	0
242	0
243	0
244	0
245	0
246	0
247	0
248	0
249	0
250	0
251	0
252	0
253	0
254	0
255	0
256	0
257	7
258	9
259	2
260	7
261	2
262	2
263	7
264	2
265	8
266	2
267	8
268	8
269	8
270	2
271	0
272	2
273	8
274	2
275	2
276	7
277	2
278	9
279	7
280	7
281	0
282	7
283	9
284	7
285	8
286	8
287	7
288	7
289	2
290	5
291	7
292	5
293	7
294	7
295	7
296	8
297	8
298	2
299	2
300	9
301	8
302	7
303	0
304	8
305	7
306	7
307	7
308	2
309	8
310	7
311	7
312	7
313	7
314	7
315	7
316	7
317	7
318	7
319	7
320	7
321	8
322	8
323	8
324	9
325	7
326	7
327	2
328	9
329	7
330	8
331	7
332	2
333	7
334	7
335	7
336	2
337	9
338	9
339	8
340	9
341	7
342	7
343	9
344	9
345	9
346	9
347	9
348	9
349	9
350	9
351	9
352	9
353	9
354	9
355	9
357	9
358	9
359	9
360	9
361	9
362	9
363	9
365	9
366	9
367	9
368	9
369	9
370	9
372	9
373	9
374	9
375	9
376	9
377	9
378	9
379	9
380	9
381	9
382	9
383	9
384	9
385	9
386	9
387	9
388	9
389	9
390	9
391	9
392	9
393	9
394	9
395	9
396	9
397	9
398	9
399	9
400	9
401	9
402	9
403	9
404	9
405	9
406	9
407	9
408	9
409	9
410	9
411	9
412	9
413	9
414	9
415	9
416	9
417	9
418	9
419	9
420	9
421	9
422	9
423	9
424	9
425	9
426	9
427	9
428	9
429	9
430	9
431	9
432	9
434	9
435	9
436	9
438	9
439	9
440	8
441	9
442	9
443	9
444	9
445	9
446	9
447	9
448	9
449	9
450	9
451	8
452	9
453	9
454	9
455	9
456	9
457	9
458	9
459	9
460	9
461	8
462	9
463	9
464	9
465	6
466	6
467	9
468	9
469	8
470	9
471	9
472	9
473	8
474	6
475	9
476	9
477	9
478	9
479	9
480	9
481	9
482	9
483	9
484	9
485	9
486	9
487	9
488	9
489	6
490	9
491	9
492	9
493	6
494	9
495	9
496	9
497	9
498	9
499	9
500	9
501	9
502	9
503	9
504	9
505	9
506	9
507	9
508	6
509	9
510	9
511	9
512	9
513	9
514	9
515	6
516	9
517	9
518	9
519	9
520	9
521	8
522	9
523	9
524	9
525	9
526	9
527	6
528	9
529	9
530	9
531	9
532	9
533	9
534	9
535	6
536	6
538	9
539	9
540	9
541	9
542	9
543	0
544	9
545	9
546	8
547	9
548	9
549	9
550	9
551	9
552	9
553	9
554	9
555	8
556	9
557	8
558	9
559	9
560	9
561	9
562	9
563	9
564	9
565	9
566	9
567	9
568	8
569	9
570	9
571	9
572	9
573	9
574	9
575	9
576	6
577	9
578	9
579	9
580	6
581	9
582	9
583	9
584	9
585	9
586	9
587	9
588	9
589	9
590	9
591	8
592	9
593	9
594	9
595	9
596	9
597	9
598	9
599	9
600	8
601	9
602	9
603	9
604	9
605	9
606	9
607	8
608	8
609	9
610	9
611	9
612	9
613	9
614	9
615	9
616	9
617	9
618	9
619	9
620	6
621	6
622	6
623	9
624	9
625	9
626	9
627	9
628	8
629	6
630	9
631	9
632	8
633	9
634	6
635	6
636	8
637	9
638	9
639	9
640	8
641	6
642	6
643	8
644	9
645	6
646	0
647	0
648	0
649	7
650	7
651	7
652	7
653	7
654	7
655	7
656	7
657	7
658	7
659	7
660	0
661	0
662	0
663	0
664	0
665	0
666	0
667	0
668	0
669	0
670	0
671	0
672	0
673	0
674	0
675	0
676	6
677	0
678	0
679	0
680	0
681	6
682	6
683	6
684	6
685	6
686	6
687	6
688	0
689	6
690	0
691	6
692	0
693	6
694	6
695	0
696	0
697	0
698	0
699	6
700	0
701	6
702	0
703	0
704	0
705	0
706	6
707	0
708	6
709	6
710	9
711	0
712	6
713	6
714	0
715	6
716	0
717	0
718	0
719	6
720	6
721	6
722	0
723	9
724	9
725	0
726	0
727	9
728	9
729	0
730	9
731	9
732	9
733	9
734	9
735	9
736	9
737	9
738	9
739	9
740	6
741	6
742	0
743	0
744	0
745	0
746	0
747	0
748	0
749	0
750	6
751	0
752	7
753	7
754	7
755	9
756	7
757	7
758	9
759	9
760	9
761	9
762	8
763	7
764	7
765	7
766	9
767	7
768	9
769	7
770	7
771	7
772	7
773	7
774	7
775	7
776	9
777	7
778	7
779	7
780	7
781	7
782	7
783	7
784	7
785	7
786	7
787	7
788	7
789	9
790	9
791	9
792	7
793	7
794	9
795	9
796	9
797	7
798	7
799	7
800	7
801	7
802	7
803	7
804	7
805	7
806	7
807	7
808	7
809	7
810	7
811	7
812	7
813	7
814	7
815	7
816	7
817	7
818	7
819	7
820	7
821	7
822	9
823	7
824	7
825	7
826	7
827	7
828	7
829	7
830	7
831	7
832	7
833	0
834	0
835	0
836	7
837	0
838	0
839	7
840	0
841	0
842	0
843	0
844	0
845	0
846	0
847	0
848	0
849	0
850	0
851	0
852	0
853	0
854	7
855	0
856	0
857	0
858	7
859	0
860	7
861	7
862	0
863	0
864	7
865	0
866	7
867	0
868	0
869	0
870	0
871	0
872	0
873	0
874	7
875	9
876	7
877	1
878	9
879	9
880	7
881	1
882	9
883	7
884	9
885	9
886	9
887	9
888	9
889	1
890	9
891	0
892	7
893	7
894	0
895	9
896	7
897	1
898	1
899	1
900	1
901	9
902	0
903	0
904	0
905	0
906	0
907	0
908	0
909	0
910	0
911	0
912	0
913	0
914	0
915	0
916	0
917	0
918	7
919	0
920	0
921	0
922	0
923	0
924	0
925	1
926	7
927	7
928	7
929	7
930	0
931	0
932	7
933	7
934	7
935	7
936	7
937	7
938	0
939	0
940	0
941	0
942	0
943	0
944	0
945	0
946	7
947	9
948	1
949	1
950	9
951	7
952	7
953	7
954	0
955	7
956	0
957	7
958	7
959	7
960	0
961	9
962	7
963	1
964	9
965	9
966	7
967	9
968	9
969	0
970	9
971	9
972	7
973	7
974	7
975	7
976	9
977	9
978	0
979	9
980	7
981	0
982	7
983	7
984	0
985	9
986	7
987	7
988	7
989	0
990	0
991	7
992	9
993	9
994	7
995	9
996	7
997	7
998	7
999	9
1000	9
1001	7
1002	7
1003	9
1004	9
1005	0
1006	7
1007	0
1008	7
1009	9
1010	8
1011	9
1012	8
1013	9
1014	9
1015	9
1016	8
1017	8
1018	9
1019	8
1020	8
1021	8
1022	9
1023	8
1024	8
1025	8
1026	9
1027	8
1028	8
1029	8
1030	9
1031	9
1032	9
1033	8
1034	9
1035	9
1036	9
1037	8
1038	8
1039	8
1040	8
1041	8
1042	9
1043	8
1044	9
1045	9
1046	9
1051	9
1052	9
1053	8
1054	8
1055	8
1056	8
1057	9
1058	8
1059	8
1060	8
1061	8
1062	8
1063	8
1064	9
1065	9
1066	9
1068	9
1069	9
1070	8
1071	8
1072	8
1073	8
1074	9
1075	9
1076	9
1077	9
1078	9
1079	9
1080	9
1081	9
1082	9
1084	8
1085	8
1087	8
1088	8
1089	8
1090	8
1091	8
1092	8
1093	8
1094	8
1095	8
1096	8
1097	8
1099	8
1101	8
1102	8
1103	8
1104	8
1105	8
1106	8
1107	8
1108	8
1109	8
1110	8
1111	8
1112	8
1113	8
1114	8
1115	8
1116	8
1117	8
1118	8
1120	8
1121	8
1122	8
1123	8
1124	8
1125	8
1126	8
1127	8
1128	8
1129	8
1130	8
1131	8
1132	8
1133	8
1134	8
1135	8
1136	8
1137	8
1138	8
1139	8
1140	8
1141	8
1142	8
1143	8
1144	8
1145	8
1146	8
1147	8
1149	8
1151	8
1157	8
1160	8
1161	8
1162	8
1163	8
1164	8
1165	8
1167	8
1168	8
1169	8
1170	8
1171	8
1172	8
1173	8
1174	8
1175	8
1176	8
1177	9
1178	9
1179	9
1181	9
1182	9
1185	9
1189	8
1190	9
1191	9
1192	9
1193	9
1194	9
1195	9
1196	9
1197	9
1198	9
1199	9
1200	8
1201	9
1202	8
1203	9
1204	9
1205	9
1206	9
1207	9
1208	9
1209	9
1210	9
1211	9
1212	9
1213	8
1214	9
1215	9
1216	9
1217	4
1218	4
1219	6
1220	6
1221	6
1222	6
1223	6
1224	6
1225	4
1226	6
1227	6
1228	6
1229	4
1230	6
1231	6
1232	4
1233	9
1234	9
1235	9
1236	4
1237	4
1238	4
1239	4
1240	4
1241	4
1242	4
1243	4
1244	4
1245	4
1246	4
1247	4
1249	2
1250	2
1251	2
1252	4
1253	4
1254	4
1255	4
1256	4
1257	4
1258	4
1259	4
1260	4
1261	4
1263	4
1264	4
1265	4
1266	4
1267	4
1268	4
1269	4
1270	4
1271	4
1272	4
1273	4
1274	4
1275	4
1276	4
1277	4
1278	4
1279	4
1280	4
1281	4
1282	4
1283	4
1284	4
1285	4
1286	4
1287	4
1288	4
1289	4
1290	4
1291	4
1292	4
1293	4
1294	4
1295	2
1296	2
1297	2
1298	2
1299	4
1300	4
1301	4
1302	2
1303	2
1304	2
1305	2
1306	2
1307	2
1308	2
1309	2
1310	2
1311	4
1312	2
1313	5
1314	3
1315	5
1316	5
1317	4
1318	4
1319	4
1320	5
1321	5
1322	3
1323	5
1324	4
1325	4
1326	5
1327	5
1328	5
1329	3
1330	2
1331	2
1332	2
1333	2
1334	5
1335	4
1336	3
1337	4
1338	2
1339	3
1340	4
1341	5
1342	2
1343	4
1344	4
1345	4
1346	2
1347	4
1348	4
1349	5
1350	5
1351	5
1352	5
1353	3
1354	2
1355	3
1356	3
1357	5
1358	3
1359	4
1360	4
1361	4
1362	4
1363	4
1364	4
1365	2
1366	2
1367	2
1368	4
1369	4
1370	4
1371	4
1372	2
1374	4
1375	4
1376	4
1377	6
1378	6
1379	0
1380	0
1381	0
1382	0
1383	5
1384	5
1385	5
1386	5
1387	6
1388	6
1389	6
1390	6
1391	4
1392	4
1393	4
1394	4
1395	4
1396	6
1397	9
1398	9
1399	9
1400	9
1401	9
1402	9
1403	9
1404	9
1405	9
1406	9
1407	9
1408	4
1409	4
1410	4
1411	4
1412	4
1413	4
1414	4
1415	4
1416	4
1417	4
1418	4
1419	4
1420	4
1421	4
1422	4
1423	4
1424	4
1425	4
1426	4
1427	4
1429	4
1432	4
1433	4
1434	4
1435	2
1436	2
1437	4
1438	4
1439	2
1440	4
1441	2
1442	4
1443	4
1444	4
1445	4
1446	4
1447	2
1448	2
1449	4
1450	4
1451	4
1452	2
1453	2
1454	2
1455	2
1456	2
1457	2
1458	2
1459	2
1460	4
1461	2
1462	2
1463	4
1464	2
1465	2
1466	5
1467	5
1468	5
1469	4
1470	5
1471	4
1472	5
1473	5
1474	5
1475	5
1476	4
1477	4
1478	4
1479	4
1480	5
1481	4
1482	5
1483	5
1484	4
1485	4
1486	3
1487	4
1488	3
1489	3
1490	4
1491	4
1492	3
1493	4
1494	4
1495	2
1496	2
1497	2
1498	2
1499	2
1500	4
1501	4
1502	2
1503	2
1504	4
1505	2
1506	2
1507	2
1508	2
1509	2
1510	2
1511	2
1512	2
1513	2
1514	2
1515	2
1516	2
1517	3
1518	5
1519	5
1520	5
1521	5
1522	5
1523	5
1524	5
1525	5
1526	4
1527	4
1528	4
1529	4
1530	4
1531	4
1533	4
1534	4
1535	2
1536	2
1537	2
1538	2
1539	2
1540	2
1541	2
1542	2
1543	4
1544	0
1545	0
1546	5
1547	5
1548	0
1549	0
1550	6
1551	5
1552	5
1553	4
1554	4
1555	4
1556	6
1557	4
1558	4
1559	6
1560	4
1561	4
1562	6
1563	9
1564	9
1565	9
1566	9
1567	9
1568	6
1569	6
1570	3
1571	4
1572	4
1573	4
1574	3
1575	4
1576	3
1577	3
1578	3
1579	3
1580	3
1581	3
1582	3
1584	4
1585	4
1586	4
1587	4
1588	4
1589	4
1590	4
1591	4
1592	4
1593	4
1594	4
1596	4
1597	4
1598	4
1599	4
1600	4
1601	4
1602	4
1603	4
1604	4
1605	4
1606	4
1607	4
1608	4
1609	4
1610	4
1611	4
1612	4
1613	4
1614	4
1615	4
1616	2
1617	2
1618	2
1619	2
1620	2
1621	2
1622	2
1623	2
1624	2
1625	2
1626	2
1627	2
1628	2
1629	2
1630	4
1631	4
1632	4
1633	4
1634	2
1635	4
1636	3
1637	3
1638	5
1639	5
1640	3
1641	4
1642	5
1643	5
1644	5
1645	5
1646	5
1647	5
1648	5
1649	5
1650	5
1651	5
1652	5
1653	4
1654	3
1655	4
1656	4
1657	5
1658	2
1659	2
1660	2
1661	2
1662	2
1663	2
1664	2
1665	4
1666	2
1667	4
1668	2
1669	2
1670	2
1671	2
1672	2
1673	2
1674	2
1675	4
1676	4
1677	2
1678	4
1679	2
1680	4
1681	4
1682	4
1683	4
1684	2
1685	4
1686	4
1687	4
1688	3
1689	3
1690	5
1691	3
1692	3
1693	3
1694	3
1695	3
1696	2
1697	4
1698	2
1699	2
1700	2
1701	2
1702	2
1703	2
1704	2
1705	2
1706	2
1707	4
1708	4
1709	4
1710	4
1711	4
1712	2
1713	5
1714	4
1715	5
1716	5
1717	5
1718	5
1719	0
1720	0
1721	5
1722	5
1723	4
1724	4
1725	4
1726	6
1727	4
1728	6
1729	4
1730	6
1731	6
1732	6
1733	6
1734	6
1735	6
1736	6
1737	3
1738	4
1739	4
1740	4
1741	4
1742	4
1743	4
1744	4
1745	4
1746	4
1747	4
1748	2
1749	2
1750	4
1751	2
1752	2
1753	4
1754	4
1755	4
1756	4
1757	4
1758	4
1759	4
1760	4
1761	2
1762	4
1763	4
1764	4
1765	4
1766	4
1767	4
1769	4
1770	4
1771	4
1772	4
1773	4
1774	4
1775	4
1776	4
1777	4
1778	4
1779	4
1780	4
1781	4
1782	4
1783	4
1784	2
1785	2
1786	2
1787	2
1788	4
1789	2
1790	2
1791	4
1792	4
1793	2
1795	4
1796	4
1797	4
1798	2
1799	4
1800	4
1801	4
1802	4
1803	5
1804	4
1805	5
1806	3
1807	3
1808	4
1809	5
1810	3
1811	5
1812	5
1813	5
1814	4
1815	4
1816	5
1817	5
1818	5
1819	3
1820	3
1821	3
1822	4
1823	2
1824	2
1825	2
1826	2
1827	3
1828	3
1829	4
1830	2
1831	4
1832	4
1833	4
1834	2
1835	2
1836	2
1837	2
1838	2
1839	2
1840	4
1841	4
1842	2
1843	4
1844	4
1845	2
1846	2
1847	2
1848	2
1849	2
1850	3
1851	3
1852	5
1853	3
1854	5
1855	3
1856	3
1857	5
1858	5
1859	3
1860	4
1861	3
1862	3
1863	5
1864	5
1865	5
1866	9
1867	5
1868	5
1869	5
1870	4
1871	0
1872	0
1873	6
1874	0
1875	6
1876	4
1877	6
1878	4
1879	4
1880	4
1881	4
1882	6
1883	4
1884	6
1885	6
1886	6
1887	6
1888	6
1889	6
1890	6
1891	6
1892	3
1893	3
1894	3
1895	5
1896	2
1897	4
1898	4
1899	2
1900	2
1901	4
1902	4
1903	4
1904	4
1905	4
1906	4
1907	4
1908	4
1909	4
1910	4
1911	4
1912	4
1913	2
1914	4
1915	4
1916	2
1917	4
1918	4
1919	4
1920	4
1921	4
1922	4
1923	2
1924	2
1925	4
1926	4
1927	4
1928	4
1929	4
1930	4
1931	4
1932	4
1933	4
1934	4
1935	4
1936	4
1937	4
1938	4
1939	4
1940	4
1941	4
1942	4
1943	4
1944	4
1945	4
1946	2
1947	4
1948	2
1949	2
1950	2
1951	4
1952	2
1953	2
1954	2
1955	2
1956	2
1957	2
1958	2
1959	2
1960	2
1961	2
1962	2
1963	2
1964	4
1965	3
1966	3
1967	5
1968	5
1969	5
1970	4
1971	4
1972	4
1973	5
1974	3
1975	5
1976	3
1977	5
1978	5
1979	5
1980	4
1981	4
1982	2
1983	2
1984	4
1985	2
1986	2
1987	2
1988	2
1989	2
1990	2
1991	2
1992	4
1993	4
1994	4
1995	2
1996	2
1997	2
1998	2
1999	2
2000	2
2001	2
2002	2
2003	2
2004	2
2005	2
2006	2
2007	2
2008	2
2009	2
2010	2
2011	3
2012	3
2013	5
2014	3
2015	5
2016	5
2017	5
2018	6
2019	5
2020	5
2021	5
2022	5
2023	5
2024	5
2025	6
2026	6
2027	5
2028	5
2029	5
2030	5
2031	5
2032	5
2033	4
2034	4
2035	4
2036	4
2037	4
2038	4
2039	4
2040	4
2041	3
2042	3
2043	6
2044	5
2045	3
2046	3
2047	6
2048	6
2049	6
2050	6
2051	3
2052	4
2053	4
2054	4
2055	4
2056	4
2057	4
2058	4
2059	4
2060	4
2061	2
2062	4
2063	2
2064	2
2065	2
2066	2
2067	2
2068	2
2069	4
2070	4
2071	4
2072	4
2073	4
2074	4
2075	4
2076	2
2077	4
2078	4
2079	4
2080	4
2081	4
2082	4
2083	4
2084	4
2085	4
2086	4
2087	4
2088	4
2089	4
2090	4
2091	4
2092	4
2093	4
2094	4
2095	4
2096	4
2097	2
2098	2
2099	4
2100	4
2101	2
2102	2
2103	4
2104	4
2105	4
2106	2
2107	2
2108	2
2109	2
2110	2
2111	2
2112	2
2113	4
2114	4
2115	4
2116	4
2117	4
2118	4
2119	4
2120	4
2121	5
2122	3
2123	5
2124	5
2125	5
2126	5
2127	3
2128	3
2129	3
2130	2
2131	2
2132	2
2133	2
2134	5
2135	4
2136	5
2137	4
2138	4
2139	4
2140	4
2141	2
2142	5
2143	4
2144	4
2145	4
2146	4
2147	4
2148	4
2149	2
2150	2
2151	2
2152	5
2153	4
2154	4
2155	4
2156	2
2157	2
2158	2
2161	4
2162	4
2163	9
2164	5
2165	9
2166	9
2167	7
2168	5
2169	3
2170	3
2171	3
2172	3
2173	9
2174	6
2175	5
2176	5
2177	6
2178	6
2179	5
2180	6
2181	5
2182	4
2183	5
2184	4
2185	4
2186	5
2187	5
2188	6
2189	6
2190	6
2191	6
2192	6
2193	4
2194	4
2195	6
2196	6
2197	6
2198	6
2199	4
2200	4
2201	6
2202	6
2203	3
2204	6
2205	3
2206	3
2207	3
2208	2
2209	3
2210	3
2211	4
2212	3
2213	3
2215	2
2216	4
2217	4
2218	4
2219	4
2220	4
2221	4
2222	2
2223	2
2224	2
2225	2
2226	2
2227	4
2228	4
2229	4
2230	4
2231	4
2232	4
2233	4
2234	4
2235	4
2236	4
2237	4
2238	4
2239	4
2240	4
2241	4
2242	4
2243	4
2244	4
2245	4
2246	4
2247	4
2248	4
2249	4
2250	4
2251	4
2252	4
2253	4
2254	2
2255	4
2256	4
2257	4
2258	3
2259	3
2260	5
2261	4
2262	4
2263	3
2264	3
2265	5
2266	5
2267	3
2268	3
2269	5
2270	4
2271	5
2272	3
2273	5
2274	5
2275	5
2276	5
2277	5
2278	4
2279	4
2280	4
2281	4
2282	4
2283	4
2284	4
2285	4
2286	4
2287	4
2288	4
2289	4
2290	4
2291	2
2292	2
2293	2
2294	2
2295	2
2296	2
2297	2
2298	4
2299	2
2300	4
2301	2
2302	4
2303	3
2304	5
2305	3
2306	2
2307	3
2308	2
2309	5
2310	3
2311	2
2312	5
2313	5
2314	5
2315	2
2316	5
2317	3
2318	5
2319	3
2320	5
2321	5
2322	5
2323	5
2324	5
2325	5
2326	5
2327	5
2328	5
2329	5
2330	5
2331	5
2332	5
2333	5
2334	5
2335	5
2336	6
2337	3
2338	6
2339	3
2340	3
2341	3
2342	6
2343	5
2344	4
2345	4
2346	4
2347	4
2348	6
2349	4
2350	4
2351	4
2352	6
2353	6
2354	6
2355	4
2356	4
2357	4
2358	4
2359	6
2360	6
2361	6
2362	6
2363	6
2364	6
2365	6
2366	6
2367	6
2368	6
2369	4
2370	4
2371	3
2372	4
2373	4
2374	4
2375	4
2376	4
2377	4
2378	4
2379	4
2380	3
2381	2
2382	2
2383	3
2384	4
2385	2
2386	4
2387	4
2388	4
2389	4
2390	4
2391	4
2392	4
2393	4
2394	4
2395	4
2396	4
2397	4
2398	4
2399	4
2400	4
2401	4
2402	4
2403	2
2404	4
2405	2
2406	2
2407	2
2408	2
2409	2
2410	4
2411	2
2412	4
2413	4
2414	4
2415	4
2416	4
2417	4
2418	4
2419	4
2420	2
2421	2
2422	2
2423	4
2424	2
2425	4
2426	4
2427	4
2428	4
2429	4
2430	4
2431	4
2432	4
2433	4
2434	4
2435	5
2436	5
2437	3
2438	3
2439	5
2440	3
2441	5
2442	5
2443	5
2444	5
2445	5
2446	4
2447	5
2448	4
2449	4
2450	5
2451	4
2452	5
2453	5
2454	5
2455	4
2456	4
2457	4
2458	4
2459	4
2460	4
2461	4
2462	4
2463	4
2464	4
2465	3
2466	5
2467	5
2468	5
2469	5
2470	0
2471	0
2472	5
2473	3
2474	3
2475	3
2476	2
2477	3
2478	3
2479	5
2480	3
2481	5
2482	3
2483	5
2484	3
2485	3
2486	3
2487	5
2488	3
2489	3
2490	5
2491	5
2492	5
2493	5
2494	3
2495	5
2496	5
2497	5
2498	6
2499	6
2500	6
2501	6
2502	5
2503	6
2504	3
2505	3
2506	3
2507	5
2508	3
2509	3
2510	2
2511	2
2512	2
2513	4
2514	4
2515	2
2516	4
2517	4
2518	3
2520	4
2521	4
2522	4
2523	4
2524	4
2525	4
2526	6
2527	6
2528	4
2529	4
2530	4
2531	4
2532	6
2533	6
2534	6
2535	3
2536	2
2537	2
2538	4
2539	4
2540	2
2541	2
2542	2
2543	2
2544	4
2545	4
2546	4
2547	2
2548	2
2549	4
2550	4
2551	4
2552	4
2553	4
2554	4
2555	4
2556	4
2557	4
2558	4
2559	4
2560	4
2561	4
2562	4
2563	4
2564	4
2565	4
2566	4
2567	4
2568	4
2569	2
2570	2
2571	4
2572	2
2573	2
2574	4
2575	4
2576	4
2577	2
2578	2
2579	2
2580	4
2581	4
2582	4
2583	2
2584	2
2585	4
2586	2
2587	4
2588	4
2589	4
2590	4
2591	4
2592	4
2593	4
2594	4
2595	3
2596	4
2597	3
2598	5
2599	5
2600	3
2601	5
2602	5
2603	5
2604	5
2605	5
2606	5
2607	5
2608	5
2609	5
2610	5
2611	2
2612	3
2613	2
2614	2
2615	3
2616	4
2617	4
2618	4
2619	4
2620	4
2621	2
2622	4
2623	4
2624	2
2625	2
2626	2
2627	0
2628	4
2629	5
2630	3
2631	5
2632	2
2633	3
2634	4
2635	3
2636	3
2637	3
2638	3
2639	3
2640	5
2641	3
2642	3
2643	3
2644	3
2645	5
2646	3
2647	3
2648	2
2649	5
2650	5
2651	5
2652	5
2653	5
2654	5
2655	4
2656	5
2657	3
2658	6
2659	6
2660	6
2661	6
2662	6
2663	6
2664	6
2665	6
2666	6
2667	3
2668	4
2669	4
2670	4
2671	4
2672	4
2673	4
2674	4
2675	4
2676	4
2677	2
2678	2
2679	2
2680	4
2681	2
2682	2
2683	2
2684	6
2685	4
2686	4
2687	6
2688	6
2689	4
2690	4
2691	4
2692	4
2693	4
2694	4
2695	4
2696	4
2697	4
2698	4
2699	4
2700	4
2701	2
2702	3
2703	3
2704	3
2705	4
2706	4
2707	4
2708	4
2710	4
2711	4
2712	4
2713	4
2714	4
2715	4
2716	4
2717	2
2718	4
2719	4
2720	4
2721	2
2722	4
2723	4
2724	2
2725	4
2726	4
2727	4
2728	2
2729	2
2730	2
2731	2
2732	4
2733	2
2734	2
2735	2
2736	2
2737	2
2738	2
2739	2
2740	2
2741	5
2742	3
2743	5
2744	3
2745	5
2746	5
2747	5
2748	5
2749	5
2750	3
2751	5
2752	5
2753	5
2754	5
2755	3
2756	5
2757	5
2758	3
2759	3
2760	5
2761	3
2762	3
2763	3
2764	3
2765	4
2766	5
2767	2
2768	4
2769	4
2770	3
2771	3
2772	2
2773	5
2774	5
2775	2
2776	5
2777	2
2778	2
2779	2
2780	2
2781	2
2782	2
2783	2
2784	2
2785	2
2786	2
2787	2
2788	2
2789	2
2790	2
2791	2
2792	2
2793	2
2794	2
2795	2
2796	4
2797	4
2798	4
2799	4
2800	4
2801	3
2802	5
2803	3
2804	3
2805	3
2806	7
2807	5
2808	5
2809	3
2810	3
2811	5
2812	3
2813	2
2814	9
2815	9
2816	5
2817	9
2818	5
2819	4
2820	5
2821	5
2822	5
2823	5
2824	5
2825	6
2826	3
2827	3
2828	5
2829	5
2830	6
2831	6
2832	4
2833	5
2834	5
2835	2
2836	4
2837	4
2838	4
2839	4
2840	4
2841	4
2842	4
2843	4
2844	4
2845	4
2846	4
2847	4
2848	4
2849	5
2850	5
2851	5
2852	5
2853	5
2854	2
2855	4
2856	4
2857	4
2858	4
2859	4
2860	2
2861	4
2862	2
2863	2
2864	2
2865	4
2866	3
2867	4
2868	4
2869	3
2870	3
2871	3
2872	4
2873	3
2874	4
2875	4
2876	4
2877	4
2878	2
2879	2
2880	2
2881	2
2882	4
2883	4
2884	4
2885	2
2886	4
2887	2
2888	4
2889	4
2890	4
2891	4
2892	4
2893	2
2894	2
2895	2
2896	2
2897	2
2898	2
2899	2
2900	2
2901	2
2902	2
2903	4
2904	2
2905	2
2906	2
2907	4
2908	4
2909	4
2910	2
2911	2
2912	2
2913	4
2914	3
2915	4
2916	3
2917	5
2918	5
2919	3
2920	3
2921	3
2922	3
2923	5
2924	3
2925	5
2926	3
2927	5
2928	5
2929	5
2930	5
2931	3
2932	5
2933	2
2934	2
2935	3
2936	5
2937	4
2938	5
2939	5
2940	4
2941	4
2942	4
2943	3
2944	4
2945	3
2946	4
2947	4
2948	2
2949	4
2950	4
2951	4
2952	2
2953	9
2954	9
2955	5
2956	9
2957	4
2958	5
2959	5
2960	4
2961	5
2962	5
2964	3
2965	4
2966	2
2967	5
2968	2
2969	2
2970	2
2971	2
2972	2
2973	9
2974	9
2975	5
2976	5
2977	5
2978	5
2979	5
2980	5
2981	5
2982	5
2983	5
2984	5
2985	6
2986	6
2987	6
2988	5
2989	5
2990	5
2991	5
2992	6
2993	6
2994	6
2995	6
2996	5
2997	5
2998	4
2999	5
3000	4
3001	5
3002	5
3003	3
3004	3
3005	3
3006	3
3007	4
3008	4
3009	4
3010	4
3011	4
3012	4
3013	4
3014	4
3015	4
3016	4
3017	4
3018	4
3019	4
3020	4
3021	4
3022	4
3023	4
3024	4
3025	4
3026	4
3027	4
3028	3
3029	3
3030	3
3031	5
3032	3
3033	5
3034	5
3035	4
3036	4
3037	5
3038	4
3039	4
3040	4
3041	4
3042	4
3043	2
3044	4
3045	4
3046	4
3047	4
3048	4
3049	4
3050	4
3051	4
3052	4
3053	4
3054	4
3055	4
3056	4
3057	4
3058	4
3059	4
3060	4
3061	4
3062	4
3063	4
3064	2
3065	2
3066	2
3067	2
3068	2
3069	2
3070	2
3071	2
3072	2
3073	2
3074	2
3075	2
3076	4
3077	2
3078	2
3079	2
3080	2
3081	3
3082	3
3083	3
3084	5
3085	5
3086	5
3087	5
3088	5
3089	5
3090	4
3091	5
3092	5
3093	5
3094	5
3095	5
3096	5
3097	5
3098	5
3099	5
3100	5
3101	4
3102	4
3103	5
3104	4
3105	4
3106	4
3107	4
3108	4
3109	4
3110	4
3111	4
3112	5
3113	3
3114	3
3115	3
3116	5
3117	5
3118	4
3119	4
3120	4
3121	4
3122	4
3123	4
3124	6
3125	4
3126	3
3127	5
3128	4
3129	5
3130	3
3131	5
3132	3
3133	6
3135	2
3136	2
3137	2
3138	5
3139	3
3140	3
3141	3
3142	5
3143	5
3144	5
3145	5
3146	5
3147	5
3148	5
3149	5
3150	6
3151	5
3152	5
3153	6
3154	6
3155	6
3156	6
3157	6
3158	6
3159	6
3160	6
3161	6
3162	6
3163	3
3164	3
3165	3
3166	3
3167	5
3168	3
3169	5
3170	4
3171	5
3172	4
3173	4
3174	4
3175	4
3176	4
3177	4
3178	4
3179	4
3180	4
3181	4
3184	4
3185	4
3186	4
3187	2
3188	2
3189	4
3190	4
3191	4
3192	4
3193	4
3194	4
3195	4
3196	4
3197	4
3198	4
3199	4
3200	2
3201	4
3202	4
3203	4
3204	4
3205	4
3206	4
3212	4
3213	4
3214	4
3215	4
3216	4
3217	4
3218	4
3219	4
3220	4
3221	4
3222	4
3223	2
3224	2
3225	2
3226	2
3227	4
3228	2
3229	4
3230	2
3231	4
3232	4
3233	4
3234	4
3235	2
3236	4
3237	4
3238	4
3239	4
3240	4
3241	4
3242	5
3243	4
3244	5
3245	5
3246	5
3247	4
3248	5
3249	5
3250	5
3251	5
3252	5
3253	5
3254	5
3255	5
3256	4
3257	5
3258	3
3259	4
3260	4
3261	4
3262	3
3263	3
3264	3
3265	3
3266	3
3267	3
3268	5
3269	5
3270	3
3271	3
3272	5
3273	9
3274	4
3275	5
3276	4
3277	4
3278	5
3279	5
3280	4
3281	6
3282	5
3284	5
3285	4
3286	4
3287	6
3288	5
3289	5
3292	2
3293	2
3294	2
3295	3
3296	5
3297	6
3298	3
3299	4
3300	5
3301	5
3302	5
3303	5
3304	5
3305	5
3306	0
3307	5
3308	6
3309	6
3310	6
3311	6
3312	6
3313	6
3314	6
3315	4
3316	4
3317	4
3318	6
3319	6
3320	6
3321	6
3322	4
3323	3
3324	5
3325	4
3326	4
3327	4
3328	4
3329	4
3330	2
3331	4
3332	4
3333	2
3334	2
3335	2
3336	2
3337	4
3338	2
3339	4
3340	4
3341	4
3342	4
3343	4
3344	4
3345	4
3346	4
3347	2
3348	2
3350	4
3351	4
3352	2
3353	4
3355	4
3356	4
3357	4
3358	4
3359	4
3360	4
3361	4
3362	4
3363	4
3364	4
3365	4
3366	4
3367	4
3368	4
3369	4
3370	2
3371	2
3372	4
3373	4
3374	4
3375	4
3376	4
3377	2
3378	4
3379	4
3380	2
3381	4
3382	4
3383	4
3384	2
3385	2
3386	2
3387	2
3388	4
3389	2
3390	4
3391	2
3392	2
3393	2
3394	4
3395	4
3396	4
3397	4
3398	2
3399	4
3400	5
3401	5
3402	3
3403	5
3404	5
3405	5
3406	5
3407	5
3408	4
3409	5
3410	4
3411	3
3412	3
3413	3
3414	3
3415	3
3416	5
3417	3
3418	2
3419	5
3420	5
3421	3
3422	3
3423	5
3424	5
3425	3
3426	5
3427	5
3428	5
3429	4
3430	7
3431	4
3432	4
3433	4
3434	4
3435	4
3436	5
3437	4
3438	4
3439	6
3440	6
3441	4
3442	2
3443	2
3444	4
3445	2
3446	4
3447	5
3448	4
3449	3
3450	5
3451	3
3452	3
3453	3
3454	3
3455	3
3456	3
3457	5
3458	3
3459	5
3460	4
3461	6
3462	0
3463	5
3464	6
3465	6
3466	6
3467	6
3468	6
3469	6
3470	5
3471	6
3472	4
3473	6
3474	6
3475	4
3476	6
3477	6
3478	6
3479	6
3480	6
3481	6
3482	4
3483	4
3484	4
3485	6
3486	4
3487	4
3488	4
3489	6
3490	6
3491	6
3492	6
3493	6
3494	4
3495	4
3496	3
3497	5
3498	4
3499	3
3500	2
3501	3
3502	3
3503	3
3504	4
3505	4
3506	4
3507	2
3508	4
3509	4
3510	4
3513	4
3514	2
3515	2
3516	2
3517	2
3518	2
3519	2
3520	4
3521	4
3522	4
3523	2
3524	4
3525	4
3526	4
3527	4
3528	4
3529	4
3530	4
3531	4
3533	4
3534	4
3535	4
3536	4
3537	4
3538	4
3539	4
3540	4
3541	4
3542	4
3543	4
3544	4
3545	4
3546	4
3547	4
3548	4
3549	4
3550	4
3551	4
3552	4
3553	4
3554	4
3555	4
3556	4
3557	4
3558	2
3559	2
3560	2
3561	2
3562	2
3563	2
3564	2
3565	2
3566	2
3567	2
3568	3
3569	3
3570	4
3571	5
3572	5
3573	5
3574	5
3575	4
3576	5
3577	3
3578	3
3579	3
3580	3
3581	3
3582	3
3583	5
3584	3
3585	3
3586	3
3587	3
3588	3
3589	3
3590	4
3591	4
3592	5
3593	5
3594	4
3595	4
3596	2
3597	2
3598	4
3599	4
3600	4
3601	4
3602	4
3603	5
3604	3
3605	5
3606	2
3607	3
3608	3
3609	3
3610	5
3611	5
3612	3
3614	3
3615	2
3616	3
3617	5
3618	5
3619	5
3620	3
3621	3
3622	6
3623	5
3624	5
3625	5
3626	5
3627	5
3628	5
3629	5
3630	5
3631	5
3632	9
3633	5
3634	5
3635	5
3636	5
3637	5
3638	5
3639	6
3640	6
3641	4
3642	6
3643	6
3644	6
3645	6
3646	4
3647	6
3648	4
3649	4
3650	6
3651	6
3652	6
3653	6
3654	6
3655	6
3656	6
3657	5
3658	3
3659	3
3660	3
3661	3
3662	3
3663	3
3664	3
3665	3
3666	5
3667	4
3668	4
3669	2
3670	2
3671	2
3672	2
3673	4
3674	4
3675	4
3676	2
3677	2
3678	2
3679	2
3680	2
3681	4
3682	4
3684	4
3685	4
3686	4
3687	4
3688	4
3689	4
3690	4
3691	4
3692	4
3693	4
3694	4
3695	4
3696	4
3697	4
3698	4
3699	4
3700	4
3701	4
3702	4
3703	4
3704	4
3705	4
3706	4
3707	4
3708	4
3709	4
3710	4
3711	2
3712	2
3713	2
3715	4
3717	4
3718	4
3719	4
3720	4
3721	4
3722	4
3723	2
3724	2
3725	4
3726	4
3727	4
3728	3
3729	5
3730	5
3731	4
3732	4
3733	3
3734	4
3735	3
3736	3
3737	3
3738	3
3739	3
3740	5
3741	5
3742	2
3743	3
3744	3
3745	3
3746	4
3747	5
3748	4
3749	4
3750	4
3751	2
3752	2
3753	2
3754	2
3755	3
3756	4
3757	5
3758	5
3759	4
3760	4
3761	4
3762	4
3763	2
3764	4
3768	5
3769	4
3770	4
3771	3
3772	5
3773	5
3774	3
3775	5
3776	5
3777	5
3778	0
3779	4
3780	6
3781	6
3782	4
3783	4
3784	4
3785	6
3786	4
3787	4
3788	4
3789	6
3790	8
3791	8
3792	8
3793	8
3794	8
3795	8
3796	8
3797	8
3798	8
3799	8
3800	8
3801	8
3802	8
3803	8
3804	8
3805	8
3806	8
3807	8
3808	8
3809	8
3810	8
3811	8
3812	8
3813	8
3814	8
3815	8
3816	8
3817	8
3818	8
3819	8
3820	8
3821	8
3822	8
3823	8
3824	8
3825	8
3826	8
3827	8
3828	8
3829	8
3830	8
3831	8
3832	8
3833	8
3834	8
3835	8
3836	8
3837	8
3838	8
3839	8
3840	8
3841	8
3842	8
3843	8
3844	8
3845	8
3846	8
3847	8
3848	8
3849	8
3850	8
3851	8
3852	8
3853	8
3854	8
3855	8
3856	8
3857	8
3858	8
3859	8
3860	8
3861	8
3862	8
3863	8
3864	8
3865	8
3866	8
3867	8
3868	8
3869	8
3870	8
3871	8
3872	8
3873	8
3874	8
3875	8
3876	8
3877	8
3878	8
3879	8
3880	8
3883	8
3884	8
3885	8
3886	8
3887	8
3888	8
3889	8
3890	8
3892	8
3893	8
3894	8
3897	8
3898	8
3899	8
3900	8
3901	8
3902	8
3903	8
3904	8
3905	8
3906	8
3907	8
3908	8
3909	8
3910	8
3911	8
3912	8
3913	8
3914	8
3915	8
3916	8
3917	8
3918	8
3919	8
3920	8
3921	8
3922	8
3923	8
3924	8
3925	8
3926	8
3927	8
3928	8
3929	8
3930	8
3931	8
3932	8
3933	8
3934	8
3935	8
3936	8
3937	8
3938	8
3939	8
3940	8
3941	8
3942	8
3943	8
3944	8
3945	8
3946	8
3947	8
3948	8
3949	8
3950	8
3951	8
3952	8
3953	8
3954	8
3955	8
3956	8
3957	8
3958	8
3959	8
3960	8
3961	8
3962	8
3963	8
3964	8
3965	8
3966	8
3967	8
3968	8
3969	8
3970	8
3971	8
3972	8
3973	8
3974	8
3975	8
3976	8
3977	8
3978	8
3979	8
3980	8
3981	8
3982	8
3983	8
3985	8
3986	8
3987	9
3988	9
3989	9
3990	2
3991	9
3992	9
3993	9
3994	7
3995	7
3996	9
3997	9
3998	9
3999	9
4000	9
4001	9
4002	9
4003	7
4004	7
4005	7
4006	7
4007	7
4008	9
4009	9
4010	9
4011	7
4012	9
4013	7
4014	7
4015	9
4016	7
4017	7
4018	7
4019	9
4020	7
4021	9
4022	9
4023	9
4024	7
4025	7
4026	9
4027	9
4028	9
4029	9
4030	9
4031	9
4032	9
4033	9
4034	9
4035	9
4036	9
4037	9
4038	9
4039	9
4040	9
4041	9
4042	9
4043	9
4044	9
4045	9
4046	9
4047	9
4048	9
4049	0
4050	0
4051	0
4052	0
4053	0
4054	0
4055	0
4056	0
4057	0
4058	0
4059	0
4060	0
4061	0
4062	0
4063	0
4064	0
4065	0
4066	0
4067	1
4068	1
4069	1
4070	1
4071	1
4072	1
4073	1
4074	1
4075	1
4076	1
4077	0
4078	9
4079	6
4080	8
4081	6
4082	8
4083	8
4084	8
4085	6
4086	8
4087	8
4088	8
4089	8
4090	8
4091	8
4092	8
4093	8
4094	8
4095	8
4096	8
4097	9
4098	8
4099	8
4100	8
4101	8
4102	8
4103	8
4104	9
4105	9
4106	0
4107	8
4108	8
4109	8
4110	9
4111	9
4112	8
4113	6
4114	9
4115	8
4116	6
4117	8
4118	8
4119	8
4120	0
4121	6
4122	0
4123	0
4124	9
4125	9
4126	0
4127	6
4128	9
4129	9
4130	6
4131	9
4132	8
4133	8
4134	6
4135	0
4136	6
4137	8
4138	9
4139	6
4140	9
4141	9
4142	9
4143	6
4144	9
4145	9
4146	9
4147	6
4148	8
4149	9
4150	9
4151	8
4152	9
4153	8
4154	9
4155	9
4156	9
4157	3
4158	6
4159	9
4160	6
4161	7
4162	0
4163	7
4164	7
4165	9
4166	0
4167	7
4168	7
4169	7
4170	9
4171	7
4172	7
4173	7
4174	0
4175	0
4176	7
4177	7
4178	7
4179	9
4180	7
4181	0
4182	7
4183	7
4184	7
4185	7
4186	7
4187	7
4188	7
4189	7
4190	7
4191	9
4192	7
4193	9
4194	9
4195	9
4196	9
4197	7
4198	7
4199	7
4200	9
4201	7
4202	7
4203	0
4204	9
4205	7
4206	7
4207	7
4208	7
4209	8
4210	8
4211	8
4212	8
4213	8
4214	8
4215	8
4216	9
4217	9
4218	8
4219	8
4220	8
4221	9
4222	8
4223	8
4224	9
4225	9
4226	8
4227	9
4228	9
4229	9
4230	8
4231	8
4232	8
4233	9
4234	8
4235	8
4236	8
4237	8
4238	8
4239	8
4240	8
4241	8
4242	8
4243	8
4244	8
4245	9
4246	8
4247	8
4248	9
4249	9
4250	8
4251	8
4252	8
4253	8
4254	8
4255	8
4256	8
4257	8
4258	8
4259	8
4260	8
4261	8
4262	8
4263	8
4264	8
4265	8
4266	7
4267	3
4268	7
4269	7
4270	3
4271	7
4272	7
4273	7
4274	7
4275	7
4276	7
4277	7
4278	7
4279	7
4280	7
4281	7
4282	7
4283	7
4284	7
4285	7
4286	7
4287	9
4288	7
4289	7
4290	7
4291	2
4292	7
4293	7
4294	7
4295	7
4296	7
4297	7
4298	7
4299	7
4300	7
4301	7
4302	7
4303	7
4304	7
4305	7
4306	7
4307	7
4308	7
4309	7
4310	7
4311	7
4312	7
4313	7
4314	7
4315	7
4316	7
4317	7
4318	7
4319	7
4320	7
4321	7
4322	7
4323	7
4324	7
4325	7
4326	7
4327	7
4328	7
4329	7
4330	7
4331	7
4332	7
4333	7
4334	7
4335	7
4336	7
4337	7
4338	7
4339	7
4340	7
4341	7
4342	7
4343	7
4344	7
4345	7
4346	7
4347	7
4348	7
4349	7
4350	7
4351	7
4352	7
4353	7
4354	3
4355	7
4356	7
4357	3
4358	7
4359	7
4360	3
4361	7
4362	7
4363	3
4364	7
4365	7
4366	7
4367	7
4368	7
4369	7
4370	7
4371	7
4372	7
4373	7
4374	7
4375	7
4376	7
4377	7
4378	7
4379	7
4380	7
4381	7
4382	7
4383	7
4384	7
4385	7
4386	7
4387	7
4388	7
4389	7
4390	7
4391	7
4392	7
4393	7
4394	7
4395	7
4396	7
4397	7
4398	7
4399	7
4400	7
4401	7
4402	7
4403	7
4404	7
4405	3
4406	3
4407	7
4408	3
4409	7
4410	7
4411	7
4412	3
4413	7
4414	7
4415	7
4416	7
4417	7
4418	3
4419	7
4420	7
4421	7
4422	7
4423	7
4424	7
4425	7
4426	7
4427	7
4428	7
4429	7
4430	7
4431	7
4432	7
4433	7
4434	7
4435	7
4436	7
4437	7
4438	7
4439	7
4440	7
4441	7
4442	7
4443	7
4444	7
4445	7
4446	7
4447	7
4448	7
4449	7
4450	7
4451	7
4452	7
4453	7
4454	7
4455	7
4456	7
4457	7
4458	7
4459	7
4460	7
4461	7
4462	7
4463	7
4464	7
4465	7
4466	7
4467	7
4468	7
4469	7
4470	7
4471	7
4472	7
4473	7
4474	7
4475	7
4476	7
4477	7
4478	7
4479	7
4480	9
4481	7
4482	7
4483	7
4484	7
4485	7
4486	7
4487	7
4488	7
4489	3
4490	9
4496	9
4497	9
4498	9
4499	9
4500	9
4501	9
4502	9
4503	9
4504	9
4510	9
4511	9
4512	9
4513	9
4514	9
4515	9
4516	9
4517	9
4518	9
4519	9
4520	9
4521	9
4522	6
4523	9
4524	9
4525	9
4526	9
4527	7
4528	7
4529	7
4530	7
4531	7
4532	7
4533	7
4534	7
4535	7
4536	7
4537	7
4538	7
4539	7
4540	7
4541	7
4542	7
4543	7
4544	7
4545	7
4546	7
4547	7
4548	7
4549	7
4550	7
4551	7
4552	7
4553	7
4554	5
4555	5
4556	5
4557	6
4558	3
4559	3
4560	3
4561	3
4562	3
4563	3
4564	3
4565	3
4566	3
4567	3
4568	3
4569	3
4570	6
4571	6
4572	6
4573	6
4574	9
4575	6
4576	6
4577	6
4578	6
4579	6
4580	6
4581	6
4582	6
4583	3
4584	3
4585	3
4586	8
4587	8
4588	6
4589	5
4590	6
4591	5
4592	3
4596	3
4597	8
4599	8
4600	8
4601	8
4602	8
4603	8
4607	8
4608	5
4609	6
4610	6
4611	5
4612	3
4613	6
4614	3
4615	3
4616	6
4617	8
4618	8
4619	8
4620	8
4621	6
4622	6
4623	5
4624	0
4625	6
4626	6
4627	6
4628	6
4629	5
4630	6
4631	6
4632	6
4633	6
4634	6
4635	6
4636	6
4637	6
4638	8
4639	8
4640	8
4641	8
4642	6
4643	6
4644	6
4645	6
4646	6
4647	6
4648	3
4649	3
4650	6
4651	3
4652	6
4653	8
4654	8
4655	8
4656	8
4657	6
4658	6
4659	6
4660	6
4661	5
4662	6
4663	5
4664	3
4665	3
4666	3
4667	3
4668	3
4669	3
4670	3
4671	6
4672	6
4673	6
4674	6
4675	0
4676	0
4677	9
4678	5
4679	6
4680	6
4681	6
4682	6
4683	6
4684	6
4685	6
4686	3
4687	3
4688	3
4689	3
4690	3
4691	3
4692	6
4693	6
4694	6
4695	6
4696	6
4697	6
4698	6
4699	6
4700	6
4701	6
4702	6
4703	6
4704	4
4705	6
4706	3
4707	6
4708	6
4709	6
4710	6
4711	6
4712	6
4713	6
4714	6
4715	6
4716	6
4717	6
4718	6
4719	6
4720	6
4721	4
4722	6
4723	4
4724	6
4725	6
4726	6
4727	6
4728	6
4729	6
4730	6
4731	6
4732	6
4733	9
4734	6
4735	9
4736	9
4737	9
4738	6
4739	6
4740	6
4741	6
4742	6
4743	6
4744	6
4745	6
4746	6
4747	6
4748	3
4749	3
4750	6
4751	6
4752	9
4753	9
4754	9
4755	6
4756	9
4757	9
4758	3
4759	3
4760	3
4761	3
4762	3
4763	3
4764	3
4765	6
4766	6
4767	6
4768	9
4769	6
4770	6
4771	9
4772	9
4773	3
4774	3
4775	9
4776	9
4777	9
4778	6
4779	6
4780	9
4781	3
4782	3
4783	3
4784	8
4785	6
4786	6
4787	4
4788	9
4789	3
4790	9
4791	9
4792	3
4793	9
4794	6
4795	9
4796	4
4797	4
4798	6
4799	6
4800	4
4801	3
4802	9
4803	6
4804	6
4805	6
4806	6
4807	6
4808	6
4809	6
4810	6
4811	6
4812	6
4813	4
4815	8
4816	8
4817	8
4818	8
4819	8
4820	8
4821	8
4822	8
4823	8
4826	9
4827	9
4828	6
4829	3
4830	3
4831	3
4832	9
4833	6
4834	3
4835	3
4836	3
4837	6
4838	6
4839	3
4840	6
4841	6
4842	3
4843	6
4844	6
4845	4
4846	6
4847	4
4848	6
4849	6
4850	6
4851	3
4852	3
4853	3
4854	3
4855	3
4856	3
4857	3
4858	3
4859	3
4860	6
4861	6
4862	6
4863	6
4864	4
4865	3
4866	6
4867	6
4868	6
4869	6
4870	6
4871	6
4872	9
4873	9
4874	0
4875	5
4876	5
4877	8
4878	3
4879	6
4880	3
4881	3
4882	3
4883	3
4884	3
4885	3
4886	3
4887	3
4888	3
4889	4
4890	4
4891	6
4892	6
4893	6
4894	6
4895	6
4896	6
4897	6
4898	6
4899	6
4900	6
4901	6
4902	6
4903	3
4904	3
4905	6
4906	6
4907	9
4908	9
4909	6
4910	6
4911	6
4912	6
4913	6
4914	6
4915	6
4916	6
4917	6
4918	6
4919	6
4920	6
4921	6
4922	6
4923	6
4924	6
4925	6
4926	6
4927	6
4928	6
4929	6
4930	6
4931	6
4932	6
4933	6
4934	9
4935	5
4936	5
4937	6
4938	6
4939	6
4940	9
4941	3
4942	6
4943	3
4944	6
4945	6
4946	6
4947	6
4948	8
4949	8
4950	8
4951	9
4953	9
4954	9
4955	9
4956	9
4958	9
4959	9
4961	9
4966	9
4968	7
4969	7
4970	1
4971	7
4972	7
4973	7
4974	7
4975	7
4976	7
4977	7
4978	8
4979	8
4980	8
4981	7
4982	7
4983	7
4984	7
4985	7
4986	7
4987	7
4988	8
4989	8
4990	8
4991	8
4992	8
4993	8
4994	8
4995	1
4996	1
4997	7
4998	8
4999	7
5000	1
5001	7
5002	7
5003	7
5004	1
5005	8
5006	8
5007	1
5008	7
5009	8
5010	7
5011	1
5012	7
5013	8
5014	8
5015	7
5016	1
5017	1
5018	1
5019	7
5020	8
5021	8
5022	7
5023	1
5024	1
5025	8
5026	8
5027	8
5028	8
5029	8
5030	8
5031	8
5032	8
5033	8
5034	8
5035	1
5036	8
5037	8
5038	1
5039	1
5040	1
5041	1
5042	1
5043	1
5044	1
5045	1
5046	1
5047	1
5048	1
5049	1
5050	7
5051	1
5052	1
5053	8
5054	1
5055	1
5058	7
5059	7
5063	1
5066	7
5067	7
5068	1
5069	7
5070	7
5071	5
5072	5
5073	7
5074	5
5075	2
5076	7
5077	1
5078	7
5079	1
5080	7
5081	5
5082	8
5083	1
5084	8
5085	8
5086	8
5087	7
5088	7
5089	1
5090	7
5091	7
5092	9
5093	9
5094	1
5095	9
5096	9
5097	9
5098	9
5099	9
5100	9
5101	9
5102	9
5103	9
5104	9
5105	9
5106	9
5107	9
5108	9
5109	9
5110	9
5111	9
5112	9
5113	9
5114	9
5115	9
5116	9
5117	9
5118	9
5119	5
5120	5
5121	9
5122	9
5123	5
5124	5
5125	2
5126	2
5127	4
5128	5
5129	5
5130	2
5131	5
5132	5
5133	2
5134	2
5135	7
5136	2
5137	5
5138	5
5139	2
5140	5
5141	9
5142	9
5143	9
5144	4
5145	5
5146	2
5147	7
5148	7
5149	2
5150	2
5151	2
5152	2
5153	7
5154	2
5155	5
5156	2
5157	7
5158	5
5159	2
5160	5
5161	5
5162	9
5163	5
5164	4
5165	9
5166	2
5167	5
5168	5
5169	5
5170	5
5171	5
5172	5
5173	1
5174	5
5175	2
5176	2
5177	5
5178	7
5179	5
5180	2
5181	5
5182	7
5183	5
5184	7
5185	5
5186	5
5187	9
5188	5
5189	2
5190	7
5191	9
5192	5
5193	2
5194	2
5195	9
5196	2
5197	2
5198	2
5199	9
5200	9
5201	5
5202	5
5203	2
5204	5
5205	5
5206	5
5207	5
5208	5
5209	5
5210	2
5211	1
5212	9
5213	8
5214	5
5215	7
5216	9
5217	5
5218	9
5219	5
5220	5
5221	5
5222	9
5223	5
5224	5
5225	5
5226	2
5227	9
5228	5
5229	5
5230	9
5231	5
5232	5
5233	5
5234	5
5235	5
5236	9
5237	9
5238	7
5239	5
5240	5
5241	9
5242	2
5243	9
5244	2
5245	5
5246	5
5247	5
5248	2
5249	5
5250	2
5251	5
5252	5
5253	9
5254	5
5255	2
5256	9
5257	2
5258	9
5259	5
5260	5
5261	5
5262	5
5263	5
5264	5
5265	5
5266	5
5267	5
5268	4
5269	5
5270	4
5271	2
5272	5
5273	5
5274	5
5275	5
5276	5
5277	2
5278	5
5279	9
5280	1
5281	5
5282	9
5283	9
5284	9
5285	4
5286	5
5287	9
5288	9
5289	5
5290	9
5291	2
5292	5
5293	2
5294	9
5295	2
5296	5
5297	2
5298	9
5299	2
5300	2
5301	2
5302	5
5303	5
5304	5
5305	5
5306	5
5307	5
5308	5
5309	5
5310	5
5311	4
5312	4
5313	4
5314	4
5315	5
5316	9
5317	5
5318	2
5319	2
5320	5
5321	7
5322	1
5324	5
5325	7
5326	1
5327	9
5328	2
5329	2
5330	5
5331	2
5332	9
5333	5
5334	5
5335	2
5336	4
5337	4
5338	4
5339	4
5340	2
5341	2
5342	9
5343	2
5344	9
5345	5
5346	2
5347	2
5348	5
5349	9
5350	5
5351	9
5352	5
5353	1
5354	9
5355	5
5356	2
5357	5
5358	5
5359	5
5360	5
5361	5
5362	9
5363	9
5364	9
5365	2
5366	4
5367	4
5368	5
5369	5
5370	4
5371	2
5372	2
5373	2
5374	4
5375	4
5376	5
5377	5
5378	9
5379	9
5380	9
5381	1
5382	5
5383	7
5384	5
5385	5
5386	2
5387	4
5388	2
5389	2
5390	4
5391	4
5392	2
5393	2
5394	2
5395	2
5396	2
5397	2
5398	5
5399	5
5400	5
5401	5
5402	5
5403	2
5404	2
5405	2
5406	2
5407	2
5408	2
5409	4
5410	4
5411	5
5412	4
5413	5
5414	9
5415	9
5416	2
5417	5
5418	2
5419	2
5420	5
5421	9
5422	9
5423	9
5424	5
5425	2
5426	5
5427	5
5428	5
5429	2
5430	2
5431	4
5432	4
5433	2
5434	5
5435	2
5436	2
5437	2
5438	2
5439	2
5440	2
5441	2
5442	9
5443	2
5444	2
5445	5
5446	5
5447	2
5448	2
5449	2
5450	2
5451	2
5452	2
5453	2
5454	5
5455	5
5456	5
5457	9
5458	7
5459	2
5460	2
5461	9
5462	5
5463	2
5464	5
5465	9
5466	5
5467	5
5468	9
5469	5
5470	5
5471	5
5472	1
5473	5
5474	2
5475	5
5476	2
5477	1
5478	9
5479	5
5480	1
5481	2
5482	2
5483	5
5484	5
5485	2
5486	2
5487	2
5488	2
5489	2
5490	2
5491	2
5492	9
5493	5
5494	5
5495	2
5496	5
5497	2
5498	7
5499	2
5500	9
5501	5
5502	2
5503	2
5504	2
5505	2
5506	2
5507	2
5508	5
5509	5
5510	4
5511	9
5512	5
5513	5
5514	7
5515	7
5516	4
5517	2
5518	5
5519	5
5520	2
5521	5
5522	1
5523	5
5524	9
5525	5
5526	2
5527	9
5528	9
5529	5
5530	5
5531	9
5532	2
5533	5
5534	2
5535	5
5536	2
5537	2
5538	9
5539	9
5540	2
5541	2
5542	2
5543	2
5544	2
5545	5
5546	2
5547	2
5548	9
5549	2
5550	9
5551	9
5552	2
5553	2
5554	2
5555	2
5556	5
5557	7
5558	5
5559	5
5560	7
5561	1
5562	9
5563	1
5564	5
5565	5
5566	5
5567	1
5568	1
5569	9
5570	5
5571	7
5572	2
5573	9
5574	5
5575	5
5576	9
5577	5
5578	9
5579	9
5580	9
5581	2
5582	2
5583	2
5584	2
5585	2
5586	5
5587	2
5588	9
5589	9
5590	9
5591	9
5592	5
5593	2
5594	9
5595	5
5596	2
5597	2
5598	2
5599	2
5600	2
5601	5
5602	5
5603	5
5604	5
5605	5
5606	5
5607	5
5608	5
5609	5
5610	5
5611	5
5612	7
5613	5
5614	5
5615	9
5616	5
5617	7
5618	5
5619	5
5620	5
5621	5
5622	5
5623	5
5624	9
5625	5
5626	9
5627	9
5628	9
5629	5
5630	5
5631	2
5632	2
5633	5
5634	2
5635	9
5636	9
5637	2
5638	2
5639	2
5640	2
5641	2
5642	9
5643	9
5644	9
5645	9
5646	5
5647	2
5648	9
5649	5
5650	5
5651	5
5652	4
5653	2
5654	2
5655	2
5656	2
5657	2
5658	5
5659	2
5660	2
5661	9
5662	5
5663	9
5664	7
5665	2
5666	5
5667	9
5668	5
5669	2
5670	2
5671	2
5672	9
5673	2
5674	2
5675	7
5676	9
5677	7
5678	9
5679	9
5680	9
5681	9
5682	9
5683	2
5684	9
5685	3
5686	7
5687	5
5688	4
5689	5
5690	9
5691	5
5692	5
5693	5
5694	5
5695	5
5696	5
5697	9
5698	5
5699	2
5700	4
5701	2
5702	2
5703	2
5704	2
5705	5
5706	5
5707	2
5708	9
5709	9
5710	2
5711	2
5712	5
5713	2
5714	2
5715	9
5716	7
5717	5
5718	9
5719	9
5720	5
5721	7
5722	9
5723	2
5725	5
5726	2
5727	9
5728	5
5729	5
5730	2
5731	7
5732	9
5733	9
5734	2
5735	5
5736	2
5737	9
5738	5
5739	5
5740	9
5741	9
5742	9
5743	9
5744	5
5745	9
5746	9
5747	9
5748	9
5749	4
5750	2
5751	2
5752	2
5753	2
5754	2
5755	2
5756	5
5757	1
5758	7
5759	9
5766	1
5767	5
5768	9
5769	5
5770	1
5771	5
5772	5
5773	5
5774	2
5775	2
5776	5
5777	5
5778	5
5779	9
5780	7
5781	9
5782	5
5783	5
5784	5
5785	5
5786	2
5787	5
5788	5
5789	5
5790	5
5791	5
5792	5
5793	5
5794	2
5795	9
5796	9
5797	9
5798	5
5799	2
5800	5
5801	2
5802	2
5803	2
5804	2
5805	7
5806	2
5807	5
5810	5
5811	5
5812	2
5813	5
5814	1
5815	7
5816	7
5817	7
5818	8
5819	5
5820	5
5821	5
5822	2
5823	9
5824	5
5825	5
5826	9
5827	2
5828	2
5829	5
5830	4
5831	5
5832	1
5833	5
5834	7
5835	1
5836	5
5837	5
5838	7
5839	5
5840	5
5841	5
5842	5
5843	5
5844	5
5845	9
5846	5
5847	9
5848	5
5849	5
5850	2
5851	2
5852	9
5853	5
5854	5
5855	2
5856	2
5857	2
5858	5
5859	2
5860	7
5861	7
5862	5
5863	9
5864	5
5865	2
5866	9
5867	5
5868	5
5869	2
5870	2
5871	2
5872	9
5873	2
5874	9
5875	5
5876	5
5877	5
5878	5
5879	5
5880	5
5881	5
5882	5
5883	5
5884	1
5885	5
5886	5
5887	9
5888	2
5889	9
5890	5
5891	7
5892	7
5893	7
5894	7
5895	7
5896	7
5897	7
5898	7
5899	9
5900	7
5901	9
5902	7
5903	7
5904	7
5905	7
5906	7
5907	7
5908	7
5909	7
5910	7
5911	7
5912	7
5913	7
5914	7
5915	7
5916	7
5917	7
5918	7
5919	7
5920	7
5921	7
5922	7
5923	7
5924	7
5925	7
5926	7
5927	7
5928	7
5929	7
5930	7
5931	7
5932	7
5933	7
5934	7
5935	7
5936	7
5937	7
5938	7
5939	7
5940	7
5941	7
5942	7
5943	7
5944	7
5945	7
5946	7
5947	7
5948	7
5949	7
5950	7
5951	7
5952	7
5953	7
5954	7
5955	7
5956	7
5957	7
5958	7
5959	7
5960	7
5961	7
5962	7
5963	7
5964	7
5965	7
5966	7
5967	7
5968	7
5969	7
5970	7
5971	7
5972	7
5973	7
5974	7
5975	7
5976	7
5977	7
5978	7
5979	7
5980	7
5981	7
5982	7
5983	7
5984	7
5985	7
5986	7
5987	7
5988	7
5989	7
5990	7
5991	7
5992	7
5993	7
5994	7
5995	7
5996	7
5997	7
5998	7
5999	7
6000	7
6001	7
6002	7
6003	7
6004	7
6005	7
6006	7
6007	7
6008	7
6009	7
6010	7
6011	7
6012	7
6013	7
6014	7
6015	7
6016	7
6017	7
6018	7
6019	7
6020	7
6021	7
6022	7
6023	7
6024	7
6025	7
6026	7
6027	7
6028	7
6029	7
6030	7
6031	7
6032	7
6033	7
6034	7
6035	7
6036	7
6037	7
6038	7
6039	7
6040	7
6041	7
6042	7
6043	7
6044	7
6045	7
6046	7
6047	7
6048	7
6049	7
6050	7
6051	7
6052	7
6053	7
6054	9
6055	9
6056	7
6057	7
6058	7
6059	7
6060	7
6061	7
6062	7
6063	7
6064	7
6065	7
6066	7
6067	7
6068	7
6069	7
6070	7
6071	7
6072	7
6073	7
6074	7
6075	7
6076	7
6077	7
6078	7
6079	7
6080	7
6081	7
6082	7
6083	7
6084	7
6085	7
6086	7
6087	7
6088	7
6089	7
6090	7
6091	7
6092	7
6093	7
6094	7
6095	7
6096	7
6097	7
6098	7
6099	7
6100	7
6101	7
6102	7
6103	7
6104	7
6105	7
6106	7
6107	7
6108	7
6109	7
6110	7
6111	7
6112	7
6113	7
6114	7
6115	7
6116	7
6117	7
6118	7
6119	7
6120	7
6121	7
6122	7
6123	7
6124	7
6125	7
6126	7
6127	7
6128	7
6129	7
6130	7
6131	7
6132	7
6133	7
6134	7
6135	7
6136	7
6137	7
6138	7
6139	7
6140	7
6141	7
6142	7
6143	7
6144	7
6145	7
6146	7
6147	7
6148	7
6149	7
6150	7
6151	7
6152	7
6153	7
6154	7
6155	7
6156	7
6157	7
6158	7
6159	7
6160	7
6161	7
6162	7
6163	7
6164	7
6165	7
6166	7
6167	7
6168	7
6169	7
6170	7
6171	7
6172	7
6173	7
6174	7
6175	7
6176	7
6177	7
6178	7
6179	7
6180	7
6181	7
6182	7
6183	7
6184	7
6185	7
6186	7
6187	7
6188	7
6189	7
6190	7
6191	7
6192	7
6193	7
6194	7
6195	7
6196	7
6197	7
6198	9
6199	7
6200	7
6201	7
6202	7
6203	7
6204	7
6205	7
6206	7
6207	7
6208	7
6209	7
6210	9
6211	7
6212	7
6213	9
6214	7
6215	7
6216	7
6217	7
6218	7
6219	7
6220	7
6221	9
6222	7
6223	7
6224	7
6225	7
6226	7
6227	7
6228	7
6229	7
6230	7
6231	7
6232	7
6233	7
6234	7
6235	7
6236	7
6237	7
6238	7
6239	0
6240	6
6241	9
6242	9
6243	6
6244	9
6245	0
6246	0
6247	6
6248	9
6249	9
6250	8
6251	9
6252	0
6253	9
6254	9
6255	9
6256	9
6257	9
6258	0
6259	8
6260	9
6261	9
6262	9
6263	0
6264	0
6265	8
6266	8
6267	9
6268	9
6269	9
6270	8
6271	9
6272	8
6273	8
6274	8
6275	8
6276	8
6277	8
6278	8
6279	8
6280	8
6281	8
6282	8
6283	8
6284	8
6285	8
6286	8
6287	6
6288	0
6289	8
6290	8
6291	8
6292	8
6293	9
6294	8
6295	6
6296	6
6297	8
6298	8
6299	0
6300	8
6301	8
6302	8
6303	8
6304	0
6305	8
6306	8
6307	8
6308	0
6309	0
6310	0
6311	0
6312	0
6313	8
6314	0
6315	8
6316	8
6317	8
6318	0
6319	8
6320	0
6321	0
6322	8
6323	8
6324	8
6325	6
6326	0
6327	8
6328	8
6329	8
6330	9
6331	0
6332	9
6333	9
6334	9
6335	6
6336	0
6337	8
6338	8
6339	8
6340	8
6341	8
6342	8
6343	8
6344	8
6345	0
6346	0
6347	0
6348	8
6349	8
6350	8
6351	9
6352	8
6353	8
6354	8
6355	8
6356	8
6357	8
6358	8
6359	3
6360	6
6361	0
6362	9
6363	9
6364	6
6365	6
6366	9
6367	9
6368	8
6369	8
6370	8
6371	0
6372	3
6373	3
6374	9
6375	3
6376	8
6377	8
6378	8
6379	8
6380	8
6381	6
6382	6
6383	0
6384	8
6385	8
6386	0
6387	8
6388	8
6389	8
6390	8
6391	8
6392	8
6393	9
6394	9
6395	9
6396	9
6397	6
6398	8
6399	8
6400	9
6401	8
6402	8
6403	8
6404	8
6405	9
6406	9
6407	9
6408	9
6409	8
6410	8
6411	3
6412	8
6413	8
6414	8
6415	8
6416	8
6417	8
6418	8
6419	0
6420	8
6421	8
6422	0
6423	8
6424	8
6425	8
6426	8
6427	8
6428	8
6429	8
6430	8
6431	8
6432	8
6433	8
6435	8
6436	8
6437	8
6438	8
6439	8
6440	8
6441	8
6442	8
6443	0
6444	8
6445	8
6446	8
6447	3
6448	8
6449	8
6450	8
6451	8
6452	8
6453	8
6454	8
6455	8
6456	8
6457	9
6458	8
6459	8
6460	8
6461	8
6462	8
6463	6
6464	9
6465	6
6466	8
6467	8
6468	8
6469	8
6470	9
6471	8
6472	8
6474	9
6475	6
6476	8
6477	6
6478	9
6479	8
6480	8
6481	8
6482	3
6483	8
6484	3
6485	8
6486	8
6487	8
6488	8
6489	8
6490	8
6491	0
6492	6
6493	8
6494	8
6495	8
6496	8
6497	8
6498	8
6499	8
6500	9
6501	8
6502	8
6503	8
6504	8
6505	8
6506	6
6507	3
6508	8
6509	9
6510	0
6511	0
6512	8
6513	9
6514	8
6515	9
6516	8
6517	8
6518	8
6519	0
6520	8
6521	6
6522	8
6523	8
6524	8
6525	8
6526	8
6527	8
6528	0
6529	8
6530	8
6531	8
6532	9
6533	8
6534	8
6535	8
6536	8
6537	8
6538	8
6539	6
6540	8
6541	0
6542	9
6543	6
6544	9
6545	9
6546	8
6547	8
6548	8
6549	0
6550	0
6551	9
6552	9
6553	8
6554	9
6555	9
6556	9
6557	9
6558	9
6559	6
6560	6
6561	9
6562	9
6563	9
6564	9
6565	1
6566	1
6567	1
6568	1
6569	1
6570	1
6571	1
6572	1
6573	1
6574	1
6575	1
6576	1
6577	1
6578	1
6579	1
6580	1
6581	1
6582	1
6583	1
6584	1
6585	1
6586	1
6587	1
6588	1
6589	1
6590	1
6591	1
6592	1
6593	1
6594	1
6595	1
6596	1
6597	1
6598	1
6599	1
6600	1
6601	1
6602	1
6603	1
6604	1
6605	1
6606	1
6607	1
6608	1
6609	1
6610	1
6611	7
6612	7
6613	0
6614	0
6615	7
6616	7
6617	7
6618	7
6619	7
6620	7
6621	0
6622	0
6623	0
6624	1
6625	1
6626	1
6627	7
6628	7
6629	8
6630	1
6631	1
6632	1
6633	8
6634	7
6635	1
6636	7
6637	7
6638	7
6639	8
6640	8
6641	1
6642	8
6643	8
6644	7
6645	7
6646	1
6647	1
6648	8
6650	8
6651	8
6652	8
6653	8
6654	1
6655	8
6656	8
6657	8
6658	1
6659	1
6660	8
6661	8
6662	8
6663	8
6664	8
6665	8
6666	8
6667	8
6668	8
6669	8
6671	7
6672	8
6679	1
6683	1
6684	8
6685	8
6686	7
6687	7
6688	7
6689	7
6690	1
6691	1
6692	8
6693	1
6694	1
6695	1
6696	1
6697	1
6698	1
6699	1
6700	1
6701	1
6702	1
6703	1
6704	1
6705	1
6706	1
6707	1
6708	1
6709	1
6710	1
6711	1
6712	8
6713	1
6714	8
6715	8
6716	1
6717	1
6718	7
6719	1
6720	1
6721	1
6722	1
6723	1
6724	1
6725	1
6726	1
6727	1
6728	1
6729	1
6730	1
6731	1
6732	1
6733	1
6734	1
6735	1
6736	1
6737	1
6738	1
6739	1
6740	1
6741	7
6742	7
6743	8
6744	8
6745	8
6746	8
6747	8
6748	8
6749	8
6750	8
6751	8
6752	8
6753	7
6754	8
6755	8
6756	8
6757	1
6758	1
6759	1
6760	1
6761	1
6762	1
6763	1
6764	7
6765	7
6766	7
6767	0
6768	7
6769	7
6770	7
6771	7
6772	0
6773	0
6774	7
6775	7
6776	0
6777	7
6778	7
6779	7
6780	7
6781	7
6782	7
6783	7
6784	7
6785	7
6786	7
6787	7
6788	7
6789	7
6790	7
6791	7
6792	7
6793	7
6794	7
6795	7
6796	7
6797	7
6798	0
6799	7
6800	7
6801	7
6802	7
6803	7
6804	7
6805	0
6806	7
6807	7
6808	7
6809	0
6810	0
6811	7
6812	7
6813	7
6814	0
6815	7
6816	7
6817	7
6818	7
6819	7
6820	9
6821	9
6822	1
6823	0
6824	1
6825	1
6826	1
6827	1
6828	1
6829	0
6830	0
6831	0
6832	0
6833	0
6834	0
6835	1
6836	0
6837	0
6838	0
6839	0
6840	0
6841	1
6842	0
6843	0
6844	0
6845	0
6846	1
6847	1
6848	1
6849	1
6850	1
6851	1
6852	1
6853	1
6854	1
6855	0
6856	1
6857	1
6858	1
6859	0
6860	1
6861	0
6862	0
6863	0
6864	1
6865	0
6866	1
6867	9
6868	1
6869	0
6870	1
6871	1
6872	0
6873	0
6874	0
6875	0
6876	0
6877	9
6878	7
6879	9
6880	1
6881	7
6882	7
6883	9
6884	7
6885	7
6886	7
6887	1
6888	7
6889	7
6890	7
6891	9
6892	9
6893	7
6894	7
6895	7
6896	7
6897	7
6898	9
6899	7
6900	7
6901	9
6902	0
6903	9
6904	9
6905	9
6906	9
6907	9
6908	9
6909	7
6910	7
6911	9
6912	9
6913	7
6914	1
6915	0
6916	0
6917	0
6918	0
6919	0
6920	0
6921	9
6922	9
6923	9
6924	7
6925	9
6926	9
6927	0
6928	9
6929	9
6930	7
6931	7
6932	9
6933	9
6934	9
6935	7
6936	7
6937	9
6938	7
6939	7
6940	9
6941	9
6942	0
6943	9
6944	9
6945	0
6946	0
6947	7
6948	0
6949	7
6950	9
6951	9
6952	9
6953	9
6954	9
6955	9
6956	1
6957	1
6958	7
6959	9
6960	9
6961	9
6962	9
6963	1
6964	9
6965	1
6966	0
