1	0
2	0
3	0
4	7
5	0
6	0
7	7
8	0
9	1
10	0
11	7
12	7
13	7
14	7
15	7
16	7
17	7
18	7
19	0
20	7
21	0
22	7
23	7
24	7
25	7
26	7
27	7
28	7
29	7
30	7
31	7
32	0
33	7
34	7
35	7
36	7
37	7
38	7
39	7
40	7
41	7
42	7
43	7
44	7
45	7
46	7
47	7
48	7
49	7
50	7
51	7
52	7
53	7
54	7
55	7
56	7
57	7
58	7
59	7
60	7
61	7
62	7
63	0
64	0
65	0
66	0
67	0
68	0
69	0
70	0
71	0
72	0
73	0
74	0
75	0
76	0
77	0
78	0
79	0
80	0
81	0
82	0
83	0
84	1
85	7
86	7
87	0
88	0
89	0
90	0
91	0
92	0
93	0
94	0
95	1
96	1
97	1
98	0
99	7
100	0
101	7
102	0
103	0
104	0
105	0
106	0
107	0
108	0
109	0
110	0
111	0
112	0
113	1
114	1
115	7
116	1
117	1
118	0
119	0
120	0
121	1
122	0
123	0
124	0
125	0
126	0
127	0
128	0
129	0
130	0
131	0
132	0
133	7
134	0
135	0
136	7
137	0
138	0
139	0
140	0
141	0
142	0
143	0
144	0
145	0
146	0
147	0
148	7
149	7
150	0
151	0
152	0
153	0
154	0
155	0
156	0
157	7
158	7
159	0
160	7
161	7
162	0
163	0
164	0
165	1
166	1
167	1
168	1
169	0
170	0
171	7
172	7
173	7
174	0
175	0
176	0
177	7
178	0
179	0
180	0
181	0
182	7
183	7
184	7
185	0
186	0
187	0
188	0
189	0
190	0
191	0
192	1
193	0
194	0
195	0
196	0
197	0
198	0
199	0
200	0
201	0
202	7
203	7
204	0
205	0
206	0
207	0
208	0
209	0
210	0
211	0
212	0
213	0
214	0
215	0
216	0
217	0
218	0
219	0
220	0
221	0
222	0
223	0
224	1
225	1
226	1
227	1
228	0
229	0
230	0
231	0
232	0
233	0
234	0
235	0
236	0
237	0
238	1
239	0
240	0
241	0
242	0
243	0
244	0
245	0
246	0
247	0
248	0
249	0
250	1
251	0
252	0
253	0
254	0
255	0
256	0
257	7
258	9
259	7
260	7
261	7
262	7
263	7
264	7
265	7
266	7
267	8
268	8
269	7
270	8
271	7
272	8
273	8
274	8
275	7
276	7
277	5
278	7
279	7
280	7
281	7
282	7
283	7
284	7
285	7
286	7
287	7
288	5
289	5
290	5
291	5
292	5
293	5
294	7
295	7
296	7
297	7
298	8
299	7
300	9
301	7
302	7
303	7
304	7
305	7
306	7
307	7
308	7
309	7
310	8
311	7
312	7
313	7
314	7
315	7
316	7
317	7
318	7
319	7
320	7
321	7
322	7
323	7
324	7
325	7
326	7
327	9
328	7
329	7
330	5
331	7
332	7
333	7
334	7
335	7
336	7
337	7
338	7
339	9
340	7
341	7
342	8
343	9
344	9
345	9
346	9
347	9
348	9
349	9
350	9
351	9
352	9
353	9
354	9
355	9
357	9
358	9
359	9
360	9
361	9
362	9
363	9
365	9
366	9
367	9
368	9
369	9
370	9
372	9
373	9
374	9
375	9
376	9
377	9
378	9
379	9
380	9
381	9
382	9
383	9
384	9
385	9
386	9
387	9
388	9
389	8
390	9
391	9
392	9
393	9
394	9
395	9
396	9
397	9
398	9
399	9
400	9
401	9
402	9
403	9
404	9
405	9
406	9
407	9
408	9
409	9
410	9
411	9
412	8
413	9
414	9
415	9
416	9
417	9
418	9
419	8
420	9
421	9
422	9
423	9
424	9
425	9
426	9
427	9
428	9
429	9
430	9
431	9
432	9
434	9
435	9
436	9
438	9
439	6
440	9
441	6
442	6
443	6
444	6
445	9
446	9
447	9
448	9
449	9
450	9
451	9
452	9
453	9
454	9
455	9
456	9
457	6
458	6
459	6
460	6
461	6
462	6
463	9
464	9
465	9
466	9
467	9
468	6
469	6
470	6
471	6
472	9
473	9
474	9
475	9
476	9
477	9
478	9
479	9
480	9
481	9
482	9
483	9
484	6
485	6
486	6
487	9
488	0
489	9
490	9
491	0
492	0
493	0
494	9
495	0
496	9
497	6
498	6
499	6
500	6
501	9
502	0
503	9
504	9
505	0
506	0
507	0
508	0
509	9
510	0
511	0
512	0
513	9
514	0
515	0
516	0
517	0
518	0
519	9
520	9
521	9
522	6
523	6
524	0
525	0
526	0
527	9
528	0
529	0
530	0
531	9
532	0
533	0
534	0
535	0
536	0
538	9
539	6
540	6
541	9
542	9
543	9
544	9
545	9
546	6
547	9
548	6
549	9
550	6
551	6
552	6
553	9
554	6
555	9
556	6
557	9
558	6
559	6
560	6
561	9
562	0
563	6
564	0
565	0
566	6
567	0
568	6
569	9
570	9
571	9
572	9
573	6
574	9
575	9
576	9
577	9
578	0
579	9
580	0
581	9
582	0
583	0
584	9
585	0
586	0
587	9
588	9
589	0
590	9
591	6
592	9
593	0
594	0
595	0
596	0
597	9
598	9
599	9
600	6
601	9
602	9
603	9
604	9
605	9
606	9
607	9
608	9
609	6
610	9
611	6
612	9
613	9
614	9
615	9
616	9
617	9
618	9
619	6
620	6
621	9
622	9
623	9
624	6
625	6
626	6
627	9
628	6
629	9
630	9
631	9
632	9
633	9
634	9
635	9
636	9
637	6
638	9
639	9
640	6
641	9
642	9
643	6
644	9
645	9
646	0
647	0
648	7
649	1
650	1
651	7
652	0
653	7
654	1
655	1
656	7
657	7
658	7
659	0
660	9
661	0
662	6
663	0
664	0
665	0
666	0
667	0
668	6
669	0
670	0
671	9
672	0
673	0
674	0
675	9
676	6
677	6
678	0
679	9
680	0
681	6
682	6
683	6
684	6
685	6
686	6
687	6
688	6
689	0
690	6
691	6
692	6
693	0
694	9
695	9
696	0
697	6
698	0
699	6
700	0
701	6
702	6
703	0
704	6
705	0
706	0
707	6
708	0
709	0
710	9
711	0
712	0
713	0
714	0
715	0
716	0
717	0
718	0
719	9
720	0
721	9
722	0
723	9
724	6
725	6
726	6
727	0
728	0
729	9
730	0
731	0
732	0
733	0
734	0
735	0
736	9
737	9
738	9
739	9
740	6
741	6
742	6
743	6
744	0
745	0
746	9
747	9
748	9
749	9
750	9
751	9
752	7
753	7
754	7
755	7
756	7
757	7
758	7
759	7
760	7
761	7
762	7
763	7
764	7
765	7
766	7
767	7
768	7
769	7
770	7
771	7
772	7
773	7
774	7
775	7
776	7
777	7
778	7
779	7
780	7
781	7
782	7
783	7
784	7
785	7
786	7
787	7
788	7
789	7
790	9
791	7
792	7
793	7
794	7
795	7
796	7
797	7
798	7
799	7
800	7
801	7
802	7
803	7
804	7
805	7
806	7
807	7
808	7
809	7
810	7
811	7
812	7
813	7
814	7
815	7
816	7
817	7
818	7
819	7
820	7
821	7
822	7
823	7
824	9
825	7
826	7
827	7
828	7
829	0
830	7
831	7
832	7
833	0
834	0
835	0
836	0
837	0
838	7
839	0
840	0
841	0
842	0
843	7
844	7
845	7
846	0
847	0
848	0
849	0
850	0
851	0
852	0
853	0
854	0
855	0
856	0
857	0
858	7
859	0
860	0
861	0
862	0
863	0
864	0
865	0
866	0
867	0
868	0
869	0
870	0
871	0
872	7
873	7
874	7
875	7
876	7
877	7
878	0
879	7
880	0
881	0
882	0
883	0
884	0
885	0
886	0
887	0
888	0
889	0
890	0
891	0
892	0
893	1
894	7
895	7
896	7
897	7
898	7
899	7
900	0
901	0
902	0
903	0
904	0
905	0
906	0
907	0
908	0
909	0
910	0
911	0
912	0
913	0
914	0
915	0
916	0
917	0
918	0
919	0
920	0
921	0
922	0
923	0
924	0
925	7
926	7
927	7
928	7
929	7
930	7
931	7
932	0
933	7
934	7
935	7
936	7
937	7
938	7
939	7
940	7
941	7
942	7
943	0
944	0
945	9
946	0
947	9
948	9
949	7
950	7
951	7
952	7
953	7
954	9
955	9
956	9
957	9
958	9
959	7
960	7
961	7
962	7
963	7
964	0
965	0
966	7
967	7
968	7
969	0
970	7
971	7
972	7
973	0
974	0
975	0
976	7
977	0
978	0
979	7
980	7
981	0
982	0
983	0
984	0
985	0
986	7
987	7
988	7
989	7
990	7
991	7
992	7
993	0
994	7
995	7
996	9
997	9
998	7
999	7
1000	7
1001	7
1002	7
1003	7
1004	7
1005	7
1006	0
1007	0
1008	0
1009	8
1010	8
1011	8
1012	9
1013	9
1014	9
1015	9
1016	9
1017	9
1018	8
1019	8
1020	9
1021	8
1022	9
1023	9
1024	8
1025	8
1026	9
1027	9
1028	8
1029	8
1030	8
1031	9
1032	9
1033	9
1034	9
1035	8
1036	8
1037	8
1038	8
1039	8
1040	8
1041	8
1042	8
1043	9
1044	8
1045	9
1046	8
1051	9
1052	9
1053	9
1054	9
1055	9
1056	9
1057	9
1058	8
1059	8
1060	8
1061	8
1062	9
1063	8
1064	9
1065	9
1066	9
1068	9
1069	9
1070	8
1071	8
1072	8
1073	8
1074	8
1075	9
1076	8
1077	8
1078	9
1079	9
1080	8
1081	8
1082	9
1084	8
1085	8
1087	8
1088	8
1089	8
1090	8
1091	8
1092	8
1093	8
1094	8
1095	8
1096	8
1097	8
1099	8
1101	8
1102	8
1103	8
1104	8
1105	8
1106	1
1107	1
1108	8
1109	1
1110	1
1111	1
1112	8
1113	8
1114	8
1115	8
1116	1
1117	8
1118	1
1120	8
1121	8
1122	8
1123	8
1124	8
1125	8
1126	8
1127	8
1128	8
1129	8
1130	8
1131	8
1132	8
1133	8
1134	8
1135	8
1136	8
1137	8
1138	8
1139	8
1140	8
1141	8
1142	8
1143	8
1144	8
1145	8
1146	8
1147	8
1149	1
1151	8
1157	8
1160	8
1161	8
1162	8
1163	8
1164	8
1165	8
1167	8
1168	8
1169	8
1170	8
1171	8
1172	8
1173	8
1174	8
1175	1
1176	8
1177	8
1178	8
1179	8
1181	8
1182	9
1185	8
1189	9
1190	9
1191	8
1192	8
1193	9
1194	8
1195	8
1196	8
1197	8
1198	8
1199	8
1200	8
1201	9
1202	9
1203	8
1204	8
1205	9
1206	8
1207	8
1208	8
1209	8
1210	8
1211	8
1212	9
1213	9
1214	9
1215	8
1216	8
1217	6
1218	6
1219	6
1220	6
1221	6
1222	4
1223	4
1224	4
1225	4
1226	4
1227	6
1228	4
1229	4
1230	4
1231	4
1232	6
1233	9
1234	9
1235	9
1236	6
1237	2
1238	6
1239	6
1240	4
1241	4
1242	4
1243	4
1244	4
1245	4
1246	2
1247	4
1249	2
1250	4
1251	4
1252	4
1253	4
1254	4
1255	2
1256	4
1257	2
1258	2
1259	2
1260	4
1261	2
1263	2
1264	2
1265	2
1266	4
1267	2
1268	2
1269	4
1270	4
1271	4
1272	4
1273	4
1274	4
1275	4
1276	4
1277	4
1278	4
1279	4
1280	4
1281	4
1282	4
1283	4
1284	4
1285	4
1286	4
1287	4
1288	4
1289	4
1290	2
1291	4
1292	2
1293	2
1294	2
1295	2
1296	2
1297	2
1298	2
1299	2
1300	4
1301	4
1302	4
1303	2
1304	2
1305	2
1306	4
1307	2
1308	2
1309	2
1310	2
1311	2
1312	2
1313	5
1314	5
1315	5
1316	5
1317	5
1318	5
1319	4
1320	4
1321	4
1322	5
1323	3
1324	5
1325	3
1326	5
1327	5
1328	5
1329	4
1330	3
1331	2
1332	2
1333	2
1334	2
1335	2
1336	3
1337	2
1338	5
1339	3
1340	2
1341	4
1342	4
1343	4
1344	4
1345	4
1346	4
1347	4
1348	2
1349	3
1350	3
1351	3
1352	3
1353	3
1354	3
1355	3
1356	3
1357	3
1358	3
1359	4
1360	4
1361	4
1362	4
1363	4
1364	4
1365	4
1366	4
1367	4
1368	2
1369	2
1370	2
1371	2
1372	4
1374	2
1375	4
1376	4
1377	4
1378	6
1379	5
1380	5
1381	5
1382	5
1383	5
1384	5
1385	5
1386	5
1387	4
1388	4
1389	6
1390	6
1391	4
1392	6
1393	4
1394	4
1395	4
1396	4
1397	9
1398	9
1399	9
1400	9
1401	9
1402	9
1403	9
1404	9
1405	9
1406	9
1407	9
1408	4
1409	2
1410	6
1411	6
1412	4
1413	6
1414	2
1415	4
1416	4
1417	4
1418	4
1419	2
1420	2
1421	2
1422	4
1423	4
1424	2
1425	4
1426	4
1427	4
1429	4
1432	4
1433	4
1434	2
1435	2
1436	2
1437	2
1438	2
1439	2
1440	2
1441	2
1442	4
1443	4
1444	4
1445	4
1446	4
1447	2
1448	2
1449	2
1450	2
1451	2
1452	2
1453	2
1454	2
1455	2
1456	2
1457	2
1458	2
1459	2
1460	4
1461	2
1462	2
1463	2
1464	2
1465	2
1466	4
1467	4
1468	0
1469	0
1470	5
1471	5
1472	0
1473	4
1474	0
1475	4
1476	5
1477	5
1478	5
1479	5
1480	5
1481	5
1482	5
1483	5
1484	5
1485	5
1486	5
1487	5
1488	5
1489	2
1490	3
1491	3
1492	2
1493	2
1494	2
1495	3
1496	2
1497	3
1498	3
1499	3
1500	2
1501	2
1502	3
1503	3
1504	3
1505	2
1506	2
1507	4
1508	4
1509	2
1510	4
1511	2
1512	2
1513	2
1514	2
1515	2
1516	4
1517	3
1518	3
1519	3
1520	3
1521	3
1522	3
1523	3
1524	3
1525	3
1526	4
1527	2
1528	2
1529	2
1530	4
1531	4
1533	2
1534	2
1535	4
1536	4
1537	2
1538	4
1539	4
1540	4
1541	4
1542	4
1543	2
1544	5
1545	5
1546	5
1547	5
1548	5
1549	5
1550	5
1551	5
1552	5
1553	4
1554	4
1555	4
1556	4
1557	4
1558	4
1559	4
1560	4
1561	4
1562	4
1563	9
1564	9
1565	9
1566	9
1567	9
1568	4
1569	4
1570	2
1571	4
1572	4
1573	4
1574	6
1575	6
1576	6
1577	6
1578	6
1579	2
1580	2
1581	6
1582	6
1584	4
1585	4
1586	4
1587	4
1588	4
1589	4
1590	4
1591	4
1592	4
1593	4
1594	4
1596	4
1597	4
1598	4
1599	4
1600	4
1601	4
1602	4
1603	4
1604	4
1605	4
1606	4
1607	4
1608	4
1609	4
1610	4
1611	4
1612	4
1613	4
1614	4
1615	4
1616	4
1617	2
1618	2
1619	2
1620	2
1621	2
1622	2
1623	2
1624	2
1625	2
1626	2
1627	4
1628	2
1629	4
1630	2
1631	4
1632	2
1633	2
1634	2
1635	4
1636	4
1637	0
1638	5
1639	5
1640	4
1641	3
1642	0
1643	4
1644	5
1645	0
1646	5
1647	5
1648	5
1649	5
1650	5
1651	5
1652	5
1653	4
1654	5
1655	2
1656	4
1657	5
1658	3
1659	3
1660	2
1661	2
1662	2
1663	3
1664	3
1665	3
1666	3
1667	2
1668	2
1669	2
1670	2
1671	2
1672	2
1673	2
1674	4
1675	4
1676	4
1677	4
1678	4
1679	4
1680	4
1681	4
1682	4
1683	4
1684	4
1685	4
1686	2
1687	4
1688	3
1689	3
1690	3
1691	3
1692	3
1693	3
1694	3
1695	3
1696	2
1697	2
1698	2
1699	4
1700	4
1701	4
1702	2
1703	4
1704	4
1705	2
1706	2
1707	2
1708	4
1709	4
1710	2
1711	2
1712	2
1713	4
1714	4
1715	5
1716	5
1717	5
1718	5
1719	6
1720	5
1721	6
1722	3
1723	4
1724	4
1725	4
1726	4
1727	4
1728	4
1729	4
1730	4
1731	6
1732	6
1733	6
1734	4
1735	4
1736	4
1737	6
1738	6
1739	6
1740	6
1741	6
1742	6
1743	6
1744	6
1745	6
1746	4
1747	2
1748	4
1749	2
1750	4
1751	4
1752	4
1753	4
1754	2
1755	2
1756	2
1757	4
1758	2
1759	4
1760	2
1761	2
1762	4
1763	2
1764	4
1765	4
1766	4
1767	4
1769	4
1770	4
1771	4
1772	4
1773	4
1774	4
1775	4
1776	4
1777	4
1778	4
1779	4
1780	4
1781	4
1782	4
1783	4
1784	2
1785	2
1786	2
1787	2
1788	2
1789	2
1790	2
1791	2
1792	2
1793	2
1795	2
1796	2
1797	2
1798	2
1799	4
1800	4
1801	5
1802	4
1803	0
1804	4
1805	4
1806	5
1807	4
1808	5
1809	5
1810	5
1811	5
1812	5
1813	5
1814	5
1815	5
1816	4
1817	5
1818	4
1819	5
1820	4
1821	5
1822	3
1823	2
1824	2
1825	2
1826	2
1827	2
1828	2
1829	3
1830	3
1831	2
1832	5
1833	4
1834	4
1835	2
1836	2
1837	2
1838	2
1839	2
1840	4
1841	4
1842	2
1843	4
1844	2
1845	2
1846	2
1847	2
1848	2
1849	2
1850	3
1851	3
1852	3
1853	3
1854	3
1855	3
1856	3
1857	4
1858	4
1859	4
1860	3
1861	4
1862	4
1863	3
1864	3
1865	3
1866	5
1867	5
1868	5
1869	6
1870	3
1871	6
1872	6
1873	5
1874	6
1875	3
1876	4
1877	4
1878	4
1879	4
1880	4
1881	6
1882	6
1883	6
1884	4
1885	4
1886	6
1887	4
1888	6
1889	4
1890	6
1891	6
1892	5
1893	5
1894	5
1895	5
1896	4
1897	6
1898	6
1899	2
1900	2
1901	2
1902	6
1903	6
1904	6
1905	2
1906	3
1907	4
1908	4
1909	4
1910	2
1911	4
1912	4
1913	4
1914	4
1915	4
1916	4
1917	4
1918	4
1919	4
1920	4
1921	4
1922	4
1923	4
1924	4
1925	4
1926	4
1927	4
1928	4
1929	4
1930	4
1931	4
1932	4
1933	2
1934	2
1935	4
1936	4
1937	4
1938	4
1939	4
1940	4
1941	4
1942	4
1943	4
1944	4
1945	4
1946	4
1947	4
1948	4
1949	2
1950	2
1951	2
1952	2
1953	2
1954	2
1955	4
1956	2
1957	4
1958	2
1959	2
1960	2
1961	2
1962	2
1963	2
1964	2
1965	4
1966	3
1967	5
1968	0
1969	3
1970	4
1971	3
1972	4
1973	4
1974	4
1975	3
1976	3
1977	5
1978	5
1979	5
1980	2
1981	2
1982	2
1983	4
1984	2
1985	2
1986	4
1987	2
1988	2
1989	2
1990	2
1991	2
1992	2
1993	4
1994	4
1995	4
1996	4
1997	2
1998	2
1999	4
2000	4
2001	4
2002	2
2003	4
2004	2
2005	2
2006	2
2007	2
2008	2
2009	4
2010	2
2011	3
2012	3
2013	3
2014	3
2015	5
2016	6
2017	6
2018	5
2019	5
2020	6
2021	6
2022	6
2023	3
2024	6
2025	6
2026	5
2027	3
2028	3
2029	3
2030	3
2031	4
2032	3
2033	4
2034	4
2035	4
2036	4
2037	4
2038	4
2039	4
2040	4
2041	6
2042	5
2043	6
2044	6
2045	4
2046	4
2047	4
2048	6
2049	6
2050	6
2051	6
2052	4
2053	4
2054	4
2055	4
2056	4
2057	4
2058	4
2059	4
2060	2
2061	4
2062	4
2063	4
2064	4
2065	4
2066	3
2067	3
2068	2
2069	2
2070	2
2071	2
2072	2
2073	4
2074	4
2075	4
2076	4
2077	4
2078	2
2079	4
2080	4
2081	2
2082	4
2083	4
2084	4
2085	4
2086	4
2087	4
2088	4
2089	4
2090	4
2091	4
2092	4
2093	2
2094	4
2095	2
2096	4
2097	2
2098	2
2099	4
2100	4
2101	4
2102	2
2103	4
2104	4
2105	2
2106	2
2107	2
2108	4
2109	2
2110	2
2111	2
2112	2
2113	5
2114	3
2115	3
2116	4
2117	3
2118	5
2119	3
2120	3
2121	3
2122	5
2123	5
2124	5
2125	3
2126	3
2127	3
2128	5
2129	5
2130	2
2131	2
2132	2
2133	4
2134	5
2135	3
2136	5
2137	5
2138	5
2139	5
2140	3
2141	4
2142	4
2143	4
2144	4
2145	4
2146	4
2147	4
2148	2
2149	2
2150	4
2151	4
2152	5
2153	5
2154	5
2155	4
2156	2
2157	4
2158	2
2161	5
2162	5
2163	6
2164	6
2165	6
2166	5
2167	5
2168	3
2169	3
2170	3
2171	3
2172	3
2173	6
2174	5
2175	6
2176	5
2177	5
2178	6
2179	6
2180	6
2181	6
2182	3
2183	3
2184	4
2185	3
2186	4
2187	4
2188	4
2189	5
2190	5
2191	5
2192	5
2193	4
2194	6
2195	4
2196	4
2197	4
2198	4
2199	4
2200	4
2201	4
2202	4
2203	4
2204	6
2205	4
2206	4
2207	6
2208	4
2209	2
2210	2
2211	2
2212	2
2213	4
2215	2
2216	2
2217	2
2218	2
2219	2
2220	4
2221	4
2222	4
2223	4
2224	4
2225	4
2226	4
2227	4
2228	4
2229	3
2230	4
2231	4
2232	4
2233	4
2234	4
2235	4
2236	4
2237	4
2238	2
2239	2
2240	2
2241	2
2242	4
2243	4
2244	4
2245	4
2246	2
2247	4
2248	4
2249	4
2250	4
2251	2
2252	2
2253	4
2254	2
2255	4
2256	4
2257	3
2258	6
2259	3
2260	3
2261	4
2262	4
2263	3
2264	4
2265	3
2266	3
2267	3
2268	3
2269	5
2270	5
2271	5
2272	5
2273	5
2274	5
2275	5
2276	5
2277	5
2278	5
2279	2
2280	5
2281	5
2282	5
2283	4
2284	2
2285	2
2286	2
2287	3
2288	3
2289	2
2290	2
2291	2
2292	2
2293	2
2294	2
2295	2
2296	2
2297	4
2298	4
2299	2
2300	2
2301	2
2302	5
2303	3
2304	3
2305	3
2306	3
2307	9
2308	5
2309	5
2310	3
2311	6
2312	6
2313	5
2314	2
2315	2
2316	2
2317	3
2318	9
2319	9
2320	9
2321	9
2322	9
2323	9
2324	6
2325	6
2326	5
2327	6
2328	6
2329	6
2330	6
2331	5
2332	5
2333	5
2334	5
2335	5
2336	5
2337	4
2338	6
2339	3
2340	3
2341	3
2342	3
2343	3
2344	6
2345	4
2346	6
2347	4
2348	4
2349	6
2350	4
2351	4
2352	6
2353	4
2354	6
2355	2
2356	3
2357	3
2358	4
2359	4
2360	4
2361	4
2362	4
2363	4
2364	6
2365	6
2366	6
2367	6
2368	6
2369	6
2370	2
2371	2
2372	2
2373	2
2374	2
2375	4
2376	2
2377	2
2378	2
2379	2
2380	2
2381	2
2382	2
2383	2
2384	4
2385	4
2386	4
2387	4
2388	4
2389	4
2390	4
2391	4
2392	4
2393	4
2394	4
2395	4
2396	4
2397	4
2398	4
2399	4
2400	4
2401	2
2402	2
2403	2
2404	2
2405	2
2406	2
2407	2
2408	2
2409	4
2410	4
2411	2
2412	4
2413	2
2414	4
2415	4
2416	2
2417	2
2418	2
2419	2
2420	4
2421	4
2422	4
2423	4
2424	2
2425	4
2426	5
2427	5
2428	5
2429	5
2430	5
2431	5
2432	5
2433	5
2434	5
2435	3
2436	3
2437	5
2438	3
2439	3
2440	3
2441	3
2442	3
2443	5
2444	5
2445	5
2446	5
2447	5
2448	5
2449	5
2450	3
2451	5
2452	5
2453	5
2454	5
2455	3
2456	5
2457	2
2458	5
2459	2
2460	5
2461	4
2462	4
2463	4
2464	4
2465	3
2466	3
2467	4
2468	6
2469	3
2470	0
2471	5
2472	6
2473	5
2474	5
2475	5
2476	3
2477	9
2478	5
2479	9
2480	9
2481	2
2482	5
2483	9
2484	3
2485	3
2486	3
2487	3
2488	3
2489	3
2490	6
2491	6
2492	5
2493	6
2494	6
2495	5
2496	3
2497	5
2498	5
2499	5
2500	5
2501	6
2502	4
2503	5
2504	6
2505	3
2506	3
2507	3
2508	3
2509	5
2510	5
2511	5
2512	2
2513	2
2514	4
2515	4
2516	4
2517	2
2518	2
2520	4
2521	4
2522	4
2523	4
2524	4
2525	4
2526	6
2527	6
2528	6
2529	6
2530	4
2531	6
2532	6
2533	6
2534	6
2535	6
2536	2
2537	2
2538	4
2539	4
2540	2
2541	2
2542	2
2543	4
2544	4
2545	4
2546	4
2547	4
2548	2
2549	2
2550	2
2551	2
2552	2
2553	2
2554	2
2555	2
2556	2
2557	4
2558	4
2559	2
2560	2
2561	4
2562	2
2563	2
2564	2
2565	2
2566	2
2567	2
2568	2
2569	2
2570	2
2571	2
2572	4
2573	4
2574	2
2575	2
2576	2
2577	4
2578	4
2579	2
2580	2
2581	2
2582	2
2583	2
2584	2
2585	2
2586	2
2587	2
2588	2
2589	2
2590	5
2591	4
2592	4
2593	5
2594	5
2595	3
2596	3
2597	4
2598	5
2599	3
2600	3
2601	3
2602	3
2603	3
2604	3
2605	3
2606	3
2607	5
2608	5
2609	5
2610	3
2611	3
2612	3
2613	3
2614	3
2615	2
2616	4
2617	4
2618	4
2619	4
2620	2
2621	2
2622	4
2623	2
2624	4
2625	2
2626	4
2627	5
2628	3
2629	5
2630	3
2631	4
2632	2
2633	4
2634	4
2635	3
2636	3
2637	3
2638	3
2639	3
2640	3
2641	9
2642	5
2643	2
2644	9
2645	3
2646	9
2647	9
2648	2
2649	3
2650	6
2651	6
2652	6
2653	6
2654	6
2655	3
2656	5
2657	6
2658	4
2659	6
2660	6
2661	6
2662	6
2663	5
2664	5
2665	4
2666	6
2667	3
2668	4
2669	4
2670	4
2671	4
2672	4
2673	2
2674	2
2675	2
2676	2
2677	2
2678	2
2679	2
2680	4
2681	4
2682	2
2683	2
2684	6
2685	6
2686	6
2687	6
2688	6
2689	6
2690	6
2691	6
2692	6
2693	6
2694	6
2695	6
2696	6
2697	2
2698	2
2699	2
2700	4
2701	4
2702	5
2703	6
2704	6
2705	6
2706	6
2707	5
2708	4
2710	4
2711	4
2712	4
2713	4
2714	4
2715	4
2716	4
2717	4
2718	4
2719	4
2720	4
2721	4
2722	2
2723	2
2724	2
2725	2
2726	2
2727	2
2728	2
2729	2
2730	2
2731	2
2732	2
2733	4
2734	4
2735	4
2736	2
2737	4
2738	2
2739	2
2740	2
2741	4
2742	3
2743	5
2744	6
2745	5
2746	5
2747	6
2748	3
2749	5
2750	3
2751	5
2752	4
2753	5
2754	5
2755	3
2756	3
2757	3
2758	3
2759	3
2760	3
2761	3
2762	3
2763	2
2764	2
2765	2
2766	5
2767	2
2768	2
2769	2
2770	2
2771	3
2772	3
2773	2
2774	2
2775	2
2776	3
2777	3
2778	4
2779	2
2780	2
2781	4
2782	2
2783	2
2784	2
2785	2
2786	2
2787	2
2788	2
2789	2
2790	4
2791	2
2792	4
2793	4
2794	4
2795	2
2796	4
2797	4
2798	4
2799	3
2800	4
2801	2
2802	9
2803	6
2804	5
2805	6
2806	2
2807	5
2808	6
2809	6
2810	5
2811	5
2812	5
2813	5
2814	5
2815	5
2816	5
2817	5
2818	4
2819	5
2820	5
2821	0
2822	5
2823	5
2824	5
2825	6
2826	5
2827	3
2828	5
2829	5
2830	5
2831	4
2832	5
2833	5
2834	5
2835	2
2836	4
2837	4
2838	4
2839	4
2840	4
2841	4
2842	4
2843	4
2844	4
2845	4
2846	4
2847	4
2848	4
2849	5
2850	5
2851	2
2852	5
2853	3
2854	4
2855	5
2856	2
2857	5
2858	5
2859	5
2860	4
2861	4
2862	4
2863	4
2864	4
2865	5
2866	5
2867	5
2868	6
2869	6
2870	6
2871	6
2872	6
2873	6
2874	4
2875	4
2876	4
2877	4
2878	4
2879	4
2880	4
2881	4
2882	4
2883	4
2884	4
2885	4
2886	4
2887	4
2888	4
2889	4
2890	4
2891	4
2892	4
2893	4
2894	2
2895	4
2896	2
2897	4
2898	4
2899	4
2900	2
2901	4
2902	2
2903	4
2904	4
2905	4
2906	2
2907	2
2908	2
2909	2
2910	4
2911	4
2912	2
2913	5
2914	5
2915	5
2916	6
2917	6
2918	5
2919	5
2920	5
2921	5
2922	5
2923	5
2924	3
2925	3
2926	3
2927	3
2928	3
2929	3
2930	5
2931	3
2932	3
2933	3
2934	3
2935	3
2936	5
2937	5
2938	2
2939	4
2940	4
2941	4
2942	5
2943	5
2944	2
2945	5
2946	2
2947	3
2948	2
2949	4
2950	4
2951	4
2952	4
2953	3
2954	3
2955	3
2956	5
2957	3
2958	3
2959	5
2960	2
2961	5
2962	5
2964	3
2965	4
2966	2
2967	6
2968	2
2969	9
2970	2
2971	2
2972	2
2973	3
2974	3
2975	5
2976	3
2977	5
2978	5
2979	2
2980	4
2981	4
2982	5
2983	4
2984	4
2985	6
2986	6
2987	5
2988	5
2989	6
2990	5
2991	5
2992	5
2993	6
2994	5
2995	5
2996	5
2997	5
2998	5
2999	2
3000	5
3001	3
3002	3
3003	9
3004	9
3005	9
3006	9
3007	4
3008	4
3009	4
3010	4
3011	2
3012	2
3013	4
3014	4
3015	4
3016	4
3017	4
3018	4
3019	4
3020	4
3021	4
3022	4
3023	4
3024	2
3025	4
3026	2
3027	4
3028	5
3029	2
3030	4
3031	5
3032	2
3033	4
3034	4
3035	5
3036	5
3037	4
3038	2
3039	4
3040	5
3041	4
3042	4
3043	4
3044	4
3045	4
3046	4
3047	4
3048	4
3049	4
3050	4
3051	4
3052	4
3053	4
3054	4
3055	4
3056	4
3057	4
3058	4
3059	4
3060	4
3061	4
3062	4
3063	4
3064	2
3065	2
3066	2
3067	2
3068	2
3069	2
3070	2
3071	2
3072	2
3073	2
3074	2
3075	2
3076	2
3077	2
3078	2
3079	2
3080	2
3081	3
3082	3
3083	3
3084	5
3085	5
3086	5
3087	4
3088	5
3089	4
3090	4
3091	4
3092	4
3093	3
3094	5
3095	3
3096	3
3097	3
3098	4
3099	4
3100	4
3101	4
3102	3
3103	4
3104	2
3105	5
3106	3
3107	3
3108	2
3109	2
3110	2
3111	5
3112	3
3113	3
3114	3
3115	3
3116	3
3117	3
3118	3
3119	2
3120	3
3121	5
3122	2
3123	5
3124	4
3125	4
3126	3
3127	6
3128	4
3129	3
3130	4
3131	3
3132	3
3133	4
3135	4
3136	2
3137	2
3138	3
3139	2
3140	2
3141	2
3142	2
3143	3
3144	2
3145	3
3146	2
3147	2
3148	4
3149	4
3150	4
3151	5
3152	0
3153	5
3154	5
3155	6
3156	6
3157	6
3158	4
3159	6
3160	6
3161	6
3162	6
3163	3
3164	3
3165	3
3166	9
3167	9
3168	9
3169	4
3170	4
3171	4
3172	4
3173	4
3174	4
3175	4
3176	4
3177	4
3178	4
3179	4
3180	4
3181	4
3184	4
3185	4
3186	4
3187	4
3188	4
3189	2
3190	5
3191	4
3192	4
3193	4
3194	2
3195	5
3196	5
3197	2
3198	3
3199	4
3200	4
3201	4
3202	4
3203	4
3204	4
3205	4
3206	4
3212	4
3213	4
3214	4
3215	4
3216	4
3217	4
3218	4
3219	4
3220	4
3221	4
3222	4
3223	2
3224	2
3225	2
3226	2
3227	2
3228	2
3229	2
3230	2
3231	2
3232	2
3233	4
3234	2
3235	2
3236	4
3237	4
3238	4
3239	4
3240	4
3241	4
3242	4
3243	4
3244	4
3245	4
3246	4
3247	5
3248	5
3249	5
3250	5
3251	3
3252	3
3253	4
3254	3
3255	3
3256	3
3257	3
3258	5
3259	3
3260	4
3261	3
3262	4
3263	3
3264	3
3265	9
3266	3
3267	3
3268	3
3269	3
3270	3
3271	3
3272	3
3273	3
3274	5
3275	4
3276	4
3277	4
3278	4
3279	5
3280	5
3281	5
3282	5
3284	5
3285	4
3286	2
3287	5
3288	3
3289	3
3292	4
3293	3
3294	3
3295	3
3296	3
3297	6
3298	3
3299	2
3300	3
3301	3
3302	5
3303	3
3304	5
3305	5
3306	5
3307	5
3308	5
3309	6
3310	6
3311	6
3312	6
3313	5
3314	6
3315	6
3316	6
3317	6
3318	4
3319	6
3320	6
3321	6
3322	4
3323	5
3324	5
3325	4
3326	4
3327	4
3328	4
3329	4
3330	4
3331	6
3332	4
3333	4
3334	4
3335	4
3336	2
3337	4
3338	3
3339	4
3340	4
3341	4
3342	4
3343	4
3344	4
3345	4
3346	4
3347	2
3348	4
3350	4
3351	4
3352	4
3353	4
3355	4
3356	4
3357	4
3358	4
3359	4
3360	4
3361	4
3362	4
3363	4
3364	2
3365	2
3366	4
3367	4
3368	4
3369	4
3370	2
3371	2
3372	2
3373	4
3374	4
3375	4
3376	4
3377	4
3378	4
3379	4
3380	4
3381	4
3382	4
3383	4
3384	4
3385	4
3386	4
3387	4
3388	4
3389	4
3390	4
3391	4
3392	4
3393	4
3394	4
3395	4
3396	4
3397	4
3398	4
3399	4
3400	4
3401	5
3402	4
3403	4
3404	5
3405	5
3406	4
3407	4
3408	3
3409	3
3410	3
3411	3
3412	3
3413	3
3414	3
3415	3
3416	3
3417	2
3418	2
3419	3
3420	3
3421	5
3422	5
3423	5
3424	3
3425	5
3426	3
3427	5
3428	5
3429	3
3430	5
3431	5
3432	4
3433	5
3434	4
3435	4
3436	4
3437	4
3438	4
3439	6
3440	4
3441	4
3442	2
3443	4
3444	4
3445	2
3446	4
3447	3
3448	4
3449	3
3450	4
3451	3
3452	3
3453	3
3454	3
3455	3
3456	3
3457	3
3458	3
3459	3
3460	3
3461	5
3462	5
3463	5
3464	5
3465	5
3466	5
3467	5
3468	5
3469	5
3470	4
3471	5
3472	6
3473	4
3474	6
3475	6
3476	4
3477	6
3478	4
3479	4
3480	4
3481	4
3482	6
3483	4
3484	6
3485	4
3486	4
3487	4
3488	4
3489	4
3490	4
3491	4
3492	4
3493	4
3494	6
3495	4
3496	4
3497	4
3498	4
3499	3
3500	4
3501	5
3502	5
3503	5
3504	4
3505	4
3506	4
3507	4
3508	4
3509	4
3510	4
3513	4
3514	4
3515	4
3516	4
3517	4
3518	2
3519	4
3520	4
3521	4
3522	4
3523	4
3524	4
3525	4
3526	4
3527	4
3528	4
3529	4
3530	4
3531	4
3533	4
3534	4
3535	4
3536	4
3537	4
3538	4
3539	4
3540	4
3541	4
3542	4
3543	4
3544	4
3545	4
3546	4
3547	4
3548	4
3549	4
3550	4
3551	4
3552	4
3553	4
3554	4
3555	4
3556	4
3557	4
3558	2
3559	2
3560	2
3561	2
3562	2
3563	2
3564	2
3565	2
3566	2
3567	2
3568	5
3569	5
3570	4
3571	5
3572	5
3573	5
3574	5
3575	5
3576	4
3577	5
3578	3
3579	3
3580	5
3581	3
3582	3
3583	3
3584	3
3585	3
3586	3
3587	3
3588	9
3589	3
3590	3
3591	3
3592	3
3593	3
3594	4
3595	2
3596	4
3597	2
3598	2
3599	2
3600	2
3601	4
3602	4
3603	0
3604	3
3605	5
3606	2
3607	3
3608	2
3609	4
3610	3
3611	5
3612	5
3614	3
3615	2
3616	3
3617	3
3618	3
3619	3
3620	3
3621	3
3622	4
3623	4
3624	4
3625	4
3626	4
3627	5
3628	5
3629	6
3630	6
3631	6
3632	6
3633	6
3634	6
3635	6
3636	6
3637	3
3638	5
3639	6
3640	5
3641	4
3642	4
3643	4
3644	6
3645	4
3646	6
3647	4
3648	6
3649	4
3650	4
3651	4
3652	4
3653	4
3654	4
3655	4
3656	4
3657	4
3658	5
3659	4
3660	4
3661	4
3662	3
3663	4
3664	4
3665	4
3666	5
3667	5
3668	2
3669	2
3670	4
3671	4
3672	4
3673	4
3674	4
3675	4
3676	4
3677	4
3678	4
3679	4
3680	4
3681	4
3682	4
3684	4
3685	4
3686	4
3687	4
3688	4
3689	4
3690	4
3691	4
3692	4
3693	4
3694	4
3695	4
3696	4
3697	4
3698	4
3699	4
3700	4
3701	4
3702	4
3703	4
3704	4
3705	4
3706	4
3707	4
3708	4
3709	4
3710	4
3711	2
3712	2
3713	2
3715	4
3717	4
3718	4
3719	4
3720	4
3721	4
3722	4
3723	4
3724	4
3725	4
3726	3
3727	3
3728	5
3729	4
3730	5
3731	3
3732	5
3733	3
3734	5
3735	3
3736	4
3737	4
3738	4
3739	4
3740	4
3741	4
3742	3
3743	3
3744	3
3745	3
3746	3
3747	3
3748	3
3749	3
3750	3
3751	3
3752	3
3753	3
3754	3
3755	2
3756	4
3757	2
3758	2
3759	2
3760	2
3761	4
3762	4
3763	2
3764	2
3768	5
3769	4
3770	4
3771	3
3772	3
3773	3
3774	3
3775	3
3776	3
3777	5
3778	5
3779	4
3780	4
3781	4
3782	4
3783	4
3784	4
3785	4
3786	4
3787	4
3788	4
3789	4
3790	8
3791	8
3792	8
3793	8
3794	8
3795	8
3796	8
3797	8
3798	8
3799	8
3800	8
3801	8
3802	8
3803	8
3804	8
3805	8
3806	8
3807	8
3808	8
3809	8
3810	8
3811	8
3812	8
3813	8
3814	8
3815	8
3816	8
3817	8
3818	8
3819	8
3820	8
3821	8
3822	8
3823	8
3824	8
3825	8
3826	8
3827	8
3828	8
3829	8
3830	8
3831	8
3832	8
3833	8
3834	8
3835	8
3836	8
3837	8
3838	8
3839	8
3840	8
3841	8
3842	8
3843	8
3844	8
3845	8
3846	8
3847	8
3848	8
3849	8
3850	8
3851	8
3852	8
3853	8
3854	8
3855	8
3856	8
3857	8
3858	8
3859	8
3860	8
3861	8
3862	8
3863	8
3864	8
3865	8
3866	8
3867	8
3868	8
3869	8
3870	8
3871	8
3872	8
3873	8
3874	8
3875	8
3876	8
3877	8
3878	8
3879	8
3880	8
3883	8
3884	8
3885	8
3886	8
3887	8
3888	8
3889	8
3890	8
3892	8
3893	8
3894	8
3897	8
3898	8
3899	8
3900	8
3901	8
3902	8
3903	8
3904	8
3905	8
3906	8
3907	8
3908	8
3909	8
3910	8
3911	8
3912	8
3913	8
3914	8
3915	8
3916	8
3917	8
3918	8
3919	8
3920	8
3921	8
3922	8
3923	8
3924	8
3925	8
3926	8
3927	8
3928	8
3929	8
3930	8
3931	8
3932	8
3933	8
3934	8
3935	8
3936	8
3937	8
3938	8
3939	8
3940	8
3941	8
3942	8
3943	8
3944	8
3945	8
3946	8
3947	8
3948	8
3949	8
3950	8
3951	8
3952	8
3953	8
3954	8
3955	8
3956	8
3957	8
3958	8
3959	8
3960	8
3961	8
3962	8
3963	8
3964	8
3965	8
3966	8
3967	8
3968	8
3969	8
3970	8
3971	8
3972	8
3973	8
3974	8
3975	8
3976	8
3977	8
3978	8
3979	8
3980	8
3981	8
3982	8
3983	8
3985	8
3986	8
3987	1
3988	6
3989	9
3990	7
3991	7
3992	1
3993	6
3994	7
3995	7
3996	9
3997	7
3998	9
3999	7
4000	5
4001	9
4002	1
4003	7
4004	7
4005	7
4006	7
4007	5
4008	7
4009	9
4010	9
4011	7
4012	7
4013	7
4014	7
4015	6
4016	7
4017	7
4018	7
4019	1
4020	7
4021	7
4022	9
4023	7
4024	5
4025	1
4026	7
4027	5
4028	9
4029	9
4030	9
4031	9
4032	9
4033	9
4034	7
4035	9
4036	7
4037	7
4038	9
4039	9
4040	9
4041	9
4042	9
4043	9
4044	9
4045	9
4046	9
4047	0
4048	9
4049	0
4050	1
4051	1
4052	1
4053	1
4054	1
4055	1
4056	1
4057	1
4058	9
4059	9
4060	9
4061	9
4062	9
4063	9
4064	0
4065	9
4066	9
4067	0
4068	9
4069	9
4070	9
4071	9
4072	0
4073	0
4074	0
4075	0
4076	0
4077	1
4078	9
4079	9
4080	9
4081	0
4082	8
4083	8
4084	8
4085	8
4086	8
4087	8
4088	8
4089	8
4090	8
4091	8
4092	8
4093	8
4094	8
4095	9
4096	8
4097	8
4098	8
4099	8
4100	8
4101	8
4102	8
4103	8
4104	9
4105	9
4106	9
4107	8
4108	9
4109	8
4110	9
4111	6
4112	9
4113	9
4114	6
4115	9
4116	8
4117	8
4118	8
4119	8
4120	6
4121	8
4122	9
4123	9
4124	6
4125	8
4126	3
4127	8
4128	9
4129	9
4130	8
4131	6
4132	8
4133	8
4134	0
4135	6
4136	9
4137	8
4138	6
4139	6
4140	6
4141	9
4142	6
4143	8
4144	8
4145	6
4146	6
4147	8
4148	8
4149	6
4150	9
4151	8
4152	9
4153	9
4154	8
4155	6
4156	6
4157	9
4158	9
4159	9
4160	9
4161	7
4162	7
4163	7
4164	7
4165	7
4166	7
4167	7
4168	7
4169	9
4170	7
4171	7
4172	7
4173	7
4174	7
4175	7
4176	7
4177	7
4178	7
4179	7
4180	7
4181	7
4182	7
4183	7
4184	7
4185	7
4186	7
4187	7
4188	7
4189	7
4190	7
4191	7
4192	7
4193	7
4194	7
4195	7
4196	7
4197	7
4198	7
4199	7
4200	7
4201	7
4202	7
4203	7
4204	7
4205	7
4206	7
4207	7
4208	7
4209	8
4210	8
4211	8
4212	8
4213	8
4214	8
4215	8
4216	8
4217	8
4218	8
4219	8
4220	8
4221	8
4222	8
4223	9
4224	8
4225	8
4226	8
4227	8
4228	8
4229	8
4230	9
4231	8
4232	8
4233	8
4234	8
4235	8
4236	8
4237	9
4238	8
4239	8
4240	8
4241	8
4242	8
4243	9
4244	8
4245	9
4246	9
4247	9
4248	9
4249	8
4250	9
4251	8
4252	8
4253	8
4254	8
4255	8
4256	9
4257	8
4258	8
4259	8
4260	8
4261	8
4262	8
4263	8
4264	8
4265	8
4266	7
4267	7
4268	7
4269	7
4270	7
4271	7
4272	7
4273	7
4274	7
4275	7
4276	7
4277	7
4278	7
4279	7
4280	7
4281	7
4282	7
4283	7
4284	7
4285	7
4286	7
4287	9
4288	7
4289	7
4290	7
4291	7
4292	7
4293	7
4294	7
4295	7
4296	7
4297	7
4298	7
4299	7
4300	7
4301	7
4302	7
4303	7
4304	7
4305	7
4306	7
4307	7
4308	7
4309	7
4310	7
4311	7
4312	7
4313	7
4314	7
4315	7
4316	7
4317	7
4318	7
4319	7
4320	7
4321	7
4322	7
4323	7
4324	7
4325	7
4326	7
4327	7
4328	7
4329	7
4330	7
4331	7
4332	7
4333	7
4334	7
4335	7
4336	7
4337	7
4338	7
4339	7
4340	7
4341	7
4342	7
4343	7
4344	7
4345	7
4346	7
4347	7
4348	7
4349	7
4350	7
4351	7
4352	7
4353	7
4354	7
4355	7
4356	7
4357	7
4358	7
4359	7
4360	7
4361	7
4362	7
4363	7
4364	7
4365	7
4366	7
4367	7
4368	7
4369	7
4370	7
4371	7
4372	7
4373	7
4374	7
4375	7
4376	5
4377	7
4378	0
4379	7
4380	7
4381	7
4382	7
4383	7
4384	7
4385	7
4386	7
4387	7
4388	7
4389	7
4390	7
4391	7
4392	7
4393	7
4394	7
4395	7
4396	7
4397	7
4398	7
4399	7
4400	7
4401	7
4402	7
4403	7
4404	7
4405	7
4406	7
4407	7
4408	7
4409	7
4410	7
4411	7
4412	7
4413	7
4414	7
4415	7
4416	7
4417	7
4418	7
4419	7
4420	7
4421	7
4422	7
4423	7
4424	7
4425	7
4426	7
4427	7
4428	7
4429	7
4430	7
4431	7
4432	7
4433	7
4434	7
4435	7
4436	7
4437	7
4438	7
4439	7
4440	7
4441	7
4442	7
4443	7
4444	5
4445	7
4446	7
4447	7
4448	7
4449	9
4450	7
4451	7
4452	7
4453	7
4454	7
4455	7
4456	7
4457	7
4458	7
4459	7
4460	7
4461	7
4462	7
4463	7
4464	7
4465	7
4466	7
4467	5
4468	7
4469	7
4470	7
4471	7
4472	5
4473	7
4474	7
4475	7
4476	7
4477	7
4478	7
4479	7
4480	7
4481	9
4482	0
4483	7
4484	7
4485	7
4486	7
4487	7
4488	7
4489	7
4490	9
4496	9
4497	9
4498	9
4499	9
4500	9
4501	9
4502	9
4503	9
4504	9
4510	9
4511	9
4512	9
4513	9
4514	9
4515	9
4516	9
4517	9
4518	9
4519	9
4520	9
4521	9
4522	8
4523	8
4524	8
4525	9
4526	9
4527	7
4528	7
4529	7
4530	9
4531	7
4532	7
4533	7
4534	7
4535	7
4536	7
4537	7
4538	7
4539	7
4540	7
4541	7
4542	7
4543	7
4544	7
4545	7
4546	9
4547	7
4548	7
4549	7
4550	7
4551	7
4552	7
4553	7
4554	5
4555	5
4556	6
4557	6
4558	3
4559	3
4560	3
4561	3
4562	3
4563	4
4564	3
4565	3
4566	3
4567	3
4568	3
4569	3
4570	6
4571	6
4572	6
4573	6
4574	6
4575	5
4576	6
4577	5
4578	5
4579	5
4580	6
4581	5
4582	5
4583	3
4584	3
4585	3
4586	8
4587	8
4588	5
4589	6
4590	5
4591	5
4592	3
4596	3
4597	8
4599	8
4600	8
4601	8
4602	8
4603	8
4607	8
4608	5
4609	5
4610	5
4611	5
4612	3
4613	3
4614	3
4615	3
4616	3
4617	8
4618	8
4619	8
4620	8
4621	5
4622	5
4623	5
4624	5
4625	5
4626	6
4627	5
4628	5
4629	5
4630	6
4631	5
4632	6
4633	6
4634	3
4635	3
4636	3
4637	3
4638	8
4639	8
4640	8
4641	8
4642	6
4643	6
4644	6
4645	6
4646	6
4647	3
4648	3
4649	3
4650	3
4651	6
4652	6
4653	8
4654	8
4655	8
4656	8
4657	6
4658	6
4659	6
4660	6
4661	5
4662	5
4663	5
4664	3
4665	3
4666	3
4667	3
4668	3
4669	3
4670	6
4671	6
4672	6
4673	6
4674	6
4675	6
4676	3
4677	0
4678	5
4679	6
4680	5
4681	5
4682	6
4683	6
4684	6
4685	5
4686	6
4687	3
4688	3
4689	3
4690	3
4691	3
4692	6
4693	6
4694	6
4695	6
4696	6
4697	6
4698	6
4699	6
4700	6
4701	6
4702	6
4703	6
4704	4
4705	4
4706	3
4707	6
4708	6
4709	6
4710	6
4711	6
4712	6
4713	6
4714	6
4715	6
4716	6
4717	6
4718	6
4719	6
4720	6
4721	4
4722	6
4723	4
4724	6
4725	6
4726	6
4727	6
4728	9
4729	6
4730	6
4731	6
4732	6
4733	6
4734	6
4735	6
4736	9
4737	9
4738	6
4739	6
4740	6
4741	6
4742	6
4743	9
4744	6
4745	6
4746	6
4747	6
4748	6
4749	6
4750	9
4751	6
4752	9
4753	6
4754	6
4755	9
4756	3
4757	3
4758	3
4759	3
4760	3
4761	3
4762	3
4763	3
4764	3
4765	6
4766	6
4767	6
4768	6
4769	6
4770	6
4771	6
4772	6
4773	6
4774	9
4775	6
4776	6
4777	6
4778	3
4779	6
4780	6
4781	3
4782	3
4783	3
4784	8
4785	4
4786	9
4787	4
4788	6
4789	6
4790	6
4791	6
4792	6
4793	3
4794	3
4795	3
4796	6
4797	4
4798	4
4799	6
4800	6
4801	3
4802	3
4803	6
4804	4
4805	4
4806	6
4807	6
4808	6
4809	4
4810	6
4811	6
4812	3
4813	4
4815	8
4816	8
4817	8
4818	8
4819	8
4820	8
4821	8
4822	8
4823	8
4826	6
4827	6
4828	4
4829	6
4830	6
4831	6
4832	6
4833	4
4834	3
4835	3
4836	6
4837	4
4838	4
4839	3
4840	4
4841	4
4842	4
4843	4
4844	4
4845	4
4846	6
4847	6
4848	4
4849	6
4850	6
4851	6
4852	6
4853	3
4854	6
4855	3
4856	3
4857	3
4858	3
4859	6
4860	4
4861	4
4862	4
4863	4
4864	4
4865	3
4866	4
4867	6
4868	6
4869	6
4870	6
4871	6
4872	6
4873	6
4874	6
4875	6
4876	5
4877	3
4878	3
4879	3
4880	3
4881	4
4882	3
4883	3
4884	3
4885	3
4886	3
4887	3
4888	3
4889	3
4890	3
4891	3
4892	6
4893	6
4894	6
4895	6
4896	6
4897	6
4898	6
4899	6
4900	6
4901	5
4902	0
4903	0
4904	0
4905	0
4906	0
4907	0
4908	0
4909	6
4910	6
4911	0
4912	6
4913	9
4914	6
4915	6
4916	6
4917	6
4918	6
4919	6
4920	6
4921	6
4922	6
4923	9
4924	6
4925	6
4926	6
4927	6
4928	6
4929	6
4930	6
4931	9
4932	6
4933	6
4934	5
4935	0
4936	5
4937	6
4938	6
4939	3
4940	5
4941	3
4942	5
4943	4
4944	6
4945	4
4946	6
4947	4
4948	8
4949	8
4950	8
4951	9
4953	9
4954	9
4955	9
4956	9
4958	9
4959	9
4961	9
4966	9
4968	5
4969	5
4970	8
4971	5
4972	5
4973	5
4974	5
4975	8
4976	8
4977	8
4978	1
4979	1
4980	1
4981	1
4982	5
4983	5
4984	1
4985	1
4986	5
4987	5
4988	1
4989	1
4990	1
4991	1
4992	1
4993	1
4994	1
4995	1
4996	1
4997	5
4998	5
4999	5
5000	5
5001	5
5002	1
5003	8
5004	8
5005	8
5006	1
5007	8
5008	8
5009	1
5010	8
5011	8
5012	8
5013	1
5014	1
5015	8
5016	8
5017	1
5018	1
5019	1
5020	5
5021	8
5022	8
5023	8
5024	8
5025	1
5026	1
5027	1
5028	8
5029	1
5030	1
5031	8
5032	1
5033	1
5034	1
5035	1
5036	8
5037	8
5038	8
5039	8
5040	8
5041	8
5042	1
5043	1
5044	1
5045	1
5046	1
5047	1
5048	8
5049	1
5050	8
5051	8
5052	8
5053	8
5054	8
5055	8
5058	5
5059	1
5063	1
5066	7
5067	7
5068	7
5069	7
5070	5
5071	5
5072	5
5073	8
5074	5
5075	1
5076	1
5077	8
5078	1
5079	1
5080	1
5081	5
5082	7
5083	7
5084	5
5085	5
5086	5
5087	5
5088	5
5089	5
5090	5
5091	8
5092	0
5093	0
5094	0
5095	9
5096	0
5097	9
5098	9
5099	9
5100	9
5101	9
5102	9
5103	9
5104	9
5105	9
5106	9
5107	9
5108	9
5109	9
5110	9
5111	0
5112	9
5113	9
5114	9
5115	9
5116	0
5117	9
5118	9
5119	9
5120	5
5121	5
5122	9
5123	9
5124	9
5125	4
5126	4
5127	4
5128	9
5129	3
5130	2
5131	4
5132	2
5133	9
5134	5
5135	7
5136	5
5137	5
5138	7
5139	7
5140	5
5141	5
5142	5
5143	5
5144	4
5145	5
5146	2
5147	5
5148	1
5149	9
5150	9
5151	9
5152	9
5153	5
5154	5
5155	5
5156	2
5157	5
5158	5
5159	5
5160	7
5161	5
5162	3
5163	9
5164	5
5165	9
5166	9
5167	9
5168	5
5169	9
5170	9
5171	5
5172	5
5173	7
5174	5
5175	2
5176	5
5177	5
5178	5
5179	3
5180	3
5181	7
5182	5
5183	5
5184	7
5185	5
5186	5
5187	9
5188	5
5189	5
5190	5
5191	2
5192	9
5193	9
5194	9
5195	9
5196	9
5197	9
5198	9
5199	9
5200	9
5201	5
5202	5
5203	5
5204	5
5205	2
5206	7
5207	5
5208	5
5209	9
5210	5
5211	7
5212	9
5213	5
5214	5
5215	2
5216	5
5217	5
5218	9
5219	9
5220	5
5221	5
5222	9
5223	5
5224	5
5225	5
5226	9
5227	9
5228	2
5229	2
5230	9
5231	5
5232	5
5233	5
5234	5
5235	5
5236	9
5237	9
5238	5
5239	7
5240	9
5241	9
5242	9
5243	9
5244	9
5245	5
5246	2
5247	5
5248	2
5249	5
5250	4
5251	5
5252	5
5253	5
5254	2
5255	2
5256	9
5257	9
5258	5
5259	5
5260	5
5261	5
5262	9
5263	5
5264	5
5265	5
5266	5
5267	9
5268	4
5269	4
5270	4
5271	2
5272	5
5273	5
5274	5
5275	7
5276	5
5277	5
5278	5
5279	2
5280	7
5281	7
5282	9
5283	9
5284	9
5285	2
5286	5
5287	5
5288	5
5289	4
5290	9
5291	2
5292	2
5293	4
5294	9
5295	2
5296	5
5297	9
5298	9
5299	5
5300	5
5301	3
5302	5
5303	5
5304	5
5305	5
5306	9
5307	5
5308	5
5309	5
5310	2
5311	4
5312	4
5313	4
5314	4
5315	5
5316	9
5317	4
5318	5
5319	7
5320	2
5321	5
5322	5
5324	2
5325	5
5326	5
5327	9
5328	9
5329	2
5330	5
5331	2
5332	9
5333	7
5334	1
5335	4
5336	4
5337	4
5338	4
5339	4
5340	4
5341	2
5342	5
5343	5
5344	5
5345	5
5346	9
5347	9
5348	5
5349	9
5350	7
5351	9
5352	1
5353	7
5354	9
5355	5
5356	5
5357	5
5358	2
5359	5
5360	5
5361	5
5362	9
5363	9
5364	4
5365	5
5366	4
5367	4
5368	4
5369	4
5370	4
5371	9
5372	4
5373	9
5374	2
5375	2
5376	3
5377	5
5378	9
5379	5
5380	5
5381	7
5382	5
5383	5
5384	5
5385	5
5386	2
5387	2
5388	2
5389	2
5390	2
5391	2
5392	4
5393	4
5394	4
5395	2
5396	2
5397	4
5398	5
5399	4
5400	5
5401	5
5402	5
5403	2
5404	2
5405	4
5406	2
5407	2
5408	2
5409	4
5410	4
5411	4
5412	4
5413	4
5414	4
5415	3
5416	2
5417	4
5418	5
5419	9
5420	5
5421	9
5422	5
5423	5
5424	5
5425	9
5426	3
5427	4
5428	3
5429	2
5430	2
5431	2
5432	2
5433	2
5434	5
5435	5
5436	9
5437	2
5438	2
5439	2
5440	4
5441	2
5442	9
5443	5
5444	5
5445	5
5446	4
5447	2
5448	2
5449	4
5450	2
5451	2
5452	2
5453	2
5454	5
5455	4
5456	5
5457	3
5458	7
5459	5
5460	2
5461	9
5462	3
5463	4
5464	7
5465	3
5466	2
5467	7
5468	5
5469	3
5470	9
5471	9
5472	7
5473	5
5474	4
5475	9
5476	2
5477	1
5478	9
5479	7
5480	7
5481	5
5482	5
5483	5
5484	5
5485	5
5486	2
5487	9
5488	4
5489	2
5490	4
5491	2
5492	5
5493	5
5494	9
5495	9
5496	5
5497	9
5498	5
5499	5
5500	5
5501	9
5502	2
5503	2
5504	2
5505	2
5506	2
5507	2
5508	5
5509	3
5510	4
5511	9
5512	2
5513	2
5514	7
5515	5
5516	4
5517	2
5518	2
5519	5
5520	2
5521	5
5522	5
5523	3
5524	5
5525	9
5526	4
5527	3
5528	9
5529	5
5530	9
5531	9
5532	5
5533	5
5534	5
5535	5
5536	5
5537	5
5538	4
5539	4
5540	2
5541	2
5542	2
5543	4
5544	4
5545	5
5546	4
5547	9
5548	9
5549	2
5550	3
5551	5
5552	2
5553	2
5554	2
5555	2
5556	2
5557	5
5558	7
5559	7
5560	5
5561	5
5562	5
5563	1
5564	2
5565	7
5566	1
5567	1
5568	1
5569	9
5570	2
5571	1
5572	2
5573	5
5574	5
5575	7
5576	5
5577	9
5578	9
5579	5
5580	9
5581	2
5582	2
5583	2
5584	2
5585	2
5586	5
5587	4
5588	5
5589	5
5590	9
5591	9
5592	5
5593	9
5594	9
5595	9
5596	2
5597	2
5598	2
5599	2
5600	2
5601	2
5602	5
5603	2
5604	2
5605	7
5606	7
5607	2
5608	9
5609	5
5610	2
5611	5
5612	5
5613	9
5614	2
5615	5
5616	9
5617	7
5618	1
5619	9
5620	7
5621	9
5622	5
5623	9
5624	9
5625	5
5626	9
5627	9
5628	4
5629	5
5630	5
5631	9
5632	5
5633	9
5634	5
5635	5
5636	5
5637	4
5638	4
5639	2
5640	2
5641	5
5642	5
5643	9
5644	9
5645	9
5646	5
5647	5
5648	9
5649	9
5650	9
5651	9
5652	9
5653	2
5654	2
5655	2
5656	2
5657	2
5658	5
5659	2
5660	4
5661	9
5662	5
5663	5
5664	5
5665	9
5666	9
5667	9
5668	5
5669	2
5670	2
5671	2
5672	9
5673	9
5674	9
5675	5
5676	9
5677	7
5678	5
5679	5
5680	9
5681	2
5682	5
5683	5
5684	5
5685	3
5686	5
5687	7
5688	4
5689	5
5690	9
5691	9
5692	9
5693	9
5694	9
5695	2
5696	5
5697	9
5698	5
5699	2
5700	2
5701	2
5702	2
5703	2
5704	2
5705	5
5706	5
5707	5
5708	5
5709	4
5710	2
5711	4
5712	9
5713	2
5714	2
5715	9
5716	7
5717	1
5718	9
5719	9
5720	5
5721	7
5722	9
5723	2
5725	4
5726	5
5727	9
5728	1
5729	9
5730	4
5731	1
5732	9
5733	9
5734	4
5735	9
5736	4
5737	9
5738	7
5739	5
5740	9
5741	9
5742	9
5743	9
5744	9
5745	5
5746	9
5747	5
5748	9
5749	4
5750	2
5751	2
5752	2
5753	2
5754	2
5755	2
5756	9
5757	7
5758	5
5759	5
5766	1
5767	5
5768	5
5769	5
5770	7
5771	3
5772	5
5773	5
5774	2
5775	5
5776	5
5777	5
5778	5
5779	9
5780	5
5781	9
5782	5
5783	7
5784	2
5785	7
5786	5
5787	5
5788	5
5789	5
5790	5
5791	5
5792	5
5793	5
5794	9
5795	9
5796	9
5797	9
5798	9
5799	5
5800	9
5801	2
5802	2
5803	2
5804	2
5805	5
5806	5
5807	5
5810	5
5811	5
5812	4
5813	5
5814	7
5815	5
5816	5
5817	7
5818	7
5819	4
5820	9
5821	2
5822	5
5823	9
5824	3
5825	5
5826	9
5827	2
5828	2
5829	9
5830	4
5831	5
5832	7
5833	5
5834	7
5835	7
5836	7
5837	2
5838	7
5839	5
5840	5
5841	5
5842	5
5843	5
5844	9
5845	9
5846	9
5847	9
5848	9
5849	9
5850	5
5851	4
5852	9
5853	5
5854	9
5855	5
5856	5
5857	7
5858	7
5859	2
5860	5
5861	5
5862	7
5863	3
5864	5
5865	4
5866	5
5867	5
5868	5
5869	2
5870	5
5871	5
5872	9
5873	4
5874	4
5875	5
5876	5
5877	5
5878	5
5879	5
5880	5
5881	5
5882	5
5883	5
5884	7
5885	9
5886	9
5887	9
5888	9
5889	9
5890	9
5891	7
5892	7
5893	7
5894	7
5895	7
5896	7
5897	7
5898	7
5899	7
5900	7
5901	7
5902	7
5903	7
5904	7
5905	7
5906	7
5907	7
5908	7
5909	7
5910	7
5911	7
5912	7
5913	7
5914	7
5915	7
5916	7
5917	7
5918	7
5919	7
5920	9
5921	9
5922	9
5923	7
5924	7
5925	7
5926	7
5927	7
5928	7
5929	7
5930	7
5931	7
5932	7
5933	7
5934	7
5935	7
5936	7
5937	7
5938	7
5939	7
5940	7
5941	7
5942	7
5943	7
5944	7
5945	7
5946	7
5947	7
5948	7
5949	7
5950	7
5951	7
5952	7
5953	7
5954	7
5955	7
5956	7
5957	7
5958	7
5959	7
5960	7
5961	7
5962	7
5963	7
5964	7
5965	7
5966	7
5967	7
5968	7
5969	7
5970	7
5971	7
5972	7
5973	7
5974	7
5975	7
5976	7
5977	7
5978	7
5979	7
5980	7
5981	7
5982	7
5983	7
5984	7
5985	7
5986	7
5987	7
5988	7
5989	7
5990	7
5991	7
5992	7
5993	7
5994	7
5995	7
5996	7
5997	7
5998	7
5999	7
6000	7
6001	7
6002	7
6003	7
6004	7
6005	7
6006	7
6007	7
6008	7
6009	7
6010	7
6011	7
6012	7
6013	7
6014	7
6015	7
6016	7
6017	7
6018	7
6019	7
6020	7
6021	7
6022	7
6023	7
6024	7
6025	7
6026	7
6027	7
6028	7
6029	7
6030	7
6031	7
6032	7
6033	7
6034	7
6035	7
6036	7
6037	7
6038	7
6039	7
6040	7
6041	7
6042	7
6043	7
6044	7
6045	7
6046	7
6047	7
6048	9
6049	7
6050	7
6051	7
6052	7
6053	7
6054	7
6055	7
6056	7
6057	7
6058	7
6059	7
6060	7
6061	7
6062	7
6063	7
6064	7
6065	7
6066	7
6067	7
6068	7
6069	7
6070	7
6071	7
6072	7
6073	7
6074	7
6075	7
6076	7
6077	7
6078	7
6079	7
6080	7
6081	7
6082	7
6083	7
6084	7
6085	7
6086	7
6087	7
6088	7
6089	7
6090	7
6091	7
6092	7
6093	7
6094	7
6095	7
6096	7
6097	7
6098	7
6099	7
6100	7
6101	7
6102	7
6103	7
6104	7
6105	7
6106	7
6107	7
6108	7
6109	7
6110	7
6111	7
6112	7
6113	7
6114	7
6115	7
6116	7
6117	7
6118	7
6119	7
6120	7
6121	7
6122	7
6123	7
6124	7
6125	7
6126	7
6127	7
6128	7
6129	7
6130	7
6131	7
6132	7
6133	7
6134	7
6135	7
6136	7
6137	0
6138	0
6139	7
6140	7
6141	7
6142	0
6143	7
6144	7
6145	7
6146	7
6147	7
6148	7
6149	7
6150	7
6151	7
6152	7
6153	7
6154	7
6155	7
6156	7
6157	7
6158	7
6159	7
6160	7
6161	7
6162	7
6163	7
6164	7
6165	7
6166	7
6167	7
6168	7
6169	7
6170	7
6171	7
6172	7
6173	7
6174	7
6175	7
6176	7
6177	7
6178	7
6179	7
6180	7
6181	7
6182	7
6183	7
6184	7
6185	7
6186	7
6187	7
6188	9
6189	9
6190	7
6191	7
6192	9
6193	7
6194	7
6195	7
6196	7
6197	7
6198	7
6199	7
6200	7
6201	7
6202	7
6203	7
6204	7
6205	7
6206	7
6207	7
6208	7
6209	7
6210	7
6211	7
6212	7
6213	7
6214	7
6215	7
6216	7
6217	7
6218	7
6219	7
6220	7
6221	7
6222	7
6223	7
6224	7
6225	7
6226	7
6227	7
6228	7
6229	7
6230	7
6231	7
6232	7
6233	9
6234	7
6235	9
6236	7
6237	7
6238	7
6239	6
6240	6
6241	8
6242	9
6243	9
6244	6
6245	9
6246	6
6247	6
6248	0
6249	9
6250	8
6251	8
6252	0
6253	8
6254	9
6255	9
6256	8
6257	0
6258	6
6259	9
6260	9
6261	8
6262	6
6263	8
6264	8
6265	9
6266	6
6267	8
6268	9
6269	0
6270	8
6271	9
6272	9
6273	8
6274	8
6275	8
6276	8
6277	8
6278	6
6279	6
6280	8
6281	8
6282	8
6283	8
6284	8
6285	0
6286	6
6287	8
6288	8
6289	8
6290	0
6291	6
6292	8
6293	8
6294	6
6295	3
6296	3
6297	8
6298	8
6299	8
6300	8
6301	6
6302	8
6303	6
6304	6
6305	8
6306	8
6307	8
6308	8
6309	6
6310	8
6311	6
6312	8
6313	8
6314	6
6315	8
6316	8
6317	8
6318	8
6319	8
6320	8
6321	6
6322	6
6323	8
6324	8
6325	8
6326	6
6327	8
6328	8
6329	8
6330	6
6331	6
6332	9
6333	9
6334	9
6335	6
6336	9
6337	8
6338	8
6339	8
6340	8
6341	8
6342	6
6343	8
6344	6
6345	8
6346	8
6347	8
6348	8
6349	8
6350	0
6351	8
6352	8
6353	8
6354	8
6355	8
6356	8
6357	8
6358	3
6359	9
6360	0
6361	3
6362	9
6363	6
6364	9
6365	6
6366	9
6367	9
6368	8
6369	8
6370	8
6371	3
6372	3
6373	9
6374	3
6375	8
6376	8
6377	8
6378	8
6379	8
6380	8
6381	8
6382	8
6383	8
6384	8
6385	6
6386	8
6387	6
6388	8
6389	0
6390	8
6391	8
6392	8
6393	9
6394	8
6395	9
6396	3
6397	9
6398	8
6399	0
6400	9
6401	8
6402	8
6403	9
6404	8
6405	0
6406	8
6407	8
6408	8
6409	8
6410	8
6411	0
6412	8
6413	6
6414	8
6415	8
6416	8
6417	8
6418	8
6419	6
6420	8
6421	9
6422	3
6423	8
6424	8
6425	8
6426	8
6427	8
6428	8
6429	8
6430	8
6431	8
6432	8
6433	8
6435	8
6436	8
6437	8
6438	8
6439	8
6440	6
6441	8
6442	8
6443	8
6444	8
6445	8
6446	8
6447	8
6448	8
6449	8
6450	6
6451	8
6452	8
6453	9
6454	8
6455	9
6456	6
6457	9
6458	9
6459	8
6460	8
6461	8
6462	8
6463	9
6464	3
6465	9
6466	8
6467	8
6468	8
6469	8
6470	6
6471	8
6472	8
6474	9
6475	9
6476	8
6477	9
6478	3
6479	6
6480	8
6481	8
6482	8
6483	8
6484	6
6485	6
6486	8
6487	8
6488	8
6489	8
6490	8
6491	8
6492	9
6493	8
6494	8
6495	8
6496	8
6497	8
6498	8
6499	9
6500	8
6501	6
6502	8
6503	6
6504	9
6505	8
6506	3
6507	6
6508	8
6509	9
6510	8
6511	8
6512	9
6513	9
6514	6
6515	8
6516	6
6517	8
6518	6
6519	8
6520	6
6521	0
6522	6
6523	8
6524	8
6525	8
6526	8
6527	8
6528	0
6529	8
6530	8
6531	8
6532	0
6533	8
6534	9
6535	8
6536	8
6537	8
6538	8
6539	6
6540	6
6541	6
6542	8
6543	3
6544	0
6545	0
6546	6
6547	8
6548	8
6549	8
6550	8
6551	8
6552	8
6553	8
6554	9
6555	9
6556	9
6557	9
6558	9
6559	9
6560	9
6561	9
6562	9
6563	9
6564	9
6565	1
6566	1
6567	1
6568	1
6569	1
6570	1
6571	1
6572	1
6573	1
6574	1
6575	7
6576	1
6577	1
6578	1
6579	1
6580	1
6581	1
6582	7
6583	1
6584	1
6585	1
6586	7
6587	1
6588	7
6589	1
6590	1
6591	1
6592	1
6593	7
6594	7
6595	1
6596	1
6597	1
6598	1
6599	1
6600	1
6601	1
6602	1
6603	7
6604	7
6605	1
6606	1
6607	1
6608	7
6609	7
6610	0
6611	7
6612	1
6613	7
6614	7
6615	7
6616	1
6617	7
6618	1
6619	1
6620	1
6621	1
6622	7
6623	7
6624	1
6625	1
6626	1
6627	1
6628	1
6629	8
6630	1
6631	8
6632	8
6633	8
6634	1
6635	1
6636	1
6637	7
6638	7
6639	8
6640	1
6641	1
6642	1
6643	1
6644	7
6645	7
6646	8
6647	8
6648	8
6650	8
6651	8
6652	8
6653	8
6654	8
6655	8
6656	8
6657	8
6658	1
6659	1
6660	8
6661	8
6662	8
6663	8
6664	8
6665	8
6666	1
6667	1
6668	1
6669	8
6671	7
6672	7
6679	8
6683	8
6684	8
6685	1
6686	7
6687	1
6688	7
6689	7
6690	1
6691	1
6692	8
6693	1
6694	1
6695	1
6696	8
6697	1
6698	1
6699	1
6700	1
6701	1
6702	1
6703	1
6704	1
6705	8
6706	8
6707	1
6708	1
6709	1
6710	1
6711	8
6712	1
6713	8
6714	1
6715	1
6716	8
6717	8
6718	7
6719	8
6720	1
6721	1
6722	1
6723	8
6724	8
6725	1
6726	8
6727	8
6728	8
6729	8
6730	8
6731	8
6732	8
6733	8
6734	8
6735	8
6736	8
6737	8
6738	8
6739	8
6740	1
6741	7
6742	1
6743	1
6744	7
6745	7
6746	1
6747	1
6748	8
6749	8
6750	8
6751	8
6752	8
6753	1
6754	8
6755	8
6756	8
6757	1
6758	8
6759	1
6760	1
6761	1
6762	1
6763	1
6764	0
6765	0
6766	0
6767	7
6768	7
6769	1
6770	7
6771	0
6772	7
6773	7
6774	0
6775	7
6776	7
6777	7
6778	7
6779	7
6780	7
6781	7
6782	7
6783	7
6784	7
6785	7
6786	7
6787	7
6788	7
6789	7
6790	7
6791	7
6792	7
6793	7
6794	7
6795	7
6796	7
6797	7
6798	7
6799	7
6800	7
6801	7
6802	7
6803	7
6804	7
6805	7
6806	7
6807	0
6808	0
6809	0
6810	7
6811	0
6812	7
6813	7
6814	7
6815	0
6816	0
6817	0
6818	0
6819	0
6820	0
6821	7
6822	0
6823	0
6824	1
6825	1
6826	1
6827	1
6828	0
6829	0
6830	0
6831	1
6832	0
6833	1
6834	1
6835	1
6836	1
6837	1
6838	1
6839	1
6840	1
6841	1
6842	1
6843	1
6844	1
6845	1
6846	1
6847	1
6848	1
6849	1
6850	1
6851	1
6852	1
6853	1
6854	1
6855	0
6856	1
6857	1
6858	7
6859	0
6860	1
6861	7
6862	7
6863	1
6864	1
6865	1
6866	7
6867	7
6868	7
6869	7
6870	1
6871	7
6872	7
6873	0
6874	0
6875	0
6876	7
6877	7
6878	1
6879	1
6880	1
6881	9
6882	9
6883	1
6884	1
6885	1
6886	1
6887	9
6888	7
6889	9
6890	7
6891	9
6892	9
6893	9
6894	9
6895	9
6896	9
6897	1
6898	9
6899	9
6900	9
6901	9
6902	7
6903	7
6904	9
6905	1
6906	1
6907	7
6908	1
6909	9
6910	1
6911	6
6912	7
6913	9
6914	1
6915	7
6916	1
6917	1
6918	1
6919	1
6920	1
6921	1
6922	1
6923	1
6924	1
6925	1
6926	1
6927	1
6928	1
6929	1
6930	1
6931	7
6932	0
6933	0
6934	9
6935	7
6936	1
6937	9
6938	7
6939	1
6940	1
6941	1
6942	1
6943	1
6944	1
6945	1
6946	1
6947	1
6948	1
6949	1
6950	0
6951	0
6952	0
6953	1
6954	0
6955	1
6956	1
6957	9
6958	9
6959	1
6960	1
6961	1
6962	1
6963	9
6964	9
6965	9
6966	9
