1	1
2	7
3	1
4	0
5	0
6	1
7	1
8	1
9	1
10	1
11	7
12	1
13	7
14	1
15	1
16	1
17	1
18	7
19	0
20	0
21	1
22	0
23	0
24	7
25	0
26	0
27	0
28	0
29	0
30	0
31	0
32	0
33	7
34	7
35	7
36	7
37	7
38	7
39	7
40	7
41	7
42	7
43	7
44	7
45	7
46	7
47	7
48	7
49	7
50	7
51	7
52	7
53	7
54	7
55	7
56	7
57	7
58	7
59	7
60	7
61	7
62	7
63	0
64	0
65	0
66	0
67	0
68	0
69	0
70	0
71	1
72	0
73	0
74	7
75	0
76	0
77	0
78	0
79	0
80	0
81	0
82	0
83	0
84	0
85	7
86	7
87	7
88	0
89	0
90	0
91	0
92	0
93	0
94	0
95	0
96	0
97	0
98	7
99	0
100	0
101	7
102	0
103	7
104	0
105	7
106	0
107	0
108	0
109	0
110	0
111	0
112	0
113	0
114	0
115	0
116	0
117	1
118	0
119	0
120	0
121	1
122	0
123	7
124	0
125	0
126	0
127	0
128	0
129	0
130	0
131	0
132	0
133	7
134	7
135	0
136	7
137	7
138	7
139	0
140	0
141	0
142	0
143	0
144	0
145	7
146	7
147	7
148	7
149	7
150	7
151	7
152	0
153	0
154	0
155	0
156	0
157	0
158	1
159	0
160	0
161	7
162	0
163	0
164	0
165	0
166	0
167	0
168	0
169	7
170	7
171	0
172	0
173	0
174	0
175	0
176	7
177	0
178	0
179	0
180	0
181	0
182	0
183	7
184	7
185	7
186	0
187	0
188	0
189	0
190	0
191	0
192	0
193	0
194	7
195	7
196	7
197	7
198	7
199	7
200	0
201	0
202	0
203	0
204	0
205	0
206	0
207	0
208	0
209	0
210	0
211	0
212	0
213	0
214	0
215	7
216	0
217	0
218	0
219	0
220	0
221	7
222	0
223	7
224	0
225	0
226	0
227	0
228	0
229	7
230	0
231	0
232	0
233	0
234	0
235	0
236	0
237	0
238	1
239	0
240	1
241	0
242	0
243	0
244	0
245	0
246	0
247	0
248	0
249	0
250	0
251	0
252	0
253	0
254	1
255	0
256	1
257	7
258	7
259	7
260	5
261	7
262	7
263	5
264	7
265	7
266	7
267	7
268	7
269	9
270	9
271	7
272	7
273	7
274	7
275	7
276	7
277	7
278	7
279	7
280	7
281	7
282	7
283	7
284	7
285	7
286	7
287	7
288	5
289	7
290	5
291	7
292	7
293	7
294	7
295	5
296	7
297	5
298	9
299	7
300	7
301	7
302	7
303	5
304	5
305	5
306	7
307	7
308	7
309	7
310	7
311	7
312	7
313	7
314	5
315	5
316	7
317	5
318	7
319	7
320	5
321	5
322	5
323	5
324	7
325	7
326	5
327	7
328	7
329	7
330	7
331	5
332	7
333	7
334	7
335	5
336	5
337	7
338	7
339	7
340	7
341	7
342	7
343	8
344	9
345	9
346	9
347	9
348	9
349	9
350	9
351	9
352	9
353	9
354	9
355	9
357	9
358	9
359	9
360	9
361	9
362	9
363	9
365	9
366	9
367	9
368	9
369	9
370	9
372	9
373	9
374	9
375	9
376	9
377	9
378	9
379	9
380	9
381	9
382	9
383	9
384	9
385	9
386	9
387	9
388	9
389	8
390	8
391	9
392	9
393	9
394	9
395	9
396	9
397	9
398	8
399	8
400	8
401	8
402	8
403	9
404	9
405	8
406	8
407	9
408	8
409	9
410	9
411	9
412	9
413	9
414	9
415	9
416	9
417	9
418	9
419	9
420	9
421	9
422	9
423	9
424	9
425	8
426	9
427	8
428	9
429	9
430	8
431	9
432	8
434	8
435	9
436	9
438	9
439	0
440	9
441	9
442	6
443	0
444	6
445	6
446	9
447	0
448	0
449	0
450	6
451	9
452	0
453	6
454	0
455	9
456	0
457	6
458	0
459	6
460	6
461	6
462	6
463	9
464	6
465	9
466	6
467	0
468	6
469	9
470	6
471	9
472	0
473	6
474	9
475	9
476	9
477	0
478	6
479	6
480	6
481	0
482	9
483	6
484	9
485	9
486	6
487	6
488	9
489	6
490	6
491	0
492	0
493	0
494	0
495	9
496	0
497	6
498	6
499	6
500	6
501	9
502	0
503	0
504	0
505	0
506	0
507	6
508	6
509	6
510	9
511	0
512	9
513	9
514	9
515	9
516	9
517	9
518	9
519	6
520	9
521	6
522	6
523	6
524	6
525	9
526	9
527	6
528	9
529	9
530	6
531	6
532	9
533	9
534	9
535	9
536	9
538	6
539	9
540	9
541	6
542	9
543	6
544	6
545	6
546	6
547	6
548	9
549	6
550	6
551	9
552	6
553	0
554	6
555	0
556	6
557	0
558	6
559	0
560	0
561	0
562	0
563	6
564	0
565	0
566	0
567	6
568	0
569	9
570	0
571	0
572	9
573	9
574	9
575	0
576	0
577	9
578	0
579	0
580	6
581	6
582	0
583	0
584	0
585	6
586	6
587	9
588	6
589	6
590	9
591	0
592	0
593	0
594	0
595	0
596	0
597	6
598	0
599	9
600	9
601	0
602	9
603	9
604	9
605	6
606	9
607	9
608	9
609	6
610	9
611	9
612	9
613	9
614	0
615	0
616	0
617	6
618	9
619	9
620	0
621	9
622	9
623	9
624	6
625	6
626	6
627	0
628	9
629	9
630	9
631	6
632	0
633	9
634	9
635	9
636	0
637	9
638	0
639	0
640	9
641	9
642	0
643	6
644	6
645	6
646	7
647	7
648	7
649	7
650	7
651	1
652	7
653	7
654	7
655	1
656	7
657	1
658	7
659	7
660	9
661	9
662	9
663	9
664	9
665	0
666	9
667	0
668	9
669	9
670	9
671	0
672	0
673	0
674	0
675	0
676	0
677	6
678	0
679	0
680	0
681	0
682	0
683	6
684	0
685	0
686	0
687	6
688	6
689	6
690	0
691	6
692	6
693	0
694	0
695	0
696	0
697	0
698	0
699	0
700	0
701	0
702	0
703	0
704	0
705	0
706	0
707	0
708	0
709	0
710	0
711	0
712	0
713	0
714	0
715	0
716	0
717	0
718	0
719	9
720	9
721	0
722	9
723	0
724	8
725	9
726	9
727	9
728	9
729	9
730	9
731	9
732	9
733	9
734	9
735	9
736	9
737	9
738	9
739	9
740	9
741	9
742	0
743	9
744	9
745	0
746	0
747	9
748	0
749	0
750	0
751	0
752	7
753	7
754	7
755	7
756	7
757	7
758	7
759	7
760	7
761	7
762	7
763	7
764	7
765	7
766	7
767	7
768	7
769	7
770	7
771	7
772	7
773	7
774	7
775	5
776	7
777	5
778	7
779	7
780	7
781	7
782	7
783	7
784	7
785	7
786	7
787	7
788	7
789	7
790	7
791	7
792	7
793	7
794	7
795	7
796	7
797	7
798	7
799	7
800	7
801	7
802	7
803	7
804	7
805	7
806	7
807	7
808	7
809	7
810	7
811	7
812	7
813	7
814	7
815	7
816	7
817	7
818	7
819	7
820	7
821	7
822	7
823	7
824	7
825	7
826	7
827	7
828	7
829	7
830	7
831	7
832	7
833	0
834	0
835	0
836	0
837	0
838	0
839	0
840	0
841	0
842	0
843	0
844	0
845	7
846	0
847	0
848	0
849	0
850	7
851	0
852	0
853	0
854	0
855	0
856	0
857	7
858	0
859	0
860	7
861	0
862	0
863	0
864	7
865	0
866	0
867	0
868	0
869	0
870	0
871	0
872	7
873	7
874	7
875	7
876	1
877	7
878	7
879	7
880	7
881	7
882	7
883	7
884	7
885	0
886	0
887	0
888	0
889	0
890	1
891	1
892	1
893	1
894	1
895	1
896	0
897	1
898	0
899	1
900	0
901	0
902	0
903	0
904	0
905	0
906	0
907	0
908	0
909	0
910	0
911	0
912	0
913	0
914	0
915	0
916	0
917	0
918	7
919	0
920	0
921	0
922	0
923	0
924	0
925	0
926	7
927	7
928	7
929	7
930	7
931	7
932	7
933	7
934	7
935	7
936	7
937	7
938	0
939	0
940	0
941	0
942	7
943	7
944	0
945	7
946	0
947	7
948	7
949	7
950	7
951	7
952	0
953	7
954	0
955	0
956	7
957	7
958	7
959	7
960	7
961	7
962	7
963	7
964	7
965	7
966	0
967	7
968	1
969	7
970	7
971	7
972	0
973	7
974	0
975	7
976	0
977	0
978	0
979	0
980	7
981	7
982	7
983	0
984	7
985	7
986	7
987	7
988	7
989	0
990	7
991	7
992	7
993	7
994	7
995	7
996	0
997	7
998	7
999	7
1000	7
1001	7
1002	7
1003	7
1004	7
1005	7
1006	7
1007	0
1008	7
1009	8
1010	8
1011	8
1012	8
1013	8
1014	8
1015	9
1016	8
1017	9
1018	8
1019	8
1020	9
1021	8
1022	9
1023	8
1024	8
1025	8
1026	8
1027	8
1028	8
1029	8
1030	8
1031	8
1032	9
1033	8
1034	9
1035	8
1036	8
1037	9
1038	8
1039	8
1040	8
1041	8
1042	8
1043	8
1044	8
1045	8
1046	9
1051	9
1052	9
1053	9
1054	8
1055	9
1056	8
1057	8
1058	8
1059	8
1060	8
1061	8
1062	8
1063	8
1064	8
1065	8
1066	8
1068	8
1069	9
1070	8
1071	8
1072	8
1073	8
1074	8
1075	8
1076	8
1077	8
1078	8
1079	8
1080	8
1081	9
1082	8
1084	8
1085	8
1087	8
1088	8
1089	8
1090	8
1091	8
1092	8
1093	8
1094	8
1095	8
1096	8
1097	8
1099	8
1101	8
1102	8
1103	8
1104	8
1105	8
1106	1
1107	8
1108	8
1109	8
1110	1
1111	1
1112	1
1113	8
1114	8
1115	8
1116	8
1117	8
1118	8
1120	8
1121	8
1122	8
1123	8
1124	8
1125	8
1126	8
1127	8
1128	8
1129	8
1130	8
1131	8
1132	8
1133	8
1134	8
1135	8
1136	8
1137	8
1138	8
1139	8
1140	8
1141	8
1142	8
1143	8
1144	8
1145	8
1146	8
1147	8
1149	8
1151	8
1157	8
1160	8
1161	8
1162	8
1163	8
1164	8
1165	8
1167	8
1168	8
1169	8
1170	8
1171	8
1172	8
1173	8
1174	8
1175	8
1176	8
1177	9
1178	9
1179	9
1181	8
1182	9
1185	9
1189	8
1190	8
1191	9
1192	9
1193	9
1194	8
1195	8
1196	8
1197	8
1198	8
1199	8
1200	9
1201	8
1202	9
1203	8
1204	9
1205	9
1206	9
1207	8
1208	8
1209	8
1210	8
1211	8
1212	9
1213	9
1214	9
1215	8
1216	8
1217	5
1218	6
1219	6
1220	6
1221	6
1222	6
1223	5
1224	6
1225	4
1226	6
1227	6
1228	4
1229	4
1230	4
1231	6
1232	6
1233	9
1234	9
1235	9
1236	6
1237	5
1238	6
1239	6
1240	6
1241	6
1242	6
1243	6
1244	6
1245	6
1246	2
1247	6
1249	4
1250	4
1251	4
1252	4
1253	4
1254	4
1255	4
1256	4
1257	4
1258	4
1259	4
1260	4
1261	4
1263	4
1264	4
1265	4
1266	4
1267	4
1268	4
1269	4
1270	4
1271	4
1272	4
1273	4
1274	4
1275	4
1276	4
1277	4
1278	4
1279	4
1280	4
1281	4
1282	4
1283	2
1284	4
1285	4
1286	4
1287	4
1288	4
1289	4
1290	4
1291	4
1292	4
1293	4
1294	4
1295	4
1296	4
1297	4
1298	4
1299	4
1300	4
1301	4
1302	4
1303	4
1304	4
1305	4
1306	4
1307	2
1308	2
1309	2
1310	2
1311	2
1312	2
1313	3
1314	3
1315	3
1316	3
1317	5
1318	3
1319	2
1320	0
1321	6
1322	3
1323	3
1324	3
1325	3
1326	3
1327	3
1328	3
1329	5
1330	3
1331	3
1332	4
1333	5
1334	5
1335	9
1336	5
1337	4
1338	4
1339	4
1340	9
1341	4
1342	2
1343	4
1344	2
1345	4
1346	4
1347	2
1348	2
1349	3
1350	3
1351	3
1352	3
1353	5
1354	3
1355	3
1356	5
1357	3
1358	3
1359	6
1360	4
1361	4
1362	4
1363	4
1364	4
1365	4
1366	4
1367	4
1368	4
1369	4
1370	4
1371	4
1372	4
1374	4
1375	4
1376	4
1377	6
1378	5
1379	5
1380	5
1381	5
1382	5
1383	5
1384	5
1385	5
1386	5
1387	6
1388	5
1389	6
1390	6
1391	6
1392	6
1393	6
1394	6
1395	6
1396	6
1397	9
1398	9
1399	9
1400	9
1401	9
1402	9
1403	9
1404	9
1405	9
1406	9
1407	9
1408	6
1409	6
1410	4
1411	5
1412	4
1413	5
1414	5
1415	4
1416	4
1417	4
1418	4
1419	4
1420	4
1421	4
1422	4
1423	4
1424	4
1425	4
1426	4
1427	4
1429	4
1432	4
1433	4
1434	4
1435	2
1436	2
1437	4
1438	4
1439	4
1440	4
1441	2
1442	5
1443	5
1444	4
1445	4
1446	4
1447	2
1448	2
1449	2
1450	2
1451	2
1452	2
1453	2
1454	2
1455	2
1456	2
1457	2
1458	2
1459	4
1460	4
1461	2
1462	2
1463	2
1464	2
1465	2
1466	6
1467	0
1468	0
1469	0
1470	0
1471	0
1472	0
1473	0
1474	6
1475	3
1476	3
1477	3
1478	3
1479	3
1480	3
1481	5
1482	5
1483	3
1484	3
1485	5
1486	3
1487	3
1488	3
1489	5
1490	9
1491	9
1492	4
1493	3
1494	3
1495	4
1496	3
1497	3
1498	5
1499	9
1500	5
1501	3
1502	5
1503	5
1504	5
1505	2
1506	4
1507	4
1508	4
1509	4
1510	4
1511	4
1512	2
1513	2
1514	2
1515	2
1516	2
1517	3
1518	3
1519	3
1520	3
1521	3
1522	3
1523	3
1524	3
1525	3
1526	4
1527	4
1528	4
1529	4
1530	4
1531	4
1533	4
1534	4
1535	4
1536	4
1537	4
1538	4
1539	4
1540	4
1541	4
1542	4
1543	4
1544	6
1545	5
1546	5
1547	5
1548	5
1549	5
1550	6
1551	6
1552	6
1553	6
1554	6
1555	6
1556	4
1557	6
1558	6
1559	4
1560	6
1561	4
1562	4
1563	9
1564	9
1565	9
1566	9
1567	9
1568	5
1569	6
1570	4
1571	4
1572	6
1573	4
1574	6
1575	6
1576	6
1577	6
1578	6
1579	6
1580	6
1581	6
1582	4
1584	4
1585	4
1586	4
1587	4
1588	4
1589	4
1590	4
1591	4
1592	4
1593	4
1594	4
1596	4
1597	4
1598	4
1599	4
1600	4
1601	4
1602	4
1603	4
1604	4
1605	4
1606	4
1607	4
1608	4
1609	4
1610	4
1611	4
1612	4
1613	4
1614	4
1615	4
1616	2
1617	2
1618	2
1619	2
1620	2
1621	2
1622	2
1623	2
1624	2
1625	2
1626	2
1627	2
1628	2
1629	2
1630	2
1631	2
1632	2
1633	2
1634	2
1635	2
1636	6
1637	5
1638	5
1639	5
1640	5
1641	2
1642	0
1643	5
1644	5
1645	5
1646	3
1647	3
1648	3
1649	5
1650	5
1651	3
1652	5
1653	5
1654	5
1655	5
1656	5
1657	4
1658	3
1659	3
1660	3
1661	5
1662	3
1663	5
1664	3
1665	3
1666	3
1667	5
1668	3
1669	5
1670	5
1671	4
1672	2
1673	2
1674	2
1675	4
1676	2
1677	2
1678	2
1679	2
1680	2
1681	2
1682	2
1683	2
1684	2
1685	2
1686	2
1687	2
1688	3
1689	3
1690	3
1691	3
1692	3
1693	5
1694	5
1695	3
1696	4
1697	4
1698	2
1699	2
1700	4
1701	4
1702	4
1703	4
1704	4
1705	4
1706	2
1707	2
1708	2
1709	2
1710	2
1711	2
1712	2
1713	2
1714	3
1715	6
1716	5
1717	6
1718	6
1719	6
1720	6
1721	3
1722	5
1723	4
1724	4
1725	4
1726	4
1727	4
1728	6
1729	6
1730	5
1731	4
1732	4
1733	5
1734	5
1735	4
1736	5
1737	6
1738	6
1739	2
1740	2
1741	6
1742	2
1743	2
1744	2
1745	2
1746	6
1747	2
1748	2
1749	2
1750	4
1751	4
1752	2
1753	2
1754	5
1755	5
1756	4
1757	4
1758	4
1759	4
1760	2
1761	2
1762	4
1763	4
1764	4
1765	4
1766	4
1767	4
1769	4
1770	4
1771	4
1772	4
1773	4
1774	4
1775	4
1776	4
1777	4
1778	4
1779	4
1780	4
1781	4
1782	4
1783	4
1784	2
1785	2
1786	4
1787	4
1788	4
1789	4
1790	4
1791	2
1792	4
1793	2
1795	2
1796	2
1797	2
1798	2
1799	2
1800	4
1801	5
1802	5
1803	5
1804	5
1805	5
1806	5
1807	5
1808	5
1809	5
1810	5
1811	5
1812	5
1813	5
1814	4
1815	5
1816	5
1817	5
1818	5
1819	3
1820	4
1821	3
1822	5
1823	2
1824	3
1825	3
1826	5
1827	5
1828	4
1829	5
1830	5
1831	5
1832	9
1833	2
1834	2
1835	2
1836	2
1837	2
1838	2
1839	4
1840	2
1841	2
1842	2
1843	2
1844	2
1845	4
1846	4
1847	2
1848	2
1849	2
1850	5
1851	3
1852	5
1853	3
1854	3
1855	3
1856	3
1857	3
1858	2
1859	3
1860	2
1861	3
1862	3
1863	3
1864	3
1865	5
1866	5
1867	6
1868	5
1869	5
1870	5
1871	5
1872	3
1873	5
1874	6
1875	3
1876	6
1877	6
1878	6
1879	6
1880	6
1881	4
1882	4
1883	4
1884	4
1885	4
1886	4
1887	4
1888	6
1889	4
1890	6
1891	4
1892	6
1893	3
1894	6
1895	6
1896	2
1897	6
1898	2
1899	2
1900	2
1901	2
1902	2
1903	2
1904	2
1905	4
1906	2
1907	2
1908	2
1909	4
1910	2
1911	4
1912	2
1913	5
1914	4
1915	2
1916	2
1917	2
1918	2
1919	2
1920	2
1921	2
1922	2
1923	5
1924	2
1925	4
1926	4
1927	4
1928	4
1929	4
1930	4
1931	4
1932	4
1933	4
1934	4
1935	4
1936	4
1937	4
1938	4
1939	4
1940	4
1941	4
1942	4
1943	4
1944	4
1945	4
1946	2
1947	4
1948	2
1949	4
1950	4
1951	2
1952	4
1953	2
1954	2
1955	2
1956	2
1957	4
1958	4
1959	2
1960	2
1961	2
1962	2
1963	2
1964	2
1965	5
1966	5
1967	5
1968	5
1969	3
1970	5
1971	5
1972	4
1973	3
1974	3
1975	5
1976	5
1977	3
1978	3
1979	5
1980	5
1981	4
1982	4
1983	4
1984	4
1985	5
1986	5
1987	5
1988	5
1989	4
1990	4
1991	4
1992	2
1993	2
1994	2
1995	2
1996	2
1997	2
1998	2
1999	2
2000	2
2001	2
2002	2
2003	2
2004	2
2005	2
2006	2
2007	2
2008	2
2009	2
2010	2
2011	3
2012	3
2013	9
2014	9
2015	6
2016	6
2017	6
2018	5
2019	5
2020	6
2021	6
2022	5
2023	5
2024	5
2025	5
2026	3
2027	3
2028	5
2029	5
2030	5
2031	5
2032	5
2033	6
2034	4
2035	4
2036	4
2037	4
2038	6
2039	4
2040	4
2041	4
2042	6
2043	3
2044	3
2045	4
2046	4
2047	4
2048	4
2049	4
2050	3
2051	4
2052	6
2053	6
2054	6
2055	6
2056	6
2057	6
2058	6
2059	6
2060	2
2061	2
2062	2
2063	2
2064	5
2065	2
2066	2
2067	3
2068	4
2069	4
2070	4
2071	4
2072	4
2073	4
2074	4
2075	2
2076	2
2077	4
2078	4
2079	2
2080	4
2081	2
2082	4
2083	4
2084	4
2085	4
2086	4
2087	4
2088	4
2089	4
2090	4
2091	4
2092	4
2093	4
2094	4
2095	4
2096	4
2097	4
2098	4
2099	4
2100	4
2101	2
2102	2
2103	4
2104	4
2105	2
2106	2
2107	2
2108	2
2109	4
2110	2
2111	2
2112	4
2113	4
2114	4
2115	2
2116	4
2117	4
2118	4
2119	5
2120	5
2121	3
2122	5
2123	5
2124	5
2125	3
2126	5
2127	3
2128	5
2129	5
2130	4
2131	4
2132	4
2133	4
2134	9
2135	9
2136	2
2137	9
2138	9
2139	5
2140	9
2141	2
2142	4
2143	4
2144	4
2145	4
2146	2
2147	2
2148	2
2149	2
2150	2
2151	2
2152	3
2153	2
2154	3
2155	4
2156	5
2157	4
2158	5
2161	6
2162	6
2163	5
2164	6
2165	5
2166	6
2167	9
2168	9
2169	9
2170	5
2171	5
2172	9
2173	5
2174	6
2175	6
2176	6
2177	6
2178	6
2179	6
2180	6
2181	6
2182	5
2183	5
2184	5
2185	5
2186	5
2187	5
2188	5
2189	5
2190	4
2191	5
2192	5
2193	4
2194	4
2195	4
2196	4
2197	4
2198	4
2199	4
2200	4
2201	4
2202	5
2203	5
2204	5
2205	3
2206	4
2207	4
2208	2
2209	2
2210	2
2211	2
2212	2
2213	2
2215	2
2216	6
2217	6
2218	6
2219	6
2220	2
2221	2
2222	2
2223	2
2224	2
2225	2
2226	2
2227	2
2228	2
2229	2
2230	4
2231	2
2232	4
2233	2
2234	4
2235	4
2236	4
2237	4
2238	4
2239	4
2240	4
2241	4
2242	4
2243	4
2244	4
2245	4
2246	4
2247	4
2248	4
2249	4
2250	4
2251	4
2252	4
2253	2
2254	2
2255	2
2256	2
2257	6
2258	3
2259	4
2260	6
2261	6
2262	6
2263	6
2264	6
2265	4
2266	5
2267	3
2268	5
2269	5
2270	4
2271	4
2272	4
2273	3
2274	3
2275	3
2276	3
2277	3
2278	9
2279	4
2280	5
2281	9
2282	5
2283	4
2284	9
2285	9
2286	4
2287	4
2288	2
2289	2
2290	2
2291	2
2292	2
2293	2
2294	2
2295	2
2296	2
2297	4
2298	4
2299	2
2300	2
2301	4
2302	3
2303	3
2304	5
2305	9
2306	9
2307	2
2308	9
2309	9
2310	6
2311	9
2312	5
2313	6
2314	9
2315	9
2316	5
2317	9
2318	9
2319	9
2320	9
2321	9
2322	9
2323	9
2324	6
2325	6
2326	6
2327	6
2328	6
2329	6
2330	6
2331	6
2332	5
2333	5
2334	6
2335	5
2336	4
2337	6
2338	6
2339	3
2340	4
2341	4
2342	4
2343	6
2344	4
2345	4
2346	4
2347	4
2348	4
2349	4
2350	4
2351	4
2352	4
2353	4
2354	4
2355	3
2356	5
2357	5
2358	4
2359	4
2360	4
2361	4
2362	4
2363	4
2364	6
2365	6
2366	6
2367	6
2368	6
2369	6
2370	6
2371	6
2372	2
2373	2
2374	6
2375	2
2376	6
2377	2
2378	6
2379	2
2380	2
2381	2
2382	2
2383	2
2384	4
2385	4
2386	2
2387	2
2388	4
2389	4
2390	4
2391	4
2392	4
2393	4
2394	4
2395	4
2396	2
2397	4
2398	2
2399	4
2400	4
2401	4
2402	4
2403	2
2404	2
2405	2
2406	2
2407	4
2408	4
2409	2
2410	2
2411	2
2412	4
2413	4
2414	4
2415	4
2416	4
2417	4
2418	2
2419	4
2420	2
2421	2
2422	2
2423	2
2424	4
2425	6
2426	6
2427	6
2428	6
2429	6
2430	6
2431	6
2432	6
2433	6
2434	6
2435	4
2436	4
2437	4
2438	5
2439	6
2440	3
2441	3
2442	3
2443	3
2444	3
2445	3
2446	3
2447	3
2448	3
2449	3
2450	3
2451	3
2452	5
2453	3
2454	3
2455	2
2456	9
2457	9
2458	9
2459	4
2460	9
2461	4
2462	4
2463	4
2464	2
2465	3
2466	5
2467	5
2468	9
2469	6
2470	6
2471	5
2472	7
2473	9
2474	9
2475	9
2476	9
2477	9
2478	9
2479	9
2480	9
2481	9
2482	9
2483	9
2484	9
2485	5
2486	5
2487	5
2488	5
2489	9
2490	5
2491	5
2492	5
2493	6
2494	6
2495	6
2496	6
2497	6
2498	4
2499	5
2500	5
2501	4
2502	5
2503	5
2504	5
2505	5
2506	6
2507	6
2508	5
2509	5
2510	5
2511	5
2512	5
2513	5
2514	4
2515	5
2516	5
2517	4
2518	5
2520	4
2521	4
2522	4
2523	4
2524	4
2525	4
2526	6
2527	6
2528	4
2529	6
2530	4
2531	4
2532	6
2533	4
2534	6
2535	5
2536	4
2537	2
2538	4
2539	4
2540	4
2541	4
2542	4
2543	2
2544	4
2545	4
2546	4
2547	4
2548	2
2549	2
2550	2
2551	2
2552	4
2553	4
2554	4
2555	4
2556	4
2557	2
2558	4
2559	4
2560	4
2561	4
2562	4
2563	4
2564	4
2565	4
2566	4
2567	4
2568	2
2569	4
2570	4
2571	4
2572	4
2573	4
2574	2
2575	4
2576	4
2577	4
2578	4
2579	4
2580	4
2581	4
2582	2
2583	4
2584	4
2585	4
2586	4
2587	4
2588	4
2589	4
2590	6
2591	6
2592	6
2593	6
2594	6
2595	6
2596	6
2597	3
2598	6
2599	6
2600	6
2601	3
2602	4
2603	4
2604	4
2605	3
2606	4
2607	5
2608	3
2609	3
2610	3
2611	4
2612	4
2613	3
2614	4
2615	5
2616	4
2617	4
2618	4
2619	4
2620	4
2621	5
2622	4
2623	4
2624	4
2625	4
2626	4
2627	6
2628	5
2629	5
2630	5
2631	5
2632	9
2633	5
2634	6
2635	3
2636	3
2637	3
2638	3
2639	3
2640	3
2641	9
2642	9
2643	9
2644	5
2645	5
2646	5
2647	5
2648	5
2649	6
2650	5
2651	5
2652	5
2653	6
2654	6
2655	3
2656	4
2657	6
2658	3
2659	3
2660	6
2661	5
2662	3
2663	3
2664	4
2665	3
2666	5
2667	3
2668	4
2669	4
2670	4
2671	4
2672	4
2673	4
2674	4
2675	4
2676	4
2677	4
2678	4
2679	2
2680	4
2681	4
2682	5
2683	4
2684	4
2685	6
2686	6
2687	6
2688	6
2689	6
2690	6
2691	5
2692	6
2693	6
2694	6
2695	6
2696	6
2697	5
2698	5
2699	2
2700	4
2701	4
2702	4
2703	3
2704	3
2705	2
2706	2
2707	3
2708	4
2710	4
2711	4
2712	4
2713	4
2714	4
2715	4
2716	4
2717	4
2718	4
2719	4
2720	4
2721	4
2722	4
2723	4
2724	2
2725	4
2726	2
2727	2
2728	4
2729	4
2730	4
2731	4
2732	2
2733	4
2734	4
2735	4
2736	5
2737	4
2738	2
2739	4
2740	4
2741	6
2742	4
2743	6
2744	4
2745	4
2746	6
2747	6
2748	4
2749	4
2750	6
2751	6
2752	6
2753	6
2754	3
2755	5
2756	3
2757	3
2758	3
2759	5
2760	6
2761	6
2762	6
2763	4
2764	5
2765	5
2766	5
2767	4
2768	4
2769	4
2770	5
2771	4
2772	3
2773	3
2774	3
2775	3
2776	9
2777	9
2778	4
2779	4
2780	4
2781	2
2782	4
2783	4
2784	2
2785	2
2786	4
2787	4
2788	2
2789	2
2790	2
2791	2
2792	2
2793	4
2794	4
2795	4
2796	4
2797	4
2798	3
2799	6
2800	3
2801	9
2802	5
2803	2
2804	7
2805	6
2806	6
2807	6
2808	6
2809	6
2810	5
2811	5
2812	5
2813	9
2814	5
2815	9
2816	5
2817	5
2818	4
2819	6
2820	6
2821	3
2822	4
2823	3
2824	4
2825	6
2826	3
2827	3
2828	4
2829	6
2830	5
2831	5
2832	5
2833	5
2834	5
2835	2
2836	4
2837	4
2838	4
2839	4
2840	4
2841	4
2842	4
2843	4
2844	4
2845	4
2846	4
2847	4
2848	5
2849	5
2850	3
2851	5
2852	5
2853	5
2854	5
2855	4
2856	2
2857	4
2858	2
2859	4
2860	4
2861	4
2862	4
2863	4
2864	4
2865	3
2866	3
2867	4
2868	3
2869	2
2870	3
2871	2
2872	3
2873	4
2874	4
2875	4
2876	4
2877	4
2878	4
2879	4
2880	4
2881	4
2882	4
2883	4
2884	4
2885	4
2886	4
2887	4
2888	4
2889	4
2890	4
2891	4
2892	4
2893	4
2894	4
2895	4
2896	4
2897	4
2898	4
2899	2
2900	2
2901	4
2902	4
2903	4
2904	4
2905	4
2906	4
2907	4
2908	4
2909	2
2910	4
2911	2
2912	4
2913	6
2914	4
2915	4
2916	6
2917	6
2918	6
2919	4
2920	3
2921	6
2922	6
2923	3
2924	3
2925	3
2926	3
2927	3
2928	3
2929	3
2930	3
2931	3
2932	3
2933	3
2934	3
2935	5
2936	5
2937	2
2938	2
2939	5
2940	5
2941	5
2942	5
2943	5
2944	5
2945	5
2946	5
2947	5
2948	3
2949	4
2950	4
2951	4
2952	4
2953	4
2954	4
2955	4
2956	5
2957	5
2958	5
2959	3
2960	5
2961	3
2962	5
2964	3
2965	6
2966	4
2967	7
2968	5
2969	9
2970	9
2971	9
2972	9
2973	5
2974	9
2975	5
2976	5
2977	5
2978	9
2979	4
2980	6
2981	6
2982	6
2983	6
2984	6
2985	5
2986	5
2987	5
2988	5
2989	5
2990	5
2991	5
2992	5
2993	5
2994	5
2995	5
2996	5
2997	3
2998	5
2999	5
3000	4
3001	9
3002	3
3003	9
3004	9
3005	4
3006	9
3007	4
3008	4
3009	4
3010	4
3011	4
3012	4
3013	4
3014	4
3015	4
3016	4
3017	4
3018	4
3019	4
3020	4
3021	4
3022	4
3023	4
3024	5
3025	4
3026	5
3027	4
3028	4
3029	3
3030	5
3031	2
3032	4
3033	5
3034	5
3035	5
3036	5
3037	5
3038	3
3039	5
3040	3
3041	4
3042	4
3043	4
3044	4
3045	4
3046	4
3047	4
3048	4
3049	4
3050	4
3051	4
3052	4
3053	4
3054	4
3055	4
3056	4
3057	4
3058	4
3059	4
3060	4
3061	4
3062	4
3063	4
3064	2
3065	4
3066	2
3067	2
3068	4
3069	2
3070	2
3071	4
3072	4
3073	4
3074	4
3075	4
3076	4
3077	4
3078	4
3079	4
3080	2
3081	3
3082	6
3083	3
3084	3
3085	3
3086	3
3087	3
3088	3
3089	3
3090	3
3091	3
3092	3
3093	5
3094	3
3095	3
3096	3
3097	3
3098	5
3099	4
3100	2
3101	5
3102	5
3103	3
3104	5
3105	5
3106	5
3107	5
3108	5
3109	5
3110	5
3111	5
3112	5
3113	9
3114	9
3115	9
3116	3
3117	9
3118	5
3119	5
3120	9
3121	9
3122	9
3123	5
3124	4
3125	4
3126	3
3127	5
3128	4
3129	3
3130	5
3131	5
3132	3
3133	4
3135	4
3136	9
3137	9
3138	9
3139	9
3140	4
3141	9
3142	9
3143	5
3144	9
3145	9
3146	9
3147	4
3148	6
3149	3
3150	5
3151	5
3152	3
3153	5
3154	5
3155	5
3156	5
3157	5
3158	6
3159	6
3160	5
3161	5
3162	5
3163	9
3164	4
3165	5
3166	9
3167	9
3168	4
3169	4
3170	4
3171	4
3172	4
3173	4
3174	4
3175	4
3176	4
3177	4
3178	4
3179	4
3180	4
3181	4
3184	4
3185	4
3186	4
3187	2
3188	4
3189	4
3190	2
3191	2
3192	5
3193	5
3194	4
3195	5
3196	5
3197	2
3198	4
3199	4
3200	4
3201	4
3202	4
3203	4
3204	4
3205	4
3206	4
3212	4
3213	4
3214	4
3215	4
3216	4
3217	2
3218	4
3219	4
3220	4
3221	2
3222	4
3223	2
3224	2
3225	4
3226	4
3227	4
3228	4
3229	4
3230	4
3231	4
3232	4
3233	4
3234	4
3235	2
3236	2
3237	4
3238	4
3239	4
3240	4
3241	6
3242	3
3243	3
3244	3
3245	3
3246	3
3247	3
3248	6
3249	3
3250	3
3251	3
3252	2
3253	3
3254	3
3255	5
3256	5
3257	3
3258	5
3259	3
3260	5
3261	5
3262	3
3263	9
3264	9
3265	9
3266	5
3267	5
3268	3
3269	3
3270	3
3271	9
3272	3
3273	5
3274	5
3275	4
3276	2
3277	2
3278	5
3279	5
3280	2
3281	5
3282	5
3284	5
3285	4
3286	4
3287	5
3288	5
3289	3
3292	4
3293	9
3294	2
3295	9
3296	3
3297	5
3298	3
3299	9
3300	9
3301	6
3302	3
3303	3
3304	5
3305	5
3306	5
3307	5
3308	5
3309	5
3310	5
3311	6
3312	5
3313	5
3314	5
3315	5
3316	5
3317	6
3318	5
3319	5
3320	6
3321	6
3322	4
3323	6
3324	5
3325	4
3326	4
3327	4
3328	4
3329	4
3330	4
3331	4
3332	6
3333	4
3334	4
3335	4
3336	4
3337	5
3338	5
3339	3
3340	5
3341	5
3342	5
3343	5
3344	4
3345	2
3346	4
3347	2
3348	4
3350	4
3351	4
3352	4
3353	4
3355	4
3356	4
3357	2
3358	4
3359	4
3360	4
3361	4
3362	4
3363	4
3364	4
3365	4
3366	4
3367	4
3368	4
3369	4
3370	5
3371	2
3372	2
3373	2
3374	4
3375	4
3376	4
3377	2
3378	4
3379	4
3380	4
3381	4
3382	4
3383	4
3384	4
3385	4
3386	4
3387	4
3388	4
3389	4
3390	4
3391	4
3392	4
3393	4
3394	4
3395	4
3396	4
3397	4
3398	4
3399	4
3400	6
3401	6
3402	6
3403	6
3404	6
3405	6
3406	3
3407	3
3408	3
3409	3
3410	5
3411	3
3412	5
3413	3
3414	3
3415	3
3416	3
3417	3
3418	3
3419	9
3420	3
3421	3
3422	3
3423	3
3424	3
3425	3
3426	3
3427	3
3428	3
3429	3
3430	2
3431	5
3432	5
3433	4
3434	4
3435	2
3436	4
3437	4
3438	4
3439	4
3440	6
3441	2
3442	2
3443	4
3444	4
3445	2
3446	4
3447	6
3448	2
3449	5
3450	0
3451	3
3452	3
3453	3
3454	3
3455	3
3456	3
3457	3
3458	3
3459	3
3460	6
3461	6
3462	5
3463	5
3464	5
3465	5
3466	5
3467	5
3468	5
3469	5
3470	5
3471	5
3472	5
3473	5
3474	6
3475	6
3476	5
3477	5
3478	5
3479	5
3480	5
3481	6
3482	6
3483	6
3484	6
3485	4
3486	4
3487	4
3488	4
3489	4
3490	4
3491	4
3492	4
3493	4
3494	4
3495	4
3496	3
3497	3
3498	5
3499	5
3500	5
3501	5
3502	3
3503	3
3504	4
3505	4
3506	4
3507	2
3508	4
3509	4
3510	4
3513	4
3514	4
3515	4
3516	4
3517	4
3518	4
3519	4
3520	4
3521	2
3522	4
3523	4
3524	2
3525	4
3526	4
3527	2
3528	4
3529	4
3530	4
3531	4
3533	4
3534	4
3535	2
3536	2
3537	4
3538	4
3539	4
3540	4
3541	4
3542	4
3543	4
3544	4
3545	4
3546	4
3547	4
3548	4
3549	4
3550	4
3551	4
3552	4
3553	4
3554	4
3555	4
3556	4
3557	4
3558	2
3559	2
3560	2
3561	2
3562	2
3563	2
3564	4
3565	4
3566	2
3567	4
3568	3
3569	5
3570	3
3571	3
3572	3
3573	3
3574	3
3575	3
3576	3
3577	4
3578	5
3579	5
3580	4
3581	5
3582	3
3583	3
3584	3
3585	3
3586	5
3587	9
3588	9
3589	9
3590	9
3591	9
3592	9
3593	9
3594	4
3595	4
3596	4
3597	4
3598	4
3599	4
3600	4
3601	4
3602	4
3603	0
3604	9
3605	3
3606	9
3607	9
3608	5
3609	4
3610	3
3611	3
3612	5
3614	3
3615	4
3616	3
3617	9
3618	3
3619	3
3620	3
3621	3
3622	5
3623	5
3624	5
3625	5
3626	4
3627	6
3628	5
3629	6
3630	5
3631	6
3632	6
3633	5
3634	5
3635	5
3636	5
3637	5
3638	5
3639	3
3640	5
3641	6
3642	6
3643	6
3644	6
3645	6
3646	6
3647	5
3648	4
3649	4
3650	5
3651	6
3652	4
3653	4
3654	6
3655	6
3656	4
3657	3
3658	5
3659	5
3660	3
3661	3
3662	3
3663	5
3664	3
3665	3
3666	5
3667	3
3668	6
3669	4
3670	4
3671	4
3672	4
3673	4
3674	4
3675	4
3676	4
3677	4
3678	4
3679	4
3680	4
3681	4
3682	4
3684	4
3685	4
3686	4
3687	4
3688	2
3689	4
3690	4
3691	4
3692	4
3693	2
3694	4
3695	2
3696	2
3697	4
3698	4
3699	4
3700	4
3701	4
3702	4
3703	2
3704	4
3705	2
3706	4
3707	4
3708	4
3709	4
3710	4
3711	2
3712	4
3713	2
3715	4
3717	4
3718	4
3719	4
3720	4
3721	4
3722	4
3723	4
3724	4
3725	4
3726	3
3727	5
3728	5
3729	3
3730	5
3731	3
3732	5
3733	5
3734	3
3735	5
3736	5
3737	5
3738	3
3739	5
3740	3
3741	3
3742	5
3743	3
3744	5
3745	5
3746	5
3747	5
3748	5
3749	5
3750	5
3751	5
3752	2
3753	5
3754	5
3755	3
3756	4
3757	4
3758	4
3759	4
3760	4
3761	4
3762	4
3763	4
3764	4
3768	3
3769	3
3770	4
3771	3
3772	3
3773	3
3774	3
3775	3
3776	3
3777	5
3778	5
3779	4
3780	4
3781	4
3782	4
3783	4
3784	4
3785	4
3786	4
3787	4
3788	6
3789	6
3790	8
3791	8
3792	8
3793	8
3794	8
3795	8
3796	8
3797	8
3798	8
3799	8
3800	8
3801	8
3802	8
3803	8
3804	8
3805	8
3806	8
3807	8
3808	8
3809	8
3810	8
3811	8
3812	8
3813	8
3814	8
3815	8
3816	8
3817	8
3818	8
3819	8
3820	8
3821	8
3822	8
3823	8
3824	8
3825	8
3826	8
3827	8
3828	8
3829	8
3830	8
3831	8
3832	8
3833	8
3834	8
3835	8
3836	8
3837	8
3838	8
3839	8
3840	8
3841	8
3842	8
3843	8
3844	8
3845	8
3846	8
3847	8
3848	8
3849	8
3850	8
3851	8
3852	8
3853	8
3854	8
3855	8
3856	8
3857	8
3858	8
3859	8
3860	8
3861	8
3862	8
3863	8
3864	8
3865	8
3866	8
3867	8
3868	8
3869	8
3870	8
3871	8
3872	8
3873	8
3874	8
3875	8
3876	8
3877	8
3878	8
3879	8
3880	8
3883	8
3884	8
3885	8
3886	8
3887	8
3888	8
3889	8
3890	8
3892	8
3893	8
3894	8
3897	8
3898	8
3899	8
3900	8
3901	8
3902	8
3903	8
3904	8
3905	8
3906	8
3907	8
3908	8
3909	8
3910	8
3911	8
3912	8
3913	8
3914	8
3915	8
3916	8
3917	8
3918	8
3919	8
3920	8
3921	8
3922	8
3923	8
3924	8
3925	8
3926	8
3927	8
3928	8
3929	8
3930	8
3931	8
3932	8
3933	8
3934	8
3935	8
3936	8
3937	8
3938	8
3939	8
3940	8
3941	8
3942	8
3943	8
3944	8
3945	8
3946	8
3947	8
3948	8
3949	8
3950	8
3951	8
3952	8
3953	8
3954	8
3955	8
3956	8
3957	8
3958	8
3959	8
3960	8
3961	8
3962	8
3963	8
3964	9
3965	8
3966	8
3967	8
3968	8
3969	8
3970	8
3971	8
3972	8
3973	8
3974	8
3975	8
3976	8
3977	8
3978	8
3979	8
3980	8
3981	8
3982	8
3983	8
3985	8
3986	8
3987	7
3988	6
3989	7
3990	7
3991	7
3992	1
3993	6
3994	9
3995	2
3996	9
3997	7
3998	7
3999	7
4000	2
4001	7
4002	1
4003	9
4004	9
4005	9
4006	9
4007	9
4008	7
4009	7
4010	9
4011	9
4012	7
4013	9
4014	9
4015	7
4016	9
4017	9
4018	9
4019	6
4020	9
4021	7
4022	7
4023	7
4024	2
4025	9
4026	7
4027	6
4028	9
4029	7
4030	7
4031	9
4032	7
4033	6
4034	7
4035	7
4036	7
4037	7
4038	7
4039	7
4040	7
4041	7
4042	7
4043	7
4044	9
4045	9
4046	7
4047	7
4048	7
4049	0
4050	1
4051	7
4052	7
4053	1
4054	0
4055	0
4056	0
4057	0
4058	0
4059	0
4060	0
4061	0
4062	0
4063	1
4064	0
4065	0
4066	0
4067	0
4068	1
4069	0
4070	0
4071	1
4072	1
4073	0
4074	0
4075	0
4076	0
4077	0
4078	9
4079	9
4080	9
4081	9
4082	8
4083	9
4084	9
4085	9
4086	9
4087	9
4088	9
4089	9
4090	9
4091	8
4092	8
4093	8
4094	8
4095	9
4096	8
4097	8
4098	8
4099	9
4100	8
4101	9
4102	8
4103	8
4104	9
4105	9
4106	0
4107	8
4108	9
4109	8
4110	6
4111	9
4112	9
4113	6
4114	8
4115	8
4116	9
4117	8
4118	8
4119	8
4120	9
4121	9
4122	9
4123	9
4124	9
4125	9
4126	9
4127	0
4128	9
4129	6
4130	9
4131	8
4132	8
4133	8
4134	9
4135	6
4136	9
4137	8
4138	9
4139	9
4140	9
4141	9
4142	9
4143	9
4144	9
4145	9
4146	9
4147	9
4148	6
4149	8
4150	0
4151	9
4152	6
4153	0
4154	9
4155	9
4156	8
4157	8
4158	9
4159	9
4160	6
4161	7
4162	7
4163	7
4164	7
4165	7
4166	7
4167	7
4168	7
4169	7
4170	7
4171	7
4172	7
4173	7
4174	7
4175	7
4176	7
4177	7
4178	7
4179	7
4180	7
4181	7
4182	7
4183	7
4184	7
4185	7
4186	7
4187	7
4188	7
4189	7
4190	7
4191	7
4192	7
4193	7
4194	7
4195	7
4196	7
4197	7
4198	7
4199	7
4200	7
4201	7
4202	7
4203	7
4204	7
4205	7
4206	7
4207	7
4208	7
4209	8
4210	8
4211	8
4212	8
4213	8
4214	8
4215	8
4216	8
4217	8
4218	8
4219	8
4220	8
4221	8
4222	8
4223	8
4224	8
4225	8
4226	8
4227	8
4228	8
4229	8
4230	8
4231	8
4232	8
4233	8
4234	8
4235	8
4236	8
4237	8
4238	8
4239	8
4240	8
4241	8
4242	8
4243	8
4244	8
4245	8
4246	8
4247	8
4248	8
4249	8
4250	8
4251	8
4252	8
4253	8
4254	8
4255	8
4256	8
4257	8
4258	8
4259	8
4260	8
4261	8
4262	8
4263	8
4264	8
4265	8
4266	0
4267	7
4268	7
4269	7
4270	7
4271	7
4272	7
4273	7
4274	7
4275	7
4276	7
4277	7
4278	7
4279	7
4280	7
4281	7
4282	7
4283	7
4284	7
4285	7
4286	7
4287	7
4288	7
4289	7
4290	7
4291	7
4292	7
4293	7
4294	7
4295	7
4296	7
4297	7
4298	7
4299	7
4300	7
4301	7
4302	7
4303	7
4304	7
4305	7
4306	7
4307	7
4308	7
4309	7
4310	7
4311	7
4312	7
4313	7
4314	7
4315	7
4316	7
4317	7
4318	7
4319	7
4320	7
4321	7
4322	7
4323	7
4324	7
4325	7
4326	7
4327	7
4328	7
4329	7
4330	7
4331	7
4332	7
4333	7
4334	7
4335	7
4336	7
4337	7
4338	7
4339	7
4340	7
4341	7
4342	7
4343	7
4344	7
4345	7
4346	7
4347	7
4348	5
4349	7
4350	7
4351	7
4352	7
4353	7
4354	7
4355	7
4356	0
4357	0
4358	7
4359	7
4360	0
4361	0
4362	0
4363	7
4364	7
4365	7
4366	7
4367	7
4368	7
4369	7
4370	7
4371	7
4372	0
4373	7
4374	7
4375	7
4376	5
4377	7
4378	7
4379	7
4380	7
4381	7
4382	7
4383	7
4384	7
4385	7
4386	7
4387	7
4388	7
4389	7
4390	7
4391	7
4392	7
4393	7
4394	0
4395	0
4396	7
4397	7
4398	7
4399	7
4400	7
4401	7
4402	7
4403	7
4404	7
4405	7
4406	7
4407	7
4408	7
4409	7
4410	7
4411	7
4412	7
4413	7
4414	7
4415	7
4416	7
4417	7
4418	7
4419	7
4420	7
4421	7
4422	7
4423	7
4424	7
4425	7
4426	7
4427	7
4428	7
4429	7
4430	7
4431	7
4432	0
4433	7
4434	7
4435	7
4436	7
4437	7
4438	7
4439	7
4440	7
4441	7
4442	0
4443	7
4444	5
4445	7
4446	7
4447	7
4448	7
4449	7
4450	7
4451	7
4452	7
4453	7
4454	7
4455	7
4456	7
4457	7
4458	7
4459	7
4460	7
4461	7
4462	7
4463	7
4464	7
4465	7
4466	7
4467	5
4468	7
4469	7
4470	7
4471	7
4472	7
4473	7
4474	7
4475	7
4476	7
4477	7
4478	7
4479	7
4480	7
4481	7
4482	7
4483	7
4484	7
4485	7
4486	7
4487	7
4488	7
4489	0
4490	8
4496	8
4497	8
4498	8
4499	8
4500	8
4501	8
4502	8
4503	8
4504	8
4510	9
4511	9
4512	9
4513	8
4514	9
4515	8
4516	8
4517	8
4518	8
4519	8
4520	8
4521	8
4522	8
4523	8
4524	8
4525	8
4526	8
4527	7
4528	7
4529	7
4530	7
4531	7
4532	7
4533	7
4534	7
4535	7
4536	7
4537	7
4538	7
4539	7
4540	7
4541	7
4542	7
4543	7
4544	7
4545	7
4546	7
4547	7
4548	7
4549	7
4550	7
4551	7
4552	7
4553	7
4554	5
4555	6
4556	6
4557	6
4558	3
4559	3
4560	6
4561	6
4562	3
4563	3
4564	3
4565	3
4566	3
4567	3
4568	3
4569	6
4570	4
4571	6
4572	4
4573	4
4574	6
4575	0
4576	6
4577	6
4578	6
4579	6
4580	6
4581	6
4582	6
4583	3
4584	3
4585	3
4586	8
4587	8
4588	6
4589	6
4590	6
4591	6
4592	3
4596	3
4597	8
4599	8
4600	8
4601	8
4602	8
4603	8
4607	8
4608	5
4609	6
4610	6
4611	5
4612	9
4613	3
4614	3
4615	3
4616	3
4617	8
4618	8
4619	8
4620	8
4621	6
4622	3
4623	0
4624	3
4625	3
4626	6
4627	6
4628	6
4629	6
4630	6
4631	6
4632	6
4633	5
4634	6
4635	3
4636	3
4637	3
4638	8
4639	8
4640	8
4641	8
4642	4
4643	6
4644	6
4645	6
4646	6
4647	3
4648	3
4649	3
4650	3
4651	3
4652	6
4653	8
4654	8
4655	8
4656	8
4657	4
4658	6
4659	4
4660	4
4661	6
4662	6
4663	6
4664	3
4665	3
4666	3
4667	3
4668	3
4669	3
4670	3
4671	3
4672	4
4673	6
4674	6
4675	0
4676	6
4677	9
4678	6
4679	6
4680	6
4681	6
4682	6
4683	6
4684	6
4685	5
4686	3
4687	3
4688	3
4689	3
4690	3
4691	3
4692	4
4693	4
4694	4
4695	5
4696	4
4697	4
4698	6
4699	5
4700	6
4701	6
4702	6
4703	6
4704	6
4705	4
4706	3
4707	6
4708	6
4709	4
4710	6
4711	6
4712	6
4713	6
4714	6
4715	6
4716	6
4717	6
4718	6
4719	6
4720	4
4721	6
4722	6
4723	6
4724	6
4725	6
4726	6
4727	6
4728	6
4729	6
4730	6
4731	4
4732	4
4733	4
4734	6
4735	6
4736	6
4737	4
4738	6
4739	6
4740	6
4741	6
4742	6
4743	6
4744	6
4745	6
4746	6
4747	6
4748	6
4749	6
4750	6
4751	6
4752	6
4753	3
4754	4
4755	4
4756	6
4757	6
4758	3
4759	3
4760	3
4761	3
4762	3
4763	3
4764	3
4765	6
4766	4
4767	4
4768	6
4769	4
4770	6
4771	3
4772	3
4773	3
4774	6
4775	3
4776	3
4777	6
4778	3
4779	6
4780	3
4781	3
4782	3
4783	3
4784	8
4785	6
4786	4
4787	6
4788	3
4789	3
4790	3
4791	3
4792	3
4793	4
4794	6
4795	4
4796	6
4797	4
4798	6
4799	6
4800	4
4801	3
4802	4
4803	4
4804	6
4805	4
4806	6
4807	4
4808	4
4809	6
4810	6
4811	4
4812	6
4813	6
4815	8
4816	8
4817	8
4818	8
4819	8
4820	8
4821	8
4822	8
4823	8
4826	3
4827	3
4828	6
4829	6
4830	6
4831	3
4832	3
4833	6
4834	3
4835	3
4836	6
4837	4
4838	4
4839	3
4840	3
4841	4
4842	4
4843	3
4844	4
4845	6
4846	6
4847	6
4848	6
4849	4
4850	6
4851	3
4852	6
4853	3
4854	3
4855	6
4856	6
4857	3
4858	3
4859	3
4860	4
4861	4
4862	4
4863	4
4864	4
4865	6
4866	4
4867	6
4868	4
4869	4
4870	4
4871	4
4872	5
4873	0
4874	0
4875	6
4876	5
4877	9
4878	6
4879	6
4880	3
4881	3
4882	3
4883	3
4884	3
4885	3
4886	6
4887	6
4888	3
4889	6
4890	3
4891	3
4892	6
4893	4
4894	4
4895	4
4896	4
4897	3
4898	6
4899	6
4900	6
4901	3
4902	3
4903	3
4904	6
4905	3
4906	3
4907	3
4908	3
4909	6
4910	3
4911	6
4912	6
4913	3
4914	6
4915	6
4916	6
4917	6
4918	6
4919	6
4920	6
4921	6
4922	6
4923	6
4924	6
4925	6
4926	6
4927	6
4928	6
4929	6
4930	6
4931	6
4932	6
4933	3
4934	3
4935	6
4936	0
4937	3
4938	3
4939	3
4940	3
4941	3
4942	3
4943	4
4944	6
4945	4
4946	4
4947	4
4948	8
4949	8
4950	8
4951	9
4953	9
4954	9
4955	9
4956	9
4958	9
4959	9
4961	9
4966	9
4968	5
4969	5
4970	5
4971	5
4972	5
4973	5
4974	1
4975	1
4976	1
4977	1
4978	1
4979	1
4980	7
4981	1
4982	1
4983	1
4984	1
4985	7
4986	7
4987	1
4988	1
4989	1
4990	1
4991	1
4992	1
4993	1
4994	1
4995	1
4996	1
4997	1
4998	1
4999	1
5000	1
5001	1
5002	1
5003	1
5004	1
5005	1
5006	1
5007	1
5008	1
5009	1
5010	1
5011	1
5012	1
5013	1
5014	1
5015	1
5016	8
5017	1
5018	1
5019	8
5020	7
5021	1
5022	8
5023	8
5024	1
5025	1
5026	1
5027	1
5028	1
5029	1
5030	1
5031	1
5032	1
5033	1
5034	1
5035	1
5036	1
5037	1
5038	1
5039	1
5040	1
5041	1
5042	1
5043	1
5044	1
5045	1
5046	1
5047	1
5048	1
5049	1
5050	1
5051	1
5052	1
5053	1
5054	1
5055	1
5058	1
5059	1
5063	1
5066	5
5067	5
5068	5
5069	5
5070	5
5071	5
5072	5
5073	5
5074	1
5075	5
5076	5
5077	1
5078	5
5079	1
5080	1
5081	5
5082	1
5083	8
5084	1
5085	1
5086	1
5087	7
5088	1
5089	1
5090	5
5091	5
5092	9
5093	0
5094	1
5095	1
5096	0
5097	0
5098	0
5099	0
5100	0
5101	0
5102	0
5103	9
5104	9
5105	9
5106	0
5107	0
5108	0
5109	9
5110	0
5111	0
5112	9
5113	9
5114	9
5115	9
5116	0
5117	0
5118	9
5119	5
5120	9
5121	9
5122	9
5123	9
5124	5
5125	4
5126	5
5127	4
5128	9
5129	9
5130	9
5131	5
5132	2
5133	4
5134	7
5135	5
5136	7
5137	2
5138	5
5139	7
5140	5
5141	5
5142	5
5143	5
5144	4
5145	5
5146	5
5147	5
5148	5
5149	5
5150	9
5151	9
5152	9
5153	2
5154	7
5155	2
5156	2
5157	1
5158	2
5159	2
5160	7
5161	9
5162	5
5163	9
5164	5
5165	4
5166	4
5167	9
5168	5
5169	9
5170	5
5171	9
5172	5
5173	1
5174	5
5175	4
5176	9
5177	5
5178	7
5179	5
5180	9
5181	2
5182	5
5183	5
5184	7
5185	5
5186	9
5187	9
5188	5
5189	9
5190	7
5191	9
5192	5
5193	9
5194	9
5195	9
5196	9
5197	9
5198	5
5199	9
5200	9
5201	5
5202	5
5203	7
5204	2
5205	2
5206	2
5207	2
5208	5
5209	4
5210	4
5211	7
5212	5
5213	5
5214	5
5215	5
5216	5
5217	5
5218	9
5219	5
5220	5
5221	5
5222	9
5223	5
5224	9
5225	5
5226	4
5227	9
5228	7
5229	1
5230	4
5231	5
5232	5
5233	5
5234	5
5235	5
5236	4
5237	9
5238	7
5239	7
5240	5
5241	9
5242	9
5243	9
5244	9
5245	2
5246	2
5247	5
5248	5
5249	2
5250	4
5251	5
5252	9
5253	9
5254	5
5255	2
5256	9
5257	9
5258	2
5259	9
5260	5
5261	5
5262	5
5263	5
5264	9
5265	5
5266	5
5267	9
5268	4
5269	4
5270	4
5271	4
5272	5
5273	5
5274	9
5275	7
5276	7
5277	2
5278	5
5279	9
5280	7
5281	1
5282	9
5283	9
5284	9
5285	2
5286	5
5287	5
5288	9
5289	4
5290	5
5291	2
5292	9
5293	4
5294	9
5295	5
5296	5
5297	2
5298	4
5299	9
5300	5
5301	5
5302	1
5303	5
5304	5
5305	9
5306	9
5307	5
5308	5
5309	5
5310	2
5311	4
5312	2
5313	4
5314	4
5315	5
5316	4
5317	4
5318	7
5319	7
5320	5
5321	5
5322	7
5324	5
5325	7
5326	7
5327	4
5328	9
5329	2
5330	3
5331	4
5332	4
5333	5
5334	5
5335	2
5336	4
5337	4
5338	4
5339	4
5340	4
5341	4
5342	5
5343	4
5344	5
5345	5
5346	4
5347	2
5348	5
5349	9
5350	5
5351	5
5352	5
5353	7
5354	9
5355	3
5356	9
5357	5
5358	5
5359	5
5360	5
5361	5
5362	9
5363	9
5364	4
5365	5
5366	4
5367	4
5368	4
5369	4
5370	4
5371	4
5372	4
5373	5
5374	4
5375	4
5376	9
5377	9
5378	5
5379	9
5380	9
5381	7
5382	3
5383	7
5384	5
5385	5
5386	2
5387	2
5388	2
5389	2
5390	2
5391	4
5392	5
5393	4
5394	5
5395	4
5396	4
5397	4
5398	5
5399	4
5400	5
5401	5
5402	5
5403	2
5404	2
5405	2
5406	2
5407	2
5408	2
5409	4
5410	4
5411	4
5412	9
5413	4
5414	4
5415	9
5416	4
5417	5
5418	5
5419	5
5420	9
5421	9
5422	5
5423	5
5424	5
5425	4
5426	9
5427	9
5428	9
5429	2
5430	2
5431	4
5432	4
5433	4
5434	9
5435	5
5436	5
5437	4
5438	4
5439	4
5440	4
5441	4
5442	9
5443	9
5444	9
5445	5
5446	9
5447	2
5448	2
5449	4
5450	4
5451	2
5452	2
5453	2
5454	5
5455	4
5456	5
5457	9
5458	1
5459	9
5460	4
5461	9
5462	5
5463	4
5464	7
5465	9
5466	2
5467	7
5468	5
5469	5
5470	5
5471	4
5472	7
5473	5
5474	5
5475	9
5476	9
5477	7
5478	5
5479	7
5480	7
5481	5
5482	5
5483	9
5484	5
5485	5
5486	4
5487	2
5488	4
5489	4
5490	4
5491	4
5492	9
5493	7
5494	9
5495	4
5496	9
5497	4
5498	8
5499	5
5500	9
5501	5
5502	4
5503	4
5504	2
5505	2
5506	2
5507	2
5508	5
5509	9
5510	4
5511	5
5512	5
5513	7
5514	5
5515	5
5516	4
5517	4
5518	9
5519	5
5520	5
5521	2
5522	8
5523	9
5524	9
5525	9
5526	2
5527	9
5528	5
5529	5
5530	9
5531	9
5532	5
5533	5
5534	5
5535	5
5536	9
5537	5
5538	4
5539	5
5540	4
5541	4
5542	4
5543	4
5544	4
5545	5
5546	4
5547	9
5548	9
5549	9
5550	9
5551	9
5552	2
5553	2
5554	2
5555	2
5556	7
5557	7
5558	7
5559	7
5560	7
5561	2
5562	5
5563	1
5564	2
5565	1
5566	1
5567	7
5568	1
5569	9
5570	7
5571	5
5572	2
5573	5
5574	5
5575	7
5576	9
5577	5
5578	4
5579	9
5580	4
5581	4
5582	4
5583	4
5584	4
5585	4
5586	9
5587	4
5588	9
5589	9
5590	9
5591	9
5592	9
5593	9
5594	9
5595	9
5596	4
5597	2
5598	2
5599	4
5600	2
5601	7
5602	7
5603	7
5604	5
5605	5
5606	5
5607	5
5608	9
5609	5
5610	7
5611	5
5612	5
5613	5
5614	5
5615	9
5616	9
5617	7
5618	9
5619	4
5620	7
5621	9
5622	9
5623	5
5624	5
5625	5
5626	9
5627	9
5628	9
5629	5
5630	9
5631	4
5632	9
5633	4
5634	9
5635	4
5636	9
5637	4
5638	4
5639	4
5640	4
5641	9
5642	5
5643	9
5644	9
5645	9
5646	5
5647	5
5648	9
5649	9
5650	9
5651	9
5652	4
5653	2
5654	2
5655	4
5656	2
5657	2
5658	7
5659	2
5660	4
5661	9
5662	5
5663	9
5664	5
5665	4
5666	4
5667	5
5668	2
5669	2
5670	5
5671	5
5672	5
5673	4
5674	4
5675	7
5676	9
5677	8
5678	9
5679	9
5680	4
5681	9
5682	4
5683	9
5684	9
5685	9
5686	5
5687	7
5688	4
5689	5
5690	9
5691	9
5692	9
5693	9
5694	9
5695	2
5696	5
5697	9
5698	5
5699	4
5700	2
5701	4
5702	4
5703	4
5704	2
5705	2
5706	5
5707	4
5708	9
5709	9
5710	2
5711	4
5712	4
5713	9
5714	9
5715	4
5716	7
5717	9
5718	9
5719	9
5720	9
5721	1
5722	5
5723	5
5725	4
5726	5
5727	9
5728	9
5729	5
5730	4
5731	5
5732	9
5733	9
5734	5
5735	5
5736	5
5737	9
5738	7
5739	5
5740	9
5741	9
5742	9
5743	9
5744	9
5745	9
5746	9
5747	9
5748	9
5749	2
5750	2
5751	2
5752	4
5753	2
5754	2
5755	2
5756	9
5757	7
5758	7
5759	9
5766	1
5767	5
5768	9
5769	5
5770	7
5771	5
5772	3
5773	2
5774	4
5775	9
5776	5
5777	5
5778	5
5779	9
5780	9
5781	4
5782	5
5783	7
5784	7
5785	7
5786	9
5787	7
5788	2
5789	5
5790	5
5791	5
5792	5
5793	5
5794	9
5795	9
5796	9
5797	9
5798	9
5799	9
5800	9
5801	2
5802	2
5803	2
5804	2
5805	7
5806	9
5807	2
5810	5
5811	5
5812	2
5813	5
5814	8
5815	8
5816	7
5817	8
5818	7
5819	9
5820	9
5821	2
5822	5
5823	9
5824	9
5825	3
5826	5
5827	4
5828	9
5829	5
5830	4
5831	5
5832	7
5833	2
5834	7
5835	7
5836	1
5837	2
5838	1
5839	5
5840	5
5841	2
5842	5
5843	5
5844	9
5845	9
5846	9
5847	9
5848	9
5849	9
5850	5
5851	4
5852	5
5853	5
5854	5
5855	5
5856	2
5857	2
5858	5
5859	4
5860	5
5861	1
5862	7
5863	5
5864	5
5865	2
5866	5
5867	5
5868	5
5869	4
5870	9
5871	5
5872	9
5873	4
5874	4
5875	5
5876	5
5877	5
5878	2
5879	2
5880	5
5881	5
5882	2
5883	5
5884	7
5885	9
5886	9
5887	9
5888	9
5889	9
5890	9
5891	7
5892	7
5893	7
5894	7
5895	7
5896	7
5897	7
5898	7
5899	7
5900	7
5901	7
5902	7
5903	7
5904	7
5905	7
5906	7
5907	7
5908	7
5909	7
5910	7
5911	7
5912	7
5913	7
5914	7
5915	7
5916	7
5917	7
5918	7
5919	7
5920	7
5921	7
5922	7
5923	7
5924	7
5925	7
5926	7
5927	7
5928	7
5929	7
5930	7
5931	7
5932	7
5933	7
5934	7
5935	7
5936	7
5937	7
5938	7
5939	7
5940	7
5941	7
5942	7
5943	7
5944	7
5945	7
5946	7
5947	7
5948	7
5949	7
5950	7
5951	7
5952	7
5953	7
5954	7
5955	7
5956	7
5957	7
5958	7
5959	7
5960	7
5961	7
5962	7
5963	7
5964	7
5965	7
5966	7
5967	7
5968	7
5969	7
5970	7
5971	7
5972	7
5973	7
5974	7
5975	7
5976	7
5977	7
5978	7
5979	7
5980	7
5981	7
5982	7
5983	7
5984	7
5985	7
5986	7
5987	7
5988	7
5989	7
5990	7
5991	7
5992	7
5993	7
5994	7
5995	7
5996	7
5997	7
5998	7
5999	7
6000	7
6001	7
6002	7
6003	7
6004	7
6005	7
6006	7
6007	7
6008	7
6009	7
6010	7
6011	7
6012	7
6013	7
6014	7
6015	7
6016	7
6017	7
6018	7
6019	7
6020	7
6021	7
6022	7
6023	7
6024	7
6025	7
6026	7
6027	7
6028	7
6029	7
6030	7
6031	7
6032	7
6033	7
6034	7
6035	7
6036	7
6037	7
6038	7
6039	7
6040	7
6041	7
6042	7
6043	7
6044	7
6045	7
6046	7
6047	7
6048	7
6049	7
6050	7
6051	7
6052	7
6053	7
6054	7
6055	7
6056	7
6057	7
6058	7
6059	7
6060	7
6061	7
6062	7
6063	7
6064	7
6065	7
6066	7
6067	7
6068	7
6069	7
6070	7
6071	7
6072	7
6073	7
6074	7
6075	7
6076	7
6077	7
6078	7
6079	7
6080	7
6081	7
6082	7
6083	7
6084	7
6085	7
6086	7
6087	7
6088	7
6089	7
6090	7
6091	7
6092	7
6093	7
6094	7
6095	7
6096	7
6097	7
6098	7
6099	7
6100	7
6101	7
6102	7
6103	7
6104	7
6105	7
6106	7
6107	7
6108	7
6109	7
6110	7
6111	7
6112	7
6113	7
6114	7
6115	7
6116	7
6117	7
6118	7
6119	7
6120	7
6121	7
6122	7
6123	7
6124	7
6125	7
6126	7
6127	7
6128	7
6129	7
6130	7
6131	1
6132	7
6133	7
6134	7
6135	7
6136	7
6137	7
6138	7
6139	7
6140	7
6141	7
6142	1
6143	1
6144	7
6145	7
6146	7
6147	7
6148	7
6149	7
6150	7
6151	7
6152	7
6153	7
6154	7
6155	7
6156	7
6157	1
6158	7
6159	1
6160	7
6161	7
6162	7
6163	7
6164	7
6165	7
6166	7
6167	7
6168	7
6169	7
6170	7
6171	7
6172	7
6173	7
6174	7
6175	7
6176	7
6177	7
6178	7
6179	7
6180	7
6181	7
6182	7
6183	7
6184	7
6185	7
6186	7
6187	7
6188	7
6189	7
6190	7
6191	7
6192	7
6193	7
6194	7
6195	7
6196	7
6197	7
6198	7
6199	7
6200	7
6201	7
6202	7
6203	7
6204	7
6205	7
6206	7
6207	7
6208	7
6209	7
6210	7
6211	7
6212	7
6213	7
6214	7
6215	7
6216	7
6217	7
6218	7
6219	7
6220	7
6221	7
6222	7
6223	7
6224	7
6225	7
6226	7
6227	7
6228	7
6229	7
6230	7
6231	7
6232	7
6233	7
6234	7
6235	7
6236	7
6237	7
6238	7
6239	8
6240	9
6241	8
6242	8
6243	9
6244	9
6245	9
6246	9
6247	8
6248	8
6249	9
6250	8
6251	8
6252	8
6253	8
6254	8
6255	8
6256	3
6257	9
6258	9
6259	8
6260	9
6261	9
6262	9
6263	8
6264	9
6265	9
6266	9
6267	9
6268	8
6269	9
6270	8
6271	9
6272	9
6273	9
6274	8
6275	8
6276	8
6277	8
6278	8
6279	9
6280	8
6281	8
6282	8
6283	8
6284	8
6285	8
6286	8
6287	8
6288	8
6289	8
6290	8
6291	8
6292	8
6293	9
6294	9
6295	6
6296	3
6297	8
6298	8
6299	8
6300	8
6301	9
6302	9
6303	9
6304	9
6305	8
6306	8
6307	8
6308	9
6309	9
6310	8
6311	8
6312	9
6313	8
6314	8
6315	8
6316	9
6317	8
6318	9
6319	8
6320	9
6321	9
6322	8
6323	8
6324	9
6325	9
6326	9
6327	8
6328	8
6329	8
6330	9
6331	9
6332	8
6333	9
6334	9
6335	9
6336	8
6337	8
6338	8
6339	8
6340	8
6341	8
6342	8
6343	8
6344	8
6345	8
6346	8
6347	8
6348	8
6349	8
6350	8
6351	3
6352	8
6353	8
6354	8
6355	8
6356	8
6357	8
6358	3
6359	3
6360	3
6361	3
6362	3
6363	9
6364	9
6365	9
6366	6
6367	3
6368	8
6369	8
6370	3
6371	6
6372	6
6373	3
6374	3
6375	8
6376	8
6377	8
6378	8
6379	8
6380	8
6381	8
6382	8
6383	8
6384	8
6385	9
6386	9
6387	8
6388	8
6389	8
6390	8
6391	8
6392	8
6393	3
6394	8
6395	6
6396	8
6397	8
6398	8
6399	8
6400	8
6401	8
6402	8
6403	9
6404	8
6405	8
6406	3
6407	8
6408	9
6409	6
6410	8
6411	3
6412	8
6413	8
6414	9
6415	8
6416	8
6417	8
6418	8
6419	9
6420	8
6421	8
6422	3
6423	8
6424	8
6425	8
6426	8
6427	8
6428	8
6429	8
6430	8
6431	8
6432	8
6433	8
6435	8
6436	8
6437	8
6438	8
6439	8
6440	8
6441	8
6442	8
6443	8
6444	8
6445	8
6446	8
6447	8
6448	8
6449	8
6450	9
6451	8
6452	8
6453	8
6454	9
6455	8
6456	8
6457	3
6458	9
6459	8
6460	8
6461	8
6462	8
6463	9
6464	9
6465	9
6466	8
6467	8
6468	6
6469	8
6470	8
6471	8
6472	8
6474	9
6475	9
6476	8
6477	6
6478	3
6479	9
6480	8
6481	8
6482	8
6483	8
6484	3
6485	9
6486	8
6487	8
6488	9
6489	8
6490	8
6491	8
6492	3
6493	8
6494	8
6495	8
6496	8
6497	8
6498	8
6499	8
6500	3
6501	8
6502	8
6503	8
6504	8
6505	8
6506	3
6507	8
6508	8
6509	3
6510	8
6511	8
6512	9
6513	3
6514	8
6515	9
6516	9
6517	8
6518	9
6519	9
6520	9
6521	9
6522	8
6523	8
6524	8
6525	8
6526	8
6527	8
6528	9
6529	8
6530	8
6531	8
6532	8
6533	9
6534	9
6535	8
6536	8
6537	8
6538	8
6539	9
6540	8
6541	9
6542	9
6543	3
6544	3
6545	9
6546	9
6547	8
6548	8
6549	8
6550	9
6551	9
6552	8
6553	8
6554	9
6555	9
6556	9
6557	9
6558	9
6559	9
6560	9
6561	9
6562	9
6563	9
6564	9
6565	1
6566	1
6567	1
6568	1
6569	1
6570	1
6571	7
6572	1
6573	1
6574	7
6575	7
6576	7
6577	7
6578	7
6579	1
6580	1
6581	1
6582	1
6583	1
6584	1
6585	1
6586	1
6587	1
6588	1
6589	1
6590	1
6591	7
6592	1
6593	1
6594	1
6595	7
6596	1
6597	1
6598	1
6599	7
6600	1
6601	7
6602	7
6603	7
6604	1
6605	1
6606	1
6607	1
6608	7
6609	1
6610	7
6611	7
6612	7
6613	1
6614	1
6615	7
6616	1
6617	7
6618	7
6619	7
6620	7
6621	7
6622	7
6623	7
6624	9
6625	9
6626	1
6627	1
6628	9
6629	1
6630	1
6631	8
6632	8
6633	8
6634	1
6635	1
6636	5
6637	5
6638	5
6639	1
6640	1
6641	1
6642	1
6643	1
6644	5
6645	1
6646	1
6647	1
6648	8
6650	8
6651	8
6652	1
6653	1
6654	1
6655	8
6656	8
6657	8
6658	1
6659	1
6660	8
6661	8
6662	8
6663	1
6664	1
6665	8
6666	1
6667	1
6668	8
6669	8
6671	1
6672	1
6679	8
6683	1
6684	8
6685	8
6686	1
6687	5
6688	5
6689	5
6690	8
6691	8
6692	1
6693	1
6694	1
6695	1
6696	1
6697	8
6698	8
6699	1
6700	1
6701	1
6702	1
6703	1
6704	1
6705	1
6706	1
6707	1
6708	1
6709	1
6710	1
6711	8
6712	8
6713	1
6714	8
6715	8
6716	1
6717	1
6718	5
6719	8
6720	1
6721	1
6722	1
6723	1
6724	1
6725	1
6726	1
6727	1
6728	1
6729	1
6730	1
6731	8
6732	1
6733	1
6734	1
6735	1
6736	1
6737	1
6738	1
6739	1
6740	1
6741	8
6742	5
6743	1
6744	1
6745	1
6746	1
6747	1
6748	1
6749	8
6750	8
6751	1
6752	8
6753	5
6754	8
6755	8
6756	1
6757	8
6758	1
6759	1
6760	5
6761	9
6762	8
6763	8
6764	7
6765	7
6766	7
6767	1
6768	7
6769	0
6770	7
6771	7
6772	7
6773	1
6774	7
6775	7
6776	7
6777	7
6778	7
6779	7
6780	7
6781	7
6782	7
6783	7
6784	7
6785	7
6786	7
6787	7
6788	7
6789	7
6790	7
6791	7
6792	7
6793	7
6794	7
6795	7
6796	7
6797	7
6798	7
6799	7
6800	7
6801	7
6802	7
6803	7
6804	7
6805	7
6806	7
6807	7
6808	7
6809	7
6810	7
6811	7
6812	1
6813	1
6814	1
6815	7
6816	1
6817	1
6818	7
6819	7
6820	0
6821	1
6822	1
6823	0
6824	9
6825	0
6826	9
6827	9
6828	1
6829	1
6830	1
6831	0
6832	0
6833	1
6834	1
6835	1
6836	1
6837	1
6838	1
6839	1
6840	1
6841	1
6842	7
6843	1
6844	1
6845	1
6846	1
6847	1
6848	1
6849	0
6850	1
6851	1
6852	0
6853	0
6854	0
6855	0
6856	0
6857	0
6858	1
6859	9
6860	0
6861	0
6862	9
6863	9
6864	9
6865	9
6866	1
6867	1
6868	1
6869	9
6870	1
6871	1
6872	9
6873	9
6874	9
6875	7
6876	1
6877	1
6878	7
6879	7
6880	0
6881	1
6882	9
6883	0
6884	1
6885	1
6886	1
6887	1
6888	9
6889	9
6890	9
6891	9
6892	9
6893	1
6894	9
6895	9
6896	9
6897	7
6898	9
6899	1
6900	1
6901	0
6902	1
6903	7
6904	7
6905	1
6906	7
6907	7
6908	7
6909	7
6910	7
6911	5
6912	9
6913	9
6914	1
6915	1
6916	1
6917	1
6918	1
6919	1
6920	9
6921	9
6922	9
6923	9
6924	9
6925	9
6926	9
6927	9
6928	1
6929	9
6930	9
6931	9
6932	9
6933	9
6934	1
6935	1
6936	9
6937	9
6938	9
6939	9
6940	0
6941	9
6942	1
6943	7
6944	7
6945	7
6946	7
6947	1
6948	7
6949	1
6950	7
6951	1
6952	9
6953	9
6954	0
6955	0
6956	7
6957	0
6958	7
6959	0
6960	0
6961	0
6962	7
6963	7
6964	7
6965	7
6966	7
