1	1
2	1
3	1
4	0
5	1
6	0
7	0
8	0
9	1
10	0
11	0
12	0
13	0
14	0
15	0
16	1
17	0
18	1
19	1
20	1
21	1
22	1
23	0
24	1
25	1
26	1
27	1
28	0
29	1
30	1
31	1
32	1
33	7
34	7
35	7
36	7
37	7
38	7
39	7
40	7
41	7
42	7
43	7
44	7
45	7
46	7
47	7
48	7
49	7
50	7
51	7
52	7
53	7
54	7
55	7
56	7
57	7
58	7
59	7
60	7
61	7
62	7
63	0
64	0
65	0
66	0
67	0
68	7
69	0
70	0
71	7
72	0
73	0
74	1
75	0
76	0
77	1
78	0
79	0
80	0
81	0
82	0
83	0
84	0
85	7
86	7
87	7
88	0
89	7
90	0
91	0
92	0
93	0
94	0
95	0
96	0
97	1
98	0
99	0
100	0
101	7
102	7
103	7
104	0
105	0
106	0
107	7
108	0
109	0
110	0
111	0
112	0
113	0
114	0
115	7
116	7
117	0
118	0
119	0
120	7
121	1
122	1
123	7
124	0
125	1
126	0
127	0
128	0
129	0
130	0
131	0
132	1
133	0
134	0
135	0
136	7
137	7
138	0
139	1
140	1
141	1
142	1
143	0
144	0
145	0
146	0
147	0
148	0
149	7
150	7
151	0
152	7
153	0
154	0
155	0
156	0
157	0
158	0
159	0
160	0
161	7
162	0
163	1
164	1
165	0
166	1
167	7
168	0
169	0
170	0
171	0
172	0
173	7
174	0
175	0
176	7
177	0
178	0
179	0
180	7
181	7
182	0
183	0
184	7
185	0
186	0
187	0
188	0
189	1
190	0
191	0
192	0
193	0
194	0
195	7
196	0
197	0
198	0
199	0
200	0
201	7
202	7
203	0
204	0
205	0
206	0
207	0
208	0
209	0
210	0
211	0
212	1
213	1
214	0
215	1
216	0
217	0
218	0
219	7
220	0
221	0
222	0
223	0
224	0
225	0
226	0
227	0
228	0
229	0
230	0
231	0
232	0
233	0
234	0
235	1
236	0
237	0
238	0
239	0
240	0
241	0
242	0
243	0
244	0
245	0
246	0
247	0
248	0
249	0
250	0
251	0
252	0
253	1
254	1
255	1
256	0
257	5
258	5
259	7
260	7
261	7
262	7
263	7
264	7
265	7
266	9
267	9
268	7
269	9
270	7
271	7
272	9
273	9
274	9
275	7
276	9
277	9
278	7
279	7
280	5
281	7
282	7
283	7
284	7
285	7
286	7
287	7
288	7
289	7
290	5
291	7
292	7
293	7
294	7
295	7
296	7
297	7
298	7
299	7
300	7
301	7
302	7
303	7
304	7
305	5
306	7
307	5
308	7
309	7
310	7
311	7
312	7
313	7
314	7
315	7
316	7
317	7
318	7
319	7
320	7
321	7
322	7
323	9
324	7
325	7
326	7
327	7
328	7
329	7
330	7
331	7
332	7
333	7
334	7
335	7
336	7
337	5
338	5
339	7
340	7
341	7
342	7
343	9
344	9
345	9
346	9
347	9
348	9
349	9
350	9
351	9
352	9
353	9
354	9
355	9
357	9
358	9
359	9
360	9
361	9
362	9
363	9
365	9
366	9
367	9
368	9
369	9
370	9
372	9
373	9
374	9
375	9
376	9
377	9
378	9
379	9
380	9
381	8
382	8
383	8
384	8
385	8
386	8
387	8
388	9
389	9
390	9
391	9
392	9
393	8
394	8
395	8
396	8
397	8
398	8
399	9
400	8
401	9
402	9
403	9
404	9
405	9
406	9
407	9
408	9
409	9
410	9
411	9
412	9
413	9
414	9
415	9
416	9
417	9
418	9
419	9
420	9
421	9
422	9
423	9
424	9
425	9
426	9
427	9
428	9
429	9
430	9
431	9
432	9
434	9
435	8
436	9
438	9
439	6
440	6
441	0
442	0
443	6
444	6
445	6
446	0
447	6
448	6
449	6
450	0
451	6
452	0
453	6
454	9
455	6
456	6
457	0
458	6
459	6
460	6
461	6
462	6
463	0
464	0
465	0
466	0
467	6
468	6
469	6
470	6
471	6
472	6
473	6
474	6
475	6
476	6
477	6
478	6
479	9
480	6
481	6
482	6
483	0
484	0
485	6
486	0
487	0
488	6
489	6
490	6
491	6
492	6
493	9
494	6
495	6
496	6
497	0
498	0
499	6
500	0
501	0
502	6
503	6
504	9
505	6
506	6
507	6
508	9
509	9
510	9
511	6
512	6
513	6
514	6
515	9
516	9
517	9
518	9
519	0
520	0
521	6
522	6
523	0
524	9
525	9
526	9
527	6
528	9
529	6
530	0
531	6
532	6
533	6
534	9
535	9
536	9
538	6
539	6
540	0
541	9
542	9
543	6
544	0
545	0
546	0
547	9
548	0
549	0
550	0
551	0
552	0
553	6
554	9
555	6
556	6
557	0
558	0
559	0
560	6
561	6
562	6
563	6
564	0
565	0
566	0
567	6
568	6
569	6
570	9
571	6
572	6
573	6
574	0
575	6
576	9
577	6
578	6
579	9
580	6
581	0
582	0
583	0
584	0
585	0
586	0
587	0
588	0
589	0
590	6
591	0
592	6
593	0
594	0
595	9
596	9
597	9
598	6
599	0
600	0
601	0
602	6
603	6
604	0
605	0
606	0
607	6
608	6
609	6
610	6
611	6
612	6
613	0
614	6
615	0
616	6
617	6
618	6
619	6
620	6
621	0
622	6
623	6
624	6
625	6
626	6
627	6
628	6
629	6
630	6
631	6
632	6
633	6
634	6
635	6
636	0
637	6
638	0
639	6
640	0
641	6
642	6
643	6
644	6
645	6
646	7
647	7
648	7
649	7
650	7
651	7
652	7
653	7
654	7
655	0
656	7
657	1
658	0
659	7
660	0
661	0
662	0
663	0
664	0
665	0
666	0
667	0
668	0
669	0
670	0
671	0
672	0
673	0
674	0
675	0
676	0
677	0
678	0
679	0
680	0
681	0
682	0
683	0
684	0
685	0
686	0
687	0
688	0
689	6
690	0
691	0
692	0
693	6
694	0
695	0
696	0
697	0
698	6
699	6
700	6
701	6
702	6
703	0
704	0
705	0
706	0
707	0
708	0
709	0
710	0
711	0
712	0
713	0
714	0
715	0
716	0
717	0
718	0
719	0
720	0
721	0
722	0
723	9
724	9
725	0
726	0
727	9
728	6
729	9
730	9
731	9
732	9
733	9
734	9
735	9
736	9
737	9
738	9
739	9
740	0
741	0
742	0
743	0
744	0
745	0
746	0
747	0
748	0
749	0
750	0
751	0
752	7
753	7
754	0
755	7
756	7
757	0
758	0
759	0
760	0
761	0
762	7
763	7
764	7
765	7
766	0
767	9
768	9
769	0
770	7
771	7
772	7
773	7
774	7
775	7
776	7
777	7
778	5
779	7
780	7
781	7
782	7
783	7
784	7
785	7
786	5
787	7
788	5
789	7
790	5
791	5
792	7
793	7
794	7
795	7
796	7
797	7
798	7
799	7
800	7
801	7
802	7
803	7
804	7
805	7
806	7
807	7
808	7
809	7
810	7
811	7
812	7
813	7
814	7
815	7
816	7
817	7
818	7
819	7
820	7
821	7
822	7
823	7
824	7
825	7
826	7
827	7
828	7
829	7
830	7
831	7
832	7
833	0
834	0
835	0
836	0
837	0
838	0
839	0
840	0
841	0
842	0
843	0
844	7
845	0
846	1
847	1
848	7
849	7
850	0
851	0
852	7
853	7
854	0
855	7
856	7
857	0
858	7
859	0
860	0
861	0
862	7
863	7
864	7
865	7
866	7
867	7
868	0
869	0
870	0
871	7
872	7
873	7
874	7
875	7
876	7
877	1
878	7
879	7
880	1
881	1
882	7
883	1
884	1
885	1
886	1
887	1
888	7
889	7
890	1
891	1
892	1
893	1
894	0
895	1
896	0
897	0
898	1
899	0
900	7
901	1
902	0
903	0
904	0
905	0
906	7
907	0
908	0
909	0
910	7
911	7
912	7
913	0
914	1
915	0
916	0
917	0
918	7
919	7
920	7
921	0
922	7
923	1
924	1
925	0
926	7
927	7
928	7
929	7
930	7
931	7
932	7
933	7
934	7
935	7
936	7
937	7
938	0
939	0
940	7
941	0
942	0
943	0
944	7
945	7
946	1
947	0
948	7
949	7
950	7
951	0
952	0
953	0
954	0
955	0
956	0
957	0
958	0
959	0
960	7
961	7
962	0
963	7
964	0
965	7
966	7
967	0
968	9
969	1
970	1
971	9
972	1
973	1
974	0
975	0
976	7
977	1
978	7
979	1
980	7
981	0
982	0
983	1
984	7
985	7
986	7
987	7
988	7
989	0
990	0
991	7
992	9
993	7
994	0
995	0
996	0
997	0
998	0
999	0
1000	7
1001	7
1002	7
1003	7
1004	7
1005	0
1006	7
1007	0
1008	7
1009	8
1010	8
1011	8
1012	8
1013	8
1014	8
1015	9
1016	8
1017	9
1018	9
1019	8
1020	9
1021	8
1022	9
1023	8
1024	8
1025	8
1026	8
1027	8
1028	8
1029	8
1030	8
1031	8
1032	9
1033	9
1034	9
1035	8
1036	8
1037	9
1038	9
1039	8
1040	9
1041	8
1042	8
1043	8
1044	8
1045	8
1046	8
1051	9
1052	9
1053	8
1054	8
1055	8
1056	8
1057	8
1058	8
1059	8
1060	8
1061	8
1062	9
1063	8
1064	8
1065	8
1066	8
1068	8
1069	8
1070	8
1071	8
1072	8
1073	8
1074	8
1075	8
1076	8
1077	8
1078	8
1079	8
1080	8
1081	8
1082	8
1084	8
1085	8
1087	8
1088	8
1089	8
1090	8
1091	8
1092	8
1093	8
1094	8
1095	8
1096	8
1097	8
1099	8
1101	8
1102	8
1103	8
1104	8
1105	8
1106	8
1107	8
1108	8
1109	8
1110	8
1111	8
1112	1
1113	8
1114	8
1115	8
1116	8
1117	8
1118	8
1120	8
1121	8
1122	1
1123	8
1124	8
1125	8
1126	8
1127	8
1128	8
1129	8
1130	8
1131	8
1132	8
1133	8
1134	8
1135	8
1136	8
1137	8
1138	8
1139	8
1140	8
1141	8
1142	8
1143	8
1144	8
1145	8
1146	8
1147	8
1149	8
1151	8
1157	8
1160	8
1161	8
1162	8
1163	8
1164	8
1165	8
1167	8
1168	8
1169	8
1170	8
1171	8
1172	8
1173	8
1174	8
1175	8
1176	8
1177	8
1178	8
1179	8
1181	9
1182	9
1185	8
1189	9
1190	9
1191	9
1192	9
1193	9
1194	8
1195	8
1196	8
1197	8
1198	9
1199	8
1200	9
1201	8
1202	9
1203	9
1204	9
1205	9
1206	9
1207	9
1208	8
1209	8
1210	8
1211	8
1212	9
1213	9
1214	9
1215	8
1216	8
1217	5
1218	6
1219	6
1220	6
1221	5
1222	5
1223	5
1224	5
1225	5
1226	5
1227	4
1228	5
1229	5
1230	5
1231	4
1232	4
1233	9
1234	9
1235	9
1236	6
1237	6
1238	6
1239	6
1240	6
1241	6
1242	6
1243	6
1244	6
1245	6
1246	6
1247	6
1249	2
1250	2
1251	4
1252	4
1253	4
1254	4
1255	4
1256	4
1257	4
1258	4
1259	4
1260	4
1261	4
1263	4
1264	4
1265	4
1266	4
1267	4
1268	4
1269	4
1270	4
1271	4
1272	4
1273	4
1274	4
1275	4
1276	4
1277	4
1278	4
1279	4
1280	4
1281	4
1282	4
1283	4
1284	4
1285	4
1286	4
1287	4
1288	4
1289	4
1290	4
1291	4
1292	4
1293	5
1294	2
1295	4
1296	4
1297	4
1298	4
1299	4
1300	4
1301	4
1302	4
1303	2
1304	4
1305	4
1306	4
1307	4
1308	4
1309	4
1310	4
1311	2
1312	2
1313	2
1314	3
1315	2
1316	3
1317	4
1318	3
1319	4
1320	3
1321	5
1322	3
1323	5
1324	5
1325	5
1326	3
1327	3
1328	3
1329	3
1330	5
1331	5
1332	2
1333	5
1334	5
1335	3
1336	3
1337	3
1338	3
1339	3
1340	3
1341	4
1342	2
1343	2
1344	2
1345	2
1346	2
1347	2
1348	2
1349	3
1350	3
1351	3
1352	3
1353	5
1354	5
1355	3
1356	3
1357	3
1358	3
1359	4
1360	4
1361	4
1362	4
1363	4
1364	4
1365	4
1366	2
1367	4
1368	4
1369	4
1370	4
1371	2
1372	2
1374	4
1375	4
1376	4
1377	6
1378	5
1379	5
1380	5
1381	5
1382	5
1383	5
1384	5
1385	5
1386	5
1387	5
1388	5
1389	5
1390	5
1391	6
1392	6
1393	4
1394	6
1395	6
1396	6
1397	9
1398	9
1399	9
1400	9
1401	9
1402	9
1403	9
1404	9
1405	9
1406	9
1407	9
1408	6
1409	6
1410	6
1411	6
1412	6
1413	6
1414	6
1415	4
1416	4
1417	4
1418	4
1419	4
1420	4
1421	4
1422	4
1423	4
1424	4
1425	4
1426	4
1427	4
1429	4
1432	4
1433	4
1434	4
1435	4
1436	2
1437	4
1438	4
1439	4
1440	4
1441	2
1442	2
1443	2
1444	4
1445	4
1446	4
1447	2
1448	2
1449	2
1450	2
1451	2
1452	2
1453	2
1454	2
1455	2
1456	2
1457	2
1458	2
1459	2
1460	2
1461	5
1462	5
1463	2
1464	2
1465	2
1466	5
1467	5
1468	0
1469	3
1470	3
1471	3
1472	5
1473	3
1474	5
1475	3
1476	3
1477	3
1478	4
1479	3
1480	3
1481	4
1482	4
1483	4
1484	3
1485	3
1486	3
1487	3
1488	3
1489	3
1490	3
1491	3
1492	3
1493	3
1494	3
1495	3
1496	5
1497	3
1498	5
1499	3
1500	5
1501	5
1502	5
1503	5
1504	5
1505	2
1506	2
1507	4
1508	2
1509	2
1510	2
1511	4
1512	2
1513	2
1514	4
1515	4
1516	4
1517	3
1518	3
1519	3
1520	3
1521	3
1522	3
1523	3
1524	3
1525	3
1526	4
1527	4
1528	4
1529	4
1530	4
1531	4
1533	4
1534	4
1535	2
1536	2
1537	2
1538	2
1539	2
1540	2
1541	2
1542	2
1543	2
1544	5
1545	5
1546	5
1547	5
1548	5
1549	5
1550	3
1551	5
1552	5
1553	4
1554	4
1555	4
1556	6
1557	4
1558	4
1559	4
1560	6
1561	4
1562	4
1563	9
1564	9
1565	9
1566	9
1567	9
1568	5
1569	5
1570	6
1571	6
1572	6
1573	2
1574	6
1575	4
1576	4
1577	6
1578	4
1579	6
1580	6
1581	4
1582	6
1584	4
1585	4
1586	4
1587	4
1588	4
1589	4
1590	4
1591	4
1592	4
1593	4
1594	4
1596	4
1597	4
1598	4
1599	4
1600	4
1601	4
1602	4
1603	4
1604	4
1605	4
1606	4
1607	4
1608	4
1609	4
1610	4
1611	4
1612	4
1613	4
1614	4
1615	4
1616	2
1617	2
1618	2
1619	2
1620	2
1621	2
1622	2
1623	2
1624	4
1625	2
1626	4
1627	4
1628	2
1629	2
1630	2
1631	2
1632	2
1633	2
1634	2
1635	2
1636	3
1637	3
1638	3
1639	3
1640	5
1641	5
1642	3
1643	3
1644	3
1645	3
1646	3
1647	3
1648	3
1649	3
1650	3
1651	3
1652	3
1653	3
1654	3
1655	3
1656	3
1657	3
1658	5
1659	5
1660	3
1661	3
1662	3
1663	5
1664	3
1665	3
1666	3
1667	3
1668	3
1669	3
1670	3
1671	3
1672	2
1673	2
1674	4
1675	4
1676	4
1677	4
1678	2
1679	4
1680	4
1681	4
1682	2
1683	2
1684	4
1685	2
1686	2
1687	4
1688	3
1689	3
1690	3
1691	3
1692	3
1693	3
1694	3
1695	3
1696	2
1697	2
1698	4
1699	2
1700	4
1701	4
1702	4
1703	2
1704	2
1705	4
1706	4
1707	2
1708	2
1709	2
1710	2
1711	2
1712	4
1713	3
1714	5
1715	5
1716	5
1717	5
1718	5
1719	5
1720	5
1721	5
1722	5
1723	4
1724	4
1725	4
1726	4
1727	4
1728	4
1729	4
1730	5
1731	5
1732	5
1733	6
1734	4
1735	6
1736	5
1737	6
1738	2
1739	2
1740	6
1741	2
1742	2
1743	4
1744	2
1745	2
1746	4
1747	4
1748	2
1749	2
1750	4
1751	4
1752	2
1753	4
1754	5
1755	5
1756	4
1757	2
1758	4
1759	4
1760	5
1761	2
1762	4
1763	2
1764	4
1765	4
1766	4
1767	4
1769	4
1770	4
1771	4
1772	4
1773	4
1774	4
1775	4
1776	4
1777	4
1778	4
1779	4
1780	4
1781	4
1782	4
1783	4
1784	2
1785	4
1786	2
1787	4
1788	2
1789	4
1790	4
1791	2
1792	2
1793	4
1795	4
1796	2
1797	4
1798	4
1799	4
1800	4
1801	3
1802	3
1803	3
1804	3
1805	3
1806	3
1807	3
1808	3
1809	3
1810	3
1811	3
1812	2
1813	2
1814	2
1815	5
1816	5
1817	5
1818	5
1819	5
1820	5
1821	3
1822	5
1823	5
1824	5
1825	5
1826	5
1827	5
1828	5
1829	9
1830	5
1831	9
1832	9
1833	2
1834	2
1835	2
1836	2
1837	2
1838	2
1839	2
1840	2
1841	2
1842	2
1843	2
1844	2
1845	2
1846	2
1847	2
1848	2
1849	2
1850	3
1851	3
1852	3
1853	3
1854	3
1855	3
1856	3
1857	5
1858	5
1859	4
1860	5
1861	2
1862	4
1863	4
1864	5
1865	5
1866	5
1867	5
1868	5
1869	5
1870	5
1871	3
1872	3
1873	5
1874	5
1875	3
1876	6
1877	6
1878	4
1879	4
1880	4
1881	4
1882	4
1883	6
1884	4
1885	4
1886	6
1887	6
1888	6
1889	6
1890	6
1891	5
1892	6
1893	5
1894	6
1895	5
1896	4
1897	2
1898	2
1899	2
1900	2
1901	2
1902	2
1903	2
1904	2
1905	2
1906	2
1907	2
1908	2
1909	2
1910	2
1911	2
1912	2
1913	4
1914	2
1915	2
1916	5
1917	2
1918	2
1919	2
1920	5
1921	5
1922	2
1923	5
1924	2
1925	4
1926	4
1927	2
1928	4
1929	4
1930	4
1931	4
1932	4
1933	4
1934	4
1935	4
1936	4
1937	2
1938	4
1939	4
1940	4
1941	2
1942	4
1943	2
1944	2
1945	2
1946	2
1947	2
1948	2
1949	4
1950	4
1951	4
1952	4
1953	4
1954	2
1955	4
1956	2
1957	2
1958	2
1959	4
1960	2
1961	4
1962	4
1963	4
1964	4
1965	3
1966	5
1967	3
1968	3
1969	3
1970	5
1971	5
1972	5
1973	3
1974	3
1975	5
1976	3
1977	3
1978	3
1979	3
1980	9
1981	5
1982	5
1983	5
1984	5
1985	3
1986	5
1987	5
1988	5
1989	5
1990	2
1991	5
1992	2
1993	2
1994	2
1995	2
1996	2
1997	2
1998	2
1999	2
2000	2
2001	4
2002	4
2003	2
2004	2
2005	2
2006	2
2007	2
2008	2
2009	2
2010	2
2011	3
2012	3
2013	5
2014	3
2015	5
2016	6
2017	5
2018	5
2019	5
2020	6
2021	6
2022	5
2023	3
2024	3
2025	5
2026	5
2027	3
2028	5
2029	3
2030	3
2031	5
2032	3
2033	4
2034	6
2035	4
2036	4
2037	6
2038	6
2039	6
2040	6
2041	6
2042	4
2043	6
2044	6
2045	6
2046	4
2047	6
2048	4
2049	4
2050	5
2051	5
2052	6
2053	6
2054	6
2055	6
2056	6
2057	6
2058	6
2059	6
2060	6
2061	6
2062	6
2063	4
2064	5
2065	4
2066	4
2067	5
2068	4
2069	4
2070	4
2071	2
2072	2
2073	2
2074	4
2075	2
2076	2
2077	2
2078	2
2079	4
2080	4
2081	2
2082	2
2083	2
2084	2
2085	2
2086	2
2087	4
2088	2
2089	2
2090	2
2091	2
2092	2
2093	2
2094	2
2095	2
2096	2
2097	2
2098	2
2099	2
2100	4
2101	4
2102	4
2103	4
2104	4
2105	4
2106	4
2107	2
2108	4
2109	4
2110	2
2111	2
2112	4
2113	5
2114	5
2115	5
2116	5
2117	5
2118	5
2119	5
2120	5
2121	5
2122	3
2123	3
2124	3
2125	3
2126	3
2127	3
2128	3
2129	2
2130	3
2131	3
2132	3
2133	5
2134	9
2135	9
2136	9
2137	9
2138	9
2139	9
2140	9
2141	2
2142	4
2143	4
2144	4
2145	2
2146	2
2147	2
2148	4
2149	4
2150	4
2151	4
2152	5
2153	5
2154	4
2155	4
2156	3
2157	2
2158	2
2161	3
2162	3
2163	5
2164	5
2165	5
2166	9
2167	9
2168	5
2169	3
2170	5
2171	5
2172	3
2173	6
2174	5
2175	6
2176	6
2177	6
2178	6
2179	6
2180	6
2181	6
2182	5
2183	5
2184	5
2185	5
2186	5
2187	5
2188	5
2189	5
2190	4
2191	3
2192	3
2193	6
2194	6
2195	6
2196	4
2197	6
2198	4
2199	6
2200	6
2201	6
2202	6
2203	6
2204	4
2205	6
2206	6
2207	6
2208	2
2209	6
2210	6
2211	6
2212	6
2213	2
2215	6
2216	6
2217	6
2218	6
2219	6
2220	2
2221	2
2222	2
2223	2
2224	4
2225	2
2226	2
2227	4
2228	4
2229	4
2230	4
2231	4
2232	4
2233	2
2234	4
2235	4
2236	4
2237	4
2238	2
2239	2
2240	2
2241	2
2242	2
2243	2
2244	2
2245	2
2246	4
2247	4
2248	4
2249	2
2250	2
2251	2
2252	2
2253	2
2254	2
2255	2
2256	2
2257	3
2258	6
2259	3
2260	4
2261	3
2262	3
2263	3
2264	3
2265	5
2266	5
2267	5
2268	5
2269	5
2270	2
2271	2
2272	2
2273	3
2274	3
2275	3
2276	3
2277	5
2278	9
2279	9
2280	9
2281	9
2282	5
2283	5
2284	9
2285	5
2286	4
2287	9
2288	9
2289	2
2290	2
2291	2
2292	2
2293	2
2294	2
2295	2
2296	2
2297	2
2298	2
2299	2
2300	2
2301	2
2302	3
2303	3
2304	5
2305	9
2306	9
2307	9
2308	5
2309	5
2310	3
2311	3
2312	5
2313	5
2314	6
2315	9
2316	5
2317	5
2318	9
2319	9
2320	9
2321	9
2322	9
2323	9
2324	6
2325	6
2326	6
2327	6
2328	6
2329	6
2330	5
2331	5
2332	5
2333	5
2334	5
2335	3
2336	3
2337	3
2338	3
2339	3
2340	4
2341	4
2342	4
2343	3
2344	6
2345	6
2346	6
2347	6
2348	6
2349	6
2350	6
2351	6
2352	6
2353	4
2354	4
2355	3
2356	2
2357	5
2358	5
2359	5
2360	6
2361	5
2362	5
2363	6
2364	5
2365	6
2366	6
2367	6
2368	6
2369	6
2370	6
2371	2
2372	6
2373	6
2374	2
2375	6
2376	4
2377	6
2378	6
2379	2
2380	2
2381	2
2382	6
2383	2
2384	2
2385	2
2386	2
2387	2
2388	4
2389	4
2390	2
2391	4
2392	4
2393	4
2394	4
2395	4
2396	5
2397	4
2398	4
2399	4
2400	2
2401	4
2402	2
2403	2
2404	2
2405	2
2406	4
2407	4
2408	4
2409	4
2410	2
2411	2
2412	2
2413	2
2414	4
2415	4
2416	4
2417	4
2418	4
2419	2
2420	2
2421	4
2422	2
2423	2
2424	2
2425	3
2426	5
2427	5
2428	3
2429	5
2430	3
2431	3
2432	3
2433	3
2434	3
2435	5
2436	5
2437	3
2438	5
2439	3
2440	3
2441	3
2442	3
2443	5
2444	3
2445	3
2446	3
2447	3
2448	3
2449	5
2450	5
2451	3
2452	4
2453	3
2454	4
2455	4
2456	4
2457	9
2458	9
2459	5
2460	4
2461	4
2462	5
2463	5
2464	4
2465	5
2466	3
2467	5
2468	5
2469	3
2470	5
2471	5
2472	6
2473	9
2474	9
2475	9
2476	9
2477	9
2478	9
2479	9
2480	9
2481	9
2482	9
2483	9
2484	9
2485	3
2486	5
2487	4
2488	9
2489	9
2490	5
2491	5
2492	5
2493	5
2494	5
2495	3
2496	6
2497	6
2498	5
2499	5
2500	5
2501	4
2502	5
2503	5
2504	5
2505	6
2506	3
2507	6
2508	6
2509	6
2510	5
2511	5
2512	5
2513	2
2514	2
2515	4
2516	2
2517	2
2518	2
2520	4
2521	4
2522	4
2523	4
2524	4
2525	4
2526	6
2527	6
2528	6
2529	6
2530	6
2531	6
2532	6
2533	6
2534	6
2535	6
2536	2
2537	2
2538	2
2539	4
2540	2
2541	4
2542	4
2543	2
2544	2
2545	2
2546	4
2547	2
2548	4
2549	4
2550	4
2551	4
2552	4
2553	4
2554	4
2555	2
2556	4
2557	4
2558	4
2559	4
2560	2
2561	4
2562	4
2563	4
2564	4
2565	4
2566	4
2567	4
2568	4
2569	2
2570	2
2571	2
2572	2
2573	4
2574	4
2575	4
2576	2
2577	4
2578	4
2579	4
2580	4
2581	2
2582	2
2583	2
2584	2
2585	4
2586	2
2587	4
2588	4
2589	4
2590	3
2591	5
2592	3
2593	3
2594	3
2595	3
2596	4
2597	4
2598	6
2599	3
2600	3
2601	3
2602	3
2603	3
2604	3
2605	3
2606	3
2607	4
2608	3
2609	4
2610	4
2611	3
2612	3
2613	3
2614	3
2615	5
2616	4
2617	4
2618	4
2619	5
2620	5
2621	2
2622	2
2623	2
2624	5
2625	5
2626	5
2627	5
2628	5
2629	5
2630	3
2631	3
2632	9
2633	5
2634	4
2635	9
2636	5
2637	5
2638	5
2639	5
2640	5
2641	9
2642	5
2643	9
2644	9
2645	5
2646	9
2647	9
2648	9
2649	6
2650	5
2651	5
2652	5
2653	5
2654	5
2655	3
2656	4
2657	6
2658	6
2659	6
2660	6
2661	6
2662	6
2663	5
2664	5
2665	5
2666	5
2667	4
2668	4
2669	4
2670	4
2671	4
2672	4
2673	2
2674	4
2675	2
2676	2
2677	2
2678	4
2679	4
2680	2
2681	5
2682	2
2683	5
2684	6
2685	6
2686	6
2687	6
2688	6
2689	6
2690	6
2691	6
2692	6
2693	6
2694	6
2695	6
2696	6
2697	4
2698	4
2699	4
2700	4
2701	4
2702	2
2703	2
2704	6
2705	2
2706	6
2707	2
2708	4
2710	4
2711	4
2712	4
2713	4
2714	4
2715	4
2716	2
2717	2
2718	4
2719	4
2720	4
2721	4
2722	4
2723	2
2724	2
2725	2
2726	2
2727	4
2728	4
2729	4
2730	4
2731	4
2732	4
2733	2
2734	2
2735	4
2736	2
2737	2
2738	2
2739	2
2740	2
2741	3
2742	3
2743	6
2744	6
2745	6
2746	6
2747	3
2748	3
2749	6
2750	6
2751	6
2752	3
2753	3
2754	3
2755	3
2756	3
2757	3
2758	3
2759	3
2760	3
2761	3
2762	3
2763	3
2764	3
2765	3
2766	3
2767	3
2768	3
2769	5
2770	5
2771	3
2772	3
2773	3
2774	4
2775	4
2776	3
2777	9
2778	2
2779	2
2780	2
2781	2
2782	4
2783	4
2784	2
2785	2
2786	2
2787	2
2788	2
2789	4
2790	4
2791	4
2792	4
2793	2
2794	5
2795	2
2796	4
2797	4
2798	6
2799	5
2800	4
2801	9
2802	4
2803	5
2804	5
2805	5
2806	6
2807	5
2808	5
2809	6
2810	5
2811	5
2812	9
2813	5
2814	3
2815	5
2816	5
2817	5
2818	5
2819	3
2820	4
2821	0
2822	0
2823	0
2824	6
2825	5
2826	3
2827	3
2828	6
2829	6
2830	5
2831	5
2832	5
2833	5
2834	5
2835	4
2836	4
2837	4
2838	2
2839	4
2840	2
2841	4
2842	4
2843	4
2844	2
2845	2
2846	2
2847	4
2848	3
2849	3
2850	4
2851	3
2852	3
2853	5
2854	4
2855	2
2856	2
2857	2
2858	2
2859	5
2860	4
2861	4
2862	4
2863	5
2864	4
2865	2
2866	2
2867	2
2868	2
2869	2
2870	2
2871	2
2872	2
2873	2
2874	4
2875	4
2876	4
2877	4
2878	4
2879	4
2880	4
2881	4
2882	4
2883	4
2884	4
2885	4
2886	4
2887	4
2888	4
2889	4
2890	4
2891	4
2892	4
2893	2
2894	2
2895	2
2896	2
2897	4
2898	4
2899	2
2900	2
2901	2
2902	2
2903	2
2904	4
2905	2
2906	2
2907	2
2908	2
2909	2
2910	4
2911	4
2912	4
2913	6
2914	6
2915	4
2916	6
2917	6
2918	5
2919	6
2920	6
2921	3
2922	6
2923	5
2924	3
2925	3
2926	3
2927	3
2928	3
2929	5
2930	3
2931	3
2932	5
2933	4
2934	3
2935	3
2936	3
2937	5
2938	5
2939	5
2940	5
2941	5
2942	3
2943	5
2944	3
2945	3
2946	3
2947	5
2948	2
2949	4
2950	4
2951	4
2952	2
2953	5
2954	5
2955	5
2956	5
2957	5
2958	2
2959	3
2960	3
2961	3
2962	5
2964	3
2965	4
2966	5
2967	5
2968	9
2969	9
2970	6
2971	6
2972	9
2973	3
2974	5
2975	5
2976	5
2977	5
2978	5
2979	5
2980	6
2981	3
2982	5
2983	5
2984	3
2985	5
2986	5
2987	5
2988	4
2989	5
2990	5
2991	5
2992	5
2993	4
2994	4
2995	5
2996	3
2997	3
2998	4
2999	3
3000	3
3001	9
3002	5
3003	5
3004	9
3005	5
3006	5
3007	4
3008	4
3009	4
3010	4
3011	4
3012	4
3013	4
3014	4
3015	4
3016	4
3017	4
3018	4
3019	4
3020	4
3021	4
3022	5
3023	4
3024	2
3025	4
3026	4
3027	4
3028	2
3029	2
3030	2
3031	2
3032	3
3033	2
3034	3
3035	2
3036	5
3037	3
3038	3
3039	5
3040	3
3041	4
3042	4
3043	4
3044	4
3045	4
3046	4
3047	4
3048	4
3049	4
3050	4
3051	4
3052	4
3053	4
3054	4
3055	4
3056	4
3057	4
3058	4
3059	4
3060	4
3061	4
3062	4
3063	4
3064	4
3065	4
3066	4
3067	2
3068	2
3069	2
3070	2
3071	2
3072	2
3073	2
3074	2
3075	4
3076	2
3077	2
3078	2
3079	4
3080	4
3081	3
3082	6
3083	6
3084	3
3085	5
3086	4
3087	0
3088	5
3089	4
3090	6
3091	6
3092	6
3093	5
3094	3
3095	5
3096	5
3097	5
3098	4
3099	5
3100	3
3101	5
3102	4
3103	3
3104	3
3105	5
3106	5
3107	5
3108	2
3109	3
3110	2
3111	3
3112	3
3113	9
3114	9
3115	9
3116	5
3117	5
3118	5
3119	4
3120	9
3121	4
3122	5
3123	5
3124	4
3125	6
3126	4
3127	5
3128	4
3129	3
3130	3
3131	3
3132	5
3133	5
3135	5
3136	9
3137	9
3138	9
3139	9
3140	3
3141	9
3142	4
3143	4
3144	5
3145	5
3146	5
3147	5
3148	5
3149	3
3150	5
3151	5
3152	3
3153	5
3154	5
3155	4
3156	4
3157	6
3158	5
3159	5
3160	5
3161	4
3162	4
3163	5
3164	5
3165	4
3166	9
3167	5
3168	9
3169	4
3170	4
3171	4
3172	4
3173	4
3174	4
3175	4
3176	4
3177	4
3178	4
3179	4
3180	4
3181	4
3184	4
3185	4
3186	4
3187	2
3188	2
3189	4
3190	2
3191	4
3192	5
3193	2
3194	2
3195	5
3196	5
3197	5
3198	5
3199	4
3200	4
3201	4
3202	4
3203	4
3204	4
3205	4
3206	4
3212	4
3213	4
3214	4
3215	4
3216	4
3217	4
3218	4
3219	4
3220	4
3221	4
3222	2
3223	4
3224	4
3225	4
3226	2
3227	4
3228	4
3229	2
3230	4
3231	2
3232	2
3233	4
3234	4
3235	2
3236	4
3237	4
3238	2
3239	2
3240	4
3241	6
3242	6
3243	6
3244	6
3245	6
3246	4
3247	4
3248	3
3249	6
3250	4
3251	5
3252	5
3253	4
3254	2
3255	2
3256	4
3257	5
3258	2
3259	2
3260	2
3261	2
3262	5
3263	5
3264	3
3265	5
3266	9
3267	5
3268	3
3269	4
3270	5
3271	5
3272	5
3273	5
3274	5
3275	4
3276	4
3277	4
3278	5
3279	5
3280	5
3281	5
3282	5
3284	5
3285	4
3286	4
3287	5
3288	5
3289	3
3292	5
3293	9
3294	5
3295	3
3296	5
3297	5
3298	5
3299	4
3300	4
3301	6
3302	6
3303	3
3304	5
3305	5
3306	3
3307	3
3308	3
3309	4
3310	5
3311	5
3312	5
3313	5
3314	5
3315	5
3316	5
3317	5
3318	5
3319	5
3320	6
3321	6
3322	4
3323	6
3324	5
3325	4
3326	4
3327	2
3328	5
3329	4
3330	2
3331	5
3332	5
3333	2
3334	2
3335	2
3336	2
3337	5
3338	2
3339	4
3340	4
3341	3
3342	4
3343	2
3344	4
3345	2
3346	2
3347	2
3348	2
3350	2
3351	4
3352	2
3353	4
3355	4
3356	4
3357	4
3358	4
3359	4
3360	4
3361	4
3362	4
3363	4
3364	4
3365	4
3366	4
3367	4
3368	4
3369	4
3370	4
3371	2
3372	2
3373	2
3374	4
3375	2
3376	2
3377	2
3378	4
3379	4
3380	4
3381	4
3382	2
3383	4
3384	4
3385	4
3386	4
3387	4
3388	2
3389	4
3390	4
3391	4
3392	4
3393	4
3394	4
3395	4
3396	2
3397	4
3398	4
3399	4
3400	3
3401	3
3402	6
3403	3
3404	3
3405	3
3406	3
3407	3
3408	5
3409	4
3410	5
3411	3
3412	5
3413	5
3414	5
3415	3
3416	3
3417	4
3418	3
3419	5
3420	4
3421	3
3422	3
3423	3
3424	3
3425	3
3426	3
3427	3
3428	3
3429	5
3430	9
3431	4
3432	4
3433	5
3434	5
3435	4
3436	4
3437	4
3438	2
3439	3
3440	6
3441	4
3442	4
3443	4
3444	4
3445	2
3446	4
3447	3
3448	4
3449	5
3450	3
3451	5
3452	5
3453	5
3454	3
3455	3
3456	5
3457	5
3458	5
3459	5
3460	3
3461	6
3462	4
3463	5
3464	5
3465	5
3466	5
3467	4
3468	5
3469	5
3470	4
3471	3
3472	6
3473	6
3474	5
3475	5
3476	5
3477	5
3478	6
3479	5
3480	6
3481	5
3482	4
3483	5
3484	5
3485	5
3486	5
3487	5
3488	4
3489	5
3490	5
3491	5
3492	6
3493	4
3494	5
3495	6
3496	4
3497	3
3498	4
3499	4
3500	4
3501	3
3502	3
3503	3
3504	4
3505	4
3506	4
3507	4
3508	4
3509	4
3510	2
3513	4
3514	4
3515	4
3516	4
3517	2
3518	4
3519	2
3520	4
3521	2
3522	2
3523	2
3524	2
3525	4
3526	4
3527	4
3528	4
3529	4
3530	2
3531	2
3533	2
3534	2
3535	2
3536	4
3537	2
3538	4
3539	4
3540	4
3541	4
3542	4
3543	4
3544	4
3545	4
3546	4
3547	4
3548	4
3549	4
3550	4
3551	4
3552	4
3553	4
3554	4
3555	4
3556	4
3557	4
3558	4
3559	2
3560	2
3561	2
3562	2
3563	2
3564	2
3565	2
3566	2
3567	2
3568	2
3569	3
3570	3
3571	3
3572	2
3573	3
3574	2
3575	3
3576	2
3577	3
3578	3
3579	3
3580	2
3581	3
3582	5
3583	3
3584	3
3585	3
3586	5
3587	5
3588	5
3589	5
3590	5
3591	5
3592	3
3593	5
3594	2
3595	2
3596	2
3597	2
3598	2
3599	2
3600	4
3601	4
3602	4
3603	5
3604	9
3605	3
3606	9
3607	9
3608	5
3609	3
3610	3
3611	0
3612	5
3614	5
3615	5
3616	5
3617	5
3618	3
3619	5
3620	5
3621	5
3622	5
3623	5
3624	5
3625	5
3626	5
3627	5
3628	5
3629	5
3630	5
3631	5
3632	5
3633	5
3634	5
3635	5
3636	5
3637	5
3638	3
3639	5
3640	5
3641	4
3642	4
3643	4
3644	4
3645	6
3646	6
3647	5
3648	6
3649	5
3650	5
3651	5
3652	5
3653	5
3654	5
3655	5
3656	4
3657	3
3658	3
3659	4
3660	4
3661	4
3662	4
3663	4
3664	3
3665	4
3666	3
3667	3
3668	6
3669	4
3670	4
3671	2
3672	4
3673	2
3674	4
3675	4
3676	2
3677	4
3678	4
3679	4
3680	4
3681	4
3682	4
3684	4
3685	4
3686	4
3687	4
3688	4
3689	4
3690	4
3691	2
3692	4
3693	4
3694	4
3695	4
3696	4
3697	4
3698	4
3699	4
3700	4
3701	4
3702	4
3703	4
3704	4
3705	4
3706	4
3707	4
3708	4
3709	4
3710	4
3711	4
3712	2
3713	2
3715	4
3717	4
3718	4
3719	4
3720	4
3721	4
3722	4
3723	4
3724	4
3725	4
3726	3
3727	5
3728	3
3729	3
3730	3
3731	3
3732	3
3733	3
3734	6
3735	3
3736	5
3737	3
3738	3
3739	3
3740	3
3741	3
3742	5
3743	3
3744	3
3745	3
3746	5
3747	5
3748	5
3749	5
3750	5
3751	5
3752	5
3753	5
3754	5
3755	5
3756	5
3757	2
3758	2
3759	2
3760	2
3761	4
3762	4
3763	4
3764	2
3768	3
3769	6
3770	4
3771	5
3772	3
3773	3
3774	3
3775	3
3776	3
3777	5
3778	3
3779	6
3780	4
3781	6
3782	4
3783	4
3784	4
3785	4
3786	4
3787	4
3788	6
3789	4
3790	8
3791	8
3792	8
3793	8
3794	8
3795	8
3796	8
3797	8
3798	8
3799	8
3800	8
3801	8
3802	8
3803	8
3804	8
3805	8
3806	8
3807	8
3808	8
3809	8
3810	8
3811	8
3812	8
3813	8
3814	8
3815	8
3816	8
3817	8
3818	8
3819	8
3820	8
3821	8
3822	8
3823	8
3824	8
3825	8
3826	8
3827	8
3828	8
3829	8
3830	8
3831	8
3832	8
3833	8
3834	8
3835	8
3836	8
3837	8
3838	8
3839	8
3840	8
3841	8
3842	8
3843	8
3844	8
3845	8
3846	8
3847	8
3848	8
3849	8
3850	8
3851	8
3852	8
3853	8
3854	8
3855	8
3856	8
3857	8
3858	8
3859	8
3860	8
3861	8
3862	8
3863	8
3864	8
3865	8
3866	8
3867	8
3868	8
3869	8
3870	8
3871	8
3872	8
3873	8
3874	8
3875	8
3876	8
3877	8
3878	8
3879	8
3880	8
3883	8
3884	8
3885	8
3886	8
3887	8
3888	8
3889	8
3890	8
3892	8
3893	8
3894	8
3897	8
3898	8
3899	8
3900	8
3901	8
3902	8
3903	8
3904	8
3905	8
3906	8
3907	8
3908	8
3909	8
3910	8
3911	8
3912	8
3913	8
3914	8
3915	8
3916	8
3917	8
3918	8
3919	8
3920	8
3921	8
3922	8
3923	8
3924	8
3925	8
3926	8
3927	8
3928	8
3929	8
3930	8
3931	8
3932	8
3933	8
3934	8
3935	8
3936	8
3937	8
3938	8
3939	8
3940	8
3941	8
3942	8
3943	8
3944	8
3945	8
3946	8
3947	8
3948	8
3949	8
3950	8
3951	8
3952	8
3953	8
3954	8
3955	8
3956	8
3957	8
3958	8
3959	8
3960	8
3961	8
3962	8
3963	8
3964	8
3965	8
3966	8
3967	8
3968	8
3969	8
3970	8
3971	8
3972	8
3973	8
3974	8
3975	8
3976	8
3977	8
3978	8
3979	8
3980	8
3981	8
3982	8
3983	8
3985	8
3986	8
3987	9
3988	6
3989	9
3990	7
3991	9
3992	9
3993	9
3994	9
3995	9
3996	9
3997	9
3998	7
3999	9
4000	5
4001	7
4002	9
4003	9
4004	9
4005	9
4006	9
4007	9
4008	9
4009	9
4010	7
4011	9
4012	7
4013	7
4014	7
4015	9
4016	7
4017	9
4018	7
4019	9
4020	9
4021	9
4022	9
4023	9
4024	9
4025	7
4026	9
4027	5
4028	7
4029	7
4030	7
4031	7
4032	7
4033	7
4034	9
4035	7
4036	9
4037	9
4038	9
4039	7
4040	7
4041	7
4042	7
4043	7
4044	9
4045	7
4046	7
4047	7
4048	7
4049	0
4050	7
4051	7
4052	7
4053	0
4054	0
4055	0
4056	0
4057	0
4058	0
4059	0
4060	0
4061	0
4062	0
4063	0
4064	0
4065	0
4066	0
4067	0
4068	1
4069	1
4070	1
4071	1
4072	1
4073	0
4074	0
4075	0
4076	0
4077	7
4078	9
4079	0
4080	9
4081	6
4082	0
4083	9
4084	9
4085	9
4086	9
4087	9
4088	9
4089	9
4090	9
4091	8
4092	8
4093	8
4094	8
4095	8
4096	0
4097	8
4098	8
4099	8
4100	8
4101	8
4102	8
4103	8
4104	9
4105	9
4106	0
4107	8
4108	8
4109	8
4110	9
4111	0
4112	0
4113	9
4114	0
4115	8
4116	0
4117	8
4118	9
4119	8
4120	0
4121	0
4122	9
4123	9
4124	0
4125	0
4126	9
4127	8
4128	9
4129	9
4130	9
4131	9
4132	9
4133	9
4134	6
4135	0
4136	8
4137	6
4138	0
4139	0
4140	9
4141	9
4142	0
4143	9
4144	9
4145	9
4146	0
4147	9
4148	0
4149	9
4150	0
4151	9
4152	0
4153	8
4154	9
4155	0
4156	8
4157	0
4158	9
4159	0
4160	0
4161	7
4162	7
4163	7
4164	7
4165	7
4166	7
4167	7
4168	7
4169	7
4170	7
4171	7
4172	7
4173	7
4174	7
4175	7
4176	7
4177	7
4178	7
4179	7
4180	7
4181	7
4182	7
4183	7
4184	7
4185	7
4186	7
4187	7
4188	7
4189	7
4190	7
4191	7
4192	7
4193	7
4194	7
4195	7
4196	7
4197	7
4198	7
4199	7
4200	7
4201	7
4202	7
4203	7
4204	7
4205	7
4206	7
4207	7
4208	7
4209	8
4210	8
4211	8
4212	8
4213	8
4214	8
4215	8
4216	8
4217	8
4218	8
4219	8
4220	8
4221	8
4222	8
4223	8
4224	8
4225	8
4226	8
4227	8
4228	8
4229	8
4230	8
4231	8
4232	8
4233	8
4234	8
4235	8
4236	8
4237	8
4238	8
4239	8
4240	8
4241	8
4242	8
4243	8
4244	8
4245	8
4246	8
4247	8
4248	9
4249	8
4250	9
4251	8
4252	9
4253	8
4254	8
4255	8
4256	8
4257	8
4258	8
4259	8
4260	8
4261	8
4262	8
4263	8
4264	8
4265	8
4266	7
4267	7
4268	7
4269	7
4270	0
4271	7
4272	0
4273	7
4274	7
4275	7
4276	7
4277	7
4278	7
4279	7
4280	7
4281	7
4282	7
4283	7
4284	7
4285	7
4286	7
4287	7
4288	7
4289	7
4290	7
4291	7
4292	7
4293	7
4294	7
4295	7
4296	7
4297	7
4298	7
4299	7
4300	7
4301	7
4302	7
4303	7
4304	7
4305	7
4306	7
4307	7
4308	7
4309	7
4310	7
4311	7
4312	7
4313	7
4314	7
4315	7
4316	7
4317	7
4318	7
4319	7
4320	7
4321	7
4322	7
4323	7
4324	7
4325	7
4326	7
4327	7
4328	7
4329	7
4330	7
4331	7
4332	7
4333	7
4334	7
4335	7
4336	7
4337	7
4338	7
4339	7
4340	7
4341	7
4342	7
4343	7
4344	7
4345	7
4346	7
4347	7
4348	7
4349	7
4350	7
4351	7
4352	7
4353	7
4354	7
4355	7
4356	7
4357	7
4358	7
4359	0
4360	0
4361	7
4362	7
4363	7
4364	7
4365	7
4366	7
4367	7
4368	7
4369	7
4370	7
4371	7
4372	7
4373	7
4374	7
4375	7
4376	7
4377	0
4378	7
4379	7
4380	7
4381	7
4382	7
4383	7
4384	7
4385	0
4386	7
4387	7
4388	0
4389	7
4390	7
4391	7
4392	0
4393	7
4394	7
4395	7
4396	7
4397	7
4398	7
4399	7
4400	7
4401	7
4402	7
4403	7
4404	7
4405	7
4406	7
4407	7
4408	7
4409	7
4410	7
4411	7
4412	7
4413	7
4414	7
4415	7
4416	7
4417	7
4418	7
4419	0
4420	7
4421	7
4422	7
4423	7
4424	0
4425	7
4426	7
4427	7
4428	7
4429	7
4430	7
4431	7
4432	7
4433	7
4434	7
4435	7
4436	7
4437	7
4438	7
4439	7
4440	7
4441	7
4442	7
4443	7
4444	7
4445	7
4446	7
4447	7
4448	7
4449	7
4450	7
4451	7
4452	7
4453	7
4454	7
4455	7
4456	7
4457	7
4458	7
4459	7
4460	7
4461	7
4462	7
4463	7
4464	7
4465	7
4466	7
4467	7
4468	7
4469	7
4470	7
4471	7
4472	7
4473	7
4474	7
4475	7
4476	7
4477	7
4478	7
4479	7
4480	7
4481	7
4482	7
4483	7
4484	7
4485	7
4486	7
4487	7
4488	7
4489	7
4490	9
4496	9
4497	9
4498	9
4499	8
4500	9
4501	9
4502	8
4503	8
4504	9
4510	9
4511	9
4512	9
4513	9
4514	9
4515	9
4516	8
4517	9
4518	8
4519	8
4520	8
4521	8
4522	8
4523	8
4524	9
4525	9
4526	8
4527	7
4528	7
4529	7
4530	7
4531	7
4532	7
4533	7
4534	7
4535	7
4536	7
4537	7
4538	7
4539	7
4540	7
4541	7
4542	7
4543	7
4544	7
4545	7
4546	7
4547	7
4548	7
4549	7
4550	7
4551	7
4552	7
4553	7
4554	6
4555	6
4556	6
4557	6
4558	3
4559	3
4560	3
4561	3
4562	3
4563	6
4564	3
4565	3
4566	3
4567	3
4568	3
4569	3
4570	6
4571	4
4572	6
4573	4
4574	3
4575	6
4576	3
4577	6
4578	6
4579	6
4580	6
4581	6
4582	6
4583	3
4584	3
4585	3
4586	8
4587	8
4588	3
4589	6
4590	4
4591	6
4592	3
4596	3
4597	8
4599	8
4600	8
4601	8
4602	8
4603	8
4607	8
4608	5
4609	4
4610	4
4611	4
4612	3
4613	3
4614	3
4615	3
4616	3
4617	8
4618	8
4619	8
4620	8
4621	0
4622	0
4623	0
4624	6
4625	6
4626	6
4627	4
4628	6
4629	3
4630	3
4631	4
4632	3
4633	3
4634	3
4635	3
4636	3
4637	3
4638	8
4639	8
4640	8
4641	8
4642	3
4643	4
4644	4
4645	6
4646	4
4647	3
4648	3
4649	3
4650	3
4651	3
4652	6
4653	8
4654	8
4655	8
4656	8
4657	6
4658	6
4659	4
4660	3
4661	0
4662	6
4663	5
4664	3
4665	3
4666	3
4667	3
4668	3
4669	3
4670	3
4671	6
4672	6
4673	3
4674	3
4675	9
4676	9
4677	9
4678	6
4679	4
4680	6
4681	4
4682	3
4683	4
4684	6
4685	4
4686	3
4687	3
4688	3
4689	3
4690	3
4691	3
4692	6
4693	3
4694	3
4695	3
4696	3
4697	6
4698	4
4699	6
4700	4
4701	6
4702	6
4703	6
4704	4
4705	4
4706	3
4707	3
4708	6
4709	6
4710	6
4711	6
4712	6
4713	3
4714	3
4715	3
4716	3
4717	6
4718	6
4719	6
4720	4
4721	4
4722	6
4723	4
4724	6
4725	6
4726	6
4727	6
4728	6
4729	6
4730	6
4731	6
4732	6
4733	6
4734	6
4735	6
4736	6
4737	4
4738	6
4739	6
4740	3
4741	6
4742	3
4743	6
4744	6
4745	6
4746	6
4747	6
4748	6
4749	6
4750	6
4751	6
4752	6
4753	3
4754	6
4755	6
4756	4
4757	6
4758	3
4759	3
4760	3
4761	3
4762	3
4763	3
4764	3
4765	6
4766	4
4767	4
4768	4
4769	4
4770	4
4771	6
4772	3
4773	3
4774	3
4775	3
4776	3
4777	3
4778	3
4779	3
4780	3
4781	3
4782	3
4783	3
4784	8
4785	6
4786	6
4787	4
4788	3
4789	3
4790	3
4791	3
4792	3
4793	4
4794	4
4795	4
4796	6
4797	6
4798	6
4799	6
4800	6
4801	3
4802	6
4803	6
4804	6
4805	3
4806	4
4807	4
4808	4
4809	4
4810	3
4811	6
4812	6
4813	4
4815	8
4816	8
4817	8
4818	8
4819	8
4820	8
4821	8
4822	8
4823	8
4826	3
4827	6
4828	4
4829	4
4830	3
4831	3
4832	3
4833	3
4834	4
4835	3
4836	3
4837	3
4838	4
4839	3
4840	3
4841	4
4842	4
4843	3
4844	4
4845	4
4846	4
4847	4
4848	6
4849	4
4850	4
4851	3
4852	3
4853	4
4854	3
4855	3
4856	3
4857	3
4858	3
4859	3
4860	6
4861	6
4862	6
4863	6
4864	6
4865	3
4866	4
4867	6
4868	6
4869	3
4870	3
4871	3
4872	7
4873	5
4874	9
4875	6
4876	6
4877	3
4878	3
4879	6
4880	3
4881	3
4882	3
4883	3
4884	3
4885	3
4886	3
4887	3
4888	3
4889	3
4890	3
4891	3
4892	3
4893	6
4894	6
4895	6
4896	6
4897	6
4898	6
4899	6
4900	6
4901	0
4902	0
4903	3
4904	3
4905	0
4906	0
4907	0
4908	3
4909	6
4910	6
4911	6
4912	6
4913	6
4914	6
4915	6
4916	6
4917	3
4918	6
4919	6
4920	6
4921	6
4922	6
4923	6
4924	6
4925	6
4926	6
4927	6
4928	6
4929	6
4930	6
4931	6
4932	6
4933	6
4934	0
4935	6
4936	0
4937	6
4938	6
4939	3
4940	0
4941	3
4942	0
4943	6
4944	3
4945	6
4946	6
4947	6
4948	8
4949	8
4950	8
4951	9
4953	9
4954	9
4955	9
4956	9
4958	9
4959	9
4961	9
4966	9
4968	5
4969	5
4970	5
4971	5
4972	5
4973	5
4974	5
4975	5
4976	5
4977	5
4978	8
4979	1
4980	1
4981	1
4982	1
4983	1
4984	5
4985	1
4986	1
4987	1
4988	1
4989	8
4990	1
4991	1
4992	1
4993	1
4994	8
4995	1
4996	1
4997	1
4998	1
4999	1
5000	1
5001	1
5002	1
5003	1
5004	1
5005	1
5006	1
5007	1
5008	1
5009	1
5010	5
5011	1
5012	5
5013	8
5014	1
5015	1
5016	1
5017	8
5018	5
5019	8
5020	8
5021	8
5022	8
5023	1
5024	1
5025	1
5026	1
5027	1
5028	1
5029	1
5030	1
5031	1
5032	1
5033	8
5034	1
5035	1
5036	8
5037	1
5038	1
5039	1
5040	1
5041	1
5042	1
5043	1
5044	1
5045	1
5046	1
5047	1
5048	1
5049	1
5050	1
5051	1
5052	1
5053	1
5054	1
5055	1
5058	1
5059	1
5063	1
5066	8
5067	1
5068	1
5069	5
5070	5
5071	1
5072	1
5073	1
5074	5
5075	5
5076	5
5077	8
5078	1
5079	5
5080	8
5081	5
5082	5
5083	8
5084	8
5085	1
5086	5
5087	1
5088	5
5089	5
5090	8
5091	5
5092	0
5093	0
5094	1
5095	1
5096	0
5097	0
5098	0
5099	0
5100	0
5101	0
5102	0
5103	0
5104	0
5105	9
5106	9
5107	9
5108	0
5109	9
5110	0
5111	0
5112	0
5113	0
5114	0
5115	9
5116	0
5117	9
5118	9
5119	9
5120	5
5121	9
5122	9
5123	9
5124	9
5125	5
5126	9
5127	5
5128	9
5129	5
5130	5
5131	5
5132	5
5133	9
5134	2
5135	5
5136	2
5137	2
5138	5
5139	5
5140	3
5141	3
5142	5
5143	5
5144	2
5145	5
5146	5
5147	5
5148	5
5149	9
5150	4
5151	9
5152	9
5153	2
5154	5
5155	2
5156	2
5157	5
5158	2
5159	2
5160	7
5161	9
5162	9
5163	9
5164	5
5165	4
5166	9
5167	9
5168	9
5169	9
5170	9
5171	9
5172	9
5173	8
5174	5
5175	2
5176	9
5177	5
5178	8
5179	5
5180	5
5181	5
5182	5
5183	5
5184	1
5185	5
5186	9
5187	9
5188	5
5189	9
5190	7
5191	9
5192	9
5193	9
5194	9
5195	9
5196	4
5197	9
5198	4
5199	9
5200	9
5201	5
5202	2
5203	2
5204	5
5205	5
5206	5
5207	2
5208	9
5209	4
5210	5
5211	1
5212	9
5213	8
5214	7
5215	5
5216	5
5217	9
5218	9
5219	9
5220	9
5221	9
5222	5
5223	9
5224	9
5225	5
5226	9
5227	9
5228	7
5229	5
5230	4
5231	9
5232	5
5233	5
5234	5
5235	5
5236	9
5237	4
5238	8
5239	8
5240	5
5241	9
5242	9
5243	9
5244	9
5245	2
5246	5
5247	2
5248	2
5249	5
5250	9
5251	5
5252	9
5253	9
5254	5
5255	2
5256	9
5257	9
5258	5
5259	9
5260	9
5261	9
5262	2
5263	2
5264	9
5265	2
5266	2
5267	9
5268	5
5269	4
5270	4
5271	5
5272	5
5273	5
5274	5
5275	5
5276	2
5277	2
5278	5
5279	5
5280	1
5281	1
5282	9
5283	9
5284	9
5285	4
5286	5
5287	5
5288	9
5289	9
5290	9
5291	5
5292	9
5293	4
5294	5
5295	9
5296	9
5297	9
5298	4
5299	9
5300	9
5301	5
5302	8
5303	5
5304	5
5305	9
5306	9
5307	5
5308	2
5309	5
5310	5
5311	2
5312	5
5313	4
5314	4
5315	5
5316	5
5317	5
5318	2
5319	5
5320	5
5321	5
5322	7
5324	7
5325	7
5326	1
5327	4
5328	9
5329	5
5330	5
5331	5
5332	9
5333	7
5334	5
5335	4
5336	2
5337	2
5338	4
5339	4
5340	4
5341	5
5342	5
5343	9
5344	9
5345	5
5346	4
5347	5
5348	5
5349	5
5350	7
5351	9
5352	5
5353	1
5354	9
5355	5
5356	9
5357	7
5358	5
5359	5
5360	5
5361	5
5362	9
5363	9
5364	9
5365	9
5366	4
5367	5
5368	5
5369	5
5370	5
5371	5
5372	5
5373	9
5374	2
5375	2
5376	9
5377	9
5378	5
5379	9
5380	9
5381	1
5382	5
5383	5
5384	9
5385	7
5386	2
5387	4
5388	4
5389	2
5390	4
5391	4
5392	9
5393	5
5394	9
5395	4
5396	9
5397	4
5398	5
5399	4
5400	7
5401	5
5402	5
5403	2
5404	4
5405	2
5406	2
5407	2
5408	2
5409	5
5410	5
5411	5
5412	9
5413	4
5414	4
5415	9
5416	5
5417	4
5418	5
5419	9
5420	9
5421	9
5422	5
5423	5
5424	5
5425	4
5426	9
5427	5
5428	5
5429	4
5430	4
5431	4
5432	4
5433	4
5434	5
5435	9
5436	9
5437	2
5438	4
5439	4
5440	4
5441	5
5442	9
5443	9
5444	5
5445	9
5446	4
5447	2
5448	2
5449	2
5450	2
5451	2
5452	2
5453	2
5454	4
5455	4
5456	5
5457	4
5458	7
5459	9
5460	5
5461	9
5462	5
5463	9
5464	7
5465	5
5466	5
5467	1
5468	4
5469	5
5470	5
5471	5
5472	7
5473	7
5474	5
5475	9
5476	5
5477	7
5478	9
5479	1
5480	1
5481	5
5482	5
5483	9
5484	9
5485	5
5486	4
5487	5
5488	9
5489	4
5490	4
5491	9
5492	9
5493	7
5494	9
5495	9
5496	5
5497	9
5498	8
5499	7
5500	5
5501	5
5502	2
5503	4
5504	4
5505	2
5506	2
5507	2
5508	4
5509	5
5510	4
5511	5
5512	5
5513	5
5514	7
5515	7
5516	5
5517	4
5518	5
5519	9
5520	5
5521	5
5522	8
5523	9
5524	5
5525	4
5526	5
5527	5
5528	5
5529	9
5530	9
5531	9
5532	9
5533	5
5534	9
5535	9
5536	9
5537	5
5538	4
5539	5
5540	4
5541	2
5542	4
5543	4
5544	4
5545	5
5546	9
5547	9
5548	9
5549	9
5550	5
5551	9
5552	2
5553	2
5554	2
5555	2
5556	7
5557	7
5558	5
5559	5
5560	7
5561	5
5562	5
5563	7
5564	5
5565	7
5566	7
5567	7
5568	1
5569	9
5570	7
5571	5
5572	5
5573	5
5574	5
5575	5
5576	9
5577	9
5578	9
5579	9
5580	5
5581	2
5582	2
5583	2
5584	4
5585	4
5586	9
5587	9
5588	9
5589	9
5590	9
5591	9
5592	9
5593	9
5594	9
5595	9
5596	2
5597	2
5598	2
5599	5
5600	2
5601	7
5602	5
5603	7
5604	7
5605	7
5606	7
5607	7
5608	9
5609	9
5610	8
5611	9
5612	1
5613	5
5614	5
5615	5
5616	9
5617	5
5618	9
5619	5
5620	1
5621	9
5622	5
5623	5
5624	9
5625	2
5626	9
5627	9
5628	4
5629	5
5630	9
5631	9
5632	9
5633	9
5634	9
5635	9
5636	9
5637	4
5638	4
5639	4
5640	4
5641	9
5642	5
5643	9
5644	9
5645	5
5646	5
5647	9
5648	9
5649	9
5650	9
5651	9
5652	4
5653	5
5654	5
5655	5
5656	2
5657	2
5658	5
5659	9
5660	4
5661	5
5662	7
5663	9
5664	7
5665	9
5666	9
5667	5
5668	9
5669	2
5670	9
5671	5
5672	9
5673	9
5674	9
5675	8
5676	9
5677	8
5678	9
5679	9
5680	5
5681	9
5682	4
5683	9
5684	9
5685	9
5686	5
5687	1
5688	4
5689	5
5690	9
5691	9
5692	9
5693	9
5694	9
5695	5
5696	5
5697	9
5698	2
5699	2
5700	2
5701	4
5702	2
5703	4
5704	2
5705	5
5706	9
5707	9
5708	9
5709	4
5710	2
5711	5
5712	9
5713	9
5714	9
5715	9
5716	1
5717	9
5718	9
5719	9
5720	5
5721	8
5722	5
5723	5
5725	4
5726	5
5727	9
5728	9
5729	9
5730	4
5731	9
5732	5
5733	9
5734	4
5735	9
5736	9
5737	5
5738	1
5739	5
5740	9
5741	9
5742	5
5743	9
5744	9
5745	9
5746	9
5747	5
5748	5
5749	2
5750	2
5751	2
5752	2
5753	2
5754	2
5755	2
5756	9
5757	8
5758	8
5759	9
5766	7
5767	1
5768	9
5769	7
5770	8
5771	5
5772	5
5773	5
5774	9
5775	9
5776	5
5777	7
5778	9
5779	4
5780	9
5781	9
5782	5
5783	1
5784	8
5785	1
5786	5
5787	2
5788	5
5789	5
5790	5
5791	5
5792	5
5793	5
5794	9
5795	9
5796	9
5797	9
5798	9
5799	9
5800	9
5801	2
5802	2
5803	2
5804	2
5805	5
5806	5
5807	5
5810	5
5811	5
5812	4
5813	5
5814	8
5815	8
5816	8
5817	8
5818	8
5819	4
5820	4
5821	5
5822	5
5823	9
5824	9
5825	9
5826	9
5827	2
5828	5
5829	5
5830	2
5831	9
5832	7
5833	2
5834	1
5835	5
5836	1
5837	5
5838	5
5839	5
5840	5
5841	5
5842	5
5843	5
5844	9
5845	9
5846	9
5847	9
5848	9
5849	9
5850	9
5851	9
5852	9
5853	9
5854	4
5855	5
5856	2
5857	5
5858	5
5859	4
5860	5
5861	5
5862	5
5863	9
5864	5
5865	4
5866	5
5867	5
5868	3
5869	2
5870	5
5871	9
5872	9
5873	9
5874	9
5875	5
5876	5
5877	5
5878	2
5879	2
5880	5
5881	5
5882	5
5883	5
5884	1
5885	9
5886	9
5887	9
5888	5
5889	9
5890	9
5891	7
5892	7
5893	7
5894	7
5895	7
5896	7
5897	7
5898	7
5899	7
5900	7
5901	7
5902	7
5903	7
5904	7
5905	7
5906	7
5907	7
5908	7
5909	7
5910	7
5911	7
5912	7
5913	7
5914	7
5915	7
5916	7
5917	7
5918	7
5919	7
5920	7
5921	7
5922	7
5923	7
5924	7
5925	7
5926	7
5927	7
5928	7
5929	7
5930	7
5931	7
5932	7
5933	7
5934	7
5935	7
5936	7
5937	7
5938	7
5939	7
5940	7
5941	7
5942	7
5943	7
5944	7
5945	7
5946	7
5947	7
5948	7
5949	7
5950	0
5951	7
5952	7
5953	7
5954	7
5955	7
5956	7
5957	7
5958	7
5959	7
5960	7
5961	7
5962	7
5963	7
5964	7
5965	7
5966	7
5967	7
5968	7
5969	7
5970	7
5971	7
5972	7
5973	7
5974	7
5975	7
5976	7
5977	7
5978	7
5979	7
5980	7
5981	7
5982	7
5983	7
5984	7
5985	7
5986	7
5987	7
5988	7
5989	7
5990	7
5991	7
5992	7
5993	7
5994	7
5995	7
5996	7
5997	7
5998	7
5999	7
6000	7
6001	7
6002	7
6003	7
6004	7
6005	7
6006	7
6007	7
6008	7
6009	7
6010	7
6011	7
6012	7
6013	7
6014	7
6015	7
6016	7
6017	7
6018	7
6019	7
6020	7
6021	7
6022	7
6023	7
6024	7
6025	7
6026	7
6027	7
6028	7
6029	7
6030	7
6031	7
6032	7
6033	7
6034	7
6035	7
6036	7
6037	7
6038	7
6039	7
6040	7
6041	7
6042	7
6043	7
6044	7
6045	7
6046	7
6047	7
6048	7
6049	7
6050	7
6051	7
6052	7
6053	7
6054	7
6055	7
6056	7
6057	7
6058	7
6059	1
6060	7
6061	7
6062	7
6063	7
6064	7
6065	7
6066	7
6067	7
6068	7
6069	7
6070	7
6071	7
6072	7
6073	7
6074	7
6075	7
6076	7
6077	7
6078	7
6079	7
6080	7
6081	7
6082	7
6083	7
6084	7
6085	7
6086	7
6087	7
6088	7
6089	7
6090	7
6091	7
6092	7
6093	7
6094	7
6095	7
6096	7
6097	7
6098	7
6099	7
6100	7
6101	7
6102	7
6103	7
6104	7
6105	7
6106	7
6107	7
6108	7
6109	7
6110	7
6111	7
6112	7
6113	0
6114	7
6115	1
6116	1
6117	7
6118	7
6119	7
6120	7
6121	7
6122	7
6123	7
6124	7
6125	7
6126	7
6127	7
6128	7
6129	7
6130	7
6131	7
6132	7
6133	7
6134	7
6135	7
6136	7
6137	7
6138	0
6139	7
6140	7
6141	7
6142	7
6143	7
6144	7
6145	7
6146	7
6147	7
6148	7
6149	7
6150	7
6151	7
6152	7
6153	7
6154	7
6155	7
6156	7
6157	7
6158	7
6159	7
6160	7
6161	1
6162	1
6163	1
6164	1
6165	7
6166	7
6167	7
6168	7
6169	7
6170	7
6171	7
6172	7
6173	7
6174	7
6175	7
6176	7
6177	7
6178	7
6179	7
6180	7
6181	7
6182	7
6183	7
6184	7
6185	7
6186	7
6187	7
6188	7
6189	7
6190	7
6191	7
6192	7
6193	7
6194	7
6195	7
6196	7
6197	7
6198	7
6199	7
6200	7
6201	7
6202	7
6203	7
6204	7
6205	7
6206	7
6207	7
6208	7
6209	7
6210	7
6211	7
6212	7
6213	7
6214	7
6215	7
6216	7
6217	7
6218	7
6219	7
6220	7
6221	7
6222	7
6223	7
6224	7
6225	7
6226	7
6227	7
6228	7
6229	7
6230	7
6231	7
6232	7
6233	7
6234	7
6235	7
6236	7
6237	7
6238	7
6239	8
6240	9
6241	9
6242	9
6243	9
6244	9
6245	9
6246	3
6247	9
6248	9
6249	3
6250	6
6251	9
6252	8
6253	9
6254	9
6255	9
6256	9
6257	3
6258	8
6259	9
6260	9
6261	9
6262	9
6263	9
6264	8
6265	8
6266	8
6267	8
6268	9
6269	9
6270	9
6271	9
6272	8
6273	9
6274	8
6275	8
6276	8
6277	8
6278	8
6279	8
6280	8
6281	8
6282	8
6283	8
6284	8
6285	8
6286	8
6287	8
6288	8
6289	8
6290	8
6291	8
6292	8
6293	9
6294	8
6295	8
6296	6
6297	8
6298	9
6299	8
6300	8
6301	8
6302	8
6303	8
6304	9
6305	8
6306	8
6307	8
6308	9
6309	9
6310	8
6311	8
6312	8
6313	8
6314	8
6315	8
6316	8
6317	8
6318	8
6319	8
6320	9
6321	9
6322	8
6323	8
6324	8
6325	8
6326	9
6327	6
6328	6
6329	6
6330	8
6331	9
6332	9
6333	9
6334	3
6335	9
6336	9
6337	8
6338	8
6339	8
6340	8
6341	8
6342	8
6343	8
6344	8
6345	8
6346	8
6347	8
6348	8
6349	8
6350	8
6351	9
6352	6
6353	8
6354	8
6355	9
6356	8
6357	8
6358	8
6359	3
6360	3
6361	3
6362	3
6363	9
6364	8
6365	8
6366	3
6367	9
6368	8
6369	6
6370	9
6371	3
6372	3
6373	3
6374	3
6375	8
6376	8
6377	8
6378	8
6379	8
6380	8
6381	8
6382	8
6383	8
6384	8
6385	9
6386	8
6387	8
6388	8
6389	8
6390	8
6391	8
6392	8
6393	9
6394	9
6395	9
6396	8
6397	9
6398	8
6399	8
6400	9
6401	8
6402	8
6403	3
6404	8
6405	9
6406	9
6407	9
6408	3
6409	9
6410	8
6411	3
6412	8
6413	9
6414	8
6415	8
6416	8
6417	8
6418	6
6419	9
6420	8
6421	8
6422	3
6423	8
6424	8
6425	8
6426	8
6427	8
6428	8
6429	8
6430	8
6431	8
6432	8
6433	9
6435	8
6436	8
6437	8
6438	8
6439	8
6440	8
6441	8
6442	8
6443	8
6444	8
6445	9
6446	8
6447	8
6448	8
6449	8
6450	9
6451	8
6452	8
6453	8
6454	9
6455	9
6456	8
6457	3
6458	9
6459	6
6460	8
6461	8
6462	8
6463	9
6464	9
6465	3
6466	8
6467	8
6468	8
6469	8
6470	3
6471	9
6472	6
6474	9
6475	9
6476	8
6477	3
6478	3
6479	8
6480	8
6481	8
6482	8
6483	8
6484	9
6485	9
6486	9
6487	8
6488	8
6489	9
6490	8
6491	9
6492	3
6493	8
6494	6
6495	8
6496	8
6497	8
6498	8
6499	9
6500	9
6501	8
6502	8
6503	9
6504	8
6505	8
6506	3
6507	6
6508	8
6509	3
6510	9
6511	8
6512	9
6513	9
6514	8
6515	3
6516	9
6517	6
6518	8
6519	8
6520	8
6521	0
6522	8
6523	8
6524	8
6525	8
6526	8
6527	8
6528	0
6529	8
6530	8
6531	8
6532	9
6533	9
6534	9
6535	8
6536	8
6537	8
6538	8
6539	9
6540	8
6541	8
6542	9
6543	3
6544	0
6545	9
6546	9
6547	8
6548	9
6549	8
6550	9
6551	3
6552	3
6553	6
6554	9
6555	0
6556	0
6557	9
6558	0
6559	9
6560	0
6561	0
6562	9
6563	9
6564	9
6565	7
6566	1
6567	7
6568	7
6569	7
6570	7
6571	7
6572	7
6573	7
6574	7
6575	7
6576	7
6577	7
6578	7
6579	7
6580	7
6581	7
6582	7
6583	7
6584	7
6585	1
6586	1
6587	7
6588	1
6589	1
6590	1
6591	7
6592	1
6593	1
6594	1
6595	1
6596	7
6597	7
6598	1
6599	1
6600	1
6601	1
6602	1
6603	1
6604	1
6605	1
6606	1
6607	7
6608	0
6609	1
6610	7
6611	7
6612	7
6613	1
6614	0
6615	1
6616	0
6617	1
6618	7
6619	7
6620	1
6621	7
6622	0
6623	1
6624	1
6625	8
6626	8
6627	8
6628	8
6629	1
6630	8
6631	8
6632	8
6633	8
6634	1
6635	1
6636	1
6637	1
6638	1
6639	1
6640	1
6641	1
6642	1
6643	1
6644	1
6645	1
6646	1
6647	1
6648	8
6650	8
6651	8
6652	1
6653	8
6654	8
6655	8
6656	8
6657	1
6658	1
6659	1
6660	1
6661	8
6662	8
6663	1
6664	1
6665	1
6666	1
6667	8
6668	1
6669	8
6671	1
6672	1
6679	8
6683	8
6684	8
6685	8
6686	1
6687	1
6688	1
6689	1
6690	8
6691	8
6692	1
6693	8
6694	8
6695	8
6696	8
6697	8
6698	8
6699	8
6700	8
6701	1
6702	8
6703	8
6704	8
6705	8
6706	8
6707	8
6708	1
6709	8
6710	8
6711	1
6712	8
6713	1
6714	8
6715	8
6716	1
6717	1
6718	1
6719	8
6720	8
6721	8
6722	1
6723	8
6724	8
6725	8
6726	1
6727	1
6728	8
6729	1
6730	8
6731	8
6732	8
6733	1
6734	8
6735	1
6736	1
6737	1
6738	1
6739	1
6740	1
6741	8
6742	1
6743	1
6744	1
6745	1
6746	1
6747	1
6748	8
6749	8
6750	8
6751	8
6752	8
6753	1
6754	8
6755	8
6756	1
6757	8
6758	8
6759	8
6760	8
6761	8
6762	8
6763	8
6764	7
6765	7
6766	7
6767	7
6768	0
6769	1
6770	1
6771	7
6772	7
6773	7
6774	7
6775	7
6776	7
6777	7
6778	7
6779	7
6780	7
6781	7
6782	1
6783	7
6784	1
6785	1
6786	1
6787	1
6788	1
6789	7
6790	7
6791	7
6792	7
6793	7
6794	7
6795	1
6796	7
6797	7
6798	7
6799	7
6800	7
6801	7
6802	7
6803	7
6804	7
6805	7
6806	7
6807	7
6808	7
6809	7
6810	7
6811	7
6812	0
6813	0
6814	7
6815	0
6816	0
6817	7
6818	7
6819	0
6820	0
6821	0
6822	0
6823	0
6824	0
6825	9
6826	9
6827	9
6828	9
6829	9
6830	9
6831	9
6832	1
6833	1
6834	1
6835	1
6836	1
6837	0
6838	0
6839	1
6840	0
6841	1
6842	0
6843	0
6844	1
6845	0
6846	1
6847	1
6848	1
6849	1
6850	1
6851	1
6852	1
6853	0
6854	1
6855	9
6856	9
6857	9
6858	1
6859	9
6860	7
6861	7
6862	9
6863	9
6864	9
6865	9
6866	9
6867	9
6868	9
6869	9
6870	9
6871	0
6872	9
6873	9
6874	7
6875	7
6876	9
6877	9
6878	1
6879	0
6880	1
6881	9
6882	1
6883	0
6884	0
6885	1
6886	1
6887	0
6888	9
6889	1
6890	9
6891	1
6892	1
6893	9
6894	9
6895	7
6896	7
6897	1
6898	9
6899	1
6900	1
6901	9
6902	9
6903	9
6904	7
6905	9
6906	9
6907	9
6908	9
6909	9
6910	9
6911	9
6912	9
6913	1
6914	1
6915	9
6916	0
6917	9
6918	7
6919	9
6920	9
6921	0
6922	1
6923	1
6924	1
6925	1
6926	1
6927	7
6928	1
6929	7
6930	1
6931	1
6932	7
6933	7
6934	9
6935	1
6936	1
6937	7
6938	1
6939	1
6940	1
6941	9
6942	0
6943	1
6944	7
6945	7
6946	9
6947	0
6948	1
6949	1
6950	1
6951	0
6952	1
6953	1
6954	9
6955	9
6956	7
6957	0
6958	0
6959	0
6960	0
6961	0
6962	9
6963	0
6964	0
6965	7
6966	0
