1	0
2	0
3	0
4	7
5	0
6	9
7	0
8	0
9	7
10	0
11	9
12	0
13	9
14	0
15	0
16	7
17	7
18	9
19	0
20	1
21	0
22	0
23	0
24	1
25	1
26	1
27	1
28	1
29	1
30	1
31	1
32	1
33	7
34	7
35	7
36	7
37	7
38	7
39	7
40	7
41	7
42	7
43	7
44	7
45	7
46	7
47	7
48	7
49	7
50	7
51	7
52	7
53	7
54	7
55	7
56	7
57	7
58	7
59	7
60	7
61	7
62	7
63	0
64	7
65	0
66	0
67	0
68	0
69	0
70	0
71	0
72	0
73	0
74	7
75	0
76	0
77	0
78	0
79	0
80	0
81	0
82	0
83	0
84	0
85	1
86	1
87	1
88	0
89	0
90	7
91	7
92	1
93	1
94	0
95	0
96	0
97	0
98	0
99	1
100	7
101	1
102	0
103	0
104	0
105	0
106	0
107	0
108	0
109	0
110	0
111	1
112	1
113	7
114	7
115	0
116	0
117	0
118	7
119	0
120	0
121	1
122	1
123	0
124	0
125	0
126	0
127	7
128	7
129	0
130	7
131	1
132	7
133	0
134	0
135	0
136	0
137	0
138	0
139	7
140	1
141	1
142	1
143	7
144	1
145	1
146	0
147	0
148	0
149	9
150	9
151	0
152	1
153	0
154	0
155	0
156	0
157	0
158	1
159	1
160	0
161	0
162	1
163	7
164	1
165	0
166	7
167	0
168	1
169	0
170	0
171	0
172	0
173	9
174	9
175	0
176	0
177	0
178	0
179	0
180	0
181	0
182	0
183	0
184	0
185	0
186	0
187	0
188	1
189	0
190	0
191	0
192	0
193	0
194	0
195	9
196	9
197	0
198	0
199	7
200	7
201	0
202	0
203	0
204	0
205	0
206	7
207	0
208	0
209	0
210	0
211	1
212	0
213	0
214	0
215	0
216	0
217	0
218	0
219	0
220	0
221	0
222	0
223	0
224	0
225	0
226	0
227	0
228	0
229	0
230	0
231	0
232	0
233	0
234	0
235	0
236	0
237	0
238	0
239	0
240	0
241	1
242	0
243	0
244	0
245	0
246	0
247	7
248	7
249	7
250	1
251	7
252	0
253	1
254	1
255	0
256	0
257	9
258	9
259	9
260	9
261	7
262	9
263	9
264	7
265	9
266	9
267	9
268	9
269	9
270	9
271	7
272	9
273	9
274	9
275	9
276	9
277	7
278	7
279	9
280	7
281	7
282	7
283	7
284	7
285	9
286	9
287	7
288	7
289	7
290	7
291	9
292	7
293	9
294	7
295	7
296	7
297	9
298	7
299	9
300	9
301	9
302	7
303	7
304	5
305	7
306	7
307	7
308	7
309	9
310	9
311	7
312	7
313	7
314	7
315	7
316	7
317	7
318	7
319	7
320	9
321	5
322	9
323	9
324	7
325	7
326	9
327	5
328	9
329	9
330	9
331	7
332	9
333	9
334	9
335	7
336	7
337	7
338	9
339	5
340	5
341	7
342	7
343	9
344	9
345	9
346	9
347	9
348	9
349	9
350	9
351	9
352	9
353	9
354	9
355	9
357	9
358	9
359	9
360	9
361	9
362	9
363	9
365	9
366	9
367	9
368	9
369	9
370	9
372	9
373	9
374	9
375	9
376	9
377	9
378	9
379	9
380	9
381	9
382	9
383	9
384	9
385	9
386	9
387	9
388	9
389	9
390	8
391	9
392	9
393	9
394	9
395	9
396	9
397	9
398	9
399	9
400	9
401	8
402	8
403	9
404	9
405	9
406	9
407	8
408	9
409	8
410	8
411	8
412	9
413	9
414	9
415	8
416	9
417	9
418	8
419	9
420	8
421	9
422	8
423	9
424	9
425	9
426	9
427	9
428	9
429	9
430	9
431	9
432	9
434	9
435	9
436	9
438	9
439	0
440	6
441	6
442	6
443	6
444	6
445	0
446	0
447	6
448	0
449	0
450	0
451	0
452	0
453	6
454	9
455	9
456	0
457	9
458	0
459	0
460	0
461	0
462	0
463	0
464	6
465	6
466	6
467	0
468	0
469	0
470	0
471	0
472	0
473	0
474	6
475	6
476	0
477	9
478	0
479	0
480	0
481	9
482	9
483	0
484	0
485	0
486	9
487	9
488	9
489	0
490	6
491	9
492	9
493	9
494	9
495	9
496	9
497	9
498	6
499	0
500	0
501	9
502	9
503	9
504	9
505	9
506	9
507	0
508	6
509	6
510	9
511	9
512	9
513	9
514	9
515	6
516	9
517	9
518	9
519	0
520	0
521	6
522	0
523	0
524	9
525	9
526	9
527	0
528	9
529	0
530	6
531	9
532	9
533	9
534	6
535	6
536	6
538	0
539	0
540	0
541	6
542	0
543	9
544	9
545	0
546	0
547	0
548	0
549	9
550	0
551	0
552	0
553	0
554	0
555	0
556	0
557	0
558	0
559	0
560	0
561	0
562	0
563	0
564	0
565	6
566	0
567	6
568	6
569	6
570	0
571	0
572	0
573	0
574	0
575	0
576	9
577	9
578	9
579	6
580	0
581	6
582	0
583	0
584	6
585	6
586	0
587	0
588	0
589	6
590	0
591	0
592	0
593	9
594	9
595	0
596	0
597	9
598	0
599	0
600	0
601	6
602	0
603	0
604	0
605	0
606	0
607	6
608	0
609	6
610	6
611	0
612	6
613	0
614	0
615	0
616	0
617	0
618	6
619	0
620	9
621	0
622	0
623	0
624	6
625	0
626	0
627	6
628	0
629	0
630	9
631	9
632	0
633	0
634	0
635	0
636	6
637	0
638	6
639	0
640	6
641	9
642	0
643	0
644	6
645	6
646	7
647	7
648	7
649	7
650	7
651	7
652	7
653	7
654	7
655	7
656	0
657	0
658	0
659	7
660	0
661	0
662	0
663	0
664	0
665	0
666	0
667	0
668	6
669	0
670	0
671	0
672	0
673	0
674	0
675	0
676	0
677	0
678	0
679	0
680	0
681	0
682	0
683	0
684	0
685	0
686	0
687	0
688	0
689	0
690	0
691	0
692	0
693	0
694	0
695	0
696	0
697	0
698	0
699	0
700	0
701	0
702	0
703	0
704	0
705	0
706	0
707	0
708	0
709	0
710	0
711	0
712	0
713	0
714	0
715	0
716	0
717	0
718	0
719	6
720	0
721	0
722	0
723	6
724	6
725	6
726	6
727	9
728	9
729	9
730	9
731	9
732	9
733	9
734	9
735	9
736	9
737	9
738	9
739	9
740	6
741	6
742	6
743	0
744	0
745	0
746	0
747	6
748	6
749	6
750	0
751	0
752	7
753	7
754	7
755	9
756	7
757	7
758	7
759	7
760	7
761	7
762	5
763	5
764	1
765	7
766	7
767	1
768	5
769	7
770	7
771	7
772	5
773	5
774	5
775	7
776	5
777	5
778	9
779	5
780	5
781	5
782	5
783	5
784	5
785	7
786	5
787	7
788	5
789	5
790	9
791	5
792	5
793	7
794	5
795	7
796	9
797	7
798	7
799	7
800	7
801	7
802	7
803	7
804	7
805	0
806	7
807	7
808	7
809	0
810	0
811	7
812	0
813	0
814	0
815	0
816	7
817	0
818	7
819	7
820	7
821	0
822	7
823	7
824	7
825	7
826	7
827	7
828	7
829	7
830	0
831	7
832	7
833	1
834	0
835	1
836	0
837	1
838	0
839	0
840	0
841	1
842	1
843	0
844	1
845	1
846	0
847	1
848	0
849	0
850	0
851	1
852	1
853	0
854	1
855	1
856	1
857	1
858	1
859	1
860	0
861	0
862	1
863	0
864	0
865	1
866	1
867	1
868	1
869	1
870	0
871	1
872	0
873	1
874	1
875	1
876	1
877	1
878	0
879	1
880	7
881	1
882	1
883	0
884	0
885	0
886	0
887	0
888	0
889	0
890	1
891	1
892	1
893	1
894	0
895	0
896	0
897	0
898	0
899	0
900	0
901	7
902	0
903	0
904	1
905	0
906	0
907	0
908	0
909	0
910	0
911	0
912	0
913	1
914	0
915	0
916	1
917	1
918	1
919	1
920	1
921	1
922	1
923	0
924	0
925	0
926	7
927	7
928	7
929	7
930	7
931	7
932	7
933	7
934	7
935	7
936	7
937	7
938	7
939	7
940	7
941	9
942	9
943	7
944	7
945	7
946	7
947	7
948	9
949	9
950	9
951	9
952	9
953	7
954	9
955	9
956	0
957	7
958	7
959	9
960	9
961	9
962	9
963	9
964	9
965	0
966	7
967	7
968	7
969	7
970	7
971	7
972	7
973	7
974	7
975	7
976	7
977	5
978	7
979	7
980	9
981	7
982	7
983	1
984	7
985	7
986	7
987	9
988	9
989	7
990	7
991	9
992	5
993	9
994	9
995	7
996	7
997	7
998	7
999	7
1000	7
1001	7
1002	7
1003	9
1004	7
1005	7
1006	9
1007	1
1008	7
1009	8
1010	8
1011	8
1012	8
1013	8
1014	8
1015	9
1016	9
1017	8
1018	8
1019	8
1020	8
1021	9
1022	9
1023	8
1024	8
1025	8
1026	8
1027	8
1028	9
1029	8
1030	8
1031	8
1032	9
1033	8
1034	9
1035	8
1036	8
1037	8
1038	8
1039	8
1040	9
1041	9
1042	9
1043	8
1044	8
1045	8
1046	8
1051	9
1052	9
1053	8
1054	8
1055	8
1056	8
1057	8
1058	8
1059	8
1060	8
1061	8
1062	8
1063	9
1064	8
1065	8
1066	8
1068	8
1069	8
1070	9
1071	8
1072	8
1073	8
1074	8
1075	8
1076	8
1077	8
1078	8
1079	8
1080	8
1081	8
1082	8
1084	8
1085	8
1087	8
1088	8
1089	8
1090	8
1091	8
1092	8
1093	8
1094	8
1095	8
1096	8
1097	8
1099	8
1101	8
1102	8
1103	8
1104	8
1105	8
1106	8
1107	8
1108	1
1109	1
1110	1
1111	1
1112	1
1113	1
1114	8
1115	8
1116	8
1117	8
1118	8
1120	8
1121	8
1122	8
1123	1
1124	8
1125	8
1126	8
1127	8
1128	8
1129	8
1130	8
1131	8
1132	8
1133	8
1134	8
1135	8
1136	8
1137	8
1138	8
1139	8
1140	8
1141	8
1142	8
1143	8
1144	8
1145	8
1146	8
1147	8
1149	8
1151	8
1157	8
1160	8
1161	8
1162	8
1163	8
1164	8
1165	8
1167	8
1168	8
1169	8
1170	8
1171	8
1172	8
1173	8
1174	8
1175	8
1176	8
1177	8
1178	8
1179	8
1181	8
1182	8
1185	8
1189	9
1190	9
1191	8
1192	8
1193	8
1194	8
1195	8
1196	8
1197	8
1198	8
1199	8
1200	8
1201	8
1202	8
1203	8
1204	8
1205	9
1206	8
1207	8
1208	8
1209	8
1210	8
1211	8
1212	9
1213	9
1214	9
1215	8
1216	8
1217	4
1218	6
1219	4
1220	4
1221	4
1222	6
1223	6
1224	6
1225	6
1226	6
1227	6
1228	6
1229	6
1230	6
1231	6
1232	6
1233	9
1234	9
1235	9
1236	6
1237	6
1238	6
1239	6
1240	6
1241	6
1242	6
1243	6
1244	6
1245	6
1246	6
1247	6
1249	4
1250	4
1251	4
1252	4
1253	4
1254	4
1255	4
1256	4
1257	4
1258	4
1259	4
1260	4
1261	4
1263	4
1264	4
1265	4
1266	4
1267	4
1268	4
1269	4
1270	4
1271	4
1272	4
1273	4
1274	4
1275	4
1276	4
1277	4
1278	4
1279	4
1280	4
1281	4
1282	4
1283	4
1284	4
1285	4
1286	4
1287	4
1288	4
1289	4
1290	4
1291	4
1292	4
1293	4
1294	4
1295	2
1296	4
1297	4
1298	2
1299	4
1300	4
1301	4
1302	4
1303	2
1304	2
1305	4
1306	4
1307	2
1308	2
1309	2
1310	2
1311	2
1312	2
1313	3
1314	3
1315	3
1316	3
1317	3
1318	3
1319	3
1320	3
1321	2
1322	4
1323	5
1324	3
1325	4
1326	3
1327	3
1328	3
1329	4
1330	3
1331	2
1332	4
1333	4
1334	5
1335	3
1336	5
1337	3
1338	3
1339	3
1340	3
1341	4
1342	4
1343	4
1344	4
1345	9
1346	2
1347	9
1348	2
1349	3
1350	3
1351	3
1352	3
1353	5
1354	5
1355	3
1356	3
1357	3
1358	3
1359	4
1360	4
1361	4
1362	4
1363	4
1364	4
1365	4
1366	4
1367	2
1368	4
1369	4
1370	4
1371	4
1372	2
1374	4
1375	4
1376	4
1377	4
1378	5
1379	5
1380	5
1381	3
1382	3
1383	3
1384	3
1385	5
1386	5
1387	6
1388	6
1389	4
1390	5
1391	5
1392	4
1393	4
1394	4
1395	5
1396	6
1397	9
1398	9
1399	9
1400	9
1401	9
1402	9
1403	9
1404	9
1405	9
1406	9
1407	9
1408	6
1409	6
1410	6
1411	6
1412	6
1413	6
1414	6
1415	4
1416	4
1417	4
1418	4
1419	4
1420	4
1421	4
1422	4
1423	4
1424	4
1425	4
1426	4
1427	4
1429	4
1432	4
1433	4
1434	4
1435	4
1436	4
1437	4
1438	4
1439	4
1440	2
1441	2
1442	5
1443	5
1444	2
1445	2
1446	2
1447	2
1448	2
1449	2
1450	2
1451	2
1452	2
1453	2
1454	2
1455	4
1456	2
1457	4
1458	2
1459	2
1460	2
1461	3
1462	2
1463	2
1464	2
1465	2
1466	3
1467	5
1468	5
1469	3
1470	5
1471	5
1472	5
1473	2
1474	5
1475	3
1476	4
1477	4
1478	3
1479	3
1480	5
1481	5
1482	4
1483	3
1484	4
1485	4
1486	4
1487	4
1488	4
1489	4
1490	3
1491	3
1492	3
1493	5
1494	3
1495	3
1496	3
1497	3
1498	3
1499	5
1500	3
1501	3
1502	5
1503	3
1504	5
1505	2
1506	4
1507	2
1508	4
1509	4
1510	4
1511	4
1512	4
1513	4
1514	2
1515	4
1516	2
1517	3
1518	3
1519	5
1520	5
1521	3
1522	3
1523	3
1524	5
1525	3
1526	4
1527	4
1528	4
1529	4
1530	4
1531	4
1533	4
1534	4
1535	2
1536	2
1537	4
1538	2
1539	2
1540	2
1541	2
1542	2
1543	2
1544	5
1545	5
1546	5
1547	5
1548	5
1549	5
1550	5
1551	5
1552	5
1553	4
1554	5
1555	5
1556	6
1557	4
1558	6
1559	3
1560	4
1561	4
1562	6
1563	9
1564	9
1565	9
1566	9
1567	9
1568	6
1569	6
1570	3
1571	6
1572	3
1573	3
1574	3
1575	6
1576	2
1577	2
1578	3
1579	4
1580	6
1581	2
1582	3
1584	4
1585	4
1586	4
1587	4
1588	4
1589	4
1590	4
1591	4
1592	4
1593	4
1594	4
1596	4
1597	4
1598	4
1599	2
1600	4
1601	2
1602	4
1603	4
1604	4
1605	4
1606	4
1607	4
1608	4
1609	2
1610	2
1611	4
1612	2
1613	4
1614	2
1615	4
1616	2
1617	4
1618	2
1619	4
1620	2
1621	2
1622	2
1623	2
1624	2
1625	4
1626	4
1627	4
1628	4
1629	2
1630	4
1631	4
1632	2
1633	4
1634	4
1635	4
1636	3
1637	5
1638	5
1639	3
1640	5
1641	5
1642	5
1643	3
1644	3
1645	3
1646	4
1647	4
1648	4
1649	4
1650	4
1651	4
1652	4
1653	4
1654	4
1655	4
1656	3
1657	3
1658	2
1659	2
1660	4
1661	4
1662	2
1663	3
1664	3
1665	5
1666	5
1667	5
1668	5
1669	5
1670	5
1671	4
1672	2
1673	4
1674	2
1675	2
1676	2
1677	2
1678	2
1679	2
1680	2
1681	2
1682	2
1683	2
1684	2
1685	2
1686	2
1687	2
1688	3
1689	3
1690	3
1691	3
1692	3
1693	3
1694	3
1695	3
1696	2
1697	2
1698	2
1699	2
1700	4
1701	4
1702	2
1703	2
1704	2
1705	4
1706	2
1707	2
1708	4
1709	2
1710	4
1711	4
1712	4
1713	3
1714	3
1715	5
1716	5
1717	5
1718	5
1719	5
1720	5
1721	3
1722	3
1723	6
1724	6
1725	6
1726	6
1727	6
1728	6
1729	5
1730	6
1731	6
1732	6
1733	6
1734	6
1735	6
1736	6
1737	4
1738	4
1739	4
1740	4
1741	4
1742	4
1743	3
1744	4
1745	6
1746	4
1747	4
1748	4
1749	4
1750	4
1751	4
1752	2
1753	4
1754	3
1755	3
1756	3
1757	2
1758	2
1759	4
1760	2
1761	2
1762	2
1763	4
1764	4
1765	4
1766	4
1767	4
1769	4
1770	4
1771	4
1772	2
1773	4
1774	4
1775	4
1776	4
1777	2
1778	4
1779	2
1780	2
1781	2
1782	4
1783	2
1784	4
1785	4
1786	2
1787	2
1788	2
1789	4
1790	2
1791	2
1792	2
1793	2
1795	4
1796	2
1797	2
1798	4
1799	2
1800	2
1801	5
1802	5
1803	3
1804	3
1805	5
1806	3
1807	3
1808	3
1809	3
1810	3
1811	3
1812	3
1813	3
1814	3
1815	3
1816	3
1817	3
1818	3
1819	4
1820	3
1821	4
1822	3
1823	3
1824	2
1825	3
1826	5
1827	2
1828	2
1829	4
1830	5
1831	4
1832	4
1833	2
1834	2
1835	2
1836	2
1837	2
1838	2
1839	2
1840	2
1841	2
1842	2
1843	2
1844	2
1845	2
1846	2
1847	2
1848	2
1849	2
1850	5
1851	3
1852	3
1853	3
1854	3
1855	3
1856	3
1857	3
1858	3
1859	3
1860	3
1861	3
1862	3
1863	3
1864	3
1865	3
1866	5
1867	3
1868	3
1869	3
1870	3
1871	3
1872	5
1873	5
1874	3
1875	5
1876	5
1877	4
1878	4
1879	5
1880	5
1881	4
1882	5
1883	6
1884	6
1885	6
1886	6
1887	6
1888	6
1889	6
1890	6
1891	6
1892	6
1893	6
1894	3
1895	6
1896	4
1897	4
1898	4
1899	4
1900	2
1901	4
1902	4
1903	4
1904	4
1905	2
1906	2
1907	2
1908	4
1909	4
1910	2
1911	2
1912	2
1913	2
1914	2
1915	2
1916	2
1917	2
1918	2
1919	2
1920	2
1921	2
1922	2
1923	2
1924	2
1925	4
1926	4
1927	2
1928	2
1929	4
1930	4
1931	2
1932	2
1933	4
1934	2
1935	2
1936	2
1937	2
1938	2
1939	4
1940	2
1941	2
1942	4
1943	4
1944	4
1945	4
1946	4
1947	2
1948	4
1949	2
1950	2
1951	4
1952	4
1953	2
1954	3
1955	3
1956	3
1957	4
1958	4
1959	4
1960	4
1961	4
1962	4
1963	4
1964	4
1965	3
1966	5
1967	3
1968	3
1969	3
1970	5
1971	5
1972	5
1973	3
1974	4
1975	5
1976	5
1977	3
1978	3
1979	3
1980	4
1981	4
1982	4
1983	4
1984	2
1985	2
1986	2
1987	4
1988	2
1989	2
1990	4
1991	2
1992	2
1993	2
1994	2
1995	2
1996	2
1997	2
1998	2
1999	2
2000	2
2001	2
2002	2
2003	2
2004	2
2005	2
2006	2
2007	2
2008	2
2009	4
2010	2
2011	3
2012	3
2013	3
2014	5
2015	4
2016	5
2017	5
2018	5
2019	5
2020	5
2021	5
2022	5
2023	5
2024	3
2025	6
2026	6
2027	5
2028	5
2029	3
2030	5
2031	3
2032	3
2033	4
2034	4
2035	4
2036	3
2037	4
2038	4
2039	3
2040	4
2041	6
2042	6
2043	6
2044	6
2045	6
2046	3
2047	6
2048	6
2049	6
2050	6
2051	6
2052	6
2053	6
2054	6
2055	6
2056	6
2057	6
2058	6
2059	6
2060	6
2061	6
2062	6
2063	2
2064	3
2065	2
2066	2
2067	3
2068	4
2069	4
2070	4
2071	4
2072	4
2073	4
2074	4
2075	4
2076	2
2077	4
2078	2
2079	4
2080	4
2081	4
2082	2
2083	4
2084	4
2085	2
2086	2
2087	2
2088	4
2089	2
2090	2
2091	4
2092	4
2093	4
2094	4
2095	4
2096	2
2097	4
2098	4
2099	4
2100	2
2101	4
2102	2
2103	2
2104	2
2105	4
2106	2
2107	2
2108	2
2109	2
2110	2
2111	2
2112	2
2113	3
2114	3
2115	5
2116	5
2117	3
2118	3
2119	4
2120	3
2121	4
2122	4
2123	3
2124	4
2125	4
2126	5
2127	4
2128	3
2129	3
2130	4
2131	4
2132	4
2133	4
2134	4
2135	4
2136	4
2137	4
2138	4
2139	4
2140	4
2141	2
2142	4
2143	4
2144	2
2145	4
2146	2
2147	2
2148	9
2149	9
2150	2
2151	2
2152	3
2153	2
2154	2
2155	3
2156	5
2157	2
2158	2
2161	3
2162	3
2163	5
2164	5
2165	9
2166	9
2167	5
2168	5
2169	5
2170	5
2171	5
2172	5
2173	5
2174	9
2175	5
2176	5
2177	5
2178	9
2179	5
2180	5
2181	6
2182	3
2183	3
2184	3
2185	3
2186	3
2187	3
2188	4
2189	6
2190	6
2191	5
2192	5
2193	3
2194	6
2195	6
2196	3
2197	3
2198	6
2199	3
2200	3
2201	3
2202	6
2203	6
2204	3
2205	3
2206	6
2207	6
2208	6
2209	6
2210	6
2211	6
2212	6
2213	6
2215	4
2216	6
2217	6
2218	6
2219	6
2220	6
2221	2
2222	2
2223	4
2224	2
2225	2
2226	2
2227	4
2228	4
2229	2
2230	2
2231	2
2232	2
2233	4
2234	2
2235	2
2236	2
2237	4
2238	4
2239	4
2240	4
2241	4
2242	2
2243	2
2244	2
2245	2
2246	2
2247	2
2248	4
2249	2
2250	2
2251	4
2252	4
2253	4
2254	4
2255	4
2256	4
2257	3
2258	6
2259	5
2260	3
2261	3
2262	3
2263	3
2264	3
2265	4
2266	4
2267	3
2268	3
2269	3
2270	3
2271	3
2272	3
2273	3
2274	4
2275	4
2276	4
2277	4
2278	4
2279	4
2280	9
2281	4
2282	4
2283	4
2284	4
2285	4
2286	4
2287	4
2288	9
2289	2
2290	2
2291	2
2292	2
2293	2
2294	2
2295	2
2296	2
2297	2
2298	2
2299	2
2300	2
2301	2
2302	5
2303	5
2304	5
2305	9
2306	9
2307	9
2308	9
2309	9
2310	9
2311	5
2312	9
2313	5
2314	5
2315	5
2316	9
2317	5
2318	9
2319	9
2320	9
2321	9
2322	9
2323	9
2324	5
2325	5
2326	5
2327	5
2328	5
2329	5
2330	5
2331	5
2332	5
2333	5
2334	5
2335	3
2336	5
2337	3
2338	6
2339	3
2340	3
2341	6
2342	5
2343	6
2344	6
2345	6
2346	6
2347	6
2348	6
2349	6
2350	5
2351	6
2352	6
2353	6
2354	5
2355	4
2356	4
2357	4
2358	6
2359	6
2360	6
2361	6
2362	6
2363	6
2364	6
2365	6
2366	6
2367	6
2368	6
2369	6
2370	6
2371	6
2372	6
2373	4
2374	6
2375	4
2376	4
2377	6
2378	4
2379	6
2380	4
2381	4
2382	4
2383	4
2384	2
2385	4
2386	4
2387	4
2388	4
2389	4
2390	2
2391	2
2392	5
2393	2
2394	2
2395	2
2396	2
2397	2
2398	2
2399	4
2400	2
2401	5
2402	2
2403	4
2404	4
2405	4
2406	2
2407	2
2408	2
2409	4
2410	4
2411	4
2412	4
2413	2
2414	2
2415	2
2416	2
2417	4
2418	2
2419	5
2420	2
2421	4
2422	4
2423	4
2424	2
2425	3
2426	3
2427	3
2428	3
2429	3
2430	3
2431	3
2432	3
2433	3
2434	3
2435	4
2436	4
2437	4
2438	3
2439	5
2440	3
2441	3
2442	5
2443	4
2444	4
2445	4
2446	4
2447	3
2448	3
2449	3
2450	5
2451	4
2452	5
2453	5
2454	3
2455	9
2456	4
2457	4
2458	4
2459	5
2460	5
2461	4
2462	4
2463	4
2464	5
2465	3
2466	5
2467	4
2468	5
2469	3
2470	5
2471	5
2472	5
2473	9
2474	5
2475	9
2476	9
2477	5
2478	9
2479	9
2480	9
2481	9
2482	9
2483	9
2484	5
2485	5
2486	5
2487	5
2488	9
2489	9
2490	5
2491	9
2492	5
2493	9
2494	5
2495	6
2496	5
2497	6
2498	5
2499	5
2500	5
2501	5
2502	5
2503	6
2504	6
2505	6
2506	6
2507	5
2508	5
2509	6
2510	4
2511	2
2512	4
2513	4
2514	2
2515	2
2516	2
2517	2
2518	2
2520	4
2521	4
2522	4
2523	4
2524	4
2525	4
2526	6
2527	6
2528	6
2529	6
2530	6
2531	6
2532	6
2533	6
2534	6
2535	6
2536	6
2537	4
2538	2
2539	2
2540	6
2541	4
2542	2
2543	2
2544	2
2545	2
2546	2
2547	4
2548	4
2549	2
2550	4
2551	4
2552	2
2553	4
2554	4
2555	4
2556	4
2557	4
2558	4
2559	4
2560	4
2561	4
2562	4
2563	4
2564	4
2565	4
2566	4
2567	4
2568	4
2569	2
2570	2
2571	4
2572	4
2573	2
2574	2
2575	4
2576	2
2577	4
2578	2
2579	5
2580	2
2581	2
2582	2
2583	2
2584	4
2585	4
2586	4
2587	4
2588	2
2589	4
2590	3
2591	3
2592	3
2593	3
2594	3
2595	3
2596	3
2597	3
2598	6
2599	3
2600	5
2601	3
2602	5
2603	3
2604	3
2605	5
2606	3
2607	5
2608	3
2609	3
2610	3
2611	5
2612	5
2613	5
2614	5
2615	3
2616	4
2617	4
2618	4
2619	4
2620	4
2621	5
2622	4
2623	4
2624	4
2625	4
2626	4
2627	5
2628	5
2629	5
2630	3
2631	3
2632	6
2633	3
2634	3
2635	5
2636	5
2637	5
2638	5
2639	5
2640	5
2641	9
2642	9
2643	9
2644	9
2645	5
2646	9
2647	9
2648	9
2649	6
2650	5
2651	5
2652	5
2653	5
2654	3
2655	5
2656	6
2657	6
2658	6
2659	6
2660	6
2661	6
2662	6
2663	6
2664	6
2665	6
2666	6
2667	3
2668	4
2669	4
2670	4
2671	4
2672	4
2673	4
2674	4
2675	2
2676	4
2677	2
2678	2
2679	2
2680	5
2681	4
2682	5
2683	4
2684	6
2685	6
2686	6
2687	6
2688	6
2689	6
2690	6
2691	6
2692	6
2693	6
2694	6
2695	6
2696	6
2697	4
2698	2
2699	2
2700	2
2701	2
2702	3
2703	4
2704	3
2705	4
2706	4
2707	4
2708	4
2710	2
2711	2
2712	2
2713	2
2714	2
2715	2
2716	2
2717	2
2718	2
2719	2
2720	2
2721	2
2722	2
2723	4
2724	4
2725	4
2726	4
2727	4
2728	4
2729	5
2730	4
2731	2
2732	5
2733	2
2734	2
2735	2
2736	2
2737	2
2738	3
2739	2
2740	2
2741	3
2742	3
2743	6
2744	3
2745	3
2746	3
2747	3
2748	3
2749	3
2750	3
2751	3
2752	3
2753	3
2754	3
2755	3
2756	3
2757	3
2758	3
2759	9
2760	3
2761	3
2762	9
2763	3
2764	3
2765	3
2766	3
2767	3
2768	3
2769	3
2770	3
2771	5
2772	5
2773	5
2774	5
2775	5
2776	3
2777	9
2778	4
2779	4
2780	4
2781	4
2782	4
2783	4
2784	4
2785	2
2786	2
2787	4
2788	2
2789	2
2790	2
2791	2
2792	2
2793	4
2794	4
2795	4
2796	6
2797	5
2798	3
2799	3
2800	3
2801	9
2802	9
2803	5
2804	5
2805	5
2806	5
2807	5
2808	5
2809	5
2810	9
2811	9
2812	9
2813	5
2814	5
2815	5
2816	5
2817	5
2818	5
2819	3
2820	3
2821	3
2822	5
2823	5
2824	6
2825	4
2826	5
2827	5
2828	5
2829	6
2830	4
2831	6
2832	5
2833	4
2834	4
2835	5
2836	2
2837	2
2838	2
2839	2
2840	4
2841	4
2842	2
2843	4
2844	2
2845	4
2846	2
2847	2
2848	3
2849	4
2850	5
2851	3
2852	3
2853	3
2854	4
2855	2
2856	2
2857	6
2858	6
2859	6
2860	4
2861	4
2862	4
2863	6
2864	6
2865	4
2866	3
2867	3
2868	4
2869	4
2870	3
2871	3
2872	4
2873	3
2874	4
2875	2
2876	2
2877	2
2878	2
2879	2
2880	2
2881	2
2882	2
2883	2
2884	2
2885	2
2886	2
2887	2
2888	2
2889	2
2890	2
2891	2
2892	2
2893	2
2894	2
2895	3
2896	4
2897	2
2898	4
2899	2
2900	2
2901	2
2902	2
2903	2
2904	2
2905	2
2906	2
2907	2
2908	2
2909	4
2910	2
2911	2
2912	2
2913	3
2914	3
2915	3
2916	3
2917	6
2918	3
2919	3
2920	3
2921	6
2922	6
2923	3
2924	5
2925	3
2926	3
2927	3
2928	3
2929	3
2930	5
2931	3
2932	3
2933	5
2934	5
2935	3
2936	3
2937	3
2938	3
2939	3
2940	4
2941	3
2942	4
2943	4
2944	4
2945	4
2946	3
2947	3
2948	4
2949	4
2950	4
2951	4
2952	4
2953	4
2954	4
2955	4
2956	4
2957	4
2958	3
2959	3
2960	3
2961	3
2962	5
2964	3
2965	4
2966	4
2967	5
2968	5
2969	9
2970	6
2971	9
2972	9
2973	5
2974	5
2975	5
2976	5
2977	5
2978	5
2979	5
2980	3
2981	3
2982	2
2983	2
2984	3
2985	4
2986	6
2987	4
2988	4
2989	4
2990	4
2991	4
2992	4
2993	4
2994	4
2995	5
2996	3
2997	4
2998	3
2999	5
3000	5
3001	9
3002	9
3003	9
3004	9
3005	9
3006	9
3007	4
3008	4
3009	4
3010	4
3011	4
3012	4
3013	4
3014	4
3015	4
3016	4
3017	4
3018	4
3019	4
3020	4
3021	4
3022	2
3023	3
3024	5
3025	5
3026	2
3027	5
3028	3
3029	3
3030	2
3031	2
3032	3
3033	3
3034	6
3035	2
3036	2
3037	2
3038	4
3039	3
3040	3
3041	2
3042	2
3043	2
3044	2
3045	2
3046	2
3047	2
3048	2
3049	2
3050	2
3051	2
3052	4
3053	2
3054	2
3055	4
3056	4
3057	4
3058	4
3059	2
3060	4
3061	2
3062	4
3063	4
3064	2
3065	2
3066	2
3067	4
3068	4
3069	4
3070	2
3071	2
3072	4
3073	4
3074	2
3075	2
3076	4
3077	4
3078	2
3079	2
3080	2
3081	6
3082	3
3083	6
3084	3
3085	3
3086	3
3087	3
3088	3
3089	3
3090	6
3091	3
3092	3
3093	3
3094	3
3095	3
3096	3
3097	3
3098	3
3099	3
3100	3
3101	3
3102	3
3103	3
3104	4
3105	3
3106	3
3107	3
3108	3
3109	3
3110	2
3111	2
3112	3
3113	9
3114	9
3115	9
3116	9
3117	9
3118	4
3119	4
3120	4
3121	4
3122	4
3123	4
3124	5
3125	3
3126	3
3127	5
3128	2
3129	3
3130	4
3131	5
3132	5
3133	6
3135	5
3136	6
3137	9
3138	9
3139	3
3140	5
3141	9
3142	5
3143	5
3144	5
3145	5
3146	4
3147	5
3148	3
3149	3
3150	6
3151	3
3152	3
3153	4
3154	4
3155	4
3156	5
3157	5
3158	4
3159	5
3160	4
3161	4
3162	4
3163	9
3164	5
3165	9
3166	9
3167	9
3168	9
3169	4
3170	5
3171	4
3172	5
3173	5
3174	2
3175	2
3176	2
3177	4
3178	2
3179	4
3180	4
3181	4
3184	4
3185	4
3186	4
3187	2
3188	2
3189	4
3190	4
3191	4
3192	4
3193	2
3194	4
3195	4
3196	4
3197	4
3198	4
3199	6
3200	6
3201	4
3202	4
3203	2
3204	4
3205	4
3206	4
3212	2
3213	2
3214	2
3215	2
3216	2
3217	2
3218	4
3219	4
3220	4
3221	2
3222	2
3223	2
3224	2
3225	2
3226	2
3227	4
3228	2
3229	4
3230	2
3231	2
3232	4
3233	4
3234	4
3235	4
3236	4
3237	4
3238	2
3239	4
3240	4
3241	3
3242	3
3243	3
3244	3
3245	3
3246	3
3247	3
3248	6
3249	3
3250	3
3251	2
3252	2
3253	3
3254	3
3255	2
3256	2
3257	2
3258	3
3259	2
3260	3
3261	3
3262	3
3263	9
3264	9
3265	9
3266	9
3267	9
3268	3
3269	5
3270	3
3271	9
3272	5
3273	5
3274	4
3275	4
3276	4
3277	5
3278	4
3279	4
3280	4
3281	4
3282	5
3284	5
3285	2
3286	4
3287	5
3288	5
3289	3
3292	4
3293	9
3294	5
3295	5
3296	3
3297	3
3298	9
3299	4
3300	4
3301	5
3302	3
3303	3
3304	4
3305	5
3306	5
3307	5
3308	4
3309	4
3310	4
3311	4
3312	4
3313	4
3314	6
3315	6
3316	6
3317	6
3318	6
3319	4
3320	5
3321	5
3322	4
3323	9
3324	5
3325	5
3326	4
3327	5
3328	4
3329	4
3330	4
3331	5
3332	4
3333	2
3334	2
3335	2
3336	2
3337	3
3338	3
3339	2
3340	3
3341	3
3342	3
3343	3
3344	4
3345	4
3346	4
3347	2
3348	6
3350	2
3351	2
3352	4
3353	4
3355	2
3356	4
3357	4
3358	4
3359	4
3360	4
3361	4
3362	4
3363	4
3364	4
3365	4
3366	4
3367	4
3368	4
3369	4
3370	2
3371	2
3372	2
3373	2
3374	4
3375	4
3376	4
3377	4
3378	4
3379	4
3380	2
3381	4
3382	4
3383	4
3384	4
3385	4
3386	2
3387	2
3388	4
3389	2
3390	4
3391	2
3392	4
3393	4
3394	2
3395	2
3396	2
3397	2
3398	2
3399	4
3400	3
3401	3
3402	6
3403	6
3404	6
3405	6
3406	6
3407	6
3408	2
3409	2
3410	3
3411	3
3412	3
3413	5
3414	5
3415	3
3416	3
3417	5
3418	3
3419	3
3420	3
3421	3
3422	3
3423	3
3424	3
3425	3
3426	3
3427	3
3428	5
3429	3
3430	5
3431	4
3432	4
3433	5
3434	4
3435	4
3436	5
3437	5
3438	4
3439	6
3440	4
3441	2
3442	4
3443	4
3444	2
3445	2
3446	4
3447	3
3448	4
3449	5
3450	2
3451	3
3452	3
3453	5
3454	5
3455	3
3456	5
3457	5
3458	3
3459	5
3460	3
3461	5
3462	4
3463	4
3464	4
3465	4
3466	5
3467	4
3468	4
3469	5
3470	5
3471	5
3472	5
3473	4
3474	5
3475	4
3476	5
3477	6
3478	4
3479	4
3480	5
3481	4
3482	4
3483	4
3484	6
3485	6
3486	4
3487	5
3488	5
3489	5
3490	4
3491	6
3492	5
3493	6
3494	6
3495	6
3496	3
3497	3
3498	3
3499	3
3500	3
3501	4
3502	4
3503	4
3504	4
3505	4
3506	4
3507	4
3508	4
3509	4
3510	4
3513	4
3514	4
3515	4
3516	2
3517	2
3518	4
3519	2
3520	2
3521	2
3522	2
3523	4
3524	2
3525	2
3526	2
3527	2
3528	2
3529	4
3530	2
3531	4
3533	2
3534	2
3535	4
3536	4
3537	4
3538	2
3539	5
3540	5
3541	4
3542	2
3543	5
3544	5
3545	4
3546	4
3547	4
3548	4
3549	4
3550	4
3551	4
3552	4
3553	4
3554	4
3555	4
3556	4
3557	4
3558	2
3559	2
3560	2
3561	2
3562	2
3563	2
3564	2
3565	4
3566	2
3567	2
3568	3
3569	6
3570	6
3571	3
3572	3
3573	3
3574	3
3575	3
3576	4
3577	2
3578	3
3579	3
3580	3
3581	3
3582	5
3583	3
3584	3
3585	3
3586	5
3587	9
3588	9
3589	9
3590	9
3591	5
3592	5
3593	5
3594	5
3595	5
3596	2
3597	2
3598	5
3599	5
3600	4
3601	5
3602	2
3603	5
3604	9
3605	5
3606	9
3607	9
3608	9
3609	3
3610	3
3611	3
3612	3
3614	3
3615	2
3616	3
3617	3
3618	3
3619	5
3620	3
3621	5
3622	5
3623	5
3624	6
3625	6
3626	6
3627	5
3628	5
3629	5
3630	3
3631	5
3632	5
3633	5
3634	5
3635	3
3636	5
3637	4
3638	5
3639	5
3640	4
3641	5
3642	6
3643	5
3644	6
3645	4
3646	4
3647	4
3648	6
3649	6
3650	6
3651	6
3652	6
3653	6
3654	6
3655	6
3656	6
3657	4
3658	3
3659	3
3660	4
3661	4
3662	3
3663	4
3664	4
3665	4
3666	4
3667	4
3668	6
3669	2
3670	2
3671	2
3672	4
3673	4
3674	4
3675	4
3676	4
3677	4
3678	4
3679	4
3680	4
3681	4
3682	4
3684	4
3685	2
3686	2
3687	2
3688	4
3689	4
3690	4
3691	4
3692	4
3693	4
3694	4
3695	4
3696	4
3697	4
3698	4
3699	4
3700	4
3701	4
3702	4
3703	2
3704	4
3705	4
3706	4
3707	4
3708	4
3709	2
3710	4
3711	2
3712	2
3713	2
3715	4
3717	4
3718	4
3719	4
3720	4
3721	4
3722	4
3723	4
3724	4
3725	4
3726	3
3727	3
3728	3
3729	3
3730	3
3731	2
3732	2
3733	3
3734	3
3735	4
3736	4
3737	4
3738	4
3739	4
3740	4
3741	4
3742	5
3743	5
3744	5
3745	5
3746	5
3747	5
3748	5
3749	5
3750	5
3751	5
3752	3
3753	5
3754	3
3755	3
3756	4
3757	4
3758	5
3759	5
3760	4
3761	2
3762	4
3763	2
3764	2
3768	3
3769	3
3770	4
3771	3
3772	5
3773	3
3774	3
3775	5
3776	5
3777	4
3778	5
3779	6
3780	6
3781	6
3782	6
3783	6
3784	6
3785	6
3786	6
3787	4
3788	6
3789	6
3790	8
3791	8
3792	8
3793	8
3794	8
3795	8
3796	8
3797	8
3798	8
3799	8
3800	8
3801	8
3802	8
3803	8
3804	8
3805	8
3806	8
3807	8
3808	8
3809	8
3810	8
3811	8
3812	8
3813	8
3814	8
3815	8
3816	8
3817	8
3818	8
3819	8
3820	8
3821	8
3822	8
3823	8
3824	8
3825	8
3826	8
3827	8
3828	8
3829	8
3830	8
3831	8
3832	8
3833	8
3834	8
3835	8
3836	8
3837	8
3838	8
3839	8
3840	8
3841	8
3842	8
3843	8
3844	8
3845	8
3846	8
3847	8
3848	8
3849	8
3850	8
3851	8
3852	8
3853	8
3854	8
3855	8
3856	8
3857	8
3858	8
3859	8
3860	8
3861	9
3862	8
3863	8
3864	8
3865	8
3866	8
3867	8
3868	8
3869	8
3870	9
3871	8
3872	8
3873	8
3874	8
3875	8
3876	8
3877	9
3878	8
3879	8
3880	8
3883	8
3884	8
3885	8
3886	8
3887	8
3888	8
3889	8
3890	8
3892	8
3893	8
3894	8
3897	8
3898	8
3899	8
3900	8
3901	8
3902	8
3903	8
3904	8
3905	8
3906	8
3907	8
3908	8
3909	8
3910	8
3911	8
3912	8
3913	8
3914	9
3915	8
3916	8
3917	8
3918	8
3919	8
3920	8
3921	8
3922	8
3923	8
3924	8
3925	8
3926	9
3927	8
3928	8
3929	8
3930	8
3931	8
3932	8
3933	8
3934	8
3935	8
3936	8
3937	8
3938	8
3939	8
3940	8
3941	8
3942	8
3943	8
3944	8
3945	8
3946	8
3947	8
3948	8
3949	8
3950	8
3951	8
3952	8
3953	8
3954	8
3955	8
3956	8
3957	8
3958	8
3959	8
3960	8
3961	8
3962	8
3963	9
3964	8
3965	8
3966	8
3967	8
3968	8
3969	9
3970	8
3971	8
3972	8
3973	8
3974	8
3975	8
3976	8
3977	8
3978	8
3979	8
3980	8
3981	8
3982	8
3983	8
3985	8
3986	8
3987	7
3988	7
3989	1
3990	9
3991	9
3992	9
3993	9
3994	9
3995	5
3996	1
3997	9
3998	7
3999	1
4000	9
4001	5
4002	7
4003	5
4004	9
4005	9
4006	9
4007	5
4008	9
4009	7
4010	9
4011	5
4012	9
4013	9
4014	5
4015	9
4016	5
4017	5
4018	5
4019	7
4020	9
4021	9
4022	9
4023	7
4024	9
4025	7
4026	9
4027	9
4028	1
4029	1
4030	7
4031	7
4032	7
4033	7
4034	7
4035	7
4036	7
4037	7
4038	9
4039	9
4040	1
4041	1
4042	1
4043	9
4044	9
4045	7
4046	9
4047	1
4048	9
4049	0
4050	0
4051	0
4052	0
4053	0
4054	0
4055	0
4056	0
4057	0
4058	0
4059	0
4060	0
4061	0
4062	0
4063	0
4064	1
4065	0
4066	0
4067	0
4068	1
4069	1
4070	1
4071	1
4072	1
4073	0
4074	9
4075	0
4076	0
4077	0
4078	0
4079	8
4080	0
4081	6
4082	8
4083	0
4084	0
4085	0
4086	0
4087	0
4088	0
4089	0
4090	0
4091	8
4092	8
4093	8
4094	0
4095	0
4096	0
4097	8
4098	8
4099	8
4100	8
4101	0
4102	8
4103	0
4104	8
4105	8
4106	9
4107	8
4108	8
4109	8
4110	9
4111	8
4112	0
4113	6
4114	8
4115	8
4116	6
4117	6
4118	8
4119	8
4120	6
4121	6
4122	9
4123	0
4124	8
4125	0
4126	0
4127	8
4128	0
4129	0
4130	8
4131	0
4132	0
4133	8
4134	6
4135	6
4136	8
4137	8
4138	8
4139	8
4140	8
4141	8
4142	6
4143	8
4144	8
4145	0
4146	8
4147	0
4148	6
4149	8
4150	0
4151	0
4152	0
4153	8
4154	0
4155	6
4156	6
4157	8
4158	8
4159	8
4160	0
4161	9
4162	7
4163	1
4164	7
4165	7
4166	0
4167	7
4168	1
4169	7
4170	7
4171	7
4172	1
4173	1
4174	7
4175	7
4176	9
4177	9
4178	9
4179	1
4180	7
4181	7
4182	7
4183	7
4184	7
4185	7
4186	7
4187	7
4188	7
4189	7
4190	7
4191	7
4192	7
4193	7
4194	1
4195	7
4196	7
4197	7
4198	0
4199	1
4200	7
4201	7
4202	1
4203	9
4204	7
4205	7
4206	7
4207	7
4208	9
4209	9
4210	8
4211	8
4212	8
4213	8
4214	8
4215	8
4216	8
4217	8
4218	8
4219	8
4220	8
4221	8
4222	8
4223	8
4224	8
4225	8
4226	8
4227	8
4228	8
4229	8
4230	8
4231	8
4232	8
4233	8
4234	8
4235	8
4236	9
4237	9
4238	9
4239	9
4240	9
4241	9
4242	9
4243	8
4244	9
4245	8
4246	8
4247	8
4248	8
4249	8
4250	8
4251	8
4252	8
4253	9
4254	8
4255	8
4256	8
4257	8
4258	8
4259	8
4260	8
4261	8
4262	8
4263	8
4264	8
4265	8
4266	7
4267	7
4268	7
4269	7
4270	7
4271	7
4272	7
4273	7
4274	7
4275	7
4276	7
4277	7
4278	7
4279	7
4280	7
4281	7
4282	7
4283	7
4284	7
4285	7
4286	7
4287	0
4288	0
4289	7
4290	7
4291	7
4292	7
4293	7
4294	7
4295	7
4296	7
4297	7
4298	7
4299	7
4300	7
4301	7
4302	7
4303	7
4304	7
4305	7
4306	7
4307	7
4308	7
4309	7
4310	0
4311	7
4312	7
4313	7
4314	7
4315	7
4316	7
4317	7
4318	7
4319	7
4320	7
4321	7
4322	7
4323	7
4324	7
4325	7
4326	7
4327	7
4328	7
4329	7
4330	7
4331	7
4332	7
4333	7
4334	7
4335	7
4336	7
4337	7
4338	7
4339	7
4340	7
4341	7
4342	7
4343	7
4344	7
4345	7
4346	7
4347	7
4348	7
4349	7
4350	7
4351	7
4352	0
4353	7
4354	7
4355	7
4356	7
4357	7
4358	7
4359	7
4360	7
4361	0
4362	7
4363	7
4364	7
4365	7
4366	7
4367	7
4368	7
4369	7
4370	7
4371	7
4372	0
4373	7
4374	7
4375	7
4376	7
4377	7
4378	7
4379	7
4380	7
4381	0
4382	7
4383	7
4384	7
4385	7
4386	7
4387	7
4388	7
4389	7
4390	7
4391	7
4392	7
4393	7
4394	0
4395	7
4396	7
4397	7
4398	7
4399	7
4400	7
4401	0
4402	7
4403	7
4404	7
4405	7
4406	7
4407	7
4408	7
4409	7
4410	7
4411	7
4412	7
4413	7
4414	7
4415	7
4416	7
4417	7
4418	7
4419	0
4420	7
4421	7
4422	7
4423	0
4424	7
4425	7
4426	7
4427	7
4428	7
4429	7
4430	7
4431	7
4432	7
4433	7
4434	7
4435	7
4436	7
4437	7
4438	7
4439	7
4440	7
4441	7
4442	7
4443	7
4444	7
4445	7
4446	7
4447	7
4448	7
4449	0
4450	7
4451	7
4452	7
4453	0
4454	7
4455	7
4456	0
4457	7
4458	7
4459	7
4460	7
4461	0
4462	7
4463	0
4464	7
4465	7
4466	7
4467	7
4468	7
4469	7
4470	7
4471	0
4472	7
4473	7
4474	7
4475	7
4476	7
4477	7
4478	7
4479	7
4480	9
4481	0
4482	0
4483	7
4484	7
4485	7
4486	7
4487	7
4488	7
4489	7
4490	8
4496	9
4497	9
4498	8
4499	8
4500	9
4501	8
4502	9
4503	8
4504	9
4510	9
4511	9
4512	9
4513	8
4514	0
4515	0
4516	9
4517	8
4518	8
4519	9
4520	9
4521	8
4522	8
4523	8
4524	9
4525	8
4526	9
4527	7
4528	7
4529	7
4530	7
4531	7
4532	7
4533	7
4534	7
4535	7
4536	7
4537	7
4538	7
4539	7
4540	7
4541	7
4542	7
4543	7
4544	7
4545	7
4546	7
4547	7
4548	7
4549	7
4550	7
4551	7
4552	7
4553	7
4554	5
4555	3
4556	3
4557	3
4558	3
4559	3
4560	3
4561	3
4562	3
4563	3
4564	6
4565	3
4566	3
4567	3
4568	6
4569	6
4570	4
4571	6
4572	4
4573	4
4574	9
4575	3
4576	3
4577	6
4578	3
4579	6
4580	3
4581	3
4582	3
4583	6
4584	6
4585	6
4586	8
4587	8
4588	3
4589	3
4590	5
4591	5
4592	3
4596	3
4597	8
4599	8
4600	8
4601	8
4602	8
4603	8
4607	8
4608	5
4609	5
4610	5
4611	5
4612	3
4613	3
4614	3
4615	3
4616	3
4617	8
4618	8
4619	8
4620	8
4621	9
4622	6
4623	3
4624	3
4625	3
4626	6
4627	5
4628	3
4629	3
4630	3
4631	3
4632	6
4633	6
4634	3
4635	3
4636	3
4637	3
4638	8
4639	8
4640	8
4641	8
4642	6
4643	5
4644	5
4645	5
4646	5
4647	3
4648	3
4649	3
4650	3
4651	3
4652	5
4653	8
4654	8
4655	8
4656	8
4657	5
4658	5
4659	5
4660	4
4661	3
4662	5
4663	5
4664	3
4665	3
4666	3
4667	3
4668	3
4669	3
4670	6
4671	6
4672	6
4673	6
4674	3
4675	0
4676	0
4677	9
4678	5
4679	5
4680	3
4681	5
4682	5
4683	5
4684	4
4685	5
4686	6
4687	3
4688	3
4689	3
4690	6
4691	6
4692	4
4693	6
4694	6
4695	6
4696	6
4697	6
4698	5
4699	5
4700	4
4701	5
4702	4
4703	5
4704	4
4705	4
4706	6
4707	6
4708	6
4709	6
4710	3
4711	3
4712	6
4713	6
4714	3
4715	6
4716	3
4717	3
4718	3
4719	3
4720	4
4721	5
4722	3
4723	5
4724	6
4725	6
4726	3
4727	3
4728	6
4729	4
4730	4
4731	6
4732	4
4733	4
4734	4
4735	4
4736	4
4737	4
4738	3
4739	3
4740	3
4741	3
4742	3
4743	6
4744	6
4745	6
4746	6
4747	3
4748	6
4749	6
4750	4
4751	4
4752	3
4753	6
4754	3
4755	4
4756	4
4757	4
4758	6
4759	6
4760	3
4761	6
4762	6
4763	6
4764	6
4765	6
4766	4
4767	4
4768	4
4769	4
4770	4
4771	4
4772	3
4773	3
4774	3
4775	6
4776	3
4777	3
4778	3
4779	3
4780	3
4781	6
4782	6
4783	6
4784	8
4785	5
4786	4
4787	5
4788	3
4789	3
4790	3
4791	6
4792	6
4793	4
4794	4
4795	4
4796	5
4797	3
4798	4
4799	4
4800	4
4801	3
4802	4
4803	4
4804	3
4805	4
4806	4
4807	4
4808	4
4809	6
4810	5
4811	4
4812	4
4813	5
4815	8
4816	8
4817	9
4818	8
4819	9
4820	8
4821	8
4822	8
4823	8
4826	3
4827	3
4828	4
4829	3
4830	3
4831	6
4832	6
4833	3
4834	3
4835	3
4836	6
4837	4
4838	4
4839	3
4840	3
4841	4
4842	4
4843	4
4844	6
4845	4
4846	4
4847	5
4848	4
4849	4
4850	4
4851	3
4852	6
4853	4
4854	4
4855	4
4856	4
4857	3
4858	6
4859	3
4860	6
4861	3
4862	5
4863	5
4864	5
4865	4
4866	5
4867	3
4868	4
4869	4
4870	6
4871	4
4872	6
4873	5
4874	6
4875	3
4876	5
4877	3
4878	3
4879	3
4880	3
4881	3
4882	3
4883	6
4884	3
4885	6
4886	6
4887	3
4888	6
4889	6
4890	6
4891	3
4892	6
4893	4
4894	4
4895	6
4896	4
4897	6
4898	3
4899	6
4900	6
4901	6
4902	6
4903	6
4904	6
4905	6
4906	6
4907	6
4908	6
4909	6
4910	9
4911	6
4912	6
4913	6
4914	9
4915	6
4916	6
4917	3
4918	6
4919	6
4920	6
4921	6
4922	6
4923	6
4924	6
4925	3
4926	3
4927	3
4928	6
4929	3
4930	6
4931	6
4932	6
4933	9
4934	6
4935	6
4936	3
4937	3
4938	3
4939	3
4940	9
4941	3
4942	6
4943	4
4944	6
4945	4
4946	4
4947	4
4948	8
4949	8
4950	8
4951	9
4953	9
4954	9
4955	9
4956	9
4958	9
4959	9
4961	9
4966	9
4968	1
4969	1
4970	1
4971	1
4972	5
4973	5
4974	1
4975	1
4976	1
4977	1
4978	1
4979	1
4980	1
4981	1
4982	1
4983	1
4984	1
4985	1
4986	1
4987	1
4988	1
4989	1
4990	1
4991	1
4992	1
4993	1
4994	1
4995	1
4996	1
4997	1
4998	1
4999	1
5000	1
5001	1
5002	1
5003	1
5004	1
5005	1
5006	8
5007	1
5008	1
5009	8
5010	1
5011	1
5012	1
5013	1
5014	8
5015	5
5016	1
5017	1
5018	1
5019	1
5020	8
5021	1
5022	1
5023	1
5024	1
5025	1
5026	8
5027	8
5028	8
5029	1
5030	1
5031	1
5032	1
5033	1
5034	1
5035	1
5036	1
5037	1
5038	1
5039	1
5040	1
5041	1
5042	1
5043	1
5044	1
5045	1
5046	1
5047	1
5048	1
5049	1
5050	1
5051	1
5052	1
5053	1
5054	1
5055	1
5058	1
5059	8
5063	1
5066	8
5067	7
5068	8
5069	8
5070	7
5071	8
5072	8
5073	8
5074	1
5075	1
5076	8
5077	1
5078	8
5079	8
5080	1
5081	7
5082	7
5083	8
5084	7
5085	8
5086	1
5087	1
5088	1
5089	1
5090	1
5091	1
5092	0
5093	0
5094	1
5095	0
5096	0
5097	0
5098	0
5099	0
5100	0
5101	0
5102	0
5103	0
5104	0
5105	0
5106	0
5107	0
5108	0
5109	0
5110	0
5111	0
5112	0
5113	0
5114	0
5115	9
5116	0
5117	9
5118	9
5119	3
5120	9
5121	5
5122	9
5123	9
5124	5
5125	4
5126	4
5127	4
5128	5
5129	4
5130	2
5131	4
5132	3
5133	9
5134	5
5135	2
5136	2
5137	2
5138	5
5139	5
5140	3
5141	5
5142	3
5143	3
5144	4
5145	3
5146	2
5147	7
5148	7
5149	5
5150	9
5151	9
5152	9
5153	2
5154	2
5155	2
5156	5
5157	5
5158	5
5159	2
5160	8
5161	7
5162	4
5163	9
5164	4
5165	4
5166	9
5167	5
5168	3
5169	2
5170	2
5171	2
5172	2
5173	7
5174	4
5175	2
5176	9
5177	5
5178	7
5179	5
5180	4
5181	2
5182	5
5183	9
5184	2
5185	5
5186	5
5187	5
5188	7
5189	5
5190	5
5191	9
5192	5
5193	9
5194	9
5195	9
5196	9
5197	9
5198	5
5199	9
5200	9
5201	2
5202	2
5203	2
5204	2
5205	2
5206	5
5207	5
5208	5
5209	4
5210	2
5211	7
5212	4
5213	7
5214	7
5215	7
5216	5
5217	5
5218	9
5219	9
5220	2
5221	9
5222	5
5223	2
5224	9
5225	2
5226	9
5227	9
5228	7
5229	7
5230	4
5231	5
5232	5
5233	5
5234	5
5235	5
5236	5
5237	4
5238	8
5239	7
5240	4
5241	9
5242	5
5243	9
5244	9
5245	2
5246	5
5247	5
5248	5
5249	3
5250	9
5251	5
5252	9
5253	7
5254	7
5255	2
5256	9
5257	9
5258	5
5259	2
5260	2
5261	2
5262	2
5263	5
5264	5
5265	8
5266	2
5267	1
5268	2
5269	4
5270	2
5271	2
5272	5
5273	5
5274	5
5275	5
5276	2
5277	2
5278	9
5279	5
5280	5
5281	5
5282	9
5283	9
5284	9
5285	2
5286	5
5287	5
5288	9
5289	4
5290	5
5291	2
5292	9
5293	9
5294	3
5295	4
5296	5
5297	5
5298	4
5299	9
5300	9
5301	4
5302	7
5303	2
5304	2
5305	2
5306	5
5307	5
5308	3
5309	8
5310	3
5311	2
5312	2
5313	2
5314	2
5315	5
5316	4
5317	4
5318	5
5319	2
5320	9
5321	5
5322	8
5324	2
5325	5
5326	5
5327	4
5328	9
5329	2
5330	9
5331	2
5332	4
5333	7
5334	7
5335	2
5336	4
5337	4
5338	2
5339	2
5340	2
5341	2
5342	4
5343	4
5344	5
5345	5
5346	4
5347	5
5348	5
5349	9
5350	7
5351	5
5352	5
5353	7
5354	9
5355	9
5356	5
5357	7
5358	2
5359	8
5360	2
5361	2
5362	9
5363	9
5364	4
5365	9
5366	4
5367	2
5368	4
5369	5
5370	2
5371	5
5372	4
5373	9
5374	2
5375	2
5376	5
5377	9
5378	3
5379	9
5380	9
5381	8
5382	9
5383	2
5384	9
5385	7
5386	2
5387	2
5388	2
5389	2
5390	2
5391	2
5392	2
5393	4
5394	2
5395	2
5396	4
5397	2
5398	5
5399	4
5400	7
5401	7
5402	7
5403	2
5404	4
5405	2
5406	2
5407	2
5408	2
5409	2
5410	4
5411	4
5412	4
5413	5
5414	4
5415	4
5416	2
5417	4
5418	1
5419	5
5420	5
5421	4
5422	3
5423	3
5424	5
5425	4
5426	9
5427	4
5428	5
5429	2
5430	2
5431	2
5432	4
5433	2
5434	5
5435	9
5436	4
5437	4
5438	4
5439	4
5440	2
5441	4
5442	4
5443	9
5444	9
5445	5
5446	4
5447	2
5448	2
5449	2
5450	2
5451	2
5452	2
5453	2
5454	4
5455	4
5456	7
5457	5
5458	7
5459	1
5460	2
5461	9
5462	5
5463	4
5464	8
5465	4
5466	5
5467	8
5468	4
5469	4
5470	3
5471	4
5472	8
5473	2
5474	4
5475	5
5476	5
5477	5
5478	9
5479	5
5480	8
5481	9
5482	9
5483	9
5484	9
5485	9
5486	2
5487	5
5488	2
5489	2
5490	4
5491	2
5492	9
5493	5
5494	4
5495	9
5496	5
5497	9
5498	7
5499	2
5500	5
5501	9
5502	2
5503	4
5504	4
5505	2
5506	4
5507	4
5508	4
5509	5
5510	2
5511	2
5512	5
5513	5
5514	5
5515	5
5516	4
5517	9
5518	1
5519	9
5520	4
5521	5
5522	7
5523	5
5524	3
5525	5
5526	2
5527	4
5528	5
5529	7
5530	9
5531	9
5532	9
5533	9
5534	9
5535	9
5536	9
5537	9
5538	4
5539	4
5540	4
5541	4
5542	2
5543	2
5544	2
5545	5
5546	9
5547	9
5548	4
5549	1
5550	9
5551	9
5552	4
5553	4
5554	2
5555	2
5556	5
5557	5
5558	5
5559	5
5560	5
5561	5
5562	4
5563	5
5564	5
5565	5
5566	5
5567	5
5568	5
5569	9
5570	7
5571	7
5572	5
5573	3
5574	5
5575	5
5576	9
5577	4
5578	9
5579	9
5580	4
5581	4
5582	4
5583	4
5584	2
5585	2
5586	9
5587	9
5588	9
5589	9
5590	9
5591	9
5592	9
5593	9
5594	9
5595	9
5596	2
5597	2
5598	2
5599	4
5600	2
5601	5
5602	5
5603	5
5604	5
5605	7
5606	5
5607	5
5608	5
5609	9
5610	7
5611	9
5612	7
5613	3
5614	7
5615	5
5616	5
5617	2
5618	9
5619	4
5620	8
5621	5
5622	5
5623	3
5624	5
5625	8
5626	5
5627	9
5628	4
5629	5
5630	9
5631	9
5632	9
5633	4
5634	4
5635	4
5636	4
5637	2
5638	4
5639	4
5640	4
5641	9
5642	3
5643	9
5644	9
5645	5
5646	5
5647	9
5648	9
5649	9
5650	5
5651	3
5652	5
5653	4
5654	4
5655	4
5656	2
5657	2
5658	5
5659	2
5660	2
5661	5
5662	7
5663	9
5664	5
5665	9
5666	4
5667	3
5668	5
5669	2
5670	1
5671	1
5672	5
5673	9
5674	9
5675	8
5676	9
5677	8
5678	4
5679	9
5680	4
5681	9
5682	4
5683	9
5684	9
5685	9
5686	7
5687	8
5688	4
5689	5
5690	5
5691	5
5692	2
5693	9
5694	9
5695	8
5696	2
5697	9
5698	8
5699	2
5700	2
5701	2
5702	2
5703	2
5704	2
5705	5
5706	5
5707	9
5708	9
5709	4
5710	2
5711	4
5712	4
5713	1
5714	1
5715	4
5716	5
5717	9
5718	5
5719	5
5720	5
5721	8
5722	3
5723	9
5725	4
5726	9
5727	9
5728	7
5729	5
5730	4
5731	7
5732	2
5733	5
5734	4
5735	5
5736	2
5737	5
5738	8
5739	5
5740	9
5741	9
5742	9
5743	5
5744	9
5745	5
5746	9
5747	9
5748	5
5749	2
5750	2
5751	2
5752	2
5753	2
5754	2
5755	2
5756	9
5757	8
5758	8
5759	9
5766	5
5767	7
5768	9
5769	2
5770	8
5771	4
5772	5
5773	2
5774	4
5775	9
5776	2
5777	8
5778	5
5779	4
5780	1
5781	9
5782	5
5783	8
5784	5
5785	8
5786	9
5787	2
5788	5
5789	5
5790	5
5791	9
5792	9
5793	5
5794	9
5795	5
5796	9
5797	5
5798	9
5799	9
5800	5
5801	4
5802	2
5803	2
5804	2
5805	2
5806	9
5807	5
5810	5
5811	9
5812	4
5813	5
5814	7
5815	7
5816	7
5817	7
5818	7
5819	4
5820	5
5821	5
5822	9
5823	5
5824	4
5825	5
5826	4
5827	2
5828	9
5829	3
5830	4
5831	9
5832	8
5833	5
5834	5
5835	5
5836	5
5837	5
5838	5
5839	5
5840	5
5841	5
5842	5
5843	5
5844	5
5845	9
5846	5
5847	9
5848	9
5849	5
5850	3
5851	9
5852	9
5853	3
5854	4
5855	7
5856	7
5857	2
5858	7
5859	4
5860	5
5861	5
5862	7
5863	9
5864	5
5865	2
5866	5
5867	5
5868	3
5869	4
5870	9
5871	1
5872	9
5873	9
5874	4
5875	2
5876	2
5877	5
5878	5
5879	5
5880	5
5881	5
5882	5
5883	5
5884	7
5885	9
5886	5
5887	9
5888	9
5889	9
5890	9
5891	7
5892	7
5893	7
5894	7
5895	7
5896	7
5897	7
5898	7
5899	7
5900	7
5901	7
5902	7
5903	7
5904	7
5905	7
5906	7
5907	7
5908	7
5909	7
5910	7
5911	7
5912	7
5913	7
5914	7
5915	7
5916	7
5917	7
5918	7
5919	7
5920	7
5921	7
5922	7
5923	7
5924	7
5925	7
5926	7
5927	7
5928	7
5929	7
5930	7
5931	7
5932	7
5933	7
5934	7
5935	7
5936	7
5937	7
5938	7
5939	7
5940	7
5941	7
5942	7
5943	7
5944	7
5945	7
5946	7
5947	7
5948	7
5949	7
5950	0
5951	7
5952	7
5953	7
5954	7
5955	7
5956	7
5957	7
5958	7
5959	7
5960	7
5961	7
5962	7
5963	7
5964	7
5965	7
5966	7
5967	7
5968	7
5969	7
5970	7
5971	7
5972	7
5973	7
5974	7
5975	7
5976	7
5977	7
5978	7
5979	7
5980	7
5981	7
5982	7
5983	7
5984	7
5985	7
5986	7
5987	7
5988	7
5989	7
5990	7
5991	7
5992	7
5993	7
5994	7
5995	7
5996	7
5997	7
5998	7
5999	7
6000	7
6001	7
6002	7
6003	7
6004	7
6005	7
6006	7
6007	7
6008	7
6009	7
6010	7
6011	7
6012	7
6013	7
6014	7
6015	7
6016	7
6017	7
6018	7
6019	7
6020	7
6021	7
6022	7
6023	7
6024	7
6025	7
6026	7
6027	7
6028	7
6029	7
6030	7
6031	7
6032	7
6033	7
6034	7
6035	7
6036	7
6037	7
6038	7
6039	7
6040	7
6041	7
6042	7
6043	7
6044	7
6045	7
6046	7
6047	7
6048	7
6049	7
6050	7
6051	7
6052	7
6053	7
6054	7
6055	7
6056	7
6057	7
6058	1
6059	7
6060	7
6061	7
6062	7
6063	7
6064	7
6065	7
6066	7
6067	7
6068	7
6069	7
6070	7
6071	7
6072	7
6073	7
6074	7
6075	7
6076	7
6077	7
6078	7
6079	7
6080	7
6081	7
6082	7
6083	7
6084	7
6085	7
6086	7
6087	7
6088	7
6089	7
6090	7
6091	7
6092	7
6093	7
6094	7
6095	7
6096	7
6097	7
6098	7
6099	7
6100	7
6101	7
6102	7
6103	7
6104	7
6105	7
6106	7
6107	7
6108	7
6109	7
6110	7
6111	7
6112	7
6113	0
6114	7
6115	7
6116	1
6117	7
6118	7
6119	7
6120	7
6121	7
6122	7
6123	7
6124	7
6125	7
6126	7
6127	7
6128	7
6129	7
6130	7
6131	1
6132	7
6133	7
6134	7
6135	7
6136	0
6137	7
6138	0
6139	7
6140	7
6141	7
6142	1
6143	1
6144	7
6145	7
6146	7
6147	7
6148	7
6149	7
6150	7
6151	7
6152	7
6153	7
6154	7
6155	7
6156	7
6157	7
6158	7
6159	7
6160	1
6161	7
6162	0
6163	7
6164	7
6165	7
6166	7
6167	7
6168	7
6169	7
6170	7
6171	7
6172	7
6173	7
6174	7
6175	7
6176	7
6177	7
6178	7
6179	7
6180	7
6181	7
6182	7
6183	7
6184	7
6185	7
6186	7
6187	7
6188	7
6189	7
6190	7
6191	7
6192	7
6193	7
6194	7
6195	7
6196	7
6197	7
6198	7
6199	7
6200	7
6201	7
6202	7
6203	7
6204	7
6205	7
6206	7
6207	7
6208	7
6209	7
6210	7
6211	7
6212	7
6213	7
6214	7
6215	7
6216	7
6217	7
6218	7
6219	7
6220	7
6221	7
6222	7
6223	7
6224	7
6225	7
6226	7
6227	7
6228	7
6229	7
6230	7
6231	7
6232	7
6233	7
6234	7
6235	7
6236	7
6237	7
6238	7
6239	6
6240	9
6241	9
6242	9
6243	9
6244	9
6245	9
6246	9
6247	9
6248	9
6249	9
6250	3
6251	9
6252	9
6253	9
6254	9
6255	9
6256	9
6257	9
6258	6
6259	9
6260	9
6261	9
6262	9
6263	6
6264	6
6265	6
6266	6
6267	6
6268	9
6269	9
6270	6
6271	9
6272	6
6273	6
6274	8
6275	8
6276	8
6277	6
6278	8
6279	8
6280	8
6281	8
6282	8
6283	8
6284	8
6285	6
6286	6
6287	8
6288	8
6289	8
6290	8
6291	8
6292	8
6293	8
6294	8
6295	9
6296	9
6297	0
6298	0
6299	8
6300	8
6301	8
6302	8
6303	8
6304	8
6305	9
6306	8
6307	8
6308	8
6309	8
6310	8
6311	8
6312	8
6313	8
6314	8
6315	8
6316	8
6317	8
6318	8
6319	8
6320	9
6321	8
6322	8
6323	8
6324	8
6325	9
6326	9
6327	6
6328	3
6329	6
6330	9
6331	9
6332	6
6333	6
6334	9
6335	6
6336	9
6337	8
6338	8
6339	8
6340	8
6341	8
6342	8
6343	8
6344	8
6345	8
6346	8
6347	8
6348	6
6349	8
6350	6
6351	9
6352	6
6353	8
6354	6
6355	8
6356	8
6357	8
6358	9
6359	9
6360	9
6361	9
6362	9
6363	9
6364	9
6365	9
6366	9
6367	9
6368	8
6369	6
6370	9
6371	9
6372	9
6373	3
6374	9
6375	8
6376	9
6377	8
6378	8
6379	8
6380	8
6381	8
6382	8
6383	8
6384	8
6385	8
6386	6
6387	8
6388	8
6389	6
6390	8
6391	8
6392	8
6393	9
6394	9
6395	6
6396	9
6397	9
6398	8
6399	9
6400	9
6401	9
6402	6
6403	3
6404	9
6405	6
6406	9
6407	9
6408	9
6409	9
6410	6
6411	9
6412	8
6413	8
6414	8
6415	8
6416	8
6417	6
6418	6
6419	9
6420	6
6421	8
6422	9
6423	8
6424	8
6425	8
6426	8
6427	6
6428	8
6429	6
6430	6
6431	6
6432	8
6433	6
6435	6
6436	8
6437	8
6438	8
6439	8
6440	8
6441	6
6442	8
6443	8
6444	6
6445	8
6446	8
6447	0
6448	8
6449	8
6450	8
6451	8
6452	8
6453	8
6454	8
6455	9
6456	6
6457	3
6458	9
6459	6
6460	8
6461	6
6462	6
6463	3
6464	3
6465	3
6466	8
6467	8
6468	0
6469	8
6470	9
6471	8
6472	6
6474	9
6475	6
6476	6
6477	9
6478	9
6479	9
6480	8
6481	8
6482	0
6483	0
6484	9
6485	8
6486	8
6487	8
6488	8
6489	8
6490	8
6491	8
6492	9
6493	8
6494	6
6495	6
6496	6
6497	6
6498	9
6499	8
6500	9
6501	9
6502	9
6503	8
6504	8
6505	6
6506	9
6507	8
6508	8
6509	9
6510	8
6511	8
6512	6
6513	9
6514	9
6515	9
6516	8
6517	6
6518	8
6519	8
6520	9
6521	9
6522	8
6523	6
6524	6
6525	9
6526	8
6527	8
6528	0
6529	8
6530	9
6531	9
6532	6
6533	9
6534	9
6535	8
6536	6
6537	8
6538	8
6539	9
6540	8
6541	9
6542	9
6543	9
6544	9
6545	9
6546	8
6547	6
6548	8
6549	8
6550	8
6551	9
6552	9
6553	9
6554	6
6555	0
6556	6
6557	0
6558	6
6559	0
6560	0
6561	0
6562	0
6563	0
6564	0
6565	7
6566	7
6567	1
6568	1
6569	1
6570	1
6571	7
6572	1
6573	1
6574	1
6575	7
6576	1
6577	7
6578	7
6579	1
6580	1
6581	7
6582	1
6583	1
6584	1
6585	7
6586	7
6587	7
6588	7
6589	7
6590	7
6591	7
6592	7
6593	7
6594	7
6595	7
6596	7
6597	7
6598	7
6599	7
6600	7
6601	7
6602	7
6603	7
6604	7
6605	7
6606	7
6607	1
6608	7
6609	7
6610	7
6611	7
6612	7
6613	0
6614	0
6615	0
6616	1
6617	7
6618	7
6619	7
6620	7
6621	1
6622	1
6623	0
6624	8
6625	8
6626	8
6627	1
6628	1
6629	8
6630	8
6631	8
6632	8
6633	8
6634	8
6635	8
6636	8
6637	8
6638	8
6639	8
6640	8
6641	8
6642	8
6643	8
6644	8
6645	8
6646	8
6647	8
6648	8
6650	8
6651	8
6652	8
6653	8
6654	8
6655	8
6656	8
6657	8
6658	8
6659	8
6660	8
6661	8
6662	8
6663	8
6664	8
6665	8
6666	8
6667	1
6668	1
6669	8
6671	1
6672	8
6679	8
6683	8
6684	1
6685	1
6686	8
6687	7
6688	8
6689	8
6690	8
6691	8
6692	8
6693	8
6694	8
6695	8
6696	8
6697	8
6698	8
6699	8
6700	8
6701	8
6702	8
6703	8
6704	8
6705	8
6706	8
6707	8
6708	8
6709	8
6710	8
6711	8
6712	8
6713	8
6714	8
6715	1
6716	1
6717	1
6718	8
6719	1
6720	8
6721	8
6722	8
6723	1
6724	1
6725	8
6726	1
6727	1
6728	1
6729	8
6730	1
6731	1
6732	1
6733	8
6734	1
6735	1
6736	8
6737	1
6738	1
6739	8
6740	1
6741	8
6742	8
6743	8
6744	8
6745	8
6746	8
6747	8
6748	8
6749	8
6750	8
6751	8
6752	8
6753	8
6754	1
6755	1
6756	8
6757	8
6758	8
6759	8
6760	1
6761	8
6762	8
6763	8
6764	0
6765	7
6766	0
6767	0
6768	0
6769	0
6770	7
6771	0
6772	7
6773	0
6774	0
6775	7
6776	7
6777	7
6778	7
6779	7
6780	7
6781	7
6782	7
6783	7
6784	7
6785	7
6786	7
6787	7
6788	7
6789	7
6790	7
6791	7
6792	7
6793	7
6794	7
6795	7
6796	7
6797	7
6798	7
6799	7
6800	7
6801	7
6802	7
6803	7
6804	7
6805	7
6806	7
6807	7
6808	7
6809	7
6810	7
6811	1
6812	7
6813	7
6814	7
6815	0
6816	7
6817	0
6818	0
6819	0
6820	9
6821	0
6822	0
6823	0
6824	9
6825	0
6826	0
6827	0
6828	0
6829	0
6830	0
6831	0
6832	7
6833	7
6834	0
6835	7
6836	7
6837	7
6838	0
6839	0
6840	7
6841	1
6842	1
6843	7
6844	1
6845	0
6846	7
6847	0
6848	7
6849	7
6850	7
6851	7
6852	0
6853	0
6854	0
6855	0
6856	7
6857	7
6858	0
6859	9
6860	7
6861	7
6862	9
6863	0
6864	0
6865	9
6866	0
6867	9
6868	7
6869	0
6870	0
6871	0
6872	0
6873	1
6874	9
6875	1
6876	0
6877	1
6878	9
6879	1
6880	1
6881	0
6882	1
6883	9
6884	9
6885	7
6886	0
6887	0
6888	1
6889	1
6890	7
6891	1
6892	7
6893	7
6894	7
6895	7
6896	7
6897	7
6898	9
6899	7
6900	7
6901	7
6902	0
6903	1
6904	7
6905	7
6906	1
6907	9
6908	7
6909	7
6910	0
6911	0
6912	7
6913	1
6914	0
6915	7
6916	7
6917	9
6918	1
6919	1
6920	7
6921	7
6922	9
6923	7
6924	9
6925	9
6926	7
6927	1
6928	7
6929	1
6930	1
6931	1
6932	1
6933	1
6934	1
6935	1
6936	1
6937	0
6938	1
6939	9
6940	0
6941	0
6942	0
6943	9
6944	9
6945	0
6946	1
6947	0
6948	1
6949	1
6950	0
6951	9
6952	0
6953	0
6954	0
6955	0
6956	7
6957	9
6958	9
6959	7
6960	7
6961	0
6962	0
6963	0
6964	9
6965	0
6966	7
