1	0
2	0
3	0
4	0
5	0
6	0
7	7
8	0
9	7
10	0
11	7
12	0
13	7
14	0
15	7
16	0
17	0
18	7
19	0
20	0
21	0
22	0
23	0
24	0
25	7
26	0
27	0
28	0
29	0
30	0
31	0
32	0
33	0
34	7
35	0
36	7
37	7
38	0
39	7
40	7
41	7
42	0
43	7
44	7
45	7
46	7
47	7
48	7
49	7
50	0
51	7
52	7
53	7
54	0
55	7
56	7
57	0
58	7
59	7
60	0
61	7
62	0
63	7
64	0
65	0
66	0
67	0
68	9
69	0
70	0
71	0
72	0
73	0
74	0
75	0
76	0
77	0
78	7
79	0
80	7
81	0
82	0
83	0
84	0
85	0
86	1
87	0
88	0
89	0
90	7
91	0
92	7
93	0
94	0
95	1
96	0
97	0
98	1
99	1
100	0
101	0
102	1
103	0
104	0
105	0
106	0
107	0
108	0
109	1
110	0
111	0
112	0
113	0
114	0
115	1
116	0
117	0
118	0
119	0
120	0
121	0
122	0
123	0
124	0
125	0
126	0
127	0
128	0
129	0
130	0
131	0
132	0
133	0
134	0
135	0
136	0
137	0
138	0
139	0
140	0
141	0
142	0
143	0
144	0
145	0
146	0
147	0
148	0
149	9
150	1
151	9
152	0
153	0
154	0
155	0
156	0
157	0
158	0
159	0
160	0
161	0
162	0
163	0
164	0
165	0
166	0
167	0
168	0
169	0
170	0
171	0
172	0
173	0
174	0
175	0
176	0
177	0
178	9
179	0
180	0
181	0
182	0
183	0
184	1
185	1
186	0
187	0
188	0
189	0
190	0
191	0
192	0
193	0
194	9
195	0
196	9
197	0
198	0
199	1
200	0
201	0
202	0
203	0
204	0
205	0
206	0
207	0
208	0
209	0
210	0
211	1
212	1
213	0
214	0
215	0
216	0
217	0
218	0
219	0
220	9
221	0
222	0
223	0
224	0
225	0
226	0
227	0
228	0
229	0
230	0
231	0
232	0
233	9
234	0
235	0
236	0
237	0
238	0
239	0
240	0
241	0
242	7
243	0
244	0
245	7
246	0
247	0
248	0
249	0
250	0
251	0
252	0
253	0
254	0
255	0
256	0
257	7
258	5
259	5
260	7
261	7
262	7
263	7
264	7
265	9
266	9
267	7
268	7
269	7
270	7
271	7
272	7
273	9
274	7
275	7
276	7
277	7
278	7
279	7
280	7
281	7
282	7
283	7
284	7
285	9
286	7
287	9
288	7
289	7
290	7
291	7
292	7
293	7
294	7
295	7
296	7
297	7
298	7
299	7
300	5
301	7
302	7
303	7
304	7
305	7
306	7
307	7
308	7
309	9
310	9
311	7
312	7
313	7
314	7
315	7
316	7
317	7
318	7
319	0
320	7
321	7
322	7
323	7
324	7
325	7
326	7
327	5
328	5
329	5
330	7
331	7
332	7
333	7
334	7
335	7
336	7
337	5
338	5
339	5
340	5
341	5
342	7
343	9
344	9
345	9
346	9
347	9
348	9
349	9
350	9
351	9
352	9
353	9
354	9
355	9
357	9
358	9
359	9
360	9
361	9
362	9
363	9
365	9
366	9
367	9
368	9
369	9
370	9
372	9
373	9
374	9
375	9
376	9
377	9
378	9
379	9
380	9
381	9
382	9
383	9
384	9
385	9
386	9
387	9
388	9
389	9
390	9
391	9
392	9
393	9
394	9
395	9
396	9
397	9
398	9
399	9
400	9
401	9
402	9
403	9
404	9
405	9
406	9
407	9
408	9
409	9
410	9
411	9
412	9
413	9
414	9
415	9
416	9
417	9
418	9
419	9
420	9
421	9
422	9
423	9
424	9
425	9
426	9
427	9
428	9
429	9
430	9
431	9
432	9
434	9
435	9
436	9
438	9
439	0
440	6
441	9
442	0
443	9
444	9
445	0
446	0
447	0
448	0
449	0
450	0
451	9
452	6
453	9
454	9
455	9
456	9
457	9
458	6
459	0
460	6
461	0
462	0
463	0
464	9
465	9
466	9
467	0
468	0
469	6
470	0
471	0
472	0
473	0
474	9
475	9
476	9
477	9
478	0
479	0
480	0
481	9
482	0
483	0
484	6
485	0
486	9
487	6
488	9
489	0
490	0
491	0
492	9
493	9
494	9
495	9
496	9
497	6
498	6
499	6
500	6
501	6
502	9
503	9
504	9
505	9
506	9
507	9
508	9
509	9
510	9
511	9
512	9
513	0
514	0
515	0
516	9
517	0
518	0
519	6
520	9
521	0
522	6
523	6
524	9
525	9
526	0
527	9
528	0
529	0
530	6
531	0
532	0
533	0
534	9
535	0
536	0
538	0
539	6
540	6
541	6
542	0
543	9
544	6
545	6
546	6
547	6
548	6
549	6
550	0
551	0
552	6
553	0
554	0
555	0
556	6
557	0
558	0
559	0
560	0
561	0
562	0
563	0
564	0
565	6
566	0
567	6
568	6
569	0
570	0
571	0
572	0
573	0
574	0
575	0
576	9
577	0
578	9
579	9
580	0
581	0
582	0
583	0
584	6
585	6
586	9
587	6
588	0
589	6
590	0
591	0
592	0
593	0
594	0
595	0
596	9
597	9
598	0
599	0
600	6
601	6
602	0
603	0
604	9
605	0
606	0
607	0
608	6
609	0
610	0
611	9
612	0
613	0
614	0
615	0
616	0
617	9
618	0
619	9
620	9
621	0
622	0
623	9
624	6
625	0
626	0
627	6
628	0
629	0
630	9
631	0
632	0
633	0
634	0
635	0
636	6
637	9
638	0
639	0
640	6
641	0
642	0
643	0
644	9
645	9
646	7
647	0
648	7
649	7
650	7
651	7
652	7
653	7
654	7
655	7
656	7
657	7
658	0
659	7
660	0
661	0
662	0
663	0
664	0
665	0
666	0
667	0
668	0
669	0
670	0
671	0
672	0
673	0
674	0
675	0
676	0
677	0
678	0
679	0
680	0
681	8
682	8
683	0
684	0
685	0
686	0
687	8
688	0
689	0
690	8
691	0
692	0
693	0
694	0
695	0
696	0
697	0
698	0
699	0
700	0
701	0
702	0
703	0
704	0
705	0
706	0
707	8
708	0
709	0
710	8
711	0
712	0
713	0
714	0
715	0
716	0
717	0
718	0
719	0
720	0
721	8
722	8
723	8
724	0
725	0
726	0
727	9
728	9
729	0
730	9
731	0
732	9
733	0
734	0
735	0
736	0
737	0
738	0
739	0
740	0
741	0
742	0
743	0
744	0
745	0
746	0
747	0
748	0
749	0
750	0
751	0
752	7
753	7
754	7
755	7
756	7
757	7
758	7
759	7
760	7
761	7
762	0
763	7
764	0
765	7
766	7
767	7
768	0
769	0
770	7
771	7
772	7
773	5
774	0
775	5
776	5
777	5
778	5
779	5
780	7
781	7
782	5
783	5
784	5
785	7
786	7
787	7
788	7
789	5
790	7
791	0
792	5
793	0
794	7
795	7
796	7
797	7
798	7
799	9
800	9
801	7
802	7
803	7
804	0
805	7
806	7
807	7
808	7
809	0
810	7
811	7
812	0
813	0
814	7
815	7
816	0
817	0
818	7
819	7
820	7
821	0
822	7
823	7
824	7
825	7
826	7
827	7
828	7
829	9
830	0
831	0
832	0
833	0
834	0
835	1
836	0
837	0
838	0
839	0
840	0
841	0
842	0
843	0
844	0
845	0
846	0
847	0
848	1
849	0
850	0
851	1
852	0
853	0
854	0
855	0
856	0
857	0
858	0
859	0
860	0
861	0
862	0
863	0
864	0
865	0
866	1
867	1
868	1
869	0
870	1
871	1
872	1
873	0
874	1
875	1
876	0
877	0
878	1
879	1
880	0
881	1
882	1
883	0
884	1
885	0
886	0
887	1
888	0
889	0
890	1
891	0
892	0
893	1
894	0
895	0
896	0
897	0
898	0
899	0
900	0
901	0
902	0
903	0
904	0
905	0
906	0
907	0
908	0
909	0
910	0
911	0
912	0
913	1
914	0
915	0
916	0
917	0
918	0
919	0
920	0
921	0
922	0
923	0
924	1
925	0
926	0
927	0
928	7
929	7
930	7
931	7
932	7
933	7
934	7
935	7
936	7
937	7
938	7
939	7
940	7
941	7
942	7
943	7
944	7
945	9
946	1
947	7
948	0
949	7
950	0
951	7
952	7
953	0
954	0
955	7
956	0
957	9
958	7
959	9
960	9
961	7
962	7
963	7
964	9
965	7
966	7
967	7
968	0
969	0
970	9
971	1
972	9
973	1
974	9
975	1
976	1
977	0
978	7
979	7
980	7
981	7
982	7
983	7
984	7
985	1
986	7
987	7
988	7
989	7
990	7
991	9
992	0
993	0
994	9
995	9
996	7
997	0
998	9
999	9
1000	7
1001	9
1002	7
1003	7
1004	7
1005	7
1006	7
1007	7
1008	1
1009	8
1010	9
1011	9
1012	8
1013	8
1014	8
1015	9
1016	8
1017	9
1018	8
1019	8
1020	8
1021	9
1022	9
1023	8
1024	9
1025	8
1026	9
1027	8
1028	8
1029	8
1030	9
1031	8
1032	9
1033	8
1034	9
1035	8
1036	8
1037	8
1038	8
1039	9
1040	9
1041	9
1042	8
1043	9
1044	8
1045	8
1046	8
1051	9
1052	9
1053	8
1054	8
1055	8
1056	8
1057	8
1058	8
1059	8
1060	8
1061	8
1062	8
1063	9
1064	8
1065	8
1066	8
1068	8
1069	8
1070	9
1071	9
1072	9
1073	9
1074	8
1075	8
1076	8
1077	8
1078	8
1079	8
1080	8
1081	8
1082	9
1084	8
1085	1
1087	1
1088	8
1089	1
1090	8
1091	1
1092	8
1093	8
1094	8
1095	8
1096	8
1097	8
1099	8
1101	8
1102	8
1103	8
1104	8
1105	8
1106	8
1107	1
1108	8
1109	8
1110	1
1111	8
1112	1
1113	8
1114	8
1115	8
1116	8
1117	8
1118	8
1120	8
1121	8
1122	8
1123	8
1124	8
1125	8
1126	8
1127	8
1128	8
1129	8
1130	8
1131	1
1132	8
1133	8
1134	8
1135	8
1136	8
1137	1
1138	8
1139	8
1140	8
1141	8
1142	8
1143	8
1144	8
1145	8
1146	8
1147	8
1149	8
1151	8
1157	8
1160	1
1161	8
1162	8
1163	8
1164	1
1165	1
1167	8
1168	8
1169	8
1170	8
1171	8
1172	8
1173	8
1174	8
1175	8
1176	8
1177	9
1178	8
1179	8
1181	9
1182	8
1185	8
1189	9
1190	9
1191	9
1192	8
1193	8
1194	9
1195	9
1196	9
1197	9
1198	9
1199	9
1200	9
1201	9
1202	8
1203	9
1204	8
1205	9
1206	9
1207	9
1208	9
1209	9
1210	9
1211	9
1212	9
1213	9
1214	9
1215	9
1216	8
1217	4
1218	4
1219	4
1220	6
1221	6
1222	6
1223	6
1224	6
1225	6
1226	4
1227	6
1228	6
1229	6
1230	6
1231	6
1232	6
1233	9
1234	9
1235	9
1236	6
1237	6
1238	6
1239	6
1240	6
1241	6
1242	6
1243	6
1244	6
1245	6
1246	4
1247	4
1249	2
1250	2
1251	4
1252	4
1253	4
1254	4
1255	4
1256	4
1257	4
1258	4
1259	4
1260	4
1261	4
1263	4
1264	4
1265	4
1266	4
1267	4
1268	4
1269	4
1270	4
1271	3
1272	3
1273	2
1274	4
1275	3
1276	3
1277	2
1278	2
1279	2
1280	4
1281	3
1282	4
1283	2
1284	4
1285	5
1286	2
1287	3
1288	4
1289	3
1290	3
1291	3
1292	3
1293	3
1294	3
1295	4
1296	2
1297	2
1298	2
1299	2
1300	4
1301	4
1302	4
1303	2
1304	2
1305	4
1306	4
1307	2
1308	4
1309	2
1310	4
1311	2
1312	2
1313	6
1314	3
1315	3
1316	3
1317	4
1318	3
1319	5
1320	5
1321	3
1322	5
1323	4
1324	4
1325	4
1326	4
1327	4
1328	4
1329	3
1330	4
1331	4
1332	4
1333	4
1334	4
1335	3
1336	3
1337	9
1338	5
1339	3
1340	5
1341	4
1342	2
1343	2
1344	2
1345	2
1346	2
1347	2
1348	4
1349	3
1350	5
1351	5
1352	5
1353	3
1354	5
1355	5
1356	3
1357	3
1358	3
1359	6
1360	2
1361	2
1362	2
1363	2
1364	2
1365	5
1366	2
1367	2
1368	2
1369	2
1370	2
1371	2
1372	2
1374	4
1375	4
1376	4
1377	6
1378	5
1379	5
1380	5
1381	5
1382	5
1383	3
1384	5
1385	6
1386	3
1387	6
1388	6
1389	6
1390	6
1391	6
1392	5
1393	4
1394	4
1395	4
1396	5
1397	9
1398	9
1399	9
1400	9
1401	9
1402	9
1403	9
1404	9
1405	9
1406	9
1407	9
1408	6
1409	4
1410	6
1411	6
1412	6
1413	6
1414	6
1415	4
1416	4
1417	4
1418	4
1419	4
1420	4
1421	4
1422	4
1423	4
1424	4
1425	4
1426	4
1427	4
1429	4
1432	4
1433	4
1434	3
1435	5
1436	5
1437	3
1438	5
1439	3
1440	3
1441	5
1442	5
1443	5
1444	4
1445	4
1446	4
1447	2
1448	4
1449	2
1450	2
1451	2
1452	2
1453	2
1454	2
1455	2
1456	2
1457	2
1458	2
1459	2
1460	2
1461	2
1462	4
1463	2
1464	2
1465	2
1466	4
1467	3
1468	4
1469	4
1470	5
1471	4
1472	4
1473	3
1474	5
1475	5
1476	3
1477	3
1478	3
1479	5
1480	3
1481	4
1482	5
1483	4
1484	3
1485	4
1486	4
1487	4
1488	4
1489	4
1490	3
1491	4
1492	5
1493	9
1494	4
1495	5
1496	5
1497	5
1498	5
1499	5
1500	5
1501	3
1502	5
1503	3
1504	3
1505	4
1506	2
1507	2
1508	2
1509	4
1510	4
1511	4
1512	4
1513	9
1514	2
1515	2
1516	2
1517	3
1518	9
1519	3
1520	3
1521	3
1522	3
1523	3
1524	3
1525	3
1526	4
1527	4
1528	4
1529	4
1530	4
1531	4
1533	4
1534	4
1535	2
1536	2
1537	3
1538	2
1539	2
1540	2
1541	2
1542	2
1543	2
1544	3
1545	3
1546	3
1547	3
1548	3
1549	3
1550	5
1551	3
1552	3
1553	5
1554	5
1555	5
1556	6
1557	6
1558	6
1559	6
1560	6
1561	6
1562	5
1563	9
1564	9
1565	9
1566	9
1567	9
1568	6
1569	6
1570	6
1571	6
1572	6
1573	6
1574	2
1575	2
1576	2
1577	2
1578	2
1579	2
1580	2
1581	2
1582	4
1584	4
1585	4
1586	4
1587	4
1588	4
1589	4
1590	4
1591	4
1592	4
1593	4
1594	4
1596	4
1597	4
1598	4
1599	2
1600	4
1601	4
1602	4
1603	2
1604	4
1605	4
1606	4
1607	4
1608	4
1609	2
1610	4
1611	2
1612	2
1613	2
1614	4
1615	2
1616	2
1617	5
1618	2
1619	2
1620	5
1621	4
1622	4
1623	4
1624	2
1625	4
1626	2
1627	4
1628	2
1629	2
1630	2
1631	2
1632	2
1633	2
1634	2
1635	2
1636	5
1637	5
1638	5
1639	3
1640	3
1641	3
1642	5
1643	5
1644	5
1645	5
1646	4
1647	3
1648	4
1649	4
1650	3
1651	4
1652	3
1653	9
1654	9
1655	9
1656	3
1657	3
1658	9
1659	9
1660	4
1661	4
1662	9
1663	5
1664	5
1665	9
1666	9
1667	9
1668	9
1669	5
1670	4
1671	4
1672	2
1673	2
1674	2
1675	2
1676	2
1677	2
1678	2
1679	2
1680	2
1681	2
1682	2
1683	2
1684	2
1685	2
1686	2
1687	2
1688	3
1689	3
1690	3
1691	3
1692	3
1693	3
1694	9
1695	9
1696	2
1697	2
1698	2
1699	2
1700	4
1701	2
1702	2
1703	4
1704	2
1705	2
1706	2
1707	2
1708	2
1709	2
1710	2
1711	2
1712	2
1713	6
1714	3
1715	3
1716	6
1717	6
1718	5
1719	3
1720	3
1721	3
1722	6
1723	6
1724	6
1725	6
1726	6
1727	6
1728	6
1729	5
1730	6
1731	6
1732	6
1733	6
1734	4
1735	4
1736	6
1737	4
1738	4
1739	3
1740	4
1741	4
1742	4
1743	4
1744	6
1745	4
1746	6
1747	6
1748	6
1749	6
1750	4
1751	4
1752	4
1753	4
1754	3
1755	3
1756	4
1757	4
1758	4
1759	4
1760	4
1761	4
1762	4
1763	4
1764	4
1765	4
1766	2
1767	4
1769	4
1770	4
1771	4
1772	4
1773	4
1774	4
1775	4
1776	4
1777	4
1778	4
1779	4
1780	4
1781	4
1782	4
1783	4
1784	2
1785	2
1786	2
1787	2
1788	2
1789	2
1790	2
1791	2
1792	2
1793	2
1795	2
1796	2
1797	2
1798	2
1799	2
1800	2
1801	4
1802	5
1803	5
1804	5
1805	5
1806	3
1807	5
1808	3
1809	5
1810	3
1811	3
1812	3
1813	3
1814	3
1815	3
1816	3
1817	3
1818	3
1819	3
1820	4
1821	4
1822	5
1823	9
1824	9
1825	4
1826	4
1827	4
1828	4
1829	4
1830	4
1831	4
1832	4
1833	2
1834	2
1835	2
1836	2
1837	2
1838	2
1839	2
1840	2
1841	2
1842	2
1843	2
1844	2
1845	2
1846	2
1847	2
1848	2
1849	2
1850	9
1851	3
1852	3
1853	3
1854	3
1855	3
1856	3
1857	3
1858	6
1859	3
1860	3
1861	3
1862	3
1863	6
1864	3
1865	3
1866	3
1867	4
1868	5
1869	6
1870	3
1871	6
1872	6
1873	5
1874	6
1875	3
1876	4
1877	6
1878	5
1879	5
1880	6
1881	6
1882	6
1883	6
1884	6
1885	4
1886	6
1887	6
1888	6
1889	6
1890	6
1891	5
1892	3
1893	3
1894	6
1895	3
1896	6
1897	6
1898	3
1899	4
1900	6
1901	3
1902	6
1903	3
1904	6
1905	3
1906	4
1907	4
1908	4
1909	4
1910	4
1911	3
1912	4
1913	3
1914	3
1915	3
1916	3
1917	6
1918	6
1919	3
1920	6
1921	6
1922	2
1923	2
1924	2
1925	2
1926	4
1927	4
1928	2
1929	4
1930	4
1931	4
1932	4
1933	4
1934	4
1935	4
1936	4
1937	4
1938	4
1939	4
1940	4
1941	4
1942	4
1943	2
1944	4
1945	4
1946	2
1947	2
1948	4
1949	4
1950	2
1951	4
1952	2
1953	4
1954	5
1955	5
1956	5
1957	4
1958	4
1959	4
1960	4
1961	4
1962	4
1963	4
1964	4
1965	3
1966	3
1967	3
1968	5
1969	5
1970	3
1971	3
1972	5
1973	4
1974	4
1975	4
1976	4
1977	4
1978	4
1979	4
1980	4
1981	4
1982	4
1983	4
1984	4
1985	4
1986	4
1987	4
1988	4
1989	4
1990	4
1991	4
1992	2
1993	2
1994	2
1995	2
1996	2
1997	2
1998	2
1999	2
2000	2
2001	2
2002	2
2003	2
2004	2
2005	2
2006	2
2007	9
2008	2
2009	2
2010	2
2011	3
2012	3
2013	3
2014	3
2015	4
2016	5
2017	3
2018	5
2019	4
2020	4
2021	4
2022	9
2023	3
2024	6
2025	4
2026	4
2027	6
2028	5
2029	5
2030	3
2031	6
2032	6
2033	6
2034	6
2035	6
2036	6
2037	6
2038	6
2039	6
2040	6
2041	6
2042	6
2043	3
2044	3
2045	6
2046	6
2047	6
2048	6
2049	6
2050	6
2051	6
2052	6
2053	6
2054	6
2055	6
2056	6
2057	6
2058	6
2059	6
2060	6
2061	6
2062	6
2063	3
2064	2
2065	2
2066	3
2067	3
2068	4
2069	4
2070	2
2071	4
2072	4
2073	4
2074	4
2075	4
2076	4
2077	4
2078	4
2079	4
2080	4
2081	4
2082	4
2083	4
2084	4
2085	4
2086	4
2087	4
2088	4
2089	4
2090	4
2091	4
2092	4
2093	2
2094	4
2095	4
2096	2
2097	4
2098	2
2099	2
2100	2
2101	2
2102	2
2103	2
2104	2
2105	2
2106	2
2107	2
2108	2
2109	2
2110	2
2111	2
2112	2
2113	5
2114	5
2115	5
2116	5
2117	3
2118	4
2119	3
2120	4
2121	3
2122	3
2123	4
2124	4
2125	4
2126	4
2127	3
2128	4
2129	3
2130	4
2131	4
2132	4
2133	4
2134	4
2135	9
2136	4
2137	4
2138	4
2139	4
2140	4
2141	9
2142	9
2143	9
2144	9
2145	4
2146	4
2147	2
2148	4
2149	2
2150	9
2151	9
2152	3
2153	2
2154	4
2155	5
2156	4
2157	2
2158	5
2161	5
2162	3
2163	5
2164	3
2165	3
2166	5
2167	9
2168	3
2169	3
2170	9
2171	9
2172	9
2173	5
2174	5
2175	9
2176	5
2177	5
2178	9
2179	3
2180	9
2181	5
2182	6
2183	6
2184	6
2185	6
2186	3
2187	3
2188	5
2189	3
2190	3
2191	3
2192	3
2193	6
2194	6
2195	6
2196	6
2197	6
2198	6
2199	6
2200	6
2201	6
2202	3
2203	3
2204	6
2205	3
2206	6
2207	6
2208	6
2209	6
2210	6
2211	6
2212	6
2213	6
2215	6
2216	6
2217	6
2218	6
2219	6
2220	4
2221	2
2222	4
2223	2
2224	4
2225	4
2226	3
2227	4
2228	4
2229	4
2230	4
2231	3
2232	4
2233	4
2234	4
2235	2
2236	4
2237	4
2238	4
2239	4
2240	4
2241	4
2242	4
2243	2
2244	4
2245	4
2246	4
2247	4
2248	4
2249	4
2250	4
2251	4
2252	4
2253	4
2254	2
2255	2
2256	2
2257	5
2258	3
2259	3
2260	5
2261	3
2262	5
2263	3
2264	3
2265	3
2266	3
2267	3
2268	3
2269	3
2270	3
2271	3
2272	3
2273	4
2274	4
2275	4
2276	4
2277	4
2278	4
2279	4
2280	4
2281	4
2282	4
2283	4
2284	4
2285	4
2286	4
2287	4
2288	4
2289	9
2290	9
2291	9
2292	2
2293	2
2294	2
2295	2
2296	2
2297	2
2298	2
2299	2
2300	2
2301	2
2302	3
2303	9
2304	5
2305	9
2306	5
2307	9
2308	9
2309	9
2310	5
2311	9
2312	5
2313	9
2314	5
2315	5
2316	5
2317	9
2318	9
2319	9
2320	9
2321	9
2322	9
2323	9
2324	5
2325	4
2326	4
2327	4
2328	9
2329	5
2330	4
2331	4
2332	3
2333	3
2334	3
2335	3
2336	3
2337	3
2338	6
2339	3
2340	3
2341	3
2342	3
2343	6
2344	6
2345	6
2346	6
2347	6
2348	6
2349	6
2350	6
2351	6
2352	6
2353	6
2354	6
2355	5
2356	5
2357	5
2358	6
2359	6
2360	6
2361	6
2362	6
2363	6
2364	6
2365	6
2366	6
2367	6
2368	6
2369	6
2370	4
2371	4
2372	4
2373	6
2374	4
2375	4
2376	4
2377	6
2378	4
2379	6
2380	6
2381	6
2382	6
2383	6
2384	6
2385	4
2386	4
2387	4
2388	4
2389	4
2390	4
2391	5
2392	5
2393	4
2394	2
2395	4
2396	4
2397	4
2398	4
2399	4
2400	4
2401	2
2402	4
2403	2
2404	2
2405	4
2406	4
2407	4
2408	4
2409	4
2410	2
2411	4
2412	2
2413	4
2414	4
2415	4
2416	5
2417	2
2418	2
2419	2
2420	5
2421	5
2422	4
2423	4
2424	4
2425	5
2426	3
2427	5
2428	3
2429	3
2430	3
2431	3
2432	3
2433	5
2434	3
2435	3
2436	3
2437	4
2438	3
2439	9
2440	9
2441	5
2442	3
2443	4
2444	3
2445	4
2446	4
2447	5
2448	4
2449	3
2450	3
2451	4
2452	5
2453	5
2454	9
2455	4
2456	4
2457	4
2458	4
2459	4
2460	4
2461	4
2462	4
2463	4
2464	4
2465	5
2466	3
2467	4
2468	5
2469	3
2470	3
2471	3
2472	9
2473	5
2474	9
2475	9
2476	9
2477	9
2478	9
2479	9
2480	9
2481	9
2482	9
2483	9
2484	9
2485	9
2486	9
2487	9
2488	9
2489	9
2490	5
2491	6
2492	6
2493	3
2494	5
2495	5
2496	5
2497	5
2498	3
2499	5
2500	3
2501	3
2502	4
2503	6
2504	4
2505	3
2506	6
2507	3
2508	3
2509	6
2510	5
2511	5
2512	5
2513	4
2514	4
2515	4
2516	4
2517	3
2518	3
2520	4
2521	4
2522	4
2523	4
2524	4
2525	4
2526	6
2527	6
2528	6
2529	6
2530	6
2531	6
2532	6
2533	6
2534	6
2535	6
2536	6
2537	6
2538	6
2539	6
2540	6
2541	6
2542	6
2543	4
2544	6
2545	6
2546	4
2547	6
2548	6
2549	6
2550	6
2551	6
2552	4
2553	3
2554	3
2555	4
2556	3
2557	4
2558	3
2559	3
2560	3
2561	2
2562	3
2563	3
2564	3
2565	3
2566	3
2567	3
2568	3
2569	4
2570	2
2571	4
2572	4
2573	4
2574	4
2575	5
2576	2
2577	5
2578	4
2579	3
2580	4
2581	4
2582	4
2583	2
2584	4
2585	2
2586	2
2587	2
2588	2
2589	2
2590	3
2591	3
2592	3
2593	3
2594	3
2595	5
2596	3
2597	3
2598	3
2599	3
2600	5
2601	3
2602	3
2603	3
2604	3
2605	5
2606	3
2607	5
2608	5
2609	9
2610	9
2611	9
2612	3
2613	9
2614	3
2615	9
2616	4
2617	4
2618	4
2619	4
2620	4
2621	4
2622	4
2623	4
2624	4
2625	2
2626	2
2627	3
2628	3
2629	3
2630	3
2631	5
2632	5
2633	3
2634	3
2635	9
2636	9
2637	9
2638	9
2639	5
2640	9
2641	9
2642	9
2643	9
2644	9
2645	9
2646	9
2647	9
2648	9
2649	5
2650	3
2651	3
2652	3
2653	5
2654	3
2655	5
2656	3
2657	3
2658	3
2659	5
2660	3
2661	6
2662	5
2663	5
2664	5
2665	5
2666	4
2667	3
2668	4
2669	4
2670	4
2671	4
2672	4
2673	5
2674	5
2675	4
2676	5
2677	3
2678	5
2679	3
2680	3
2681	3
2682	5
2683	5
2684	6
2685	6
2686	6
2687	6
2688	6
2689	6
2690	6
2691	6
2692	6
2693	6
2694	6
2695	6
2696	6
2697	4
2698	4
2699	6
2700	4
2701	6
2702	3
2703	3
2704	3
2705	3
2706	4
2707	4
2708	2
2710	4
2711	2
2712	2
2713	2
2714	4
2715	2
2716	4
2717	4
2718	4
2719	4
2720	4
2721	4
2722	2
2723	2
2724	3
2725	5
2726	3
2727	3
2728	3
2729	2
2730	2
2731	2
2732	5
2733	2
2734	2
2735	2
2736	2
2737	2
2738	2
2739	2
2740	4
2741	3
2742	3
2743	6
2744	6
2745	3
2746	3
2747	3
2748	3
2749	5
2750	5
2751	5
2752	5
2753	5
2754	5
2755	3
2756	5
2757	5
2758	5
2759	3
2760	3
2761	3
2762	3
2763	3
2764	9
2765	3
2766	3
2767	3
2768	3
2769	3
2770	3
2771	4
2772	9
2773	9
2774	9
2775	3
2776	9
2777	5
2778	2
2779	2
2780	4
2781	4
2782	4
2783	4
2784	2
2785	2
2786	2
2787	2
2788	2
2789	2
2790	2
2791	2
2792	2
2793	4
2794	4
2795	4
2796	6
2797	4
2798	3
2799	3
2800	3
2801	9
2802	9
2803	9
2804	9
2805	5
2806	9
2807	5
2808	5
2809	5
2810	9
2811	9
2812	9
2813	9
2814	9
2815	9
2816	9
2817	9
2818	5
2819	3
2820	3
2821	5
2822	5
2823	3
2824	6
2825	4
2826	3
2827	3
2828	3
2829	3
2830	5
2831	5
2832	5
2833	5
2834	4
2835	3
2836	4
2837	4
2838	4
2839	4
2840	4
2841	4
2842	4
2843	4
2844	4
2845	2
2846	4
2847	4
2848	3
2849	3
2850	3
2851	4
2852	9
2853	5
2854	4
2855	3
2856	3
2857	3
2858	2
2859	4
2860	4
2861	4
2862	4
2863	4
2864	4
2865	4
2866	3
2867	4
2868	4
2869	4
2870	4
2871	4
2872	4
2873	3
2874	2
2875	2
2876	2
2877	2
2878	4
2879	2
2880	4
2881	4
2882	4
2883	2
2884	2
2885	2
2886	2
2887	4
2888	2
2889	4
2890	4
2891	2
2892	2
2893	3
2894	3
2895	3
2896	5
2897	3
2898	5
2899	2
2900	2
2901	2
2902	2
2903	2
2904	2
2905	2
2906	2
2907	2
2908	2
2909	2
2910	3
2911	2
2912	2
2913	6
2914	3
2915	3
2916	6
2917	3
2918	3
2919	5
2920	6
2921	6
2922	6
2923	3
2924	3
2925	3
2926	3
2927	3
2928	5
2929	3
2930	5
2931	5
2932	5
2933	3
2934	9
2935	9
2936	3
2937	3
2938	3
2939	3
2940	3
2941	3
2942	3
2943	3
2944	3
2945	4
2946	4
2947	3
2948	4
2949	4
2950	4
2951	4
2952	4
2953	9
2954	4
2955	4
2956	4
2957	4
2958	4
2959	3
2960	4
2961	3
2962	3
2964	3
2965	5
2966	4
2967	5
2968	5
2969	5
2970	3
2971	5
2972	3
2973	9
2974	9
2975	9
2976	9
2977	9
2978	9
2979	4
2980	5
2981	3
2982	3
2983	3
2984	3
2985	5
2986	5
2987	5
2988	4
2989	5
2990	3
2991	6
2992	3
2993	5
2994	5
2995	4
2996	5
2997	5
2998	5
2999	9
3000	9
3001	9
3002	9
3003	9
3004	9
3005	9
3006	9
3007	2
3008	4
3009	4
3010	4
3011	4
3012	4
3013	4
3014	4
3015	4
3016	4
3017	4
3018	4
3019	4
3020	4
3021	4
3022	4
3023	4
3024	4
3025	4
3026	4
3027	4
3028	4
3029	3
3030	3
3031	3
3032	3
3033	3
3034	3
3035	3
3036	4
3037	3
3038	4
3039	4
3040	4
3041	2
3042	4
3043	4
3044	2
3045	2
3046	2
3047	2
3048	2
3049	2
3050	2
3051	4
3052	2
3053	2
3054	2
3055	2
3056	2
3057	2
3058	2
3059	2
3060	2
3061	2
3062	2
3063	2
3064	2
3065	2
3066	2
3067	2
3068	2
3069	2
3070	2
3071	2
3072	2
3073	2
3074	4
3075	4
3076	2
3077	4
3078	2
3079	2
3080	2
3081	3
3082	3
3083	3
3084	3
3085	3
3086	3
3087	3
3088	3
3089	3
3090	3
3091	3
3092	3
3093	5
3094	5
3095	5
3096	5
3097	5
3098	4
3099	3
3100	3
3101	6
3102	3
3103	3
3104	3
3105	3
3106	3
3107	3
3108	3
3109	3
3110	3
3111	3
3112	3
3113	9
3114	9
3115	9
3116	3
3117	9
3118	4
3119	4
3120	4
3121	4
3122	4
3123	5
3124	6
3125	6
3126	3
3127	3
3128	2
3129	3
3130	3
3131	6
3132	9
3133	6
3135	4
3136	3
3137	5
3138	9
3139	5
3140	5
3141	5
3142	4
3143	9
3144	9
3145	9
3146	9
3147	9
3148	5
3149	3
3150	4
3151	3
3152	5
3153	5
3154	5
3155	4
3156	4
3157	4
3158	5
3159	4
3160	5
3161	4
3162	4
3163	9
3164	9
3165	9
3166	9
3167	9
3168	9
3169	4
3170	4
3171	9
3172	4
3173	4
3174	4
3175	4
3176	5
3177	2
3178	4
3179	4
3180	4
3181	4
3184	4
3185	4
3186	4
3187	2
3188	3
3189	4
3190	3
3191	4
3192	4
3193	4
3194	3
3195	4
3196	3
3197	3
3198	3
3199	4
3200	2
3201	4
3202	2
3203	2
3204	2
3205	2
3206	2
3212	2
3213	2
3214	2
3215	2
3216	2
3217	4
3218	4
3219	4
3220	2
3221	2
3222	2
3223	2
3224	2
3225	2
3226	2
3227	4
3228	4
3229	2
3230	2
3231	2
3232	2
3233	4
3234	2
3235	4
3236	4
3237	4
3238	4
3239	4
3240	4
3241	3
3242	3
3243	3
3244	3
3245	3
3246	3
3247	5
3248	3
3249	3
3250	3
3251	3
3252	3
3253	3
3254	3
3255	3
3256	3
3257	3
3258	3
3259	3
3260	3
3261	3
3262	3
3263	9
3264	9
3265	9
3266	9
3267	9
3268	9
3269	5
3270	3
3271	9
3272	3
3273	4
3274	4
3275	5
3276	5
3277	4
3278	4
3279	4
3280	4
3281	5
3282	3
3284	3
3285	2
3286	4
3287	5
3288	9
3289	5
3292	2
3293	5
3294	9
3295	9
3296	5
3297	5
3298	9
3299	9
3300	4
3301	5
3302	3
3303	5
3304	6
3305	3
3306	3
3307	5
3308	5
3309	4
3310	5
3311	5
3312	5
3313	5
3314	5
3315	4
3316	5
3317	4
3318	4
3319	5
3320	4
3321	4
3322	4
3323	9
3324	4
3325	9
3326	4
3327	2
3328	4
3329	4
3330	2
3331	6
3332	5
3333	2
3334	2
3335	2
3336	2
3337	4
3338	4
3339	2
3340	2
3341	2
3342	2
3343	2
3344	4
3345	4
3346	6
3347	3
3348	6
3350	6
3351	6
3352	6
3353	6
3355	2
3356	5
3357	4
3358	4
3359	5
3360	5
3361	4
3362	5
3363	4
3364	5
3365	2
3366	2
3367	2
3368	2
3369	5
3370	5
3371	5
3372	2
3373	5
3374	4
3375	4
3376	4
3377	4
3378	4
3379	4
3380	4
3381	4
3382	4
3383	4
3384	4
3385	4
3386	4
3387	4
3388	4
3389	4
3390	4
3391	4
3392	4
3393	4
3394	4
3395	2
3396	4
3397	2
3398	4
3399	4
3400	6
3401	3
3402	3
3403	3
3404	3
3405	3
3406	3
3407	3
3408	2
3409	2
3410	3
3411	5
3412	5
3413	5
3414	5
3415	4
3416	4
3417	9
3418	3
3419	3
3420	9
3421	3
3422	9
3423	4
3424	4
3425	5
3426	4
3427	4
3428	4
3429	4
3430	9
3431	4
3432	5
3433	4
3434	4
3435	5
3436	5
3437	5
3438	4
3439	6
3440	4
3441	2
3442	2
3443	2
3444	2
3445	9
3446	4
3447	9
3448	2
3449	9
3450	5
3451	3
3452	9
3453	3
3454	9
3455	9
3456	3
3457	3
3458	3
3459	3
3460	3
3461	3
3462	5
3463	5
3464	5
3465	5
3466	5
3467	5
3468	5
3469	3
3470	3
3471	5
3472	6
3473	5
3474	5
3475	4
3476	6
3477	4
3478	6
3479	5
3480	6
3481	4
3482	6
3483	6
3484	6
3485	6
3486	6
3487	6
3488	6
3489	5
3490	6
3491	6
3492	6
3493	6
3494	6
3495	6
3496	2
3497	3
3498	3
3499	2
3500	4
3501	5
3502	4
3503	4
3504	4
3505	4
3506	4
3507	4
3508	4
3509	4
3510	4
3513	4
3514	4
3515	4
3516	6
3517	6
3518	6
3519	6
3520	4
3521	4
3522	4
3523	6
3524	5
3525	2
3526	2
3527	2
3528	2
3529	4
3530	2
3531	2
3533	4
3534	2
3535	4
3536	4
3537	4
3538	4
3539	2
3540	2
3541	4
3542	2
3543	2
3544	2
3545	2
3546	4
3547	4
3548	4
3549	4
3550	4
3551	4
3552	4
3553	4
3554	4
3555	4
3556	4
3557	4
3558	2
3559	2
3560	2
3561	2
3562	2
3563	2
3564	2
3565	2
3566	4
3567	4
3568	6
3569	2
3570	3
3571	3
3572	3
3573	3
3574	3
3575	3
3576	2
3577	4
3578	4
3579	4
3580	3
3581	4
3582	5
3583	5
3584	5
3585	5
3586	9
3587	3
3588	9
3589	9
3590	9
3591	5
3592	3
3593	9
3594	4
3595	4
3596	2
3597	2
3598	4
3599	4
3600	4
3601	2
3602	4
3603	3
3604	9
3605	5
3606	3
3607	9
3608	9
3609	5
3610	3
3611	3
3612	3
3614	3
3615	2
3616	3
3617	3
3618	4
3619	3
3620	3
3621	3
3622	5
3623	5
3624	4
3625	4
3626	5
3627	5
3628	5
3629	5
3630	5
3631	5
3632	3
3633	3
3634	3
3635	3
3636	5
3637	3
3638	3
3639	3
3640	5
3641	6
3642	4
3643	4
3644	5
3645	6
3646	6
3647	6
3648	6
3649	6
3650	6
3651	6
3652	6
3653	6
3654	6
3655	6
3656	6
3657	4
3658	4
3659	4
3660	4
3661	4
3662	4
3663	4
3664	4
3665	4
3666	4
3667	5
3668	6
3669	6
3670	2
3671	2
3672	6
3673	6
3674	4
3675	4
3676	4
3677	2
3678	4
3679	4
3680	4
3681	4
3682	4
3684	4
3685	2
3686	4
3687	2
3688	4
3689	4
3690	2
3691	2
3692	2
3693	2
3694	2
3695	4
3696	4
3697	4
3698	4
3699	4
3700	4
3701	2
3702	2
3703	2
3704	4
3705	2
3706	2
3707	4
3708	2
3709	3
3710	3
3711	4
3712	4
3713	4
3715	4
3717	4
3718	4
3719	4
3720	4
3721	4
3722	4
3723	4
3724	2
3725	4
3726	4
3727	4
3728	2
3729	2
3730	3
3731	4
3732	4
3733	3
3734	3
3735	5
3736	4
3737	4
3738	3
3739	4
3740	5
3741	5
3742	5
3743	3
3744	3
3745	3
3746	3
3747	3
3748	5
3749	5
3750	3
3751	5
3752	3
3753	9
3754	5
3755	4
3756	4
3757	2
3758	2
3759	4
3760	4
3761	9
3762	4
3763	2
3764	2
3768	3
3769	6
3770	4
3771	3
3772	4
3773	9
3774	9
3775	3
3776	9
3777	5
3778	5
3779	6
3780	6
3781	6
3782	6
3783	6
3784	6
3785	6
3786	6
3787	6
3788	6
3789	6
3790	8
3791	8
3792	8
3793	8
3794	8
3795	8
3796	8
3797	8
3798	8
3799	8
3800	8
3801	8
3802	8
3803	8
3804	8
3805	8
3806	8
3807	8
3808	8
3809	8
3810	8
3811	8
3812	8
3813	8
3814	8
3815	8
3816	8
3817	8
3818	8
3819	8
3820	8
3821	8
3822	8
3823	8
3824	8
3825	8
3826	8
3827	8
3828	8
3829	8
3830	8
3831	8
3832	8
3833	8
3834	8
3835	8
3836	8
3837	8
3838	8
3839	8
3840	8
3841	8
3842	8
3843	8
3844	8
3845	8
3846	8
3847	8
3848	8
3849	8
3850	8
3851	8
3852	8
3853	8
3854	8
3855	8
3856	8
3857	8
3858	8
3859	8
3860	8
3861	8
3862	8
3863	8
3864	8
3865	8
3866	8
3867	8
3868	8
3869	8
3870	8
3871	8
3872	8
3873	8
3874	8
3875	8
3876	8
3877	8
3878	8
3879	8
3880	8
3883	8
3884	8
3885	8
3886	8
3887	8
3888	8
3889	8
3890	8
3892	8
3893	8
3894	8
3897	8
3898	8
3899	8
3900	8
3901	8
3902	8
3903	8
3904	8
3905	8
3906	8
3907	8
3908	8
3909	8
3910	8
3911	8
3912	8
3913	8
3914	8
3915	8
3916	8
3917	8
3918	8
3919	8
3920	8
3921	8
3922	8
3923	8
3924	8
3925	8
3926	8
3927	8
3928	8
3929	8
3930	8
3931	8
3932	8
3933	8
3934	8
3935	8
3936	8
3937	8
3938	8
3939	8
3940	8
3941	8
3942	8
3943	8
3944	8
3945	8
3946	8
3947	8
3948	8
3949	8
3950	8
3951	8
3952	8
3953	8
3954	8
3955	8
3956	8
3957	8
3958	8
3959	8
3960	8
3961	8
3962	8
3963	8
3964	8
3965	8
3966	9
3967	8
3968	9
3969	8
3970	8
3971	8
3972	8
3973	8
3974	8
3975	8
3976	8
3977	8
3978	8
3979	8
3980	8
3981	8
3982	8
3983	8
3985	8
3986	8
3987	1
3988	7
3989	1
3990	9
3991	9
3992	1
3993	7
3994	7
3995	7
3996	7
3997	1
3998	1
3999	1
4000	5
4001	9
4002	9
4003	7
4004	7
4005	7
4006	3
4007	7
4008	9
4009	7
4010	1
4011	7
4012	1
4013	7
4014	7
4015	7
4016	7
4017	3
4018	7
4019	1
4020	7
4021	9
4022	1
4023	9
4024	7
4025	7
4026	9
4027	7
4028	1
4029	1
4030	9
4031	1
4032	1
4033	1
4034	1
4035	1
4036	1
4037	1
4038	1
4039	1
4040	1
4041	1
4042	1
4043	1
4044	1
4045	1
4046	1
4047	1
4048	1
4049	0
4050	0
4051	0
4052	0
4053	0
4054	0
4055	0
4056	0
4057	0
4058	0
4059	0
4060	0
4061	0
4062	0
4063	0
4064	0
4065	0
4066	0
4067	7
4068	0
4069	0
4070	0
4071	0
4072	0
4073	0
4074	0
4075	7
4076	0
4077	0
4078	9
4079	6
4080	6
4081	0
4082	0
4083	8
4084	8
4085	8
4086	8
4087	8
4088	0
4089	0
4090	0
4091	8
4092	0
4093	0
4094	8
4095	8
4096	0
4097	0
4098	0
4099	0
4100	8
4101	8
4102	8
4103	0
4104	8
4105	8
4106	7
4107	8
4108	8
4109	0
4110	7
4111	8
4112	8
4113	0
4114	8
4115	0
4116	8
4117	0
4118	0
4119	0
4120	8
4121	8
4122	7
4123	0
4124	8
4125	8
4126	7
4127	8
4128	8
4129	7
4130	6
4131	6
4132	8
4133	8
4134	0
4135	8
4136	8
4137	8
4138	8
4139	8
4140	6
4141	6
4142	6
4143	6
4144	8
4145	8
4146	6
4147	0
4148	0
4149	8
4150	6
4151	6
4152	8
4153	8
4154	0
4155	6
4156	6
4157	8
4158	8
4159	6
4160	8
4161	9
4162	9
4163	0
4164	7
4165	7
4166	9
4167	7
4168	0
4169	7
4170	7
4171	7
4172	7
4173	0
4174	7
4175	7
4176	7
4177	7
4178	7
4179	7
4180	7
4181	7
4182	7
4183	7
4184	7
4185	7
4186	7
4187	7
4188	7
4189	7
4190	0
4191	0
4192	7
4193	7
4194	7
4195	7
4196	0
4197	0
4198	7
4199	7
4200	7
4201	7
4202	7
4203	7
4204	7
4205	7
4206	7
4207	7
4208	7
4209	8
4210	9
4211	9
4212	8
4213	8
4214	8
4215	9
4216	8
4217	8
4218	8
4219	8
4220	8
4221	9
4222	9
4223	9
4224	9
4225	9
4226	9
4227	9
4228	9
4229	8
4230	9
4231	9
4232	9
4233	9
4234	9
4235	9
4236	9
4237	9
4238	9
4239	9
4240	9
4241	9
4242	8
4243	9
4244	9
4245	8
4246	9
4247	9
4248	9
4249	9
4250	9
4251	8
4252	8
4253	8
4254	8
4255	9
4256	9
4257	9
4258	8
4259	9
4260	8
4261	9
4262	9
4263	8
4264	8
4265	9
4266	7
4267	7
4268	7
4269	7
4270	7
4271	7
4272	7
4273	7
4274	7
4275	7
4276	7
4277	7
4278	7
4279	7
4280	7
4281	7
4282	7
4283	7
4284	7
4285	7
4286	7
4287	0
4288	9
4289	7
4290	7
4291	7
4292	7
4293	7
4294	7
4295	7
4296	7
4297	7
4298	7
4299	7
4300	7
4301	7
4302	7
4303	7
4304	7
4305	7
4306	7
4307	7
4308	7
4309	7
4310	7
4311	7
4312	7
4313	7
4314	7
4315	7
4316	7
4317	7
4318	7
4319	7
4320	7
4321	7
4322	7
4323	7
4324	7
4325	7
4326	7
4327	7
4328	7
4329	7
4330	7
4331	7
4332	7
4333	7
4334	7
4335	7
4336	7
4337	7
4338	7
4339	7
4340	7
4341	7
4342	7
4343	7
4344	7
4345	7
4346	7
4347	7
4348	7
4349	7
4350	7
4351	7
4352	7
4353	7
4354	7
4355	7
4356	7
4357	7
4358	7
4359	7
4360	7
4361	7
4362	7
4363	7
4364	7
4365	7
4366	7
4367	7
4368	9
4369	7
4370	9
4371	7
4372	7
4373	7
4374	7
4375	7
4376	7
4377	7
4378	9
4379	7
4380	7
4381	7
4382	7
4383	7
4384	7
4385	7
4386	7
4387	7
4388	7
4389	7
4390	7
4391	7
4392	7
4393	7
4394	7
4395	7
4396	7
4397	7
4398	7
4399	7
4400	7
4401	7
4402	7
4403	7
4404	7
4405	7
4406	7
4407	7
4408	7
4409	7
4410	7
4411	7
4412	7
4413	7
4414	7
4415	7
4416	7
4417	7
4418	7
4419	7
4420	7
4421	7
4422	7
4423	9
4424	7
4425	7
4426	7
4427	7
4428	7
4429	7
4430	7
4431	7
4432	7
4433	7
4434	7
4435	7
4436	7
4437	7
4438	7
4439	7
4440	7
4441	7
4442	7
4443	7
4444	7
4445	7
4446	7
4447	7
4448	7
4449	7
4450	7
4451	7
4452	7
4453	7
4454	7
4455	7
4456	7
4457	7
4458	7
4459	7
4460	7
4461	7
4462	7
4463	7
4464	7
4465	7
4466	7
4467	7
4468	7
4469	7
4470	7
4471	7
4472	7
4473	7
4474	7
4475	7
4476	7
4477	7
4478	7
4479	7
4480	9
4481	0
4482	9
4483	9
4484	7
4485	7
4486	7
4487	7
4488	7
4489	7
4490	8
4496	8
4497	8
4498	8
4499	8
4500	9
4501	9
4502	8
4503	9
4504	9
4510	0
4511	0
4512	8
4513	8
4514	0
4515	9
4516	9
4517	8
4518	8
4519	8
4520	8
4521	8
4522	8
4523	8
4524	9
4525	8
4526	8
4527	7
4528	7
4529	7
4530	7
4531	7
4532	7
4533	7
4534	7
4535	7
4536	7
4537	7
4538	7
4539	7
4540	7
4541	7
4542	7
4543	7
4544	7
4545	7
4546	7
4547	7
4548	7
4549	7
4550	7
4551	7
4552	7
4553	7
4554	9
4555	6
4556	9
4557	6
4558	3
4559	6
4560	3
4561	6
4562	3
4563	4
4564	3
4565	3
4566	6
4567	3
4568	3
4569	6
4570	3
4571	4
4572	3
4573	4
4574	6
4575	3
4576	9
4577	4
4578	4
4579	4
4580	6
4581	4
4582	6
4583	6
4584	6
4585	6
4586	8
4587	8
4588	6
4589	4
4590	6
4591	6
4592	3
4596	6
4597	8
4599	8
4600	8
4601	8
4602	8
4603	8
4607	8
4608	6
4609	6
4610	5
4611	5
4612	3
4613	6
4614	6
4615	3
4616	3
4617	8
4618	8
4619	8
4620	8
4621	9
4622	9
4623	9
4624	9
4625	3
4626	4
4627	3
4628	6
4629	6
4630	6
4631	5
4632	4
4633	6
4634	3
4635	3
4636	3
4637	3
4638	8
4639	9
4640	9
4641	8
4642	6
4643	6
4644	5
4645	6
4646	6
4647	3
4648	3
4649	3
4650	3
4651	3
4652	6
4653	9
4654	8
4655	8
4656	8
4657	5
4658	3
4659	6
4660	6
4661	9
4662	3
4663	5
4664	6
4665	3
4666	6
4667	4
4668	3
4669	6
4670	4
4671	3
4672	6
4673	6
4674	6
4675	6
4676	6
4677	8
4678	5
4679	6
4680	6
4681	6
4682	6
4683	6
4684	4
4685	5
4686	4
4687	6
4688	6
4689	6
4690	6
4691	6
4692	5
4693	6
4694	3
4695	6
4696	6
4697	6
4698	6
4699	6
4700	6
4701	6
4702	5
4703	6
4704	6
4705	5
4706	6
4707	4
4708	4
4709	4
4710	4
4711	4
4712	4
4713	6
4714	4
4715	3
4716	6
4717	6
4718	6
4719	6
4720	6
4721	5
4722	4
4723	4
4724	6
4725	4
4726	4
4727	4
4728	6
4729	4
4730	4
4731	4
4732	4
4733	4
4734	4
4735	4
4736	4
4737	4
4738	3
4739	3
4740	6
4741	6
4742	6
4743	4
4744	4
4745	4
4746	4
4747	4
4748	4
4749	4
4750	4
4751	4
4752	6
4753	6
4754	4
4755	4
4756	4
4757	4
4758	6
4759	6
4760	6
4761	6
4762	6
4763	6
4764	6
4765	6
4766	4
4767	3
4768	4
4769	4
4770	4
4771	4
4772	4
4773	4
4774	4
4775	4
4776	4
4777	4
4778	3
4779	6
4780	6
4781	6
4782	6
4783	6
4784	8
4785	6
4786	4
4787	4
4788	4
4789	4
4790	4
4791	4
4792	3
4793	4
4794	4
4795	4
4796	5
4797	6
4798	4
4799	5
4800	4
4801	3
4802	4
4803	4
4804	4
4805	4
4806	5
4807	4
4808	5
4809	5
4810	6
4811	6
4812	4
4813	5
4815	8
4816	8
4817	9
4818	9
4819	9
4820	8
4821	8
4822	9
4823	9
4826	4
4827	4
4828	4
4829	4
4830	4
4831	4
4832	4
4833	4
4834	4
4835	3
4836	4
4837	4
4838	3
4839	3
4840	3
4841	4
4842	3
4843	3
4844	6
4845	5
4846	4
4847	4
4848	4
4849	5
4850	5
4851	4
4852	6
4853	4
4854	4
4855	3
4856	4
4857	3
4858	6
4859	6
4860	6
4861	6
4862	6
4863	6
4864	6
4865	6
4866	4
4867	6
4868	5
4869	6
4870	6
4871	4
4872	7
4873	5
4874	5
4875	5
4876	9
4877	3
4878	3
4879	6
4880	3
4881	3
4882	3
4883	6
4884	4
4885	3
4886	6
4887	6
4888	6
4889	6
4890	6
4891	4
4892	4
4893	6
4894	4
4895	3
4896	5
4897	6
4898	6
4899	6
4900	6
4901	8
4902	9
4903	8
4904	8
4905	9
4906	9
4907	9
4908	6
4909	5
4910	6
4911	6
4912	4
4913	6
4914	6
4915	9
4916	4
4917	6
4918	5
4919	4
4920	4
4921	6
4922	6
4923	4
4924	6
4925	6
4926	9
4927	6
4928	6
4929	6
4930	6
4931	6
4932	6
4933	4
4934	6
4935	9
4936	9
4937	6
4938	3
4939	6
4940	8
4941	3
4942	9
4943	4
4944	6
4945	6
4946	6
4947	6
4948	8
4949	8
4950	8
4951	9
4953	9
4954	9
4955	9
4956	9
4958	9
4959	9
4961	9
4966	9
4968	1
4969	1
4970	1
4971	1
4972	1
4973	1
4974	1
4975	1
4976	1
4977	1
4978	1
4979	1
4980	1
4981	1
4982	1
4983	1
4984	1
4985	1
4986	1
4987	8
4988	1
4989	1
4990	1
4991	1
4992	1
4993	1
4994	1
4995	8
4996	1
4997	1
4998	1
4999	1
5000	8
5001	8
5002	8
5003	8
5004	8
5005	1
5006	1
5007	8
5008	1
5009	1
5010	1
5011	1
5012	1
5013	1
5014	1
5015	1
5016	1
5017	1
5018	1
5019	1
5020	1
5021	1
5022	1
5023	1
5024	1
5025	1
5026	1
5027	1
5028	1
5029	1
5030	1
5031	1
5032	1
5033	1
5034	8
5035	1
5036	1
5037	1
5038	1
5039	1
5040	1
5041	1
5042	1
5043	1
5044	1
5045	1
5046	1
5047	1
5048	1
5049	1
5050	1
5051	1
5052	1
5053	1
5054	1
5055	1
5058	8
5059	8
5063	1
5066	7
5067	8
5068	7
5069	8
5070	8
5071	5
5072	1
5073	8
5074	1
5075	1
5076	8
5077	8
5078	8
5079	1
5080	1
5081	5
5082	7
5083	7
5084	1
5085	1
5086	1
5087	1
5088	1
5089	8
5090	8
5091	8
5092	0
5093	0
5094	0
5095	0
5096	0
5097	0
5098	0
5099	0
5100	0
5101	0
5102	0
5103	0
5104	0
5105	0
5106	0
5107	0
5108	0
5109	0
5110	0
5111	0
5112	0
5113	0
5114	0
5115	0
5116	0
5117	0
5118	0
5119	5
5120	9
5121	9
5122	9
5123	9
5124	9
5125	4
5126	4
5127	4
5128	5
5129	5
5130	4
5131	4
5132	5
5133	4
5134	5
5135	2
5136	5
5137	2
5138	5
5139	5
5140	5
5141	3
5142	5
5143	5
5144	4
5145	5
5146	4
5147	5
5148	7
5149	9
5150	2
5151	9
5152	9
5153	5
5154	5
5155	5
5156	5
5157	5
5158	5
5159	5
5160	8
5161	9
5162	4
5163	9
5164	4
5165	4
5166	4
5167	9
5168	9
5169	9
5170	9
5171	9
5172	9
5173	8
5174	5
5175	2
5176	9
5177	5
5178	8
5179	5
5180	5
5181	2
5182	5
5183	5
5184	5
5185	5
5186	5
5187	9
5188	5
5189	9
5190	5
5191	9
5192	4
5193	9
5194	9
5195	9
5196	9
5197	9
5198	9
5199	9
5200	9
5201	5
5202	5
5203	5
5204	5
5205	5
5206	5
5207	5
5208	5
5209	9
5210	4
5211	5
5212	5
5213	7
5214	5
5215	5
5216	9
5217	8
5218	4
5219	9
5220	3
5221	5
5222	9
5223	3
5224	9
5225	5
5226	9
5227	9
5228	8
5229	5
5230	9
5231	5
5232	5
5233	5
5234	5
5235	5
5236	4
5237	4
5238	8
5239	8
5240	9
5241	9
5242	9
5243	9
5244	9
5245	5
5246	5
5247	5
5248	5
5249	5
5250	9
5251	3
5252	5
5253	9
5254	5
5255	2
5256	9
5257	9
5258	4
5259	3
5260	2
5261	3
5262	9
5263	2
5264	2
5265	9
5266	2
5267	9
5268	4
5269	4
5270	4
5271	4
5272	5
5273	5
5274	5
5275	5
5276	5
5277	5
5278	5
5279	5
5280	5
5281	5
5282	9
5283	9
5284	9
5285	4
5286	5
5287	5
5288	9
5289	4
5290	4
5291	4
5292	7
5293	2
5294	5
5295	4
5296	5
5297	5
5298	9
5299	9
5300	5
5301	5
5302	5
5303	3
5304	3
5305	3
5306	9
5307	9
5308	5
5309	9
5310	5
5311	4
5312	4
5313	4
5314	2
5315	5
5316	4
5317	5
5318	5
5319	5
5320	9
5321	5
5322	8
5324	5
5325	5
5326	5
5327	4
5328	2
5329	5
5330	5
5331	9
5332	5
5333	7
5334	5
5335	2
5336	2
5337	2
5338	4
5339	2
5340	2
5341	2
5342	9
5343	4
5344	9
5345	5
5346	4
5347	4
5348	5
5349	9
5350	7
5351	9
5352	3
5353	8
5354	9
5355	5
5356	4
5357	7
5358	2
5359	2
5360	2
5361	2
5362	9
5363	4
5364	4
5365	9
5366	4
5367	4
5368	4
5369	4
5370	4
5371	4
5372	4
5373	9
5374	2
5375	2
5376	5
5377	9
5378	9
5379	4
5380	4
5381	8
5382	5
5383	5
5384	5
5385	7
5386	2
5387	2
5388	2
5389	9
5390	9
5391	2
5392	4
5393	4
5394	4
5395	4
5396	4
5397	2
5398	3
5399	9
5400	7
5401	7
5402	7
5403	9
5404	4
5405	2
5406	2
5407	2
5408	2
5409	4
5410	4
5411	4
5412	9
5413	5
5414	4
5415	4
5416	4
5417	4
5418	7
5419	4
5420	3
5421	5
5422	5
5423	9
5424	7
5425	4
5426	5
5427	9
5428	5
5429	9
5430	2
5431	2
5432	4
5433	9
5434	9
5435	5
5436	4
5437	4
5438	2
5439	2
5440	2
5441	4
5442	4
5443	9
5444	7
5445	3
5446	4
5447	2
5448	2
5449	2
5450	2
5451	2
5452	2
5453	2
5454	4
5455	4
5456	7
5457	5
5458	5
5459	5
5460	4
5461	9
5462	5
5463	4
5464	8
5465	5
5466	5
5467	5
5468	4
5469	9
5470	5
5471	4
5472	8
5473	5
5474	4
5475	4
5476	5
5477	5
5478	9
5479	5
5480	8
5481	5
5482	5
5483	9
5484	5
5485	5
5486	4
5487	4
5488	4
5489	2
5490	2
5491	4
5492	9
5493	5
5494	5
5495	9
5496	5
5497	9
5498	8
5499	5
5500	9
5501	9
5502	2
5503	4
5504	2
5505	2
5506	2
5507	4
5508	4
5509	5
5510	4
5511	4
5512	8
5513	5
5514	5
5515	5
5516	4
5517	4
5518	7
5519	9
5520	4
5521	5
5522	1
5523	5
5524	9
5525	5
5526	4
5527	5
5528	3
5529	5
5530	9
5531	4
5532	5
5533	5
5534	5
5535	5
5536	9
5537	9
5538	4
5539	4
5540	4
5541	4
5542	2
5543	2
5544	2
5545	3
5546	4
5547	9
5548	9
5549	9
5550	9
5551	9
5552	4
5553	4
5554	2
5555	2
5556	8
5557	5
5558	8
5559	5
5560	5
5561	2
5562	5
5563	5
5564	5
5565	8
5566	5
5567	5
5568	8
5569	9
5570	8
5571	7
5572	5
5573	5
5574	3
5575	5
5576	4
5577	4
5578	4
5579	9
5580	4
5581	2
5582	2
5583	2
5584	4
5585	2
5586	9
5587	9
5588	9
5589	9
5590	9
5591	9
5592	5
5593	9
5594	9
5595	9
5596	2
5597	2
5598	4
5599	4
5600	2
5601	8
5602	5
5603	5
5604	8
5605	5
5606	8
5607	8
5608	5
5609	9
5610	5
5611	9
5612	5
5613	5
5614	5
5615	9
5616	5
5617	5
5618	5
5619	4
5620	8
5621	5
5622	5
5623	3
5624	9
5625	9
5626	9
5627	9
5628	9
5629	5
5630	4
5631	9
5632	9
5633	4
5634	9
5635	4
5636	4
5637	2
5638	2
5639	2
5640	2
5641	5
5642	5
5643	9
5644	9
5645	5
5646	9
5647	5
5648	9
5649	9
5650	9
5651	9
5652	4
5653	2
5654	4
5655	4
5656	2
5657	2
5658	5
5659	4
5660	2
5661	4
5662	5
5663	4
5664	5
5665	9
5666	5
5667	3
5668	5
5669	2
5670	9
5671	9
5672	9
5673	4
5674	9
5675	8
5676	9
5677	1
5678	9
5679	4
5680	9
5681	9
5682	9
5683	4
5684	4
5685	5
5686	2
5687	5
5688	4
5689	7
5690	9
5691	9
5692	9
5693	9
5694	9
5695	5
5696	2
5697	9
5698	2
5699	2
5700	2
5701	2
5702	2
5703	2
5704	2
5705	5
5706	9
5707	4
5708	4
5709	4
5710	2
5711	4
5712	4
5713	9
5714	9
5715	4
5716	5
5717	9
5718	9
5719	9
5720	5
5721	8
5722	5
5723	9
5725	4
5726	5
5727	9
5728	7
5729	3
5730	4
5731	7
5732	5
5733	4
5734	2
5735	5
5736	2
5737	9
5738	8
5739	5
5740	9
5741	4
5742	9
5743	9
5744	9
5745	9
5746	9
5747	9
5748	9
5749	2
5750	4
5751	2
5752	2
5753	2
5754	2
5755	2
5756	5
5757	8
5758	8
5759	9
5766	5
5767	5
5768	9
5769	5
5770	8
5771	5
5772	7
5773	5
5774	4
5775	9
5776	5
5777	5
5778	9
5779	9
5780	9
5781	9
5782	3
5783	8
5784	5
5785	8
5786	7
5787	5
5788	5
5789	5
5790	5
5791	5
5792	5
5793	5
5794	9
5795	9
5796	9
5797	9
5798	9
5799	9
5800	9
5801	2
5802	2
5803	2
5804	2
5805	5
5806	5
5807	5
5810	5
5811	3
5812	2
5813	5
5814	8
5815	8
5816	8
5817	8
5818	8
5819	4
5820	5
5821	5
5822	9
5823	9
5824	4
5825	3
5826	4
5827	2
5828	7
5829	5
5830	2
5831	9
5832	8
5833	5
5834	8
5835	5
5836	5
5837	5
5838	5
5839	5
5840	5
5841	5
5842	5
5843	5
5844	5
5845	9
5846	9
5847	9
5848	9
5849	9
5850	9
5851	4
5852	9
5853	5
5854	5
5855	7
5856	5
5857	5
5858	5
5859	4
5860	5
5861	5
5862	5
5863	5
5864	5
5865	2
5866	3
5867	5
5868	5
5869	4
5870	7
5871	7
5872	9
5873	9
5874	4
5875	5
5876	5
5877	5
5878	5
5879	5
5880	5
5881	3
5882	5
5883	5
5884	5
5885	9
5886	9
5887	9
5888	9
5889	9
5890	9
5891	7
5892	7
5893	7
5894	7
5895	7
5896	7
5897	7
5898	7
5899	7
5900	7
5901	7
5902	7
5903	7
5904	7
5905	7
5906	7
5907	7
5908	7
5909	7
5910	7
5911	7
5912	7
5913	7
5914	7
5915	7
5916	7
5917	7
5918	7
5919	7
5920	7
5921	7
5922	7
5923	7
5924	7
5925	7
5926	7
5927	7
5928	7
5929	7
5930	7
5931	7
5932	7
5933	7
5934	7
5935	7
5936	7
5937	7
5938	7
5939	7
5940	7
5941	7
5942	7
5943	7
5944	7
5945	7
5946	7
5947	7
5948	7
5949	7
5950	0
5951	7
5952	7
5953	7
5954	7
5955	7
5956	7
5957	7
5958	7
5959	7
5960	7
5961	7
5962	7
5963	7
5964	7
5965	7
5966	7
5967	7
5968	7
5969	0
5970	7
5971	7
5972	7
5973	7
5974	7
5975	7
5976	7
5977	7
5978	7
5979	7
5980	7
5981	7
5982	7
5983	7
5984	7
5985	7
5986	7
5987	0
5988	7
5989	7
5990	7
5991	7
5992	7
5993	7
5994	7
5995	7
5996	7
5997	7
5998	7
5999	7
6000	7
6001	7
6002	7
6003	7
6004	7
6005	7
6006	7
6007	7
6008	0
6009	7
6010	7
6011	7
6012	7
6013	7
6014	7
6015	7
6016	7
6017	7
6018	7
6019	7
6020	7
6021	7
6022	7
6023	7
6024	7
6025	7
6026	7
6027	7
6028	7
6029	7
6030	7
6031	7
6032	7
6033	7
6034	7
6035	7
6036	7
6037	7
6038	7
6039	7
6040	7
6041	7
6042	7
6043	7
6044	7
6045	7
6046	7
6047	7
6048	7
6049	7
6050	7
6051	7
6052	7
6053	7
6054	7
6055	7
6056	7
6057	7
6058	7
6059	7
6060	7
6061	7
6062	7
6063	7
6064	7
6065	7
6066	7
6067	7
6068	7
6069	7
6070	7
6071	7
6072	7
6073	7
6074	7
6075	7
6076	7
6077	7
6078	7
6079	7
6080	7
6081	7
6082	7
6083	7
6084	7
6085	7
6086	7
6087	7
6088	7
6089	7
6090	7
6091	7
6092	7
6093	7
6094	7
6095	7
6096	7
6097	7
6098	7
6099	7
6100	7
6101	7
6102	7
6103	0
6104	7
6105	7
6106	7
6107	7
6108	7
6109	7
6110	7
6111	7
6112	7
6113	7
6114	7
6115	7
6116	7
6117	7
6118	7
6119	7
6120	7
6121	7
6122	7
6123	7
6124	7
6125	7
6126	7
6127	7
6128	7
6129	7
6130	7
6131	7
6132	7
6133	7
6134	7
6135	7
6136	0
6137	0
6138	7
6139	0
6140	0
6141	7
6142	7
6143	7
6144	7
6145	7
6146	7
6147	7
6148	7
6149	7
6150	7
6151	7
6152	7
6153	7
6154	7
6155	7
6156	7
6157	7
6158	7
6159	7
6160	7
6161	7
6162	7
6163	0
6164	7
6165	7
6166	7
6167	7
6168	7
6169	7
6170	7
6171	7
6172	7
6173	7
6174	7
6175	7
6176	7
6177	7
6178	7
6179	7
6180	7
6181	7
6182	7
6183	7
6184	7
6185	7
6186	7
6187	7
6188	7
6189	7
6190	7
6191	7
6192	7
6193	7
6194	7
6195	7
6196	7
6197	7
6198	7
6199	7
6200	7
6201	7
6202	7
6203	7
6204	7
6205	7
6206	7
6207	7
6208	7
6209	7
6210	7
6211	7
6212	7
6213	7
6214	7
6215	7
6216	7
6217	7
6218	7
6219	7
6220	7
6221	7
6222	7
6223	7
6224	7
6225	7
6226	7
6227	7
6228	7
6229	7
6230	7
6231	7
6232	7
6233	7
6234	7
6235	7
6236	7
6237	7
6238	7
6239	8
6240	8
6241	9
6242	9
6243	9
6244	0
6245	9
6246	0
6247	9
6248	9
6249	9
6250	6
6251	9
6252	8
6253	9
6254	9
6255	9
6256	9
6257	9
6258	8
6259	9
6260	9
6261	9
6262	0
6263	8
6264	9
6265	9
6266	8
6267	8
6268	9
6269	9
6270	9
6271	8
6272	9
6273	9
6274	8
6275	8
6276	8
6277	8
6278	8
6279	8
6280	6
6281	8
6282	8
6283	8
6284	8
6285	8
6286	9
6287	8
6288	8
6289	6
6290	8
6291	8
6292	8
6293	8
6294	8
6295	8
6296	8
6297	9
6298	9
6299	8
6300	8
6301	8
6302	8
6303	6
6304	8
6305	6
6306	8
6307	6
6308	9
6309	8
6310	8
6311	8
6312	8
6313	8
6314	8
6315	8
6316	8
6317	6
6318	6
6319	8
6320	8
6321	8
6322	8
6323	8
6324	8
6325	8
6326	9
6327	6
6328	6
6329	6
6330	8
6331	9
6332	6
6333	8
6334	9
6335	9
6336	8
6337	8
6338	8
6339	8
6340	8
6341	8
6342	8
6343	8
6344	8
6345	8
6346	8
6347	8
6348	8
6349	8
6350	8
6351	9
6352	8
6353	6
6354	6
6355	8
6356	6
6357	9
6358	8
6359	8
6360	8
6361	9
6362	9
6363	0
6364	9
6365	8
6366	9
6367	8
6368	8
6369	6
6370	9
6371	9
6372	9
6373	9
6374	9
6375	9
6376	8
6377	8
6378	6
6379	6
6380	8
6381	8
6382	8
6383	8
6384	8
6385	9
6386	8
6387	8
6388	8
6389	8
6390	8
6391	8
6392	8
6393	9
6394	9
6395	9
6396	9
6397	8
6398	6
6399	8
6400	6
6401	8
6402	9
6403	6
6404	8
6405	6
6406	9
6407	9
6408	9
6409	9
6410	8
6411	8
6412	8
6413	8
6414	8
6415	8
6416	8
6417	8
6418	6
6419	8
6420	8
6421	8
6422	8
6423	8
6424	8
6425	6
6426	6
6427	6
6428	6
6429	6
6430	8
6431	8
6432	6
6433	6
6435	8
6436	8
6437	8
6438	8
6439	8
6440	8
6441	8
6442	8
6443	8
6444	8
6445	8
6446	8
6447	9
6448	8
6449	8
6450	9
6451	8
6452	8
6453	8
6454	8
6455	6
6456	8
6457	9
6458	6
6459	8
6460	8
6461	6
6462	8
6463	9
6464	9
6465	9
6466	9
6467	8
6468	8
6469	8
6470	9
6471	9
6472	9
6474	9
6475	9
6476	8
6477	9
6478	9
6479	8
6480	8
6481	8
6482	9
6483	8
6484	8
6485	8
6486	9
6487	8
6488	8
6489	8
6490	8
6491	8
6492	8
6493	8
6494	8
6495	8
6496	6
6497	6
6498	8
6499	9
6500	9
6501	8
6502	8
6503	9
6504	8
6505	8
6506	8
6507	9
6508	8
6509	9
6510	8
6511	6
6512	8
6513	9
6514	8
6515	8
6516	9
6517	6
6518	8
6519	8
6520	8
6521	8
6522	6
6523	6
6524	6
6525	8
6526	8
6527	8
6528	8
6529	8
6530	8
6531	8
6532	9
6533	9
6534	9
6535	8
6536	6
6537	8
6538	8
6539	8
6540	6
6541	8
6542	9
6543	8
6544	8
6545	8
6546	8
6547	8
6548	9
6549	8
6550	9
6551	8
6552	8
6553	9
6554	8
6555	8
6556	8
6557	8
6558	8
6559	0
6560	8
6561	8
6562	0
6563	8
6564	0
6565	7
6566	7
6567	7
6568	7
6569	7
6570	7
6571	7
6572	7
6573	7
6574	7
6575	1
6576	7
6577	1
6578	7
6579	1
6580	7
6581	1
6582	7
6583	1
6584	7
6585	7
6586	7
6587	7
6588	1
6589	7
6590	7
6591	7
6592	7
6593	7
6594	7
6595	7
6596	7
6597	7
6598	7
6599	7
6600	1
6601	1
6602	7
6603	7
6604	7
6605	7
6606	7
6607	1
6608	7
6609	7
6610	7
6611	7
6612	7
6613	7
6614	7
6615	0
6616	0
6617	0
6618	7
6619	0
6620	0
6621	0
6622	0
6623	0
6624	8
6625	8
6626	8
6627	1
6628	8
6629	8
6630	1
6631	1
6632	8
6633	8
6634	8
6635	8
6636	8
6637	8
6638	8
6639	1
6640	8
6641	1
6642	8
6643	8
6644	8
6645	8
6646	1
6647	1
6648	1
6650	8
6651	8
6652	8
6653	8
6654	8
6655	1
6656	8
6657	8
6658	8
6659	8
6660	8
6661	8
6662	8
6663	8
6664	8
6665	8
6666	8
6667	8
6668	8
6669	8
6671	8
6672	8
6679	8
6683	8
6684	8
6685	8
6686	8
6687	7
6688	7
6689	7
6690	8
6691	8
6692	8
6693	8
6694	8
6695	8
6696	8
6697	8
6698	8
6699	8
6700	8
6701	8
6702	8
6703	8
6704	8
6705	8
6706	8
6707	8
6708	8
6709	8
6710	8
6711	8
6712	8
6713	8
6714	8
6715	8
6716	8
6717	8
6718	7
6719	8
6720	8
6721	8
6722	8
6723	8
6724	8
6725	8
6726	1
6727	1
6728	1
6729	1
6730	1
6731	8
6732	8
6733	1
6734	1
6735	1
6736	1
6737	1
6738	1
6739	1
6740	1
6741	8
6742	8
6743	8
6744	8
6745	8
6746	8
6747	8
6748	8
6749	8
6750	8
6751	8
6752	8
6753	8
6754	8
6755	8
6756	8
6757	8
6758	8
6759	8
6760	1
6761	8
6762	8
6763	8
6764	0
6765	0
6766	0
6767	7
6768	7
6769	7
6770	7
6771	0
6772	7
6773	7
6774	0
6775	0
6776	7
6777	0
6778	0
6779	7
6780	7
6781	7
6782	7
6783	7
6784	7
6785	7
6786	7
6787	7
6788	7
6789	7
6790	7
6791	7
6792	7
6793	7
6794	7
6795	7
6796	7
6797	7
6798	7
6799	7
6800	7
6801	7
6802	0
6803	7
6804	7
6805	7
6806	7
6807	0
6808	0
6809	7
6810	0
6811	0
6812	7
6813	0
6814	0
6815	7
6816	0
6817	7
6818	7
6819	0
6820	7
6821	0
6822	0
6823	0
6824	0
6825	0
6826	0
6827	0
6828	0
6829	0
6830	0
6831	0
6832	0
6833	0
6834	0
6835	0
6836	0
6837	0
6838	0
6839	0
6840	0
6841	0
6842	0
6843	0
6844	0
6845	0
6846	0
6847	0
6848	7
6849	7
6850	0
6851	0
6852	7
6853	7
6854	7
6855	0
6856	7
6857	7
6858	7
6859	7
6860	7
6861	7
6862	7
6863	0
6864	0
6865	0
6866	0
6867	7
6868	0
6869	7
6870	0
6871	7
6872	7
6873	7
6874	7
6875	7
6876	7
6877	9
6878	7
6879	7
6880	7
6881	7
6882	7
6883	7
6884	7
6885	7
6886	1
6887	0
6888	7
6889	7
6890	7
6891	7
6892	7
6893	7
6894	7
6895	7
6896	7
6897	7
6898	9
6899	7
6900	7
6901	7
6902	1
6903	7
6904	9
6905	9
6906	7
6907	9
6908	9
6909	7
6910	7
6911	5
6912	7
6913	7
6914	7
6915	7
6916	7
6917	7
6918	7
6919	7
6920	1
6921	7
6922	7
6923	7
6924	7
6925	7
6926	1
6927	7
6928	7
6929	1
6930	7
6931	7
6932	7
6933	7
6934	1
6935	7
6936	7
6937	7
6938	7
6939	7
6940	0
6941	7
6942	7
6943	0
6944	0
6945	0
6946	7
6947	7
6948	7
6949	7
6950	0
6951	7
6952	0
6953	0
6954	0
6955	7
6956	7
6957	7
6958	7
6959	9
6960	7
6961	7
6962	0
6963	9
6964	6
6965	7
6966	7
