1	0
2	0
3	7
4	0
5	0
6	0
7	7
8	0
9	7
10	7
11	7
12	7
13	7
14	7
15	7
16	7
17	7
18	7
19	0
20	0
21	0
22	0
23	0
24	0
25	0
26	0
27	0
28	0
29	0
30	0
31	0
32	0
33	0
34	7
35	7
36	7
37	7
38	7
39	7
40	7
41	7
42	7
43	7
44	7
45	7
46	7
47	0
48	0
49	7
50	7
51	0
52	7
53	7
54	7
55	7
56	0
57	7
58	0
59	7
60	7
61	7
62	7
63	0
64	0
65	0
66	0
67	0
68	0
69	0
70	0
71	0
72	0
73	0
74	0
75	0
76	0
77	0
78	0
79	0
80	0
81	0
82	0
83	0
84	0
85	0
86	0
87	0
88	0
89	0
90	0
91	0
92	7
93	7
94	0
95	1
96	0
97	0
98	0
99	1
100	0
101	0
102	1
103	0
104	0
105	0
106	0
107	0
108	0
109	0
110	0
111	0
112	0
113	0
114	0
115	0
116	1
117	0
118	0
119	0
120	0
121	0
122	0
123	0
124	0
125	0
126	0
127	0
128	0
129	0
130	0
131	0
132	0
133	0
134	0
135	0
136	0
137	0
138	0
139	0
140	0
141	0
142	0
143	0
144	0
145	0
146	0
147	0
148	0
149	0
150	0
151	0
152	0
153	0
154	0
155	0
156	0
157	0
158	0
159	0
160	0
161	0
162	0
163	0
164	0
165	0
166	0
167	0
168	0
169	0
170	0
171	0
172	0
173	0
174	0
175	0
176	0
177	0
178	0
179	0
180	0
181	0
182	0
183	7
184	7
185	0
186	0
187	0
188	0
189	0
190	0
191	0
192	0
193	0
194	0
195	0
196	0
197	0
198	7
199	0
200	0
201	0
202	0
203	0
204	0
205	0
206	0
207	0
208	0
209	0
210	1
211	1
212	0
213	0
214	0
215	0
216	0
217	0
218	0
219	0
220	0
221	0
222	0
223	0
224	0
225	0
226	0
227	0
228	0
229	0
230	0
231	0
232	0
233	0
234	0
235	0
236	0
237	0
238	0
239	0
240	0
241	0
242	0
243	0
244	0
245	0
246	0
247	0
248	0
249	0
250	0
251	0
252	0
253	0
254	0
255	0
256	0
257	7
258	0
259	9
260	7
261	7
262	1
263	1
264	7
265	3
266	1
267	7
268	7
269	9
270	7
271	7
272	1
273	1
274	1
275	7
276	9
277	7
278	7
279	7
280	7
281	7
282	7
283	7
284	7
285	7
286	5
287	7
288	7
289	7
290	7
291	7
292	7
293	7
294	7
295	7
296	7
297	7
298	7
299	7
300	5
301	5
302	7
303	7
304	7
305	7
306	7
307	7
308	1
309	9
310	9
311	7
312	7
313	7
314	7
315	7
316	7
317	7
318	7
319	7
320	7
321	7
322	7
323	7
324	7
325	7
326	7
327	9
328	5
329	7
330	3
331	7
332	0
333	5
334	7
335	7
336	7
337	0
338	9
339	9
340	0
341	7
342	7
343	9
344	9
345	9
346	9
347	9
348	9
349	9
350	9
351	9
352	9
353	9
354	9
355	9
357	9
358	9
359	9
360	9
361	9
362	9
363	9
365	9
366	9
367	9
368	9
369	9
370	9
372	9
373	9
374	9
375	9
376	9
377	9
378	9
379	9
380	9
381	9
382	9
383	9
384	9
385	9
386	9
387	9
388	9
389	9
390	9
391	9
392	9
393	9
394	9
395	9
396	9
397	9
398	9
399	9
400	9
401	9
402	9
403	9
404	9
405	9
406	9
407	9
408	9
409	9
410	9
411	9
412	9
413	9
414	9
415	9
416	9
417	9
418	9
419	9
420	9
421	9
422	9
423	9
424	9
425	9
426	9
427	9
428	9
429	9
430	9
431	9
432	9
434	9
435	9
436	9
438	9
439	6
440	6
441	9
442	9
443	6
444	6
445	6
446	0
447	0
448	0
449	0
450	9
451	9
452	6
453	6
454	0
455	9
456	9
457	6
458	6
459	6
460	0
461	0
462	0
463	9
464	0
465	0
466	9
467	9
468	0
469	0
470	0
471	0
472	0
473	9
474	0
475	0
476	9
477	9
478	9
479	9
480	0
481	9
482	9
483	0
484	6
485	9
486	0
487	6
488	9
489	0
490	0
491	9
492	9
493	0
494	0
495	9
496	9
497	6
498	6
499	6
500	6
501	6
502	9
503	9
504	9
505	9
506	0
507	0
508	0
509	9
510	0
511	9
512	0
513	9
514	9
515	0
516	0
517	0
518	9
519	6
520	0
521	0
522	6
523	6
524	9
525	0
526	0
527	0
528	0
529	0
530	9
531	0
532	0
533	0
534	6
535	9
536	9
538	0
539	6
540	6
541	0
542	6
543	9
544	6
545	6
546	6
547	6
548	6
549	6
550	9
551	0
552	6
553	0
554	0
555	0
556	6
557	0
558	0
559	0
560	0
561	0
562	0
563	6
564	0
565	6
566	6
567	6
568	0
569	0
570	0
571	0
572	0
573	0
574	0
575	9
576	6
577	9
578	9
579	9
580	0
581	0
582	0
583	0
584	0
585	0
586	6
587	0
588	6
589	6
590	0
591	0
592	0
593	0
594	0
595	0
596	9
597	6
598	9
599	0
600	6
601	6
602	9
603	9
604	0
605	0
606	6
607	6
608	6
609	0
610	0
611	9
612	0
613	0
614	0
615	0
616	0
617	0
618	6
619	6
620	0
621	0
622	0
623	0
624	6
625	6
626	6
627	6
628	6
629	0
630	6
631	9
632	0
633	9
634	9
635	0
636	6
637	9
638	0
639	6
640	6
641	9
642	9
643	9
644	9
645	0
646	7
647	7
648	0
649	7
650	7
651	7
652	7
653	7
654	7
655	7
656	7
657	7
658	7
659	7
660	0
661	0
662	0
663	0
664	0
665	0
666	0
667	0
668	0
669	0
670	0
671	0
672	0
673	0
674	0
675	0
676	0
677	0
678	0
679	0
680	0
681	0
682	0
683	0
684	0
685	0
686	0
687	0
688	0
689	0
690	0
691	0
692	0
693	0
694	0
695	0
696	0
697	0
698	0
699	0
700	0
701	0
702	0
703	0
704	0
705	0
706	0
707	8
708	0
709	0
710	0
711	0
712	0
713	0
714	0
715	0
716	0
717	0
718	0
719	0
720	0
721	8
722	0
723	0
724	8
725	0
726	0
727	0
728	0
729	0
730	0
731	0
732	0
733	0
734	0
735	0
736	0
737	0
738	0
739	0
740	0
741	0
742	0
743	0
744	0
745	0
746	0
747	0
748	0
749	0
750	0
751	0
752	7
753	7
754	7
755	7
756	7
757	7
758	7
759	7
760	7
761	7
762	7
763	7
764	7
765	7
766	7
767	7
768	7
769	0
770	7
771	7
772	7
773	7
774	7
775	7
776	5
777	5
778	5
779	7
780	7
781	7
782	7
783	7
784	5
785	7
786	7
787	7
788	0
789	5
790	9
791	7
792	0
793	0
794	7
795	7
796	9
797	7
798	7
799	9
800	9
801	9
802	7
803	7
804	0
805	7
806	9
807	7
808	0
809	7
810	9
811	0
812	9
813	7
814	0
815	7
816	0
817	7
818	7
819	7
820	7
821	0
822	9
823	9
824	9
825	7
826	9
827	9
828	9
829	9
830	0
831	0
832	0
833	0
834	0
835	0
836	0
837	0
838	0
839	0
840	0
841	0
842	0
843	0
844	0
845	0
846	0
847	0
848	0
849	0
850	0
851	0
852	0
853	0
854	0
855	0
856	0
857	0
858	1
859	0
860	0
861	0
862	0
863	0
864	0
865	0
866	0
867	1
868	1
869	0
870	1
871	1
872	1
873	0
874	0
875	1
876	0
877	0
878	1
879	1
880	1
881	1
882	0
883	7
884	7
885	7
886	7
887	1
888	0
889	7
890	7
891	7
892	7
893	1
894	7
895	7
896	7
897	7
898	0
899	0
900	7
901	0
902	0
903	0
904	0
905	0
906	0
907	0
908	0
909	0
910	0
911	0
912	0
913	0
914	0
915	0
916	0
917	0
918	0
919	0
920	0
921	0
922	0
923	0
924	0
925	0
926	7
927	7
928	7
929	0
930	7
931	7
932	7
933	7
934	7
935	7
936	7
937	7
938	0
939	7
940	7
941	7
942	7
943	0
944	0
945	9
946	1
947	7
948	0
949	7
950	7
951	7
952	7
953	7
954	7
955	0
956	7
957	7
958	7
959	9
960	7
961	7
962	7
963	7
964	9
965	9
966	7
967	7
968	9
969	7
970	9
971	0
972	9
973	1
974	1
975	1
976	0
977	1
978	7
979	7
980	7
981	7
982	7
983	7
984	7
985	7
986	7
987	7
988	7
989	7
990	7
991	7
992	7
993	1
994	7
995	7
996	7
997	7
998	7
999	9
1000	7
1001	9
1002	9
1003	9
1004	9
1005	7
1006	7
1007	7
1008	1
1009	8
1010	9
1011	9
1012	8
1013	8
1014	9
1015	9
1016	8
1017	9
1018	8
1019	8
1020	8
1021	8
1022	9
1023	8
1024	8
1025	8
1026	9
1027	8
1028	8
1029	8
1030	8
1031	8
1032	9
1033	8
1034	9
1035	8
1036	8
1037	8
1038	8
1039	8
1040	8
1041	8
1042	8
1043	8
1044	8
1045	8
1046	8
1051	9
1052	9
1053	8
1054	8
1055	8
1056	8
1057	8
1058	8
1059	8
1060	8
1061	8
1062	8
1063	9
1064	8
1065	8
1066	8
1068	8
1069	8
1070	8
1071	8
1072	8
1073	9
1074	8
1075	8
1076	8
1077	8
1078	8
1079	8
1080	8
1081	8
1082	9
1084	8
1085	8
1087	1
1088	8
1089	8
1090	8
1091	8
1092	8
1093	8
1094	8
1095	8
1096	8
1097	8
1099	8
1101	8
1102	8
1103	8
1104	8
1105	8
1106	8
1107	8
1108	8
1109	8
1110	8
1111	1
1112	1
1113	8
1114	8
1115	8
1116	8
1117	8
1118	8
1120	8
1121	8
1122	8
1123	8
1124	8
1125	8
1126	8
1127	8
1128	8
1129	8
1130	8
1131	8
1132	8
1133	8
1134	8
1135	1
1136	8
1137	8
1138	8
1139	8
1140	8
1141	8
1142	8
1143	8
1144	8
1145	8
1146	8
1147	8
1149	8
1151	8
1157	8
1160	8
1161	8
1162	8
1163	8
1164	8
1165	8
1167	1
1168	8
1169	8
1170	8
1171	8
1172	8
1173	8
1174	8
1175	8
1176	8
1177	9
1178	9
1179	8
1181	9
1182	9
1185	9
1189	8
1190	9
1191	8
1192	8
1193	9
1194	9
1195	9
1196	9
1197	9
1198	9
1199	9
1200	8
1201	9
1202	8
1203	8
1204	8
1205	9
1206	9
1207	9
1208	9
1209	9
1210	9
1211	9
1212	9
1213	9
1214	9
1215	9
1216	9
1217	6
1218	6
1219	4
1220	4
1221	6
1222	6
1223	5
1224	6
1225	6
1226	6
1227	6
1228	6
1229	6
1230	6
1231	6
1232	6
1233	9
1234	9
1235	9
1236	6
1237	6
1238	6
1239	6
1240	4
1241	4
1242	4
1243	4
1244	4
1245	4
1246	4
1247	6
1249	2
1250	6
1251	6
1252	4
1253	4
1254	4
1255	4
1256	4
1257	4
1258	4
1259	4
1260	4
1261	4
1263	2
1264	4
1265	2
1266	4
1267	4
1268	4
1269	4
1270	4
1271	3
1272	3
1273	4
1274	3
1275	3
1276	4
1277	4
1278	4
1279	4
1280	4
1281	4
1282	4
1283	5
1284	4
1285	5
1286	4
1287	4
1288	4
1289	4
1290	3
1291	3
1292	3
1293	5
1294	3
1295	2
1296	2
1297	2
1298	2
1299	4
1300	4
1301	4
1302	4
1303	2
1304	4
1305	4
1306	4
1307	2
1308	2
1309	4
1310	2
1311	2
1312	2
1313	2
1314	3
1315	6
1316	6
1317	2
1318	2
1319	5
1320	5
1321	3
1322	5
1323	4
1324	5
1325	3
1326	4
1327	4
1328	4
1329	3
1330	4
1331	4
1332	4
1333	4
1334	4
1335	3
1336	3
1337	3
1338	3
1339	3
1340	4
1341	4
1342	2
1343	4
1344	2
1345	2
1346	4
1347	9
1348	9
1349	9
1350	4
1351	5
1352	5
1353	3
1354	5
1355	3
1356	3
1357	3
1358	4
1359	6
1360	4
1361	4
1362	4
1363	4
1364	4
1365	2
1366	5
1367	2
1368	2
1369	2
1370	2
1371	2
1372	2
1374	4
1375	4
1376	2
1377	4
1378	5
1379	5
1380	5
1381	5
1382	5
1383	5
1384	5
1385	3
1386	6
1387	6
1388	6
1389	6
1390	6
1391	4
1392	4
1393	6
1394	4
1395	4
1396	5
1397	9
1398	9
1399	9
1400	9
1401	9
1402	9
1403	9
1404	9
1405	9
1406	9
1407	9
1408	6
1409	4
1410	6
1411	6
1412	6
1413	6
1414	6
1415	4
1416	4
1417	4
1418	4
1419	4
1420	4
1421	4
1422	4
1423	4
1424	4
1425	4
1426	4
1427	4
1429	4
1432	4
1433	4
1434	5
1435	3
1436	3
1437	5
1438	5
1439	3
1440	3
1441	4
1442	5
1443	5
1444	4
1445	4
1446	4
1447	2
1448	2
1449	2
1450	2
1451	2
1452	4
1453	2
1454	2
1455	2
1456	2
1457	2
1458	2
1459	2
1460	2
1461	2
1462	2
1463	2
1464	2
1465	2
1466	3
1467	3
1468	3
1469	3
1470	5
1471	3
1472	4
1473	3
1474	3
1475	3
1476	4
1477	4
1478	4
1479	4
1480	4
1481	4
1482	5
1483	5
1484	4
1485	4
1486	4
1487	3
1488	3
1489	4
1490	3
1491	3
1492	9
1493	4
1494	4
1495	4
1496	4
1497	5
1498	5
1499	3
1500	5
1501	3
1502	5
1503	9
1504	5
1505	4
1506	4
1507	2
1508	4
1509	4
1510	4
1511	4
1512	4
1513	2
1514	2
1515	2
1516	2
1517	4
1518	4
1519	9
1520	3
1521	3
1522	9
1523	3
1524	3
1525	3
1526	6
1527	4
1528	4
1529	4
1530	4
1531	4
1533	4
1534	4
1535	3
1536	3
1537	3
1538	3
1539	3
1540	2
1541	2
1542	2
1543	2
1544	5
1545	3
1546	3
1547	3
1548	3
1549	3
1550	3
1551	3
1552	3
1553	5
1554	5
1555	4
1556	6
1557	6
1558	6
1559	6
1560	6
1561	6
1562	6
1563	9
1564	9
1565	9
1566	9
1567	9
1568	4
1569	6
1570	6
1571	6
1572	3
1573	3
1574	6
1575	3
1576	2
1577	2
1578	2
1579	2
1580	2
1581	2
1582	2
1584	4
1585	4
1586	4
1587	4
1588	4
1589	4
1590	4
1591	4
1592	4
1593	4
1594	4
1596	4
1597	4
1598	4
1599	4
1600	4
1601	4
1602	4
1603	4
1604	4
1605	4
1606	4
1607	4
1608	4
1609	4
1610	4
1611	4
1612	4
1613	4
1614	2
1615	4
1616	2
1617	2
1618	2
1619	2
1620	2
1621	4
1622	4
1623	4
1624	2
1625	4
1626	4
1627	2
1628	2
1629	2
1630	2
1631	2
1632	2
1633	2
1634	2
1635	2
1636	5
1637	5
1638	5
1639	3
1640	4
1641	5
1642	4
1643	3
1644	5
1645	5
1646	4
1647	3
1648	3
1649	3
1650	3
1651	3
1652	3
1653	9
1654	3
1655	9
1656	3
1657	4
1658	4
1659	9
1660	4
1661	4
1662	9
1663	9
1664	9
1665	4
1666	9
1667	9
1668	9
1669	9
1670	9
1671	4
1672	2
1673	2
1674	2
1675	2
1676	2
1677	2
1678	2
1679	2
1680	2
1681	2
1682	2
1683	2
1684	2
1685	2
1686	2
1687	2
1688	9
1689	3
1690	3
1691	9
1692	3
1693	3
1694	3
1695	3
1696	2
1697	2
1698	2
1699	3
1700	4
1701	4
1702	2
1703	4
1704	4
1705	2
1706	2
1707	2
1708	2
1709	2
1710	2
1711	2
1712	2
1713	3
1714	4
1715	5
1716	3
1717	3
1718	3
1719	6
1720	5
1721	6
1722	3
1723	6
1724	6
1725	6
1726	6
1727	6
1728	6
1729	4
1730	6
1731	6
1732	6
1733	5
1734	4
1735	5
1736	5
1737	2
1738	6
1739	6
1740	4
1741	4
1742	4
1743	4
1744	3
1745	4
1746	6
1747	6
1748	6
1749	6
1750	4
1751	4
1752	4
1753	4
1754	3
1755	4
1756	4
1757	4
1758	4
1759	2
1760	4
1761	4
1762	4
1763	3
1764	2
1765	4
1766	4
1767	2
1769	4
1770	4
1771	4
1772	4
1773	4
1774	4
1775	4
1776	4
1777	4
1778	4
1779	4
1780	2
1781	4
1782	4
1783	2
1784	2
1785	2
1786	2
1787	2
1788	2
1789	2
1790	2
1791	2
1792	2
1793	2
1795	2
1796	2
1797	2
1798	2
1799	2
1800	2
1801	5
1802	5
1803	5
1804	5
1805	5
1806	5
1807	4
1808	5
1809	3
1810	5
1811	3
1812	3
1813	3
1814	3
1815	3
1816	3
1817	3
1818	3
1819	4
1820	4
1821	5
1822	3
1823	9
1824	4
1825	4
1826	4
1827	4
1828	4
1829	4
1830	9
1831	9
1832	9
1833	2
1834	2
1835	2
1836	2
1837	2
1838	2
1839	2
1840	2
1841	2
1842	2
1843	2
1844	2
1845	2
1846	2
1847	2
1848	2
1849	2
1850	3
1851	3
1852	3
1853	3
1854	3
1855	3
1856	3
1857	3
1858	3
1859	6
1860	4
1861	4
1862	3
1863	3
1864	3
1865	3
1866	5
1867	5
1868	5
1869	3
1870	3
1871	5
1872	5
1873	5
1874	5
1875	3
1876	4
1877	6
1878	4
1879	6
1880	6
1881	6
1882	6
1883	6
1884	6
1885	6
1886	6
1887	6
1888	6
1889	6
1890	6
1891	5
1892	3
1893	6
1894	6
1895	6
1896	6
1897	6
1898	3
1899	6
1900	6
1901	6
1902	6
1903	6
1904	6
1905	3
1906	4
1907	4
1908	4
1909	4
1910	3
1911	4
1912	3
1913	4
1914	6
1915	6
1916	2
1917	6
1918	6
1919	2
1920	3
1921	3
1922	3
1923	3
1924	2
1925	2
1926	2
1927	4
1928	4
1929	4
1930	4
1931	4
1932	4
1933	4
1934	4
1935	4
1936	4
1937	4
1938	4
1939	4
1940	4
1941	4
1942	4
1943	4
1944	4
1945	4
1946	2
1947	4
1948	4
1949	4
1950	4
1951	4
1952	4
1953	4
1954	2
1955	5
1956	4
1957	4
1958	4
1959	4
1960	4
1961	4
1962	4
1963	4
1964	4
1965	3
1966	3
1967	5
1968	3
1969	3
1970	4
1971	3
1972	5
1973	4
1974	5
1975	4
1976	4
1977	4
1978	3
1979	3
1980	4
1981	4
1982	4
1983	4
1984	4
1985	4
1986	4
1987	4
1988	4
1989	4
1990	4
1991	4
1992	2
1993	2
1994	2
1995	2
1996	2
1997	2
1998	2
1999	2
2000	2
2001	2
2002	2
2003	2
2004	2
2005	2
2006	9
2007	2
2008	9
2009	2
2010	4
2011	3
2012	3
2013	3
2014	3
2015	5
2016	5
2017	5
2018	5
2019	9
2020	5
2021	4
2022	3
2023	3
2024	3
2025	5
2026	3
2027	6
2028	3
2029	6
2030	3
2031	3
2032	6
2033	6
2034	6
2035	6
2036	6
2037	6
2038	6
2039	6
2040	6
2041	3
2042	6
2043	3
2044	3
2045	3
2046	3
2047	6
2048	6
2049	6
2050	6
2051	6
2052	6
2053	6
2054	6
2055	6
2056	6
2057	6
2058	6
2059	6
2060	4
2061	6
2062	6
2063	3
2064	3
2065	3
2066	2
2067	2
2068	4
2069	2
2070	2
2071	4
2072	4
2073	4
2074	4
2075	4
2076	6
2077	4
2078	4
2079	4
2080	4
2081	4
2082	4
2083	4
2084	4
2085	4
2086	4
2087	4
2088	4
2089	4
2090	4
2091	4
2092	4
2093	4
2094	4
2095	4
2096	4
2097	4
2098	2
2099	2
2100	2
2101	2
2102	2
2103	2
2104	2
2105	2
2106	2
2107	2
2108	2
2109	2
2110	2
2111	2
2112	2
2113	5
2114	5
2115	5
2116	4
2117	4
2118	4
2119	3
2120	4
2121	3
2122	3
2123	4
2124	3
2125	4
2126	4
2127	4
2128	3
2129	3
2130	4
2131	4
2132	4
2133	4
2134	9
2135	9
2136	9
2137	9
2138	9
2139	9
2140	9
2141	4
2142	2
2143	2
2144	2
2145	4
2146	4
2147	2
2148	4
2149	2
2150	2
2151	2
2152	3
2153	2
2154	5
2155	5
2156	4
2157	3
2158	5
2161	3
2162	3
2163	3
2164	3
2165	3
2166	3
2167	9
2168	3
2169	3
2170	9
2171	9
2172	3
2173	9
2174	9
2175	3
2176	4
2177	3
2178	3
2179	3
2180	5
2181	5
2182	6
2183	3
2184	3
2185	3
2186	3
2187	3
2188	5
2189	5
2190	3
2191	3
2192	3
2193	6
2194	6
2195	6
2196	6
2197	6
2198	6
2199	6
2200	6
2201	6
2202	6
2203	3
2204	6
2205	6
2206	6
2207	6
2208	6
2209	6
2210	4
2211	4
2212	6
2213	6
2215	6
2216	6
2217	6
2218	6
2219	3
2220	4
2221	4
2222	4
2223	4
2224	4
2225	4
2226	4
2227	4
2228	4
2229	4
2230	4
2231	4
2232	4
2233	4
2234	4
2235	4
2236	4
2237	4
2238	4
2239	4
2240	4
2241	4
2242	4
2243	4
2244	4
2245	4
2246	4
2247	4
2248	4
2249	4
2250	4
2251	4
2252	4
2253	4
2254	2
2255	4
2256	2
2257	3
2258	3
2259	3
2260	3
2261	3
2262	5
2263	6
2264	3
2265	3
2266	3
2267	3
2268	3
2269	3
2270	3
2271	3
2272	3
2273	4
2274	4
2275	4
2276	3
2277	3
2278	4
2279	4
2280	4
2281	4
2282	4
2283	4
2284	4
2285	4
2286	4
2287	9
2288	9
2289	9
2290	9
2291	9
2292	9
2293	2
2294	2
2295	2
2296	2
2297	2
2298	2
2299	2
2300	2
2301	2
2302	5
2303	3
2304	5
2305	7
2306	9
2307	9
2308	9
2309	9
2310	9
2311	5
2312	5
2313	5
2314	9
2315	5
2316	5
2317	9
2318	9
2319	9
2320	9
2321	9
2322	9
2323	9
2324	4
2325	9
2326	4
2327	9
2328	4
2329	9
2330	9
2331	5
2332	6
2333	6
2334	6
2335	6
2336	3
2337	5
2338	3
2339	5
2340	3
2341	3
2342	3
2343	3
2344	6
2345	6
2346	6
2347	6
2348	6
2349	6
2350	6
2351	6
2352	6
2353	6
2354	6
2355	4
2356	3
2357	5
2358	6
2359	6
2360	6
2361	6
2362	6
2363	6
2364	6
2365	6
2366	6
2367	6
2368	6
2369	6
2370	4
2371	4
2372	6
2373	6
2374	6
2375	4
2376	6
2377	6
2378	6
2379	6
2380	6
2381	6
2382	6
2383	6
2384	6
2385	4
2386	4
2387	4
2388	4
2389	4
2390	4
2391	4
2392	4
2393	4
2394	4
2395	4
2396	4
2397	4
2398	3
2399	4
2400	4
2401	2
2402	3
2403	4
2404	2
2405	2
2406	2
2407	4
2408	4
2409	4
2410	2
2411	2
2412	2
2413	4
2414	4
2415	2
2416	2
2417	2
2418	2
2419	2
2420	5
2421	2
2422	5
2423	4
2424	4
2425	6
2426	5
2427	5
2428	3
2429	3
2430	3
2431	3
2432	3
2433	3
2434	3
2435	3
2436	3
2437	3
2438	4
2439	9
2440	3
2441	5
2442	3
2443	4
2444	4
2445	4
2446	4
2447	4
2448	4
2449	4
2450	3
2451	3
2452	5
2453	4
2454	5
2455	9
2456	4
2457	4
2458	4
2459	4
2460	4
2461	4
2462	4
2463	4
2464	9
2465	4
2466	3
2467	4
2468	5
2469	5
2470	3
2471	3
2472	5
2473	5
2474	9
2475	9
2476	9
2477	9
2478	9
2479	9
2480	9
2481	9
2482	9
2483	9
2484	9
2485	9
2486	9
2487	9
2488	9
2489	9
2490	6
2491	5
2492	6
2493	5
2494	3
2495	3
2496	5
2497	5
2498	3
2499	5
2500	3
2501	3
2502	3
2503	5
2504	3
2505	3
2506	3
2507	3
2508	3
2509	5
2510	4
2511	3
2512	4
2513	3
2514	4
2515	4
2516	3
2517	3
2518	4
2520	4
2521	4
2522	4
2523	4
2524	4
2525	4
2526	6
2527	6
2528	6
2529	6
2530	6
2531	6
2532	6
2533	6
2534	6
2535	6
2536	6
2537	6
2538	6
2539	6
2540	6
2541	6
2542	4
2543	6
2544	4
2545	4
2546	4
2547	4
2548	6
2549	6
2550	6
2551	6
2552	3
2553	2
2554	3
2555	3
2556	4
2557	4
2558	4
2559	3
2560	3
2561	3
2562	3
2563	3
2564	3
2565	3
2566	3
2567	3
2568	4
2569	4
2570	2
2571	4
2572	4
2573	4
2574	2
2575	2
2576	2
2577	2
2578	2
2579	2
2580	2
2581	2
2582	4
2583	4
2584	4
2585	4
2586	2
2587	2
2588	2
2589	2
2590	3
2591	3
2592	3
2593	3
2594	6
2595	6
2596	3
2597	3
2598	3
2599	3
2600	3
2601	3
2602	3
2603	3
2604	3
2605	3
2606	3
2607	5
2608	4
2609	9
2610	4
2611	4
2612	3
2613	9
2614	3
2615	4
2616	4
2617	4
2618	4
2619	4
2620	4
2621	4
2622	9
2623	4
2624	4
2625	2
2626	4
2627	3
2628	3
2629	3
2630	3
2631	3
2632	9
2633	3
2634	3
2635	3
2636	9
2637	3
2638	3
2639	3
2640	5
2641	9
2642	9
2643	9
2644	9
2645	9
2646	9
2647	9
2648	9
2649	5
2650	3
2651	5
2652	6
2653	5
2654	3
2655	3
2656	3
2657	6
2658	3
2659	3
2660	5
2661	3
2662	5
2663	5
2664	5
2665	4
2666	6
2667	3
2668	4
2669	4
2670	4
2671	4
2672	4
2673	5
2674	2
2675	4
2676	4
2677	4
2678	3
2679	3
2680	3
2681	3
2682	5
2683	3
2684	6
2685	6
2686	6
2687	6
2688	6
2689	6
2690	6
2691	6
2692	6
2693	6
2694	6
2695	6
2696	6
2697	4
2698	3
2699	4
2700	4
2701	6
2702	3
2703	2
2704	6
2705	3
2706	3
2707	3
2708	4
2710	4
2711	4
2712	4
2713	4
2714	4
2715	4
2716	4
2717	4
2718	4
2719	4
2720	4
2721	2
2722	4
2723	4
2724	2
2725	2
2726	2
2727	2
2728	2
2729	2
2730	2
2731	2
2732	5
2733	2
2734	2
2735	3
2736	2
2737	3
2738	2
2739	2
2740	4
2741	6
2742	6
2743	6
2744	6
2745	6
2746	3
2747	6
2748	3
2749	6
2750	5
2751	3
2752	3
2753	3
2754	5
2755	3
2756	5
2757	5
2758	5
2759	3
2760	3
2761	3
2762	3
2763	3
2764	3
2765	3
2766	3
2767	3
2768	3
2769	3
2770	4
2771	9
2772	3
2773	3
2774	9
2775	9
2776	3
2777	9
2778	2
2779	4
2780	2
2781	2
2782	4
2783	4
2784	2
2785	2
2786	2
2787	2
2788	2
2789	2
2790	2
2791	2
2792	2
2793	4
2794	4
2795	2
2796	6
2797	5
2798	3
2799	3
2800	3
2801	9
2802	9
2803	5
2804	9
2805	5
2806	5
2807	5
2808	5
2809	5
2810	9
2811	9
2812	9
2813	9
2814	9
2815	9
2816	9
2817	9
2818	3
2819	3
2820	3
2821	3
2822	3
2823	3
2824	3
2825	4
2826	3
2827	3
2828	3
2829	3
2830	5
2831	5
2832	5
2833	5
2834	5
2835	3
2836	4
2837	4
2838	4
2839	4
2840	4
2841	4
2842	4
2843	4
2844	4
2845	4
2846	4
2847	4
2848	3
2849	4
2850	5
2851	4
2852	3
2853	5
2854	2
2855	3
2856	6
2857	3
2858	3
2859	4
2860	4
2861	4
2862	4
2863	4
2864	4
2865	4
2866	3
2867	3
2868	3
2869	4
2870	4
2871	4
2872	3
2873	3
2874	2
2875	2
2876	2
2877	2
2878	4
2879	4
2880	4
2881	2
2882	2
2883	2
2884	4
2885	4
2886	4
2887	4
2888	4
2889	4
2890	2
2891	2
2892	4
2893	2
2894	3
2895	3
2896	3
2897	3
2898	3
2899	2
2900	2
2901	2
2902	2
2903	2
2904	2
2905	2
2906	2
2907	2
2908	2
2909	2
2910	2
2911	2
2912	2
2913	3
2914	3
2915	3
2916	6
2917	6
2918	6
2919	6
2920	6
2921	6
2922	6
2923	5
2924	3
2925	3
2926	9
2927	3
2928	3
2929	9
2930	5
2931	4
2932	3
2933	9
2934	3
2935	5
2936	3
2937	3
2938	3
2939	3
2940	3
2941	3
2942	4
2943	3
2944	3
2945	3
2946	3
2947	2
2948	2
2949	2
2950	4
2951	4
2952	4
2953	4
2954	4
2955	9
2956	4
2957	9
2958	4
2959	6
2960	4
2961	9
2962	3
2964	3
2965	4
2966	4
2967	5
2968	9
2969	5
2970	3
2971	5
2972	5
2973	9
2974	9
2975	9
2976	9
2977	9
2978	9
2979	4
2980	3
2981	3
2982	4
2983	3
2984	4
2985	5
2986	5
2987	5
2988	3
2989	3
2990	5
2991	5
2992	5
2993	5
2994	5
2995	4
2996	5
2997	4
2998	4
2999	3
3000	9
3001	9
3002	9
3003	9
3004	9
3005	9
3006	9
3007	4
3008	4
3009	4
3010	4
3011	4
3012	4
3013	4
3014	4
3015	4
3016	4
3017	4
3018	4
3019	4
3020	4
3021	4
3022	4
3023	2
3024	2
3025	4
3026	4
3027	4
3028	6
3029	2
3030	3
3031	3
3032	3
3033	3
3034	4
3035	3
3036	4
3037	3
3038	4
3039	4
3040	4
3041	4
3042	4
3043	2
3044	2
3045	2
3046	2
3047	2
3048	2
3049	2
3050	2
3051	2
3052	2
3053	2
3054	2
3055	2
3056	2
3057	2
3058	2
3059	2
3060	2
3061	2
3062	2
3063	2
3064	2
3065	2
3066	2
3067	2
3068	2
3069	2
3070	2
3071	2
3072	4
3073	4
3074	4
3075	4
3076	4
3077	4
3078	2
3079	2
3080	4
3081	3
3082	6
3083	3
3084	3
3085	3
3086	3
3087	3
3088	3
3089	3
3090	3
3091	3
3092	3
3093	3
3094	5
3095	5
3096	5
3097	3
3098	4
3099	3
3100	4
3101	4
3102	6
3103	4
3104	3
3105	4
3106	2
3107	2
3108	4
3109	3
3110	3
3111	3
3112	3
3113	9
3114	9
3115	9
3116	9
3117	9
3118	9
3119	9
3120	9
3121	4
3122	9
3123	9
3124	6
3125	6
3126	3
3127	3
3128	4
3129	3
3130	3
3131	6
3132	3
3133	4
3135	2
3136	9
3137	5
3138	5
3139	9
3140	9
3141	9
3142	9
3143	9
3144	9
3145	9
3146	9
3147	9
3148	4
3149	4
3150	4
3151	5
3152	3
3153	4
3154	5
3155	5
3156	5
3157	5
3158	5
3159	5
3160	5
3161	5
3162	5
3163	9
3164	9
3165	9
3166	9
3167	9
3168	9
3169	9
3170	9
3171	9
3172	4
3173	4
3174	4
3175	4
3176	4
3177	4
3178	4
3179	4
3180	4
3181	4
3184	4
3185	4
3186	4
3187	2
3188	3
3189	3
3190	3
3191	3
3192	3
3193	3
3194	3
3195	3
3196	3
3197	6
3198	3
3199	4
3200	2
3201	4
3202	4
3203	2
3204	2
3205	2
3206	2
3212	2
3213	2
3214	2
3215	2
3216	2
3217	5
3218	4
3219	4
3220	4
3221	4
3222	2
3223	2
3224	2
3225	2
3226	5
3227	4
3228	4
3229	2
3230	2
3231	2
3232	2
3233	4
3234	2
3235	4
3236	4
3237	4
3238	4
3239	4
3240	4
3241	3
3242	3
3243	3
3244	3
3245	3
3246	3
3247	3
3248	3
3249	3
3250	3
3251	3
3252	4
3253	3
3254	3
3255	3
3256	3
3257	3
3258	3
3259	3
3260	3
3261	3
3262	3
3263	9
3264	9
3265	9
3266	3
3267	3
3268	3
3269	9
3270	9
3271	9
3272	3
3273	9
3274	4
3275	4
3276	5
3277	4
3278	4
3279	4
3280	9
3281	5
3282	3
3284	3
3285	2
3286	4
3287	5
3288	9
3289	5
3292	4
3293	9
3294	9
3295	9
3296	3
3297	5
3298	5
3299	9
3300	9
3301	5
3302	3
3303	3
3304	5
3305	5
3306	5
3307	5
3308	5
3309	5
3310	5
3311	5
3312	5
3313	5
3314	5
3315	4
3316	4
3317	5
3318	5
3319	5
3320	4
3321	5
3322	9
3323	9
3324	4
3325	9
3326	9
3327	2
3328	4
3329	4
3330	4
3331	6
3332	6
3333	2
3334	2
3335	3
3336	2
3337	4
3338	2
3339	4
3340	4
3341	4
3342	4
3343	2
3344	4
3345	2
3346	6
3347	6
3348	2
3350	6
3351	6
3352	6
3353	4
3355	5
3356	5
3357	5
3358	4
3359	3
3360	4
3361	5
3362	3
3363	4
3364	4
3365	4
3366	4
3367	5
3368	5
3369	4
3370	3
3371	3
3372	5
3373	5
3374	4
3375	4
3376	4
3377	4
3378	4
3379	4
3380	4
3381	4
3382	4
3383	4
3384	4
3385	4
3386	4
3387	4
3388	4
3389	4
3390	4
3391	4
3392	4
3393	4
3394	4
3395	4
3396	4
3397	4
3398	4
3399	4
3400	3
3401	3
3402	3
3403	3
3404	3
3405	3
3406	3
3407	3
3408	3
3409	4
3410	4
3411	4
3412	3
3413	4
3414	3
3415	4
3416	4
3417	9
3418	3
3419	3
3420	4
3421	4
3422	4
3423	9
3424	9
3425	4
3426	4
3427	4
3428	4
3429	3
3430	7
3431	5
3432	5
3433	5
3434	5
3435	9
3436	4
3437	5
3438	9
3439	3
3440	4
3441	2
3442	2
3443	3
3444	2
3445	9
3446	4
3447	3
3448	4
3449	9
3450	4
3451	3
3452	3
3453	3
3454	3
3455	3
3456	9
3457	3
3458	9
3459	9
3460	3
3461	3
3462	5
3463	5
3464	3
3465	5
3466	5
3467	5
3468	5
3469	5
3470	3
3471	5
3472	5
3473	5
3474	5
3475	6
3476	4
3477	4
3478	4
3479	5
3480	4
3481	4
3482	6
3483	6
3484	6
3485	6
3486	6
3487	6
3488	6
3489	6
3490	6
3491	6
3492	6
3493	6
3494	6
3495	6
3496	4
3497	4
3498	3
3499	2
3500	2
3501	5
3502	5
3503	4
3504	4
3505	4
3506	4
3507	4
3508	4
3509	4
3510	4
3513	4
3514	4
3515	4
3516	6
3517	6
3518	6
3519	3
3520	2
3521	6
3522	6
3523	2
3524	5
3525	2
3526	2
3527	2
3528	2
3529	5
3530	2
3531	2
3533	4
3534	2
3535	2
3536	4
3537	2
3538	2
3539	2
3540	2
3541	2
3542	2
3543	2
3544	4
3545	4
3546	4
3547	4
3548	4
3549	4
3550	4
3551	4
3552	4
3553	4
3554	4
3555	4
3556	4
3557	4
3558	2
3559	2
3560	2
3561	2
3562	2
3563	2
3564	2
3565	2
3566	2
3567	4
3568	3
3569	2
3570	3
3571	4
3572	3
3573	3
3574	3
3575	3
3576	4
3577	4
3578	4
3579	4
3580	4
3581	4
3582	4
3583	3
3584	5
3585	4
3586	9
3587	3
3588	9
3589	9
3590	3
3591	3
3592	3
3593	9
3594	4
3595	2
3596	2
3597	4
3598	4
3599	2
3600	9
3601	2
3602	4
3603	3
3604	9
3605	3
3606	9
3607	9
3608	4
3609	3
3610	3
3611	3
3612	3
3614	3
3615	4
3616	9
3617	3
3618	3
3619	3
3620	3
3621	3
3622	3
3623	5
3624	5
3625	4
3626	5
3627	6
3628	5
3629	5
3630	5
3631	5
3632	5
3633	5
3634	5
3635	5
3636	5
3637	5
3638	3
3639	6
3640	5
3641	5
3642	5
3643	4
3644	5
3645	5
3646	6
3647	6
3648	6
3649	6
3650	4
3651	6
3652	6
3653	6
3654	6
3655	4
3656	6
3657	5
3658	4
3659	3
3660	4
3661	4
3662	4
3663	4
3664	4
3665	4
3666	4
3667	3
3668	6
3669	6
3670	6
3671	6
3672	2
3673	2
3674	2
3675	2
3676	6
3677	6
3678	4
3679	4
3680	4
3681	4
3682	4
3684	4
3685	2
3686	4
3687	4
3688	4
3689	4
3690	2
3691	2
3692	4
3693	4
3694	4
3695	4
3696	4
3697	4
3698	4
3699	4
3700	4
3701	4
3702	4
3703	4
3704	4
3705	4
3706	4
3707	4
3708	4
3709	3
3710	3
3711	4
3712	4
3713	4
3715	4
3717	4
3718	4
3719	4
3720	4
3721	4
3722	4
3723	4
3724	4
3725	4
3726	4
3727	4
3728	4
3729	3
3730	2
3731	4
3732	2
3733	2
3734	3
3735	3
3736	4
3737	4
3738	4
3739	3
3740	3
3741	3
3742	3
3743	3
3744	5
3745	3
3746	3
3747	3
3748	3
3749	5
3750	3
3751	5
3752	3
3753	3
3754	3
3755	9
3756	2
3757	4
3758	2
3759	2
3760	2
3761	4
3762	4
3763	2
3764	2
3768	3
3769	6
3770	4
3771	3
3772	9
3773	9
3774	4
3775	3
3776	9
3777	5
3778	5
3779	6
3780	6
3781	6
3782	6
3783	6
3784	6
3785	6
3786	6
3787	6
3788	6
3789	6
3790	8
3791	8
3792	8
3793	8
3794	8
3795	8
3796	8
3797	8
3798	8
3799	8
3800	8
3801	8
3802	8
3803	8
3804	8
3805	8
3806	8
3807	8
3808	8
3809	8
3810	8
3811	8
3812	8
3813	8
3814	8
3815	8
3816	8
3817	8
3818	8
3819	8
3820	8
3821	8
3822	8
3823	8
3824	8
3825	8
3826	8
3827	8
3828	8
3829	8
3830	8
3831	8
3832	8
3833	8
3834	8
3835	8
3836	8
3837	8
3838	8
3839	8
3840	8
3841	8
3842	8
3843	8
3844	8
3845	8
3846	8
3847	8
3848	8
3849	8
3850	8
3851	8
3852	8
3853	8
3854	8
3855	8
3856	8
3857	8
3858	8
3859	8
3860	8
3861	8
3862	8
3863	8
3864	8
3865	8
3866	8
3867	8
3868	8
3869	8
3870	8
3871	8
3872	8
3873	8
3874	8
3875	8
3876	8
3877	8
3878	8
3879	8
3880	8
3883	8
3884	8
3885	8
3886	8
3887	8
3888	8
3889	8
3890	8
3892	8
3893	8
3894	8
3897	8
3898	8
3899	8
3900	8
3901	8
3902	8
3903	8
3904	8
3905	8
3906	8
3907	8
3908	8
3909	8
3910	8
3911	8
3912	8
3913	8
3914	8
3915	8
3916	8
3917	8
3918	8
3919	8
3920	8
3921	8
3922	8
3923	8
3924	8
3925	8
3926	8
3927	8
3928	8
3929	8
3930	8
3931	8
3932	8
3933	8
3934	8
3935	8
3936	8
3937	8
3938	8
3939	8
3940	8
3941	8
3942	8
3943	8
3944	8
3945	8
3946	8
3947	8
3948	8
3949	8
3950	8
3951	8
3952	8
3953	8
3954	8
3955	8
3956	8
3957	8
3958	8
3959	8
3960	8
3961	8
3962	8
3963	8
3964	8
3965	8
3966	8
3967	8
3968	8
3969	8
3970	8
3971	8
3972	8
3973	8
3974	8
3975	8
3976	8
3977	8
3978	8
3979	8
3980	8
3981	8
3982	8
3983	8
3985	8
3986	8
3987	7
3988	7
3989	1
3990	1
3991	9
3992	9
3993	7
3994	7
3995	7
3996	1
3997	1
3998	1
3999	1
4000	7
4001	9
4002	1
4003	7
4004	7
4005	7
4006	7
4007	7
4008	9
4009	1
4010	1
4011	7
4012	1
4013	7
4014	7
4015	1
4016	7
4017	7
4018	7
4019	3
4020	7
4021	9
4022	1
4023	9
4024	7
4025	3
4026	9
4027	9
4028	1
4029	1
4030	1
4031	1
4032	1
4033	1
4034	1
4035	1
4036	1
4037	1
4038	1
4039	1
4040	1
4041	1
4042	1
4043	1
4044	1
4045	1
4046	1
4047	1
4048	1
4049	0
4050	0
4051	0
4052	0
4053	0
4054	0
4055	0
4056	0
4057	0
4058	0
4059	0
4060	0
4061	0
4062	0
4063	0
4064	0
4065	0
4066	0
4067	0
4068	0
4069	0
4070	0
4071	0
4072	0
4073	0
4074	0
4075	7
4076	7
4077	0
4078	9
4079	8
4080	8
4081	0
4082	8
4083	6
4084	6
4085	8
4086	8
4087	6
4088	8
4089	0
4090	0
4091	0
4092	0
4093	8
4094	8
4095	8
4096	0
4097	0
4098	8
4099	8
4100	8
4101	8
4102	8
4103	8
4104	8
4105	8
4106	7
4107	8
4108	8
4109	0
4110	0
4111	6
4112	8
4113	8
4114	6
4115	8
4116	0
4117	8
4118	0
4119	8
4120	0
4121	8
4122	0
4123	0
4124	6
4125	8
4126	7
4127	8
4128	6
4129	7
4130	6
4131	8
4132	8
4133	0
4134	8
4135	0
4136	8
4137	8
4138	8
4139	0
4140	8
4141	6
4142	6
4143	8
4144	6
4145	8
4146	6
4147	8
4148	8
4149	6
4150	0
4151	8
4152	8
4153	8
4154	8
4155	6
4156	6
4157	8
4158	8
4159	8
4160	8
4161	7
4162	9
4163	7
4164	7
4165	7
4166	7
4167	7
4168	0
4169	7
4170	7
4171	7
4172	7
4173	7
4174	7
4175	7
4176	7
4177	7
4178	7
4179	7
4180	7
4181	7
4182	7
4183	7
4184	7
4185	7
4186	7
4187	7
4188	7
4189	7
4190	7
4191	7
4192	7
4193	7
4194	7
4195	7
4196	7
4197	7
4198	7
4199	7
4200	7
4201	7
4202	7
4203	7
4204	7
4205	7
4206	7
4207	7
4208	9
4209	8
4210	8
4211	8
4212	8
4213	8
4214	9
4215	9
4216	8
4217	9
4218	9
4219	8
4220	9
4221	9
4222	9
4223	9
4224	9
4225	9
4226	9
4227	9
4228	9
4229	8
4230	8
4231	9
4232	9
4233	9
4234	8
4235	8
4236	8
4237	9
4238	9
4239	9
4240	9
4241	9
4242	8
4243	9
4244	9
4245	8
4246	8
4247	8
4248	8
4249	9
4250	9
4251	8
4252	8
4253	8
4254	9
4255	9
4256	9
4257	8
4258	9
4259	8
4260	9
4261	8
4262	8
4263	9
4264	9
4265	8
4266	7
4267	7
4268	7
4269	7
4270	7
4271	7
4272	7
4273	7
4274	7
4275	7
4276	7
4277	7
4278	7
4279	7
4280	7
4281	7
4282	7
4283	7
4284	7
4285	7
4286	7
4287	9
4288	9
4289	7
4290	7
4291	7
4292	7
4293	7
4294	7
4295	7
4296	7
4297	7
4298	7
4299	7
4300	7
4301	7
4302	7
4303	7
4304	7
4305	7
4306	7
4307	7
4308	7
4309	7
4310	9
4311	7
4312	7
4313	7
4314	7
4315	7
4316	7
4317	7
4318	7
4319	7
4320	7
4321	7
4322	7
4323	7
4324	7
4325	7
4326	7
4327	7
4328	7
4329	7
4330	7
4331	7
4332	7
4333	7
4334	7
4335	7
4336	7
4337	7
4338	7
4339	7
4340	7
4341	7
4342	7
4343	7
4344	7
4345	7
4346	7
4347	7
4348	7
4349	7
4350	7
4351	7
4352	7
4353	7
4354	7
4355	7
4356	7
4357	7
4358	7
4359	7
4360	7
4361	9
4362	7
4363	7
4364	7
4365	7
4366	7
4367	7
4368	9
4369	7
4370	9
4371	7
4372	7
4373	7
4374	7
4375	7
4376	7
4377	7
4378	9
4379	7
4380	7
4381	7
4382	7
4383	7
4384	7
4385	7
4386	7
4387	7
4388	7
4389	7
4390	7
4391	7
4392	7
4393	9
4394	7
4395	7
4396	7
4397	7
4398	7
4399	7
4400	7
4401	7
4402	7
4403	7
4404	7
4405	7
4406	7
4407	7
4408	7
4409	7
4410	7
4411	7
4412	7
4413	7
4414	7
4415	7
4416	7
4417	7
4418	7
4419	9
4420	7
4421	7
4422	7
4423	9
4424	7
4425	7
4426	7
4427	7
4428	7
4429	7
4430	9
4431	7
4432	7
4433	7
4434	7
4435	7
4436	7
4437	7
4438	7
4439	7
4440	7
4441	7
4442	7
4443	7
4444	7
4445	7
4446	7
4447	7
4448	7
4449	9
4450	7
4451	7
4452	7
4453	7
4454	7
4455	7
4456	7
4457	7
4458	7
4459	7
4460	7
4461	7
4462	7
4463	7
4464	7
4465	7
4466	7
4467	7
4468	7
4469	7
4470	7
4471	7
4472	7
4473	7
4474	7
4475	7
4476	7
4477	7
4478	7
4479	7
4480	7
4481	9
4482	7
4483	9
4484	7
4485	7
4486	7
4487	7
4488	7
4489	7
4490	8
4496	8
4497	8
4498	8
4499	8
4500	9
4501	8
4502	9
4503	8
4504	8
4510	8
4511	8
4512	8
4513	9
4514	8
4515	8
4516	8
4517	9
4518	9
4519	8
4520	9
4521	8
4522	8
4523	8
4524	8
4525	9
4526	8
4527	7
4528	7
4529	7
4530	7
4531	7
4532	7
4533	7
4534	7
4535	7
4536	7
4537	7
4538	7
4539	7
4540	7
4541	7
4542	7
4543	7
4544	7
4545	7
4546	7
4547	7
4548	7
4549	7
4550	7
4551	7
4552	7
4553	7
4554	9
4555	6
4556	3
4557	6
4558	6
4559	6
4560	4
4561	4
4562	6
4563	3
4564	6
4565	6
4566	6
4567	6
4568	6
4569	6
4570	6
4571	4
4572	6
4573	6
4574	6
4575	4
4576	4
4577	3
4578	6
4579	4
4580	6
4581	6
4582	6
4583	6
4584	6
4585	6
4586	8
4587	8
4588	9
4589	6
4590	6
4591	9
4592	6
4596	6
4597	8
4599	8
4600	8
4601	8
4602	8
4603	8
4607	8
4608	9
4609	5
4610	5
4611	5
4612	3
4613	6
4614	3
4615	3
4616	6
4617	8
4618	8
4619	8
4620	8
4621	4
4622	8
4623	4
4624	4
4625	9
4626	9
4627	3
4628	6
4629	6
4630	6
4631	6
4632	6
4633	6
4634	4
4635	3
4636	3
4637	3
4638	8
4639	9
4640	9
4641	9
4642	5
4643	5
4644	6
4645	5
4646	5
4647	3
4648	6
4649	3
4650	3
4651	3
4652	3
4653	8
4654	9
4655	8
4656	8
4657	5
4658	6
4659	6
4660	5
4661	9
4662	3
4663	9
4664	3
4665	3
4666	3
4667	3
4668	6
4669	6
4670	3
4671	6
4672	6
4673	6
4674	6
4675	3
4676	7
4677	7
4678	4
4679	6
4680	6
4681	6
4682	6
4683	6
4684	5
4685	6
4686	3
4687	6
4688	6
4689	3
4690	3
4691	6
4692	6
4693	6
4694	6
4695	6
4696	6
4697	6
4698	5
4699	6
4700	6
4701	6
4702	3
4703	3
4704	3
4705	6
4706	6
4707	6
4708	6
4709	4
4710	4
4711	4
4712	4
4713	6
4714	3
4715	4
4716	6
4717	6
4718	6
4719	6
4720	6
4721	5
4722	6
4723	6
4724	6
4725	4
4726	4
4727	4
4728	6
4729	4
4730	4
4731	4
4732	4
4733	4
4734	4
4735	4
4736	4
4737	4
4738	6
4739	6
4740	3
4741	4
4742	3
4743	4
4744	4
4745	4
4746	4
4747	6
4748	4
4749	6
4750	4
4751	4
4752	4
4753	4
4754	4
4755	4
4756	4
4757	4
4758	6
4759	6
4760	6
4761	6
4762	6
4763	6
4764	6
4765	4
4766	4
4767	3
4768	4
4769	4
4770	5
4771	4
4772	4
4773	4
4774	4
4775	3
4776	4
4777	3
4778	3
4779	3
4780	6
4781	6
4782	6
4783	6
4784	8
4785	4
4786	4
4787	3
4788	3
4789	4
4790	4
4791	4
4792	3
4793	4
4794	4
4795	4
4796	4
4797	6
4798	3
4799	4
4800	5
4801	3
4802	4
4803	4
4804	4
4805	4
4806	4
4807	5
4808	4
4809	5
4810	5
4811	6
4812	4
4813	5
4815	8
4816	8
4817	9
4818	9
4819	9
4820	8
4821	9
4822	9
4823	9
4826	4
4827	4
4828	4
4829	3
4830	4
4831	3
4832	3
4833	4
4834	4
4835	4
4836	4
4837	4
4838	4
4839	6
4840	4
4841	4
4842	3
4843	4
4844	3
4845	5
4846	5
4847	4
4848	4
4849	5
4850	5
4851	3
4852	6
4853	3
4854	6
4855	6
4856	6
4857	6
4858	6
4859	6
4860	6
4861	6
4862	6
4863	3
4864	4
4865	6
4866	6
4867	6
4868	5
4869	6
4870	6
4871	5
4872	3
4873	3
4874	3
4875	9
4876	9
4877	3
4878	6
4879	4
4880	6
4881	6
4882	6
4883	6
4884	4
4885	6
4886	4
4887	4
4888	4
4889	6
4890	6
4891	4
4892	4
4893	4
4894	4
4895	4
4896	5
4897	6
4898	6
4899	4
4900	6
4901	8
4902	9
4903	6
4904	6
4905	8
4906	9
4907	6
4908	6
4909	4
4910	4
4911	6
4912	6
4913	6
4914	8
4915	6
4916	6
4917	6
4918	4
4919	6
4920	6
4921	6
4922	4
4923	4
4924	6
4925	6
4926	6
4927	6
4928	4
4929	6
4930	4
4931	4
4932	4
4933	4
4934	6
4935	4
4936	9
4937	3
4938	6
4939	6
4940	4
4941	6
4942	9
4943	4
4944	6
4945	3
4946	4
4947	3
4948	8
4949	8
4950	8
4951	9
4953	9
4954	9
4955	9
4956	9
4958	9
4959	9
4961	9
4966	9
4968	8
4969	8
4970	1
4971	1
4972	1
4973	8
4974	1
4975	1
4976	1
4977	1
4978	1
4979	1
4980	1
4981	1
4982	1
4983	1
4984	1
4985	8
4986	1
4987	1
4988	1
4989	1
4990	8
4991	1
4992	1
4993	1
4994	1
4995	8
4996	8
4997	1
4998	1
4999	1
5000	8
5001	1
5002	1
5003	8
5004	1
5005	1
5006	1
5007	1
5008	1
5009	1
5010	1
5011	1
5012	8
5013	1
5014	1
5015	1
5016	1
5017	1
5018	1
5019	1
5020	5
5021	1
5022	1
5023	8
5024	1
5025	1
5026	1
5027	1
5028	1
5029	1
5030	1
5031	1
5032	1
5033	1
5034	1
5035	1
5036	1
5037	1
5038	1
5039	1
5040	1
5041	1
5042	1
5043	1
5044	1
5045	1
5046	1
5047	1
5048	1
5049	1
5050	1
5051	1
5052	1
5053	1
5054	1
5055	1
5058	8
5059	7
5063	1
5066	8
5067	7
5068	7
5069	7
5070	7
5071	5
5072	1
5073	1
5074	8
5075	1
5076	8
5077	1
5078	8
5079	8
5080	1
5081	8
5082	8
5083	5
5084	1
5085	1
5086	1
5087	1
5088	1
5089	1
5090	1
5091	1
5092	0
5093	0
5094	0
5095	0
5096	0
5097	0
5098	0
5099	0
5100	0
5101	0
5102	0
5103	0
5104	0
5105	0
5106	0
5107	0
5108	0
5109	8
5110	8
5111	0
5112	0
5113	0
5114	0
5115	0
5116	0
5117	0
5118	0
5119	9
5120	9
5121	9
5122	4
5123	9
5124	9
5125	4
5126	2
5127	4
5128	3
5129	4
5130	4
5131	4
5132	5
5133	9
5134	5
5135	5
5136	5
5137	5
5138	5
5139	5
5140	5
5141	3
5142	5
5143	3
5144	4
5145	5
5146	4
5147	9
5148	7
5149	4
5150	2
5151	9
5152	4
5153	5
5154	5
5155	5
5156	5
5157	5
5158	5
5159	5
5160	8
5161	9
5162	4
5163	3
5164	4
5165	9
5166	2
5167	9
5168	9
5169	9
5170	5
5171	3
5172	9
5173	5
5174	5
5175	2
5176	9
5177	5
5178	8
5179	5
5180	9
5181	5
5182	5
5183	5
5184	5
5185	5
5186	5
5187	9
5188	7
5189	9
5190	5
5191	4
5192	4
5193	9
5194	9
5195	4
5196	2
5197	9
5198	2
5199	9
5200	9
5201	5
5202	5
5203	5
5204	5
5205	5
5206	5
5207	5
5208	5
5209	9
5210	4
5211	5
5212	4
5213	5
5214	5
5215	5
5216	9
5217	5
5218	9
5219	3
5220	9
5221	9
5222	9
5223	9
5224	3
5225	5
5226	9
5227	9
5228	5
5229	5
5230	9
5231	5
5232	5
5233	5
5234	5
5235	5
5236	5
5237	9
5238	8
5239	8
5240	5
5241	9
5242	9
5243	9
5244	9
5245	5
5246	5
5247	5
5248	5
5249	5
5250	9
5251	3
5252	5
5253	9
5254	8
5255	2
5256	9
5257	4
5258	9
5259	3
5260	9
5261	3
5262	3
5263	9
5264	9
5265	3
5266	3
5267	7
5268	4
5269	4
5270	4
5271	4
5272	5
5273	5
5274	5
5275	5
5276	5
5277	5
5278	5
5279	5
5280	5
5281	5
5282	9
5283	9
5284	9
5285	4
5286	5
5287	5
5288	9
5289	4
5290	9
5291	9
5292	5
5293	2
5294	9
5295	2
5296	5
5297	5
5298	4
5299	9
5300	5
5301	5
5302	5
5303	3
5304	9
5305	9
5306	9
5307	9
5308	5
5309	9
5310	5
5311	4
5312	4
5313	4
5314	4
5315	5
5316	9
5317	5
5318	5
5319	5
5320	9
5321	5
5322	8
5324	5
5325	5
5326	8
5327	5
5328	2
5329	5
5330	5
5331	4
5332	5
5333	7
5334	7
5335	2
5336	2
5337	2
5338	2
5339	2
5340	4
5341	2
5342	4
5343	2
5344	9
5345	5
5346	5
5347	5
5348	5
5349	9
5350	7
5351	4
5352	5
5353	8
5354	4
5355	5
5356	4
5357	7
5358	5
5359	3
5360	3
5361	2
5362	9
5363	4
5364	9
5365	9
5366	4
5367	4
5368	4
5369	4
5370	4
5371	4
5372	4
5373	4
5374	2
5375	2
5376	5
5377	9
5378	9
5379	9
5380	9
5381	8
5382	5
5383	5
5384	5
5385	7
5386	2
5387	2
5388	2
5389	9
5390	2
5391	2
5392	4
5393	4
5394	4
5395	4
5396	4
5397	2
5398	5
5399	9
5400	7
5401	7
5402	7
5403	9
5404	2
5405	2
5406	2
5407	2
5408	2
5409	4
5410	9
5411	9
5412	9
5413	5
5414	9
5415	5
5416	9
5417	4
5418	9
5419	4
5420	3
5421	5
5422	5
5423	9
5424	5
5425	9
5426	3
5427	9
5428	5
5429	2
5430	2
5431	2
5432	4
5433	2
5434	9
5435	5
5436	5
5437	2
5438	4
5439	2
5440	4
5441	4
5442	5
5443	9
5444	9
5445	5
5446	9
5447	2
5448	2
5449	2
5450	2
5451	2
5452	2
5453	2
5454	4
5455	4
5456	5
5457	4
5458	8
5459	9
5460	4
5461	9
5462	5
5463	2
5464	8
5465	5
5466	5
5467	8
5468	4
5469	9
5470	3
5471	9
5472	8
5473	5
5474	2
5475	5
5476	5
5477	5
5478	9
5479	8
5480	8
5481	5
5482	5
5483	9
5484	5
5485	5
5486	4
5487	4
5488	2
5489	4
5490	9
5491	4
5492	9
5493	5
5494	4
5495	9
5496	5
5497	9
5498	8
5499	5
5500	4
5501	9
5502	2
5503	4
5504	2
5505	4
5506	4
5507	4
5508	4
5509	5
5510	4
5511	9
5512	8
5513	8
5514	5
5515	5
5516	4
5517	4
5518	7
5519	9
5520	4
5521	5
5522	8
5523	5
5524	9
5525	5
5526	4
5527	5
5528	5
5529	9
5530	3
5531	4
5532	5
5533	5
5534	5
5535	5
5536	9
5537	5
5538	9
5539	4
5540	4
5541	4
5542	4
5543	2
5544	4
5545	5
5546	9
5547	4
5548	9
5549	7
5550	5
5551	4
5552	2
5553	2
5554	2
5555	2
5556	8
5557	5
5558	8
5559	8
5560	5
5561	5
5562	4
5563	5
5564	5
5565	5
5566	5
5567	5
5568	5
5569	9
5570	5
5571	5
5572	5
5573	5
5574	3
5575	8
5576	9
5577	4
5578	9
5579	4
5580	4
5581	2
5582	2
5583	2
5584	2
5585	2
5586	9
5587	4
5588	9
5589	9
5590	9
5591	9
5592	9
5593	9
5594	9
5595	5
5596	2
5597	4
5598	2
5599	2
5600	2
5601	8
5602	5
5603	8
5604	5
5605	5
5606	8
5607	8
5608	3
5609	9
5610	5
5611	5
5612	5
5613	9
5614	5
5615	9
5616	5
5617	5
5618	5
5619	9
5620	8
5621	3
5622	5
5623	5
5624	9
5625	3
5626	9
5627	9
5628	9
5629	5
5630	9
5631	9
5632	9
5633	4
5634	9
5635	9
5636	9
5637	2
5638	2
5639	2
5640	2
5641	5
5642	5
5643	9
5644	9
5645	9
5646	9
5647	9
5648	4
5649	9
5650	9
5651	9
5652	4
5653	4
5654	2
5655	4
5656	2
5657	2
5658	5
5659	4
5660	4
5661	9
5662	5
5663	9
5664	5
5665	9
5666	5
5667	9
5668	5
5669	2
5670	9
5671	9
5672	9
5673	9
5674	4
5675	8
5676	9
5677	8
5678	9
5679	9
5680	4
5681	4
5682	9
5683	4
5684	4
5685	9
5686	9
5687	8
5688	4
5689	5
5690	9
5691	9
5692	9
5693	9
5694	9
5695	9
5696	3
5697	9
5698	3
5699	2
5700	2
5701	2
5702	2
5703	2
5704	2
5705	5
5706	3
5707	9
5708	9
5709	9
5710	2
5711	4
5712	9
5713	9
5714	9
5715	4
5716	8
5717	5
5718	9
5719	9
5720	3
5721	5
5722	5
5723	9
5725	9
5726	5
5727	9
5728	5
5729	3
5730	9
5731	7
5732	5
5733	4
5734	2
5735	3
5736	2
5737	4
5738	8
5739	5
5740	4
5741	9
5742	4
5743	9
5744	9
5745	4
5746	9
5747	9
5748	9
5749	2
5750	4
5751	2
5752	2
5753	2
5754	2
5755	2
5756	5
5757	8
5758	8
5759	9
5766	5
5767	5
5768	9
5769	5
5770	8
5771	9
5772	5
5773	5
5774	5
5775	5
5776	7
5777	8
5778	9
5779	9
5780	9
5781	4
5782	5
5783	8
5784	8
5785	8
5786	9
5787	5
5788	5
5789	5
5790	5
5791	5
5792	5
5793	5
5794	9
5795	9
5796	9
5797	9
5798	9
5799	9
5800	9
5801	2
5802	2
5803	2
5804	2
5805	5
5806	5
5807	5
5810	3
5811	3
5812	4
5813	5
5814	8
5815	8
5816	8
5817	8
5818	5
5819	9
5820	5
5821	5
5822	9
5823	9
5824	5
5825	5
5826	5
5827	2
5828	9
5829	9
5830	2
5831	9
5832	8
5833	5
5834	8
5835	8
5836	5
5837	5
5838	5
5839	5
5840	5
5841	5
5842	5
5843	5
5844	9
5845	9
5846	9
5847	9
5848	9
5849	9
5850	9
5851	4
5852	9
5853	3
5854	4
5855	7
5856	5
5857	5
5858	5
5859	2
5860	5
5861	8
5862	5
5863	5
5864	5
5865	4
5866	3
5867	3
5868	5
5869	4
5870	9
5871	9
5872	9
5873	9
5874	9
5875	5
5876	5
5877	5
5878	5
5879	5
5880	5
5881	3
5882	5
5883	5
5884	8
5885	9
5886	9
5887	9
5888	9
5889	9
5890	9
5891	7
5892	7
5893	7
5894	7
5895	7
5896	7
5897	7
5898	7
5899	7
5900	7
5901	7
5902	7
5903	7
5904	7
5905	7
5906	7
5907	7
5908	7
5909	7
5910	7
5911	7
5912	7
5913	7
5914	7
5915	7
5916	7
5917	7
5918	7
5919	7
5920	7
5921	7
5922	7
5923	7
5924	7
5925	7
5926	7
5927	7
5928	7
5929	7
5930	7
5931	7
5932	7
5933	7
5934	7
5935	7
5936	7
5937	7
5938	7
5939	7
5940	7
5941	7
5942	7
5943	7
5944	7
5945	7
5946	7
5947	7
5948	7
5949	7
5950	0
5951	0
5952	7
5953	7
5954	7
5955	0
5956	7
5957	7
5958	7
5959	7
5960	7
5961	7
5962	7
5963	0
5964	0
5965	7
5966	7
5967	7
5968	7
5969	0
5970	7
5971	7
5972	7
5973	7
5974	7
5975	7
5976	7
5977	7
5978	7
5979	7
5980	7
5981	7
5982	7
5983	7
5984	7
5985	7
5986	7
5987	0
5988	7
5989	7
5990	7
5991	7
5992	7
5993	7
5994	7
5995	7
5996	7
5997	7
5998	7
5999	7
6000	7
6001	7
6002	7
6003	7
6004	7
6005	7
6006	7
6007	7
6008	7
6009	0
6010	7
6011	7
6012	7
6013	7
6014	7
6015	7
6016	7
6017	7
6018	7
6019	7
6020	7
6021	7
6022	7
6023	7
6024	7
6025	7
6026	7
6027	7
6028	7
6029	7
6030	0
6031	7
6032	7
6033	7
6034	7
6035	7
6036	7
6037	7
6038	7
6039	7
6040	7
6041	7
6042	7
6043	7
6044	7
6045	7
6046	7
6047	7
6048	7
6049	7
6050	7
6051	7
6052	7
6053	7
6054	7
6055	7
6056	7
6057	7
6058	7
6059	7
6060	7
6061	7
6062	7
6063	7
6064	7
6065	7
6066	7
6067	7
6068	7
6069	7
6070	7
6071	7
6072	7
6073	7
6074	7
6075	7
6076	7
6077	7
6078	7
6079	7
6080	7
6081	7
6082	7
6083	7
6084	7
6085	7
6086	7
6087	7
6088	7
6089	7
6090	7
6091	7
6092	7
6093	7
6094	7
6095	7
6096	7
6097	7
6098	7
6099	7
6100	7
6101	7
6102	7
6103	7
6104	7
6105	7
6106	7
6107	7
6108	7
6109	7
6110	7
6111	7
6112	7
6113	7
6114	7
6115	7
6116	7
6117	7
6118	7
6119	7
6120	7
6121	7
6122	7
6123	7
6124	7
6125	7
6126	7
6127	7
6128	7
6129	7
6130	7
6131	7
6132	7
6133	7
6134	7
6135	7
6136	7
6137	0
6138	7
6139	7
6140	7
6141	7
6142	0
6143	7
6144	7
6145	7
6146	7
6147	7
6148	7
6149	7
6150	7
6151	7
6152	7
6153	7
6154	7
6155	7
6156	7
6157	7
6158	7
6159	7
6160	7
6161	7
6162	7
6163	7
6164	7
6165	7
6166	7
6167	7
6168	7
6169	7
6170	7
6171	7
6172	7
6173	7
6174	7
6175	7
6176	7
6177	7
6178	7
6179	7
6180	7
6181	7
6182	7
6183	7
6184	7
6185	7
6186	7
6187	7
6188	7
6189	7
6190	7
6191	7
6192	7
6193	7
6194	7
6195	7
6196	7
6197	7
6198	7
6199	7
6200	7
6201	7
6202	7
6203	7
6204	7
6205	7
6206	7
6207	7
6208	7
6209	7
6210	7
6211	0
6212	0
6213	7
6214	7
6215	7
6216	7
6217	7
6218	7
6219	7
6220	7
6221	7
6222	7
6223	7
6224	7
6225	7
6226	7
6227	7
6228	7
6229	7
6230	7
6231	7
6232	7
6233	7
6234	7
6235	7
6236	7
6237	7
6238	7
6239	9
6240	8
6241	9
6242	9
6243	6
6244	8
6245	9
6246	0
6247	9
6248	9
6249	8
6250	6
6251	9
6252	8
6253	9
6254	9
6255	9
6256	9
6257	9
6258	9
6259	9
6260	9
6261	9
6262	0
6263	9
6264	9
6265	9
6266	9
6267	9
6268	9
6269	9
6270	9
6271	9
6272	9
6273	9
6274	8
6275	8
6276	8
6277	8
6278	8
6279	9
6280	6
6281	6
6282	8
6283	8
6284	8
6285	8
6286	9
6287	8
6288	8
6289	8
6290	6
6291	8
6292	8
6293	9
6294	8
6295	8
6296	8
6297	9
6298	9
6299	8
6300	8
6301	8
6302	8
6303	8
6304	8
6305	8
6306	8
6307	6
6308	9
6309	8
6310	8
6311	8
6312	8
6313	8
6314	8
6315	8
6316	8
6317	6
6318	8
6319	8
6320	8
6321	8
6322	8
6323	8
6324	6
6325	9
6326	8
6327	6
6328	6
6329	8
6330	8
6331	8
6332	6
6333	6
6334	9
6335	9
6336	9
6337	8
6338	8
6339	8
6340	8
6341	8
6342	8
6343	8
6344	8
6345	8
6346	8
6347	8
6348	6
6349	8
6350	8
6351	9
6352	8
6353	6
6354	8
6355	8
6356	6
6357	9
6358	9
6359	8
6360	9
6361	9
6362	9
6363	8
6364	8
6365	8
6366	9
6367	8
6368	8
6369	8
6370	9
6371	8
6372	8
6373	9
6374	9
6375	9
6376	9
6377	9
6378	9
6379	8
6380	8
6381	8
6382	8
6383	6
6384	8
6385	9
6386	8
6387	8
6388	8
6389	8
6390	8
6391	6
6392	8
6393	9
6394	9
6395	9
6396	8
6397	8
6398	8
6399	8
6400	9
6401	8
6402	9
6403	6
6404	8
6405	9
6406	9
6407	9
6408	8
6409	9
6410	8
6411	8
6412	8
6413	8
6414	8
6415	8
6416	8
6417	8
6418	9
6419	8
6420	8
6421	9
6422	8
6423	8
6424	8
6425	8
6426	6
6427	6
6428	6
6429	6
6430	8
6431	8
6432	8
6433	6
6435	6
6436	8
6437	8
6438	8
6439	8
6440	8
6441	6
6442	6
6443	8
6444	8
6445	9
6446	9
6447	8
6448	8
6449	8
6450	9
6451	8
6452	9
6453	8
6454	8
6455	9
6456	8
6457	9
6458	9
6459	9
6460	8
6461	6
6462	8
6463	9
6464	9
6465	9
6466	9
6467	9
6468	9
6469	8
6470	8
6471	8
6472	8
6474	8
6475	9
6476	8
6477	9
6478	8
6479	8
6480	8
6481	8
6482	8
6483	9
6484	8
6485	9
6486	8
6487	8
6488	8
6489	8
6490	8
6491	8
6492	8
6493	8
6494	8
6495	8
6496	8
6497	8
6498	8
6499	8
6500	9
6501	8
6502	8
6503	9
6504	8
6505	8
6506	8
6507	9
6508	8
6509	9
6510	8
6511	8
6512	9
6513	9
6514	8
6515	8
6516	9
6517	6
6518	8
6519	8
6520	8
6521	9
6522	8
6523	6
6524	8
6525	8
6526	8
6527	6
6528	7
6529	8
6530	8
6531	8
6532	9
6533	9
6534	9
6535	8
6536	8
6537	8
6538	8
6539	8
6540	8
6541	8
6542	9
6543	9
6544	4
6545	8
6546	9
6547	9
6548	8
6549	8
6550	8
6551	9
6552	9
6553	9
6554	0
6555	8
6556	8
6557	8
6558	8
6559	0
6560	8
6561	8
6562	8
6563	8
6564	8
6565	7
6566	7
6567	7
6568	1
6569	7
6570	7
6571	7
6572	7
6573	7
6574	7
6575	1
6576	7
6577	1
6578	7
6579	1
6580	7
6581	7
6582	7
6583	7
6584	7
6585	7
6586	7
6587	7
6588	7
6589	7
6590	7
6591	1
6592	1
6593	7
6594	7
6595	1
6596	1
6597	7
6598	1
6599	1
6600	1
6601	1
6602	1
6603	7
6604	7
6605	7
6606	7
6607	7
6608	7
6609	7
6610	7
6611	7
6612	7
6613	7
6614	7
6615	1
6616	1
6617	7
6618	7
6619	1
6620	7
6621	1
6622	1
6623	0
6624	8
6625	8
6626	8
6627	1
6628	1
6629	1
6630	8
6631	1
6632	8
6633	8
6634	8
6635	8
6636	8
6637	8
6638	8
6639	8
6640	8
6641	8
6642	8
6643	8
6644	8
6645	8
6646	1
6647	8
6648	8
6650	8
6651	8
6652	1
6653	8
6654	8
6655	8
6656	8
6657	8
6658	8
6659	1
6660	8
6661	8
6662	8
6663	8
6664	8
6665	8
6666	8
6667	8
6668	8
6669	8
6671	8
6672	8
6679	8
6683	8
6684	8
6685	8
6686	8
6687	7
6688	1
6689	7
6690	8
6691	8
6692	8
6693	8
6694	1
6695	8
6696	8
6697	8
6698	8
6699	8
6700	8
6701	8
6702	8
6703	8
6704	8
6705	8
6706	8
6707	8
6708	8
6709	8
6710	8
6711	8
6712	8
6713	1
6714	8
6715	8
6716	1
6717	1
6718	1
6719	8
6720	8
6721	8
6722	8
6723	8
6724	8
6725	8
6726	1
6727	8
6728	1
6729	8
6730	1
6731	8
6732	8
6733	8
6734	1
6735	1
6736	1
6737	1
6738	1
6739	1
6740	1
6741	8
6742	8
6743	8
6744	8
6745	8
6746	8
6747	8
6748	8
6749	8
6750	8
6751	8
6752	8
6753	8
6754	8
6755	8
6756	8
6757	1
6758	8
6759	8
6760	1
6761	1
6762	1
6763	8
6764	0
6765	0
6766	0
6767	7
6768	7
6769	7
6770	7
6771	7
6772	7
6773	7
6774	7
6775	7
6776	7
6777	7
6778	7
6779	7
6780	7
6781	7
6782	7
6783	7
6784	7
6785	7
6786	7
6787	7
6788	7
6789	7
6790	7
6791	7
6792	7
6793	7
6794	7
6795	7
6796	7
6797	7
6798	7
6799	7
6800	7
6801	7
6802	7
6803	7
6804	7
6805	7
6806	7
6807	0
6808	7
6809	0
6810	7
6811	0
6812	7
6813	7
6814	7
6815	0
6816	0
6817	0
6818	0
6819	0
6820	7
6821	7
6822	7
6823	7
6824	0
6825	0
6826	7
6827	0
6828	0
6829	0
6830	0
6831	0
6832	0
6833	0
6834	0
6835	0
6836	0
6837	0
6838	0
6839	0
6840	0
6841	0
6842	0
6843	0
6844	0
6845	0
6846	0
6847	0
6848	0
6849	0
6850	7
6851	7
6852	7
6853	7
6854	7
6855	0
6856	0
6857	0
6858	7
6859	0
6860	0
6861	7
6862	0
6863	0
6864	7
6865	7
6866	7
6867	7
6868	7
6869	7
6870	0
6871	7
6872	7
6873	9
6874	7
6875	7
6876	7
6877	7
6878	7
6879	7
6880	0
6881	7
6882	7
6883	0
6884	7
6885	0
6886	7
6887	7
6888	7
6889	7
6890	7
6891	7
6892	7
6893	7
6894	7
6895	7
6896	7
6897	7
6898	9
6899	1
6900	9
6901	9
6902	9
6903	7
6904	9
6905	9
6906	9
6907	7
6908	9
6909	9
6910	0
6911	3
6912	7
6913	7
6914	7
6915	7
6916	7
6917	7
6918	7
6919	7
6920	0
6921	0
6922	7
6923	7
6924	7
6925	7
6926	0
6927	0
6928	7
6929	0
6930	0
6931	7
6932	1
6933	7
6934	7
6935	7
6936	7
6937	7
6938	7
6939	0
6940	0
6941	0
6942	7
6943	7
6944	0
6945	0
6946	7
6947	7
6948	7
6949	7
6950	0
6951	7
6952	0
6953	0
6954	0
6955	0
6956	7
6957	7
6958	7
6959	6
6960	7
6961	0
6962	0
6963	7
6964	6
6965	0
6966	6
