1	0
2	0
3	7
4	7
5	0
6	7
7	7
8	7
9	7
10	7
11	0
12	7
13	7
14	7
15	7
16	7
17	7
18	7
19	0
20	0
21	0
22	0
23	0
24	0
25	0
26	0
27	0
28	0
29	0
30	0
31	0
32	0
33	7
34	7
35	7
36	7
37	7
38	7
39	7
40	7
41	7
42	7
43	7
44	7
45	7
46	7
47	7
48	7
49	7
50	7
51	7
52	7
53	7
54	7
55	7
56	7
57	7
58	7
59	7
60	7
61	7
62	7
63	0
64	0
65	0
66	1
67	0
68	0
69	0
70	0
71	0
72	0
73	0
74	0
75	1
76	0
77	1
78	0
79	0
80	0
81	0
82	0
83	0
84	0
85	1
86	1
87	0
88	1
89	0
90	0
91	0
92	0
93	0
94	0
95	1
96	1
97	0
98	0
99	1
100	1
101	0
102	1
103	0
104	0
105	0
106	0
107	0
108	0
109	0
110	0
111	0
112	1
113	0
114	0
115	0
116	0
117	0
118	0
119	0
120	0
121	0
122	0
123	0
124	0
125	0
126	0
127	0
128	0
129	1
130	0
131	0
132	0
133	0
134	0
135	0
136	0
137	0
138	0
139	0
140	0
141	1
142	0
143	0
144	0
145	0
146	1
147	0
148	0
149	0
150	0
151	0
152	0
153	0
154	1
155	1
156	1
157	1
158	1
159	0
160	1
161	0
162	0
163	1
164	0
165	0
166	0
167	0
168	0
169	0
170	0
171	1
172	0
173	0
174	1
175	1
176	1
177	1
178	0
179	0
180	1
181	1
182	1
183	0
184	0
185	0
186	0
187	0
188	0
189	1
190	0
191	1
192	0
193	0
194	1
195	0
196	1
197	1
198	0
199	1
200	0
201	0
202	0
203	1
204	1
205	1
206	1
207	0
208	0
209	0
210	0
211	1
212	1
213	0
214	1
215	1
216	0
217	0
218	1
219	0
220	1
221	0
222	0
223	0
224	0
225	0
226	0
227	0
228	0
229	0
230	0
231	0
232	0
233	1
234	0
235	0
236	0
237	1
238	0
239	1
240	0
241	0
242	0
243	0
244	0
245	0
246	0
247	0
248	0
249	0
250	0
251	0
252	0
253	0
254	0
255	1
256	0
257	7
258	7
259	7
260	7
261	7
262	1
263	1
264	7
265	9
266	7
267	7
268	7
269	9
270	7
271	7
272	7
273	9
274	7
275	7
276	9
277	9
278	7
279	7
280	7
281	7
282	7
283	7
284	7
285	7
286	7
287	7
288	1
289	9
290	5
291	9
292	9
293	9
294	7
295	7
296	7
297	7
298	9
299	7
300	7
301	7
302	7
303	7
304	7
305	9
306	7
307	7
308	9
309	9
310	9
311	5
312	9
313	7
314	7
315	9
316	7
317	5
318	9
319	7
320	9
321	7
322	7
323	7
324	7
325	7
326	7
327	7
328	7
329	7
330	7
331	7
332	7
333	7
334	7
335	7
336	7
337	7
338	7
339	7
340	7
341	7
342	7
343	9
344	9
345	9
346	9
347	9
348	9
349	9
350	9
351	9
352	9
353	9
354	9
355	9
357	9
358	9
359	9
360	9
361	9
362	9
363	9
365	9
366	9
367	9
368	9
369	9
370	9
372	9
373	9
374	9
375	9
376	9
377	9
378	9
379	9
380	9
381	9
382	9
383	9
384	9
385	9
386	9
387	9
388	9
389	9
390	9
391	9
392	9
393	9
394	9
395	9
396	9
397	9
398	9
399	9
400	9
401	9
402	9
403	9
404	9
405	9
406	9
407	9
408	9
409	9
410	9
411	9
412	9
413	9
414	9
415	9
416	9
417	9
418	9
419	9
420	9
421	9
422	9
423	9
424	9
425	9
426	9
427	9
428	9
429	9
430	9
431	9
432	9
434	9
435	9
436	9
438	9
439	6
440	6
441	6
442	6
443	6
444	6
445	0
446	0
447	0
448	0
449	0
450	0
451	0
452	9
453	0
454	0
455	0
456	0
457	0
458	6
459	6
460	0
461	0
462	0
463	0
464	0
465	0
466	0
467	0
468	0
469	0
470	0
471	0
472	0
473	0
474	0
475	0
476	0
477	0
478	0
479	0
480	0
481	0
482	0
483	0
484	0
485	0
486	0
487	0
488	9
489	0
490	9
491	0
492	0
493	0
494	0
495	0
496	0
497	0
498	0
499	0
500	0
501	0
502	0
503	0
504	0
505	9
506	9
507	0
508	9
509	9
510	9
511	0
512	0
513	0
514	9
515	9
516	9
517	0
518	0
519	0
520	0
521	0
522	0
523	0
524	0
525	6
526	0
527	0
528	0
529	9
530	9
531	0
532	0
533	0
534	0
535	0
536	9
538	0
539	0
540	0
541	6
542	0
543	0
544	0
545	0
546	0
547	0
548	0
549	0
550	0
551	0
552	0
553	0
554	0
555	0
556	0
557	0
558	0
559	0
560	0
561	0
562	0
563	0
564	0
565	9
566	9
567	9
568	6
569	0
570	0
571	0
572	0
573	0
574	0
575	6
576	0
577	0
578	0
579	0
580	9
581	0
582	6
583	6
584	9
585	9
586	9
587	9
588	6
589	9
590	0
591	0
592	0
593	0
594	0
595	0
596	0
597	0
598	0
599	0
600	0
601	9
602	0
603	6
604	6
605	6
606	6
607	0
608	0
609	0
610	0
611	0
612	0
613	0
614	0
615	0
616	0
617	0
618	0
619	0
620	0
621	0
622	0
623	0
624	6
625	0
626	6
627	6
628	6
629	0
630	0
631	6
632	0
633	6
634	0
635	0
636	6
637	0
638	0
639	6
640	6
641	0
642	0
643	0
644	0
645	0
646	7
647	7
648	7
649	7
650	7
651	7
652	7
653	7
654	7
655	1
656	7
657	7
658	7
659	7
660	0
661	8
662	0
663	0
664	8
665	0
666	0
667	0
668	8
669	0
670	0
671	8
672	0
673	0
674	0
675	8
676	0
677	0
678	8
679	8
680	0
681	8
682	0
683	0
684	0
685	8
686	8
687	0
688	0
689	0
690	0
691	0
692	8
693	0
694	0
695	0
696	0
697	0
698	0
699	0
700	0
701	8
702	0
703	0
704	8
705	0
706	8
707	8
708	0
709	8
710	0
711	8
712	0
713	0
714	0
715	0
716	0
717	0
718	0
719	0
720	8
721	8
722	8
723	0
724	8
725	0
726	0
727	8
728	0
729	8
730	8
731	0
732	0
733	0
734	0
735	8
736	8
737	0
738	8
739	0
740	8
741	8
742	8
743	8
744	0
745	0
746	8
747	8
748	0
749	8
750	8
751	8
752	7
753	7
754	9
755	9
756	7
757	7
758	9
759	7
760	7
761	7
762	7
763	7
764	7
765	7
766	7
767	7
768	0
769	7
770	7
771	7
772	7
773	7
774	7
775	7
776	7
777	7
778	7
779	7
780	7
781	7
782	7
783	7
784	7
785	7
786	7
787	7
788	7
789	7
790	7
791	7
792	7
793	9
794	7
795	9
796	9
797	7
798	7
799	9
800	7
801	7
802	7
803	7
804	9
805	7
806	7
807	7
808	9
809	9
810	7
811	9
812	9
813	7
814	7
815	7
816	7
817	7
818	7
819	7
820	7
821	7
822	7
823	7
824	7
825	7
826	9
827	9
828	9
829	9
830	7
831	9
832	7
833	7
834	0
835	1
836	0
837	1
838	1
839	1
840	1
841	1
842	1
843	1
844	0
845	0
846	1
847	1
848	1
849	0
850	0
851	1
852	0
853	0
854	7
855	0
856	0
857	0
858	0
859	7
860	0
861	0
862	1
863	0
864	0
865	0
866	0
867	0
868	0
869	0
870	0
871	0
872	0
873	0
874	0
875	0
876	7
877	0
878	0
879	0
880	0
881	0
882	0
883	1
884	0
885	1
886	1
887	0
888	1
889	1
890	0
891	0
892	0
893	0
894	1
895	1
896	0
897	0
898	0
899	0
900	1
901	0
902	0
903	0
904	7
905	0
906	7
907	0
908	0
909	7
910	7
911	0
912	1
913	1
914	0
915	7
916	7
917	0
918	0
919	0
920	0
921	7
922	7
923	1
924	1
925	0
926	7
927	7
928	7
929	7
930	7
931	7
932	7
933	7
934	7
935	7
936	7
937	7
938	0
939	0
940	0
941	0
942	0
943	0
944	0
945	7
946	0
947	0
948	0
949	0
950	0
951	0
952	0
953	0
954	0
955	0
956	0
957	7
958	0
959	7
960	7
961	9
962	9
963	7
964	9
965	1
966	7
967	9
968	7
969	0
970	0
971	0
972	0
973	0
974	0
975	0
976	0
977	0
978	0
979	0
980	0
981	0
982	0
983	0
984	0
985	0
986	0
987	0
988	0
989	7
990	0
991	7
992	0
993	0
994	7
995	7
996	0
997	0
998	0
999	7
1000	9
1001	7
1002	7
1003	9
1004	1
1005	0
1006	0
1007	0
1008	0
1009	8
1010	8
1011	8
1012	9
1013	8
1014	8
1015	9
1016	8
1017	9
1018	9
1019	8
1020	9
1021	8
1022	8
1023	9
1024	8
1025	8
1026	9
1027	8
1028	8
1029	9
1030	8
1031	9
1032	8
1033	8
1034	9
1035	8
1036	8
1037	8
1038	8
1039	8
1040	8
1041	9
1042	9
1043	8
1044	8
1045	9
1046	8
1051	9
1052	9
1053	8
1054	8
1055	8
1056	8
1057	8
1058	8
1059	8
1060	8
1061	8
1062	8
1063	8
1064	8
1065	9
1066	8
1068	8
1069	9
1070	8
1071	8
1072	8
1073	8
1074	8
1075	8
1076	8
1077	8
1078	8
1079	8
1080	8
1081	9
1082	8
1084	8
1085	8
1087	8
1088	8
1089	8
1090	8
1091	8
1092	8
1093	8
1094	8
1095	8
1096	8
1097	8
1099	8
1101	8
1102	8
1103	8
1104	8
1105	8
1106	8
1107	8
1108	1
1109	1
1110	8
1111	8
1112	1
1113	8
1114	1
1115	1
1116	8
1117	8
1118	8
1120	1
1121	1
1122	1
1123	1
1124	8
1125	1
1126	8
1127	8
1128	8
1129	8
1130	8
1131	8
1132	8
1133	8
1134	8
1135	1
1136	8
1137	1
1138	8
1139	8
1140	8
1141	8
1142	8
1143	8
1144	8
1145	8
1146	8
1147	8
1149	8
1151	8
1157	8
1160	8
1161	8
1162	8
1163	8
1164	8
1165	8
1167	8
1168	8
1169	8
1170	8
1171	8
1172	8
1173	8
1174	8
1175	8
1176	1
1177	9
1178	9
1179	9
1181	9
1182	9
1185	9
1189	9
1190	9
1191	9
1192	9
1193	9
1194	9
1195	9
1196	9
1197	9
1198	9
1199	9
1200	9
1201	9
1202	9
1203	9
1204	8
1205	9
1206	9
1207	9
1208	9
1209	9
1210	9
1211	9
1212	9
1213	9
1214	9
1215	8
1216	9
1217	5
1218	6
1219	6
1220	6
1221	6
1222	6
1223	5
1224	6
1225	6
1226	6
1227	6
1228	6
1229	6
1230	6
1231	6
1232	6
1233	9
1234	9
1235	9
1236	6
1237	6
1238	6
1239	6
1240	6
1241	6
1242	6
1243	6
1244	6
1245	6
1246	6
1247	6
1249	4
1250	4
1251	4
1252	4
1253	4
1254	4
1255	4
1256	4
1257	4
1258	4
1259	4
1260	4
1261	4
1263	4
1264	4
1265	4
1266	4
1267	4
1268	4
1269	4
1270	4
1271	4
1272	4
1273	4
1274	5
1275	5
1276	5
1277	5
1278	2
1279	2
1280	2
1281	5
1282	5
1283	5
1284	5
1285	5
1286	5
1287	5
1288	2
1289	4
1290	5
1291	4
1292	3
1293	3
1294	4
1295	2
1296	2
1297	2
1298	2
1299	2
1300	4
1301	2
1302	2
1303	2
1304	4
1305	4
1306	2
1307	4
1308	4
1309	2
1310	2
1311	2
1312	4
1313	5
1314	3
1315	3
1316	3
1317	4
1318	4
1319	4
1320	5
1321	5
1322	3
1323	5
1324	5
1325	4
1326	4
1327	4
1328	3
1329	3
1330	9
1331	4
1332	4
1333	4
1334	4
1335	4
1336	4
1337	9
1338	9
1339	9
1340	4
1341	4
1342	2
1343	4
1344	4
1345	2
1346	2
1347	4
1348	2
1349	3
1350	5
1351	4
1352	5
1353	5
1354	4
1355	5
1356	5
1357	5
1358	5
1359	6
1360	4
1361	4
1362	4
1363	4
1364	4
1365	2
1366	2
1367	3
1368	2
1369	2
1370	2
1371	2
1372	2
1374	4
1375	4
1376	4
1377	5
1378	3
1379	3
1380	3
1381	3
1382	3
1383	5
1384	5
1385	5
1386	3
1387	6
1388	6
1389	6
1390	6
1391	6
1392	6
1393	5
1394	6
1395	4
1396	4
1397	9
1398	9
1399	9
1400	9
1401	9
1402	9
1403	9
1404	9
1405	9
1406	9
1407	9
1408	6
1409	6
1410	6
1411	6
1412	6
1413	6
1414	6
1415	4
1416	4
1417	4
1418	4
1419	4
1420	4
1421	4
1422	4
1423	4
1424	4
1425	4
1426	4
1427	4
1429	4
1432	4
1433	4
1434	5
1435	3
1436	3
1437	5
1438	3
1439	3
1440	3
1441	3
1442	4
1443	4
1444	4
1445	4
1446	4
1447	2
1448	2
1449	2
1450	2
1451	2
1452	4
1453	2
1454	2
1455	2
1456	3
1457	2
1458	2
1459	2
1460	2
1461	2
1462	4
1463	4
1464	2
1465	2
1466	5
1467	5
1468	5
1469	4
1470	5
1471	4
1472	5
1473	5
1474	5
1475	5
1476	4
1477	4
1478	4
1479	4
1480	4
1481	4
1482	4
1483	4
1484	4
1485	4
1486	4
1487	4
1488	3
1489	3
1490	4
1491	4
1492	9
1493	9
1494	9
1495	9
1496	3
1497	9
1498	9
1499	9
1500	9
1501	9
1502	9
1503	9
1504	9
1505	4
1506	2
1507	2
1508	2
1509	2
1510	9
1511	2
1512	4
1513	4
1514	4
1515	2
1516	2
1517	5
1518	5
1519	5
1520	5
1521	5
1522	5
1523	5
1524	5
1525	9
1526	4
1527	4
1528	4
1529	4
1530	4
1531	4
1533	4
1534	4
1535	2
1536	2
1537	2
1538	2
1539	2
1540	2
1541	2
1542	2
1543	2
1544	5
1545	3
1546	3
1547	3
1548	3
1549	3
1550	3
1551	3
1552	3
1553	6
1554	4
1555	4
1556	6
1557	6
1558	6
1559	6
1560	6
1561	6
1562	6
1563	9
1564	9
1565	9
1566	9
1567	9
1568	6
1569	6
1570	6
1571	6
1572	4
1573	6
1574	6
1575	6
1576	4
1577	4
1578	6
1579	4
1580	6
1581	4
1582	4
1584	4
1585	4
1586	4
1587	4
1588	4
1589	4
1590	4
1591	4
1592	4
1593	4
1594	4
1596	4
1597	4
1598	4
1599	4
1600	4
1601	4
1602	4
1603	4
1604	4
1605	4
1606	4
1607	4
1608	4
1609	4
1610	4
1611	4
1612	4
1613	4
1614	4
1615	4
1616	2
1617	2
1618	2
1619	2
1620	2
1621	2
1622	2
1623	2
1624	2
1625	2
1626	2
1627	2
1628	2
1629	2
1630	2
1631	2
1632	2
1633	2
1634	2
1635	2
1636	5
1637	4
1638	4
1639	4
1640	4
1641	4
1642	5
1643	5
1644	5
1645	5
1646	3
1647	3
1648	4
1649	4
1650	4
1651	3
1652	3
1653	4
1654	4
1655	4
1656	9
1657	3
1658	4
1659	9
1660	4
1661	9
1662	9
1663	4
1664	4
1665	9
1666	2
1667	2
1668	9
1669	2
1670	9
1671	2
1672	2
1673	2
1674	2
1675	2
1676	2
1677	2
1678	2
1679	2
1680	2
1681	2
1682	2
1683	2
1684	2
1685	2
1686	2
1687	2
1688	5
1689	5
1690	5
1691	3
1692	6
1693	5
1694	5
1695	4
1696	2
1697	2
1698	4
1699	2
1700	2
1701	4
1702	2
1703	2
1704	2
1705	2
1706	2
1707	2
1708	2
1709	2
1710	2
1711	2
1712	2
1713	4
1714	4
1715	3
1716	3
1717	3
1718	3
1719	3
1720	3
1721	3
1722	3
1723	6
1724	3
1725	6
1726	6
1727	3
1728	3
1729	6
1730	6
1731	6
1732	6
1733	6
1734	6
1735	6
1736	6
1737	3
1738	4
1739	4
1740	4
1741	6
1742	6
1743	3
1744	3
1745	3
1746	4
1747	4
1748	4
1749	4
1750	4
1751	4
1752	4
1753	4
1754	4
1755	4
1756	4
1757	6
1758	4
1759	6
1760	6
1761	6
1762	4
1763	6
1764	4
1765	4
1766	4
1767	4
1769	4
1770	4
1771	4
1772	4
1773	4
1774	4
1775	4
1776	4
1777	4
1778	4
1779	4
1780	4
1781	4
1782	4
1783	4
1784	2
1785	2
1786	2
1787	2
1788	4
1789	2
1790	2
1791	2
1792	2
1793	2
1795	2
1796	2
1797	2
1798	2
1799	2
1800	2
1801	5
1802	4
1803	5
1804	5
1805	5
1806	4
1807	5
1808	4
1809	5
1810	5
1811	4
1812	3
1813	3
1814	3
1815	3
1816	3
1817	3
1818	3
1819	3
1820	3
1821	3
1822	4
1823	4
1824	4
1825	9
1826	9
1827	9
1828	9
1829	9
1830	9
1831	4
1832	4
1833	2
1834	2
1835	2
1836	2
1837	2
1838	2
1839	2
1840	2
1841	2
1842	2
1843	2
1844	2
1845	2
1846	2
1847	2
1848	2
1849	2
1850	4
1851	5
1852	5
1853	5
1854	5
1855	5
1856	5
1857	4
1858	4
1859	4
1860	4
1861	4
1862	4
1863	4
1864	4
1865	4
1866	3
1867	5
1868	5
1869	3
1870	5
1871	3
1872	3
1873	3
1874	3
1875	3
1876	4
1877	5
1878	6
1879	5
1880	6
1881	6
1882	6
1883	6
1884	6
1885	6
1886	6
1887	6
1888	6
1889	6
1890	6
1891	6
1892	3
1893	6
1894	3
1895	3
1896	4
1897	4
1898	3
1899	3
1900	4
1901	3
1902	4
1903	4
1904	3
1905	3
1906	6
1907	4
1908	4
1909	4
1910	4
1911	4
1912	4
1913	4
1914	4
1915	4
1916	4
1917	4
1918	4
1919	3
1920	3
1921	4
1922	4
1923	3
1924	4
1925	4
1926	4
1927	4
1928	2
1929	4
1930	4
1931	4
1932	4
1933	4
1934	4
1935	4
1936	4
1937	4
1938	4
1939	4
1940	4
1941	2
1942	4
1943	2
1944	4
1945	4
1946	2
1947	2
1948	2
1949	2
1950	2
1951	2
1952	2
1953	4
1954	2
1955	4
1956	2
1957	2
1958	4
1959	2
1960	4
1961	4
1962	4
1963	4
1964	2
1965	3
1966	3
1967	5
1968	5
1969	5
1970	4
1971	4
1972	4
1973	3
1974	4
1975	3
1976	3
1977	3
1978	4
1979	4
1980	4
1981	4
1982	9
1983	4
1984	9
1985	4
1986	4
1987	4
1988	4
1989	4
1990	4
1991	9
1992	2
1993	2
1994	2
1995	2
1996	2
1997	2
1998	2
1999	2
2000	2
2001	2
2002	2
2003	2
2004	2
2005	2
2006	4
2007	4
2008	4
2009	2
2010	4
2011	3
2012	3
2013	5
2014	3
2015	5
2016	5
2017	5
2018	6
2019	5
2020	5
2021	5
2022	6
2023	3
2024	3
2025	3
2026	3
2027	3
2028	3
2029	3
2030	3
2031	6
2032	5
2033	6
2034	6
2035	6
2036	6
2037	6
2038	6
2039	6
2040	6
2041	3
2042	6
2043	6
2044	6
2045	3
2046	3
2047	6
2048	6
2049	6
2050	6
2051	6
2052	4
2053	4
2054	4
2055	4
2056	4
2057	6
2058	6
2059	6
2060	6
2061	6
2062	6
2063	4
2064	4
2065	4
2066	4
2067	4
2068	6
2069	4
2070	4
2071	4
2072	4
2073	4
2074	2
2075	4
2076	4
2077	4
2078	4
2079	4
2080	2
2081	2
2082	4
2083	2
2084	4
2085	4
2086	4
2087	4
2088	4
2089	4
2090	2
2091	4
2092	4
2093	4
2094	4
2095	4
2096	4
2097	2
2098	2
2099	2
2100	2
2101	2
2102	2
2103	2
2104	2
2105	2
2106	2
2107	2
2108	2
2109	2
2110	2
2111	2
2112	2
2113	4
2114	3
2115	3
2116	4
2117	4
2118	4
2119	3
2120	3
2121	3
2122	3
2123	3
2124	3
2125	4
2126	3
2127	3
2128	4
2129	3
2130	9
2131	9
2132	4
2133	4
2134	9
2135	4
2136	4
2137	9
2138	4
2139	4
2140	4
2141	4
2142	4
2143	4
2144	2
2145	4
2146	9
2147	2
2148	2
2149	4
2150	2
2151	4
2152	9
2153	4
2154	4
2155	4
2156	2
2157	4
2158	4
2161	5
2162	5
2163	5
2164	7
2165	7
2166	7
2167	3
2168	5
2169	3
2170	3
2171	9
2172	4
2173	5
2174	6
2175	5
2176	5
2177	5
2178	6
2179	6
2180	6
2181	6
2182	5
2183	5
2184	5
2185	5
2186	5
2187	5
2188	5
2189	5
2190	6
2191	6
2192	3
2193	6
2194	6
2195	6
2196	6
2197	6
2198	6
2199	6
2200	6
2201	6
2202	3
2203	3
2204	3
2205	3
2206	6
2207	6
2208	4
2209	6
2210	4
2211	6
2212	4
2213	4
2215	4
2216	6
2217	6
2218	6
2219	6
2220	4
2221	4
2222	4
2223	4
2224	4
2225	4
2226	2
2227	2
2228	4
2229	4
2230	4
2231	4
2232	4
2233	4
2234	4
2235	4
2236	4
2237	4
2238	4
2239	4
2240	4
2241	4
2242	4
2243	4
2244	4
2245	4
2246	4
2247	4
2248	4
2249	4
2250	4
2251	4
2252	4
2253	4
2254	4
2255	4
2256	4
2257	5
2258	3
2259	3
2260	5
2261	5
2262	5
2263	6
2264	6
2265	4
2266	4
2267	3
2268	3
2269	9
2270	3
2271	3
2272	3
2273	4
2274	3
2275	4
2276	4
2277	4
2278	4
2279	4
2280	4
2281	4
2282	4
2283	3
2284	4
2285	4
2286	4
2287	9
2288	4
2289	4
2290	4
2291	4
2292	2
2293	2
2294	2
2295	2
2296	2
2297	2
2298	2
2299	2
2300	2
2301	2
2302	9
2303	6
2304	3
2305	3
2306	3
2307	3
2308	3
2309	4
2310	6
2311	4
2312	4
2313	6
2314	7
2315	7
2316	6
2317	9
2318	9
2319	3
2320	9
2321	9
2322	4
2323	3
2324	5
2325	5
2326	5
2327	5
2328	5
2329	5
2330	5
2331	3
2332	3
2333	3
2334	3
2335	3
2336	3
2337	6
2338	3
2339	6
2340	5
2341	5
2342	3
2343	3
2344	6
2345	6
2346	6
2347	6
2348	6
2349	6
2350	6
2351	6
2352	6
2353	6
2354	6
2355	3
2356	4
2357	3
2358	6
2359	6
2360	6
2361	6
2362	6
2363	6
2364	6
2365	6
2366	6
2367	6
2368	6
2369	6
2370	3
2371	4
2372	6
2373	6
2374	6
2375	6
2376	3
2377	6
2378	4
2379	4
2380	4
2381	6
2382	3
2383	3
2384	4
2385	4
2386	4
2387	4
2388	4
2389	4
2390	4
2391	4
2392	3
2393	4
2394	3
2395	4
2396	4
2397	4
2398	4
2399	4
2400	4
2401	4
2402	4
2403	4
2404	4
2405	4
2406	4
2407	4
2408	4
2409	2
2410	4
2411	4
2412	4
2413	4
2414	4
2415	4
2416	4
2417	4
2418	4
2419	4
2420	4
2421	4
2422	2
2423	2
2424	2
2425	5
2426	5
2427	5
2428	5
2429	5
2430	5
2431	5
2432	6
2433	5
2434	5
2435	3
2436	4
2437	4
2438	3
2439	5
2440	3
2441	5
2442	3
2443	4
2444	5
2445	5
2446	4
2447	4
2448	4
2449	4
2450	4
2451	4
2452	4
2453	4
2454	4
2455	9
2456	4
2457	9
2458	9
2459	4
2460	9
2461	4
2462	9
2463	4
2464	4
2465	4
2466	3
2467	3
2468	7
2469	3
2470	3
2471	3
2472	7
2473	7
2474	7
2475	3
2476	3
2477	3
2478	3
2479	7
2480	4
2481	3
2482	3
2483	7
2484	4
2485	4
2486	3
2487	4
2488	3
2489	3
2490	3
2491	3
2492	3
2493	7
2494	7
2495	5
2496	5
2497	5
2498	3
2499	3
2500	3
2501	3
2502	3
2503	3
2504	3
2505	3
2506	3
2507	6
2508	6
2509	3
2510	4
2511	4
2512	4
2513	4
2514	3
2515	4
2516	4
2517	4
2518	4
2520	4
2521	4
2522	4
2523	4
2524	4
2525	4
2526	6
2527	6
2528	6
2529	6
2530	6
2531	6
2532	6
2533	6
2534	6
2535	6
2536	3
2537	3
2538	4
2539	4
2540	3
2541	3
2542	4
2543	4
2544	3
2545	3
2546	4
2547	4
2548	4
2549	4
2550	4
2551	4
2552	4
2553	4
2554	4
2555	4
2556	4
2557	4
2558	4
2559	4
2560	4
2561	4
2562	4
2563	4
2564	4
2565	4
2566	4
2567	4
2568	4
2569	4
2570	2
2571	4
2572	4
2573	4
2574	4
2575	5
2576	5
2577	5
2578	2
2579	5
2580	2
2581	4
2582	4
2583	2
2584	2
2585	2
2586	4
2587	2
2588	2
2589	2
2590	5
2591	5
2592	5
2593	5
2594	6
2595	6
2596	5
2597	5
2598	6
2599	5
2600	5
2601	3
2602	3
2603	3
2604	3
2605	3
2606	3
2607	4
2608	4
2609	4
2610	4
2611	9
2612	4
2613	9
2614	9
2615	3
2616	4
2617	4
2618	4
2619	4
2620	9
2621	4
2622	4
2623	4
2624	4
2625	4
2626	4
2627	3
2628	9
2629	3
2630	3
2631	3
2632	5
2633	3
2634	6
2635	9
2636	3
2637	4
2638	3
2639	4
2640	3
2641	9
2642	7
2643	3
2644	3
2645	9
2646	3
2647	3
2648	3
2649	6
2650	3
2651	3
2652	3
2653	5
2654	3
2655	6
2656	3
2657	6
2658	3
2659	3
2660	3
2661	3
2662	3
2663	3
2664	6
2665	6
2666	6
2667	6
2668	4
2669	4
2670	4
2671	4
2672	4
2673	5
2674	5
2675	5
2676	5
2677	3
2678	3
2679	3
2680	3
2681	3
2682	3
2683	3
2684	6
2685	6
2686	6
2687	6
2688	6
2689	6
2690	6
2691	6
2692	6
2693	6
2694	6
2695	6
2696	6
2697	4
2698	6
2699	4
2700	4
2701	4
2702	6
2703	3
2704	3
2705	4
2706	3
2707	6
2708	4
2710	4
2711	4
2712	4
2713	4
2714	4
2715	4
2716	4
2717	4
2718	4
2719	4
2720	4
2721	4
2722	2
2723	2
2724	2
2725	2
2726	5
2727	5
2728	3
2729	3
2730	2
2731	2
2732	2
2733	2
2734	2
2735	2
2736	2
2737	2
2738	2
2739	2
2740	2
2741	6
2742	5
2743	6
2744	6
2745	3
2746	6
2747	3
2748	6
2749	3
2750	5
2751	6
2752	3
2753	3
2754	5
2755	3
2756	3
2757	4
2758	4
2759	3
2760	3
2761	3
2762	5
2763	9
2764	9
2765	3
2766	3
2767	3
2768	3
2769	3
2770	3
2771	9
2772	9
2773	9
2774	9
2775	3
2776	9
2777	5
2778	4
2779	4
2780	4
2781	4
2782	2
2783	4
2784	2
2785	2
2786	4
2787	2
2788	2
2789	2
2790	2
2791	4
2792	2
2793	4
2794	4
2795	4
2796	6
2797	4
2798	6
2799	5
2800	3
2801	3
2802	4
2803	7
2804	7
2805	7
2806	7
2807	6
2808	6
2809	7
2810	3
2811	3
2812	5
2813	9
2814	9
2815	9
2816	3
2817	9
2818	6
2819	6
2820	3
2821	6
2822	6
2823	6
2824	5
2825	6
2826	3
2827	3
2828	3
2829	3
2830	5
2831	5
2832	5
2833	3
2834	3
2835	4
2836	4
2837	4
2838	2
2839	4
2840	2
2841	2
2842	4
2843	2
2844	2
2845	2
2846	4
2847	2
2848	9
2849	4
2850	9
2851	9
2852	4
2853	3
2854	6
2855	4
2856	4
2857	4
2858	2
2859	2
2860	2
2861	2
2862	2
2863	2
2864	2
2865	3
2866	3
2867	3
2868	3
2869	4
2870	6
2871	3
2872	3
2873	6
2874	5
2875	4
2876	4
2877	2
2878	4
2879	4
2880	4
2881	4
2882	4
2883	4
2884	4
2885	4
2886	4
2887	4
2888	4
2889	4
2890	2
2891	2
2892	2
2893	2
2894	2
2895	4
2896	5
2897	2
2898	2
2899	2
2900	2
2901	2
2902	2
2903	2
2904	2
2905	2
2906	2
2907	2
2908	2
2909	2
2910	4
2911	2
2912	4
2913	3
2914	3
2915	3
2916	3
2917	3
2918	3
2919	3
2920	6
2921	6
2922	3
2923	3
2924	5
2925	5
2926	5
2927	3
2928	3
2929	9
2930	5
2931	3
2932	4
2933	3
2934	9
2935	9
2936	4
2937	3
2938	4
2939	4
2940	3
2941	3
2942	3
2943	3
2944	3
2945	3
2946	4
2947	4
2948	4
2949	4
2950	4
2951	4
2952	4
2953	4
2954	9
2955	4
2956	4
2957	4
2958	4
2959	6
2960	4
2961	6
2962	3
2964	9
2965	6
2966	4
2967	6
2968	6
2969	6
2970	5
2971	5
2972	5
2973	5
2974	3
2975	9
2976	9
2977	9
2978	9
2979	9
2980	5
2981	6
2982	6
2983	5
2984	5
2985	5
2986	3
2987	5
2988	5
2989	5
2990	5
2991	6
2992	5
2993	5
2994	5
2995	5
2996	3
2997	4
2998	4
2999	3
3000	4
3001	9
3002	3
3003	9
3004	4
3005	4
3006	4
3007	2
3008	4
3009	4
3010	4
3011	4
3012	4
3013	4
3014	4
3015	4
3016	4
3017	4
3018	4
3019	4
3020	4
3021	4
3022	4
3023	4
3024	3
3025	3
3026	4
3027	4
3028	3
3029	6
3030	4
3031	4
3032	3
3033	4
3034	6
3035	4
3036	3
3037	3
3038	4
3039	4
3040	4
3041	4
3042	4
3043	2
3044	2
3045	2
3046	2
3047	4
3048	2
3049	2
3050	4
3051	4
3052	4
3053	2
3054	2
3055	2
3056	2
3057	2
3058	2
3059	2
3060	2
3061	2
3062	2
3063	2
3064	2
3065	2
3066	2
3067	2
3068	2
3069	2
3070	4
3071	4
3072	4
3073	4
3074	2
3075	2
3076	4
3077	4
3078	4
3079	2
3080	2
3081	5
3082	6
3083	3
3084	5
3085	5
3086	5
3087	3
3088	4
3089	5
3090	6
3091	4
3092	4
3093	3
3094	3
3095	4
3096	3
3097	4
3098	4
3099	4
3100	4
3101	4
3102	4
3103	4
3104	3
3105	4
3106	3
3107	4
3108	4
3109	4
3110	4
3111	3
3112	4
3113	3
3114	3
3115	3
3116	3
3117	3
3118	4
3119	4
3120	9
3121	9
3122	9
3123	4
3124	3
3125	6
3126	5
3127	5
3128	4
3129	3
3130	3
3131	5
3132	4
3133	6
3135	4
3136	5
3137	5
3138	5
3139	6
3140	4
3141	6
3142	4
3143	9
3144	4
3145	4
3146	9
3147	9
3148	5
3149	5
3150	6
3151	5
3152	5
3153	5
3154	5
3155	5
3156	5
3157	5
3158	5
3159	5
3160	5
3161	5
3162	5
3163	4
3164	4
3165	4
3166	3
3167	4
3168	4
3169	9
3170	4
3171	4
3172	4
3173	4
3174	4
3175	4
3176	4
3177	4
3178	4
3179	4
3180	4
3181	4
3184	4
3185	4
3186	4
3187	2
3188	2
3189	4
3190	4
3191	2
3192	4
3193	4
3194	4
3195	4
3196	4
3197	4
3198	4
3199	4
3200	4
3201	4
3202	2
3203	4
3204	2
3205	2
3206	2
3212	2
3213	4
3214	4
3215	4
3216	4
3217	4
3218	4
3219	4
3220	5
3221	5
3222	2
3223	2
3224	2
3225	2
3226	2
3227	2
3228	2
3229	2
3230	2
3231	2
3232	2
3233	2
3234	4
3235	2
3236	2
3237	4
3238	2
3239	4
3240	2
3241	4
3242	6
3243	5
3244	5
3245	6
3246	6
3247	5
3248	4
3249	5
3250	5
3251	4
3252	3
3253	4
3254	4
3255	4
3256	4
3257	4
3258	3
3259	4
3260	4
3261	3
3262	4
3263	3
3264	4
3265	9
3266	4
3267	9
3268	9
3269	9
3270	3
3271	3
3272	9
3273	4
3274	4
3275	9
3276	4
3277	4
3278	4
3279	4
3280	4
3281	3
3282	3
3284	3
3285	4
3286	4
3287	3
3288	4
3289	3
3292	2
3293	5
3294	4
3295	6
3296	3
3297	3
3298	5
3299	4
3300	9
3301	7
3302	5
3303	3
3304	5
3305	6
3306	5
3307	3
3308	3
3309	5
3310	5
3311	5
3312	5
3313	5
3314	5
3315	5
3316	5
3317	6
3318	5
3319	5
3320	5
3321	5
3322	4
3323	9
3324	4
3325	4
3326	4
3327	4
3328	4
3329	4
3330	4
3331	6
3332	6
3333	2
3334	2
3335	2
3336	2
3337	4
3338	4
3339	3
3340	4
3341	4
3342	4
3343	4
3344	4
3345	4
3346	4
3347	4
3348	4
3350	4
3351	4
3352	4
3353	4
3355	5
3356	5
3357	5
3358	5
3359	5
3360	5
3361	5
3362	5
3363	3
3364	5
3365	5
3366	5
3367	5
3368	5
3369	4
3370	3
3371	4
3372	2
3373	4
3374	2
3375	2
3376	2
3377	2
3378	2
3379	2
3380	2
3381	2
3382	2
3383	2
3384	2
3385	2
3386	2
3387	2
3388	2
3389	2
3390	2
3391	2
3392	2
3393	2
3394	2
3395	2
3396	4
3397	2
3398	2
3399	4
3400	6
3401	4
3402	3
3403	6
3404	6
3405	4
3406	6
3407	4
3408	4
3409	4
3410	4
3411	4
3412	3
3413	3
3414	3
3415	3
3416	3
3417	9
3418	9
3419	9
3420	3
3421	3
3422	4
3423	4
3424	4
3425	4
3426	4
3427	9
3428	4
3429	9
3430	6
3431	9
3432	4
3433	4
3434	4
3435	4
3436	4
3437	4
3438	4
3439	3
3440	5
3441	5
3442	2
3443	4
3444	5
3445	4
3446	4
3447	5
3448	2
3449	9
3450	5
3451	5
3452	5
3453	5
3454	4
3455	5
3456	3
3457	5
3458	3
3459	5
3460	5
3461	5
3462	5
3463	3
3464	5
3465	3
3466	5
3467	3
3468	5
3469	3
3470	3
3471	3
3472	4
3473	4
3474	5
3475	5
3476	5
3477	6
3478	6
3479	6
3480	6
3481	6
3482	5
3483	6
3484	6
3485	6
3486	6
3487	6
3488	6
3489	6
3490	6
3491	6
3492	6
3493	6
3494	6
3495	6
3496	3
3497	4
3498	4
3499	4
3500	4
3501	3
3502	3
3503	4
3504	4
3505	4
3506	4
3507	4
3508	4
3509	4
3510	4
3513	4
3514	4
3515	4
3516	4
3517	4
3518	4
3519	4
3520	4
3521	4
3522	4
3523	4
3524	4
3525	5
3526	4
3527	5
3528	5
3529	5
3530	5
3531	5
3533	4
3534	4
3535	4
3536	4
3537	4
3538	4
3539	4
3540	2
3541	4
3542	4
3543	4
3544	4
3545	4
3546	4
3547	2
3548	4
3549	4
3550	2
3551	2
3552	2
3553	2
3554	4
3555	4
3556	2
3557	4
3558	2
3559	2
3560	3
3561	2
3562	4
3563	3
3564	2
3565	2
3566	4
3567	2
3568	4
3569	3
3570	3
3571	3
3572	3
3573	4
3574	3
3575	6
3576	4
3577	3
3578	3
3579	3
3580	3
3581	3
3582	4
3583	4
3584	4
3585	4
3586	3
3587	4
3588	3
3589	3
3590	3
3591	9
3592	9
3593	3
3594	4
3595	4
3596	9
3597	9
3598	4
3599	4
3600	4
3601	4
3602	4
3603	5
3604	3
3605	3
3606	5
3607	3
3608	9
3609	6
3610	5
3611	6
3612	9
3614	5
3615	4
3616	5
3617	5
3618	9
3619	9
3620	3
3621	5
3622	3
3623	5
3624	5
3625	3
3626	6
3627	5
3628	5
3629	5
3630	5
3631	5
3632	5
3633	3
3634	3
3635	5
3636	3
3637	3
3638	3
3639	3
3640	3
3641	5
3642	6
3643	6
3644	5
3645	5
3646	5
3647	5
3648	6
3649	6
3650	6
3651	6
3652	6
3653	6
3654	6
3655	6
3656	6
3657	3
3658	3
3659	3
3660	4
3661	4
3662	4
3663	3
3664	4
3665	3
3666	3
3667	3
3668	6
3669	4
3670	4
3671	4
3672	4
3673	4
3674	4
3675	4
3676	4
3677	4
3678	4
3679	4
3680	4
3681	4
3682	4
3684	4
3685	4
3686	4
3687	5
3688	4
3689	4
3690	4
3691	4
3692	4
3693	2
3694	4
3695	2
3696	2
3697	2
3698	2
3699	2
3700	5
3701	5
3702	5
3703	5
3704	5
3705	5
3706	5
3707	5
3708	5
3709	2
3710	2
3711	4
3712	2
3713	2
3715	2
3717	2
3718	2
3719	2
3720	2
3721	2
3722	2
3723	2
3724	2
3725	2
3726	4
3727	4
3728	3
3729	3
3730	3
3731	4
3732	3
3733	3
3734	4
3735	3
3736	4
3737	4
3738	4
3739	3
3740	3
3741	3
3742	9
3743	9
3744	9
3745	9
3746	9
3747	9
3748	9
3749	9
3750	9
3751	9
3752	4
3753	4
3754	9
3755	9
3756	4
3757	4
3758	4
3759	4
3760	4
3761	4
3762	9
3763	4
3764	2
3768	4
3769	6
3770	4
3771	5
3772	3
3773	9
3774	5
3775	9
3776	5
3777	3
3778	3
3779	6
3780	6
3781	6
3782	6
3783	6
3784	6
3785	6
3786	6
3787	6
3788	6
3789	6
3790	8
3791	8
3792	8
3793	8
3794	8
3795	8
3796	8
3797	8
3798	8
3799	8
3800	8
3801	8
3802	8
3803	8
3804	8
3805	8
3806	8
3807	8
3808	8
3809	8
3810	8
3811	8
3812	8
3813	8
3814	8
3815	8
3816	8
3817	8
3818	8
3819	8
3820	8
3821	8
3822	8
3823	8
3824	8
3825	8
3826	8
3827	8
3828	8
3829	8
3830	8
3831	8
3832	8
3833	8
3834	8
3835	8
3836	8
3837	8
3838	8
3839	8
3840	8
3841	8
3842	8
3843	8
3844	8
3845	8
3846	8
3847	8
3848	8
3849	8
3850	8
3851	8
3852	8
3853	8
3854	8
3855	8
3856	8
3857	8
3858	8
3859	8
3860	8
3861	8
3862	8
3863	8
3864	8
3865	8
3866	8
3867	8
3868	8
3869	8
3870	8
3871	8
3872	8
3873	8
3874	8
3875	8
3876	8
3877	8
3878	8
3879	8
3880	8
3883	8
3884	8
3885	8
3886	8
3887	8
3888	8
3889	8
3890	8
3892	8
3893	8
3894	8
3897	8
3898	8
3899	8
3900	8
3901	8
3902	8
3903	8
3904	8
3905	8
3906	8
3907	8
3908	8
3909	8
3910	8
3911	8
3912	8
3913	8
3914	8
3915	8
3916	8
3917	8
3918	8
3919	8
3920	8
3921	8
3922	8
3923	8
3924	8
3925	8
3926	8
3927	8
3928	8
3929	8
3930	8
3931	8
3932	8
3933	8
3934	8
3935	8
3936	8
3937	8
3938	8
3939	8
3940	8
3941	8
3942	8
3943	8
3944	8
3945	8
3946	8
3947	8
3948	8
3949	8
3950	8
3951	8
3952	8
3953	8
3954	8
3955	8
3956	8
3957	8
3958	8
3959	8
3960	8
3961	8
3962	8
3963	8
3964	8
3965	8
3966	8
3967	8
3968	9
3969	8
3970	8
3971	8
3972	8
3973	8
3974	8
3975	8
3976	8
3977	8
3978	8
3979	8
3980	8
3981	8
3982	8
3983	8
3985	8
3986	8
3987	7
3988	7
3989	7
3990	7
3991	1
3992	7
3993	7
3994	7
3995	7
3996	7
3997	1
3998	1
3999	1
4000	6
4001	1
4002	7
4003	7
4004	7
4005	7
4006	7
4007	6
4008	7
4009	7
4010	1
4011	7
4012	1
4013	7
4014	7
4015	7
4016	6
4017	6
4018	7
4019	1
4020	7
4021	7
4022	7
4023	7
4024	7
4025	7
4026	7
4027	6
4028	1
4029	7
4030	1
4031	1
4032	1
4033	7
4034	1
4035	7
4036	1
4037	1
4038	1
4039	7
4040	7
4041	1
4042	7
4043	1
4044	1
4045	1
4046	7
4047	7
4048	1
4049	0
4050	0
4051	7
4052	0
4053	7
4054	6
4055	0
4056	0
4057	0
4058	0
4059	0
4060	0
4061	0
4062	0
4063	0
4064	0
4065	0
4066	0
4067	0
4068	0
4069	0
4070	0
4071	6
4072	0
4073	0
4074	0
4075	0
4076	6
4077	0
4078	0
4079	8
4080	8
4081	9
4082	8
4083	8
4084	8
4085	8
4086	8
4087	8
4088	8
4089	8
4090	8
4091	8
4092	8
4093	8
4094	8
4095	8
4096	8
4097	8
4098	8
4099	8
4100	8
4101	8
4102	8
4103	8
4104	8
4105	8
4106	6
4107	8
4108	8
4109	8
4110	6
4111	8
4112	8
4113	9
4114	8
4115	8
4116	6
4117	8
4118	8
4119	8
4120	8
4121	9
4122	0
4123	7
4124	8
4125	8
4126	8
4127	6
4128	8
4129	6
4130	8
4131	0
4132	8
4133	8
4134	9
4135	9
4136	8
4137	8
4138	8
4139	6
4140	8
4141	8
4142	8
4143	8
4144	8
4145	8
4146	8
4147	8
4148	9
4149	8
4150	6
4151	8
4152	6
4153	8
4154	8
4155	8
4156	8
4157	8
4158	8
4159	8
4160	6
4161	7
4162	0
4163	7
4164	7
4165	7
4166	7
4167	7
4168	7
4169	7
4170	9
4171	7
4172	7
4173	7
4174	7
4175	7
4176	7
4177	7
4178	7
4179	7
4180	7
4181	1
4182	7
4183	1
4184	7
4185	7
4186	1
4187	7
4188	7
4189	7
4190	7
4191	7
4192	7
4193	7
4194	0
4195	7
4196	7
4197	7
4198	7
4199	0
4200	0
4201	7
4202	7
4203	7
4204	7
4205	7
4206	7
4207	7
4208	9
4209	8
4210	8
4211	9
4212	8
4213	8
4214	9
4215	9
4216	9
4217	9
4218	9
4219	8
4220	8
4221	8
4222	8
4223	8
4224	8
4225	9
4226	9
4227	8
4228	9
4229	8
4230	9
4231	9
4232	9
4233	9
4234	9
4235	9
4236	9
4237	9
4238	9
4239	9
4240	9
4241	9
4242	9
4243	9
4244	9
4245	9
4246	9
4247	8
4248	9
4249	9
4250	9
4251	8
4252	8
4253	9
4254	8
4255	8
4256	8
4257	9
4258	9
4259	9
4260	9
4261	8
4262	8
4263	8
4264	9
4265	9
4266	7
4267	7
4268	7
4269	9
4270	7
4271	7
4272	9
4273	7
4274	7
4275	7
4276	7
4277	9
4278	7
4279	7
4280	7
4281	7
4282	7
4283	7
4284	7
4285	7
4286	9
4287	1
4288	7
4289	9
4290	7
4291	7
4292	7
4293	7
4294	7
4295	7
4296	7
4297	7
4298	7
4299	7
4300	7
4301	7
4302	7
4303	7
4304	7
4305	7
4306	9
4307	9
4308	7
4309	7
4310	9
4311	7
4312	9
4313	9
4314	7
4315	9
4316	9
4317	7
4318	7
4319	7
4320	9
4321	7
4322	7
4323	7
4324	7
4325	9
4326	7
4327	7
4328	9
4329	7
4330	7
4331	7
4332	7
4333	7
4334	7
4335	7
4336	7
4337	7
4338	7
4339	7
4340	7
4341	7
4342	7
4343	7
4344	7
4345	7
4346	7
4347	9
4348	9
4349	7
4350	7
4351	7
4352	7
4353	7
4354	9
4355	9
4356	9
4357	9
4358	9
4359	9
4360	9
4361	9
4362	9
4363	9
4364	7
4365	5
4366	7
4367	7
4368	7
4369	7
4370	7
4371	7
4372	7
4373	9
4374	7
4375	7
4376	7
4377	7
4378	7
4379	7
4380	7
4381	7
4382	9
4383	7
4384	9
4385	9
4386	9
4387	9
4388	7
4389	9
4390	9
4391	9
4392	9
4393	9
4394	7
4395	7
4396	7
4397	7
4398	9
4399	7
4400	7
4401	7
4402	7
4403	7
4404	7
4405	9
4406	7
4407	7
4408	7
4409	9
4410	9
4411	9
4412	9
4413	9
4414	7
4415	7
4416	7
4417	7
4418	7
4419	7
4420	9
4421	9
4422	7
4423	7
4424	9
4425	9
4426	9
4427	7
4428	7
4429	7
4430	9
4431	7
4432	9
4433	7
4434	7
4435	7
4436	7
4437	9
4438	7
4439	7
4440	7
4441	9
4442	7
4443	7
4444	7
4445	9
4446	7
4447	7
4448	7
4449	0
4450	7
4451	9
4452	7
4453	9
4454	9
4455	7
4456	7
4457	7
4458	7
4459	9
4460	7
4461	7
4462	7
4463	7
4464	7
4465	7
4466	9
4467	7
4468	9
4469	7
4470	7
4471	7
4472	7
4473	7
4474	7
4475	7
4476	9
4477	7
4478	7
4479	7
4480	1
4481	0
4482	9
4483	7
4484	7
4485	7
4486	9
4487	9
4488	9
4489	7
4490	0
4496	0
4497	0
4498	0
4499	0
4500	8
4501	8
4502	9
4503	9
4504	8
4510	0
4511	0
4512	8
4513	0
4514	0
4515	0
4516	0
4517	0
4518	8
4519	9
4520	8
4521	8
4522	8
4523	8
4524	8
4525	0
4526	8
4527	7
4528	7
4529	7
4530	7
4531	7
4532	7
4533	7
4534	7
4535	7
4536	7
4537	7
4538	7
4539	7
4540	7
4541	7
4542	7
4543	7
4544	7
4545	7
4546	7
4547	7
4548	7
4549	7
4550	7
4551	7
4552	7
4553	7
4554	1
4555	6
4556	8
4557	6
4558	3
4559	3
4560	6
4561	6
4562	6
4563	4
4564	3
4565	3
4566	6
4567	3
4568	6
4569	6
4570	6
4571	5
4572	6
4573	5
4574	9
4575	6
4576	6
4577	6
4578	6
4579	6
4580	6
4581	6
4582	6
4583	6
4584	4
4585	4
4586	8
4587	8
4588	6
4589	6
4590	4
4591	5
4592	6
4596	6
4597	8
4599	8
4600	8
4601	8
4602	8
4603	8
4607	8
4608	5
4609	4
4610	6
4611	6
4612	3
4613	6
4614	6
4615	6
4616	3
4617	8
4618	8
4619	8
4620	8
4621	8
4622	8
4623	8
4624	9
4625	6
4626	6
4627	6
4628	6
4629	5
4630	6
4631	6
4632	6
4633	5
4634	3
4635	6
4636	6
4637	6
4638	8
4639	9
4640	8
4641	9
4642	5
4643	4
4644	6
4645	6
4646	6
4647	6
4648	6
4649	3
4650	6
4651	6
4652	5
4653	9
4654	9
4655	8
4656	8
4657	5
4658	6
4659	6
4660	5
4661	5
4662	6
4663	5
4664	6
4665	3
4666	6
4667	6
4668	6
4669	6
4670	6
4671	6
4672	6
4673	6
4674	6
4675	6
4676	5
4677	8
4678	1
4679	6
4680	4
4681	4
4682	5
4683	5
4684	6
4685	6
4686	6
4687	6
4688	6
4689	6
4690	6
4691	6
4692	5
4693	5
4694	6
4695	5
4696	5
4697	6
4698	6
4699	6
4700	6
4701	6
4702	6
4703	6
4704	6
4705	6
4706	4
4707	8
4708	8
4709	3
4710	4
4711	3
4712	8
4713	5
4714	6
4715	6
4716	6
4717	6
4718	6
4719	6
4720	5
4721	6
4722	3
4723	6
4724	8
4725	8
4726	3
4727	3
4728	8
4729	8
4730	3
4731	5
4732	5
4733	5
4734	5
4735	3
4736	4
4737	3
4738	6
4739	4
4740	6
4741	4
4742	6
4743	4
4744	4
4745	6
4746	6
4747	8
4748	3
4749	3
4750	3
4751	3
4752	4
4753	8
4754	4
4755	3
4756	3
4757	3
4758	4
4759	4
4760	6
4761	6
4762	3
4763	4
4764	3
4765	6
4766	4
4767	5
4768	4
4769	6
4770	6
4771	3
4772	3
4773	4
4774	4
4775	6
4776	6
4777	6
4778	3
4779	3
4780	3
4781	4
4782	4
4783	4
4784	8
4785	3
4786	3
4787	4
4788	6
4789	6
4790	6
4791	6
4792	6
4793	3
4794	3
4795	4
4796	4
4797	6
4798	4
4799	3
4800	4
4801	3
4802	3
4803	3
4804	4
4805	3
4806	6
4807	6
4808	4
4809	6
4810	6
4811	6
4812	4
4813	6
4815	8
4816	8
4817	8
4818	9
4819	9
4820	8
4821	9
4822	9
4823	8
4826	4
4827	4
4828	4
4829	4
4830	6
4831	6
4832	6
4833	4
4834	4
4835	4
4836	6
4837	4
4838	4
4839	6
4840	4
4841	4
4842	4
4843	4
4844	6
4845	6
4846	6
4847	6
4848	4
4849	5
4850	4
4851	6
4852	6
4853	4
4854	6
4855	4
4856	6
4857	6
4858	6
4859	6
4860	6
4861	6
4862	6
4863	4
4864	3
4865	4
4866	4
4867	5
4868	4
4869	5
4870	5
4871	5
4872	6
4873	1
4874	8
4875	5
4876	5
4877	9
4878	3
4879	3
4880	6
4881	4
4882	4
4883	6
4884	4
4885	6
4886	6
4887	6
4888	6
4889	6
4890	4
4891	6
4892	5
4893	5
4894	5
4895	4
4896	5
4897	6
4898	6
4899	6
4900	6
4901	8
4902	3
4903	9
4904	3
4905	9
4906	3
4907	3
4908	3
4909	9
4910	9
4911	3
4912	9
4913	9
4914	9
4915	6
4916	6
4917	9
4918	6
4919	6
4920	6
4921	6
4922	6
4923	6
4924	6
4925	9
4926	9
4927	9
4928	6
4929	6
4930	8
4931	8
4932	3
4933	8
4934	6
4935	4
4936	5
4937	6
4938	6
4939	9
4940	8
4941	3
4942	8
4943	3
4944	6
4945	3
4946	5
4947	4
4948	8
4949	8
4950	8
4951	9
4953	9
4954	9
4955	9
4956	9
4958	9
4959	9
4961	9
4966	9
4968	1
4969	1
4970	1
4971	1
4972	1
4973	1
4974	1
4975	1
4976	1
4977	1
4978	1
4979	1
4980	1
4981	1
4982	1
4983	1
4984	1
4985	1
4986	1
4987	1
4988	1
4989	1
4990	1
4991	1
4992	1
4993	8
4994	8
4995	1
4996	1
4997	1
4998	1
4999	1
5000	1
5001	1
5002	1
5003	8
5004	1
5005	8
5006	1
5007	1
5008	1
5009	1
5010	1
5011	1
5012	1
5013	1
5014	8
5015	1
5016	1
5017	1
5018	1
5019	1
5020	1
5021	1
5022	1
5023	1
5024	1
5025	8
5026	1
5027	8
5028	8
5029	8
5030	1
5031	8
5032	8
5033	1
5034	1
5035	8
5036	8
5037	8
5038	8
5039	1
5040	1
5041	1
5042	1
5043	1
5044	1
5045	1
5046	1
5047	1
5048	1
5049	1
5050	1
5051	1
5052	8
5053	8
5054	8
5055	1
5058	1
5059	1
5063	8
5066	7
5067	7
5068	5
5069	1
5070	1
5071	5
5072	5
5073	1
5074	1
5075	7
5076	7
5077	1
5078	1
5079	1
5080	1
5081	1
5082	1
5083	1
5084	1
5085	1
5086	1
5087	1
5088	1
5089	1
5090	1
5091	1
5092	7
5093	6
5094	6
5095	0
5096	6
5097	0
5098	7
5099	7
5100	7
5101	0
5102	7
5103	7
5104	7
5105	7
5106	7
5107	0
5108	6
5109	0
5110	0
5111	0
5112	0
5113	7
5114	0
5115	0
5116	6
5117	0
5118	0
5119	3
5120	5
5121	5
5122	9
5123	5
5124	5
5125	9
5126	9
5127	9
5128	5
5129	4
5130	9
5131	9
5132	5
5133	9
5134	5
5135	5
5136	5
5137	5
5138	5
5139	5
5140	5
5141	5
5142	9
5143	5
5144	9
5145	5
5146	4
5147	7
5148	9
5149	9
5150	9
5151	9
5152	9
5153	5
5154	5
5155	3
5156	5
5157	5
5158	5
5159	5
5160	8
5161	9
5162	4
5163	9
5164	9
5165	4
5166	9
5167	3
5168	3
5169	5
5170	5
5171	3
5172	5
5173	1
5174	5
5175	2
5176	9
5177	5
5178	5
5179	5
5180	5
5181	7
5182	5
5183	5
5184	7
5185	5
5186	5
5187	9
5188	5
5189	9
5190	5
5191	9
5192	9
5193	9
5194	9
5195	9
5196	9
5197	9
5198	9
5199	9
5200	9
5201	5
5202	5
5203	5
5204	5
5205	5
5206	5
5207	5
5208	5
5209	9
5210	2
5211	5
5212	4
5213	5
5214	5
5215	5
5216	3
5217	5
5218	9
5219	5
5220	5
5221	3
5222	9
5223	3
5224	3
5225	3
5226	9
5227	9
5228	5
5229	8
5230	4
5231	9
5232	9
5233	9
5234	5
5235	9
5236	5
5237	4
5238	8
5239	1
5240	5
5241	9
5242	9
5243	9
5244	9
5245	3
5246	5
5247	3
5248	5
5249	5
5250	9
5251	3
5252	3
5253	7
5254	5
5255	2
5256	9
5257	9
5258	4
5259	3
5260	5
5261	5
5262	3
5263	5
5264	5
5265	3
5266	3
5267	7
5268	2
5269	9
5270	9
5271	2
5272	5
5273	9
5274	5
5275	5
5276	5
5277	5
5278	5
5279	4
5280	8
5281	5
5282	9
5283	9
5284	9
5285	4
5286	5
5287	5
5288	2
5289	4
5290	2
5291	9
5292	7
5293	9
5294	9
5295	4
5296	9
5297	9
5298	4
5299	7
5300	7
5301	5
5302	7
5303	5
5304	5
5305	3
5306	9
5307	5
5308	5
5309	5
5310	5
5311	2
5312	2
5313	2
5314	9
5315	5
5316	4
5317	9
5318	5
5319	5
5320	5
5321	5
5322	5
5324	5
5325	8
5326	8
5327	4
5328	9
5329	9
5330	5
5331	9
5332	5
5333	5
5334	5
5335	2
5336	2
5337	9
5338	2
5339	2
5340	2
5341	2
5342	5
5343	9
5344	9
5345	5
5346	4
5347	9
5348	5
5349	5
5350	1
5351	9
5352	5
5353	7
5354	9
5355	5
5356	9
5357	9
5358	5
5359	5
5360	5
5361	5
5362	9
5363	9
5364	4
5365	9
5366	9
5367	4
5368	9
5369	9
5370	4
5371	9
5372	9
5373	9
5374	2
5375	2
5376	5
5377	7
5378	9
5379	5
5380	5
5381	7
5382	5
5383	7
5384	3
5385	7
5386	2
5387	2
5388	2
5389	2
5390	2
5391	2
5392	9
5393	9
5394	4
5395	4
5396	2
5397	9
5398	5
5399	9
5400	5
5401	5
5402	5
5403	2
5404	2
5405	2
5406	2
5407	2
5408	2
5409	2
5410	4
5411	2
5412	9
5413	9
5414	9
5415	4
5416	4
5417	9
5418	7
5419	9
5420	4
5421	4
5422	5
5423	9
5424	5
5425	9
5426	5
5427	9
5428	5
5429	2
5430	2
5431	9
5432	2
5433	4
5434	9
5435	5
5436	4
5437	9
5438	2
5439	9
5440	2
5441	4
5442	5
5443	7
5444	7
5445	5
5446	9
5447	2
5448	2
5449	2
5450	2
5451	2
5452	2
5453	2
5454	9
5455	9
5456	5
5457	4
5458	5
5459	7
5460	9
5461	5
5462	5
5463	4
5464	8
5465	5
5466	5
5467	8
5468	5
5469	3
5470	3
5471	9
5472	8
5473	5
5474	9
5475	5
5476	4
5477	5
5478	2
5479	8
5480	8
5481	5
5482	5
5483	9
5484	5
5485	5
5486	2
5487	9
5488	9
5489	2
5490	9
5491	9
5492	2
5493	7
5494	5
5495	9
5496	3
5497	9
5498	8
5499	5
5500	9
5501	9
5502	2
5503	4
5504	2
5505	2
5506	2
5507	2
5508	9
5509	5
5510	9
5511	2
5512	5
5513	8
5514	7
5515	8
5516	4
5517	9
5518	7
5519	7
5520	4
5521	5
5522	1
5523	5
5524	3
5525	4
5526	2
5527	4
5528	3
5529	7
5530	5
5531	9
5532	5
5533	5
5534	7
5535	5
5536	3
5537	7
5538	4
5539	4
5540	4
5541	9
5542	2
5543	2
5544	9
5545	5
5546	4
5547	9
5548	9
5549	7
5550	3
5551	2
5552	2
5553	2
5554	2
5555	2
5556	5
5557	8
5558	8
5559	8
5560	8
5561	5
5562	4
5563	5
5564	5
5565	7
5566	5
5567	5
5568	7
5569	5
5570	5
5571	7
5572	9
5573	5
5574	5
5575	5
5576	9
5577	4
5578	4
5579	5
5580	4
5581	2
5582	9
5583	2
5584	2
5585	2
5586	3
5587	9
5588	9
5589	9
5590	9
5591	9
5592	3
5593	9
5594	9
5595	3
5596	2
5597	2
5598	2
5599	4
5600	2
5601	7
5602	7
5603	7
5604	7
5605	7
5606	7
5607	7
5608	5
5609	3
5610	1
5611	5
5612	7
5613	5
5614	5
5615	9
5616	5
5617	7
5618	3
5619	9
5620	8
5621	5
5622	5
5623	5
5624	2
5625	5
5626	9
5627	9
5628	4
5629	5
5630	4
5631	9
5632	5
5633	9
5634	9
5635	9
5636	9
5637	2
5638	9
5639	9
5640	9
5641	9
5642	5
5643	9
5644	9
5645	9
5646	5
5647	5
5648	9
5649	9
5650	9
5651	5
5652	4
5653	2
5654	9
5655	4
5656	2
5657	2
5658	5
5659	9
5660	2
5661	9
5662	5
5663	9
5664	7
5665	9
5666	4
5667	3
5668	5
5669	2
5670	7
5671	7
5672	9
5673	9
5674	9
5675	1
5676	9
5677	1
5678	9
5679	9
5680	9
5681	9
5682	9
5683	5
5684	9
5685	5
5686	5
5687	8
5688	9
5689	5
5690	9
5691	9
5692	5
5693	9
5694	9
5695	5
5696	3
5697	9
5698	5
5699	2
5700	2
5701	2
5702	2
5703	2
5704	2
5705	5
5706	3
5707	9
5708	9
5709	9
5710	2
5711	4
5712	4
5713	7
5714	7
5715	4
5716	5
5717	9
5718	9
5719	9
5720	5
5721	1
5722	5
5723	7
5725	4
5726	5
5727	9
5728	9
5729	5
5730	9
5731	7
5732	4
5733	9
5734	2
5735	4
5736	2
5737	9
5738	7
5739	5
5740	9
5741	9
5742	9
5743	9
5744	9
5745	9
5746	9
5747	5
5748	9
5749	2
5750	2
5751	2
5752	2
5753	2
5754	2
5755	2
5756	7
5757	8
5758	1
5759	2
5766	5
5767	5
5768	2
5769	5
5770	1
5771	4
5772	5
5773	7
5774	4
5775	7
5776	5
5777	5
5778	9
5779	4
5780	7
5781	5
5782	3
5783	8
5784	7
5785	8
5786	7
5787	5
5788	5
5789	3
5790	3
5791	5
5792	3
5793	3
5794	9
5795	9
5796	9
5797	9
5798	9
5799	9
5800	9
5801	2
5802	2
5803	2
5804	2
5805	7
5806	3
5807	5
5810	3
5811	5
5812	4
5813	3
5814	8
5815	8
5816	8
5817	8
5818	1
5819	4
5820	5
5821	5
5822	7
5823	9
5824	4
5825	5
5826	5
5827	2
5828	7
5829	5
5830	2
5831	7
5832	8
5833	5
5834	7
5835	5
5836	7
5837	5
5838	5
5839	3
5840	3
5841	3
5842	3
5843	5
5844	3
5845	9
5846	9
5847	9
5848	3
5849	3
5850	9
5851	9
5852	9
5853	5
5854	5
5855	5
5856	5
5857	5
5858	5
5859	9
5860	5
5861	5
5862	5
5863	3
5864	5
5865	2
5866	5
5867	5
5868	5
5869	9
5870	7
5871	7
5872	9
5873	9
5874	9
5875	5
5876	5
5877	5
5878	5
5879	5
5880	3
5881	5
5882	5
5883	3
5884	8
5885	3
5886	9
5887	9
5888	3
5889	3
5890	5
5891	7
5892	7
5893	7
5894	7
5895	7
5896	7
5897	7
5898	7
5899	7
5900	7
5901	7
5902	7
5903	7
5904	7
5905	7
5906	7
5907	7
5908	7
5909	7
5910	7
5911	7
5912	7
5913	7
5914	7
5915	7
5916	7
5917	7
5918	7
5919	7
5920	7
5921	7
5922	7
5923	7
5924	7
5925	7
5926	7
5927	7
5928	7
5929	7
5930	7
5931	7
5932	7
5933	7
5934	7
5935	7
5936	7
5937	7
5938	7
5939	7
5940	7
5941	7
5942	7
5943	7
5944	7
5945	7
5946	7
5947	7
5948	7
5949	7
5950	7
5951	7
5952	7
5953	7
5954	7
5955	7
5956	7
5957	7
5958	7
5959	7
5960	7
5961	7
5962	7
5963	7
5964	7
5965	7
5966	7
5967	7
5968	7
5969	7
5970	7
5971	7
5972	7
5973	7
5974	7
5975	7
5976	7
5977	7
5978	7
5979	7
5980	7
5981	7
5982	7
5983	7
5984	7
5985	7
5986	7
5987	7
5988	7
5989	7
5990	7
5991	7
5992	7
5993	7
5994	7
5995	7
5996	7
5997	7
5998	7
5999	7
6000	7
6001	7
6002	7
6003	7
6004	7
6005	0
6006	0
6007	0
6008	0
6009	0
6010	7
6011	7
6012	7
6013	7
6014	7
6015	7
6016	7
6017	7
6018	7
6019	7
6020	7
6021	7
6022	7
6023	7
6024	7
6025	7
6026	7
6027	7
6028	7
6029	0
6030	0
6031	7
6032	7
6033	7
6034	7
6035	7
6036	7
6037	7
6038	7
6039	7
6040	7
6041	7
6042	7
6043	7
6044	7
6045	7
6046	7
6047	7
6048	7
6049	7
6050	7
6051	7
6052	7
6053	7
6054	7
6055	7
6056	7
6057	7
6058	7
6059	7
6060	7
6061	7
6062	7
6063	7
6064	7
6065	7
6066	7
6067	7
6068	7
6069	7
6070	7
6071	7
6072	7
6073	7
6074	7
6075	7
6076	7
6077	7
6078	7
6079	7
6080	7
6081	7
6082	7
6083	7
6084	7
6085	7
6086	7
6087	7
6088	7
6089	7
6090	7
6091	7
6092	7
6093	7
6094	7
6095	7
6096	7
6097	7
6098	7
6099	7
6100	7
6101	7
6102	7
6103	7
6104	0
6105	7
6106	7
6107	7
6108	7
6109	7
6110	7
6111	7
6112	7
6113	0
6114	7
6115	7
6116	7
6117	7
6118	7
6119	7
6120	7
6121	7
6122	7
6123	7
6124	7
6125	7
6126	7
6127	7
6128	7
6129	7
6130	7
6131	7
6132	7
6133	7
6134	7
6135	7
6136	7
6137	7
6138	7
6139	7
6140	7
6141	7
6142	7
6143	7
6144	7
6145	7
6146	7
6147	7
6148	7
6149	7
6150	7
6151	7
6152	7
6153	7
6154	7
6155	7
6156	7
6157	7
6158	7
6159	7
6160	7
6161	7
6162	7
6163	7
6164	7
6165	7
6166	7
6167	7
6168	7
6169	7
6170	7
6171	7
6172	7
6173	7
6174	7
6175	7
6176	7
6177	7
6178	7
6179	7
6180	7
6181	7
6182	7
6183	7
6184	7
6185	7
6186	7
6187	7
6188	7
6189	7
6190	7
6191	7
6192	7
6193	7
6194	9
6195	7
6196	7
6197	7
6198	7
6199	7
6200	7
6201	7
6202	7
6203	7
6204	7
6205	7
6206	7
6207	7
6208	7
6209	7
6210	7
6211	7
6212	7
6213	7
6214	7
6215	7
6216	7
6217	9
6218	7
6219	7
6220	7
6221	7
6222	7
6223	7
6224	7
6225	7
6226	9
6227	9
6228	9
6229	9
6230	9
6231	9
6232	9
6233	7
6234	7
6235	7
6236	7
6237	7
6238	7
6239	9
6240	8
6241	8
6242	9
6243	9
6244	9
6245	9
6246	9
6247	8
6248	9
6249	9
6250	9
6251	8
6252	8
6253	9
6254	8
6255	8
6256	9
6257	8
6258	9
6259	9
6260	9
6261	9
6262	8
6263	9
6264	9
6265	9
6266	8
6267	8
6268	8
6269	8
6270	9
6271	9
6272	9
6273	9
6274	8
6275	9
6276	9
6277	8
6278	9
6279	9
6280	8
6281	8
6282	8
6283	8
6284	8
6285	9
6286	9
6287	9
6288	8
6289	8
6290	8
6291	9
6292	9
6293	8
6294	8
6295	8
6296	8
6297	8
6298	8
6299	9
6300	8
6301	8
6302	8
6303	8
6304	8
6305	8
6306	8
6307	8
6308	8
6309	8
6310	8
6311	8
6312	8
6313	8
6314	8
6315	8
6316	8
6317	8
6318	8
6319	8
6320	8
6321	8
6322	8
6323	8
6324	8
6325	9
6326	8
6327	9
6328	9
6329	9
6330	9
6331	9
6332	9
6333	9
6334	9
6335	8
6336	8
6337	8
6338	8
6339	8
6340	8
6341	8
6342	8
6343	8
6344	8
6345	8
6346	8
6347	8
6348	8
6349	8
6350	8
6351	8
6352	9
6353	8
6354	8
6355	8
6356	8
6357	8
6358	9
6359	9
6360	9
6361	9
6362	9
6363	8
6364	8
6365	8
6366	8
6367	9
6368	8
6369	9
6370	9
6371	8
6372	8
6373	9
6374	8
6375	8
6376	8
6377	9
6378	9
6379	8
6380	9
6381	9
6382	9
6383	8
6384	8
6385	9
6386	8
6387	8
6388	8
6389	8
6390	8
6391	8
6392	8
6393	8
6394	8
6395	9
6396	9
6397	9
6398	8
6399	8
6400	9
6401	8
6402	9
6403	9
6404	8
6405	9
6406	8
6407	9
6408	8
6409	8
6410	8
6411	9
6412	8
6413	8
6414	8
6415	8
6416	8
6417	9
6418	9
6419	8
6420	9
6421	8
6422	9
6423	8
6424	9
6425	8
6426	8
6427	8
6428	8
6429	8
6430	9
6431	9
6432	9
6433	9
6435	8
6436	8
6437	8
6438	8
6439	8
6440	8
6441	8
6442	8
6443	8
6444	8
6445	8
6446	8
6447	8
6448	8
6449	8
6450	8
6451	8
6452	8
6453	8
6454	8
6455	8
6456	9
6457	9
6458	9
6459	9
6460	9
6461	9
6462	9
6463	9
6464	9
6465	8
6466	8
6467	8
6468	9
6469	8
6470	9
6471	8
6472	9
6474	9
6475	9
6476	9
6477	9
6478	8
6479	8
6480	8
6481	8
6482	8
6483	8
6484	9
6485	8
6486	8
6487	8
6488	8
6489	9
6490	9
6491	8
6492	9
6493	8
6494	9
6495	9
6496	9
6497	9
6498	8
6499	8
6500	9
6501	8
6502	9
6503	8
6504	8
6505	9
6506	9
6507	8
6508	9
6509	9
6510	8
6511	8
6512	9
6513	8
6514	8
6515	8
6516	8
6517	9
6518	8
6519	8
6520	9
6521	9
6522	8
6523	8
6524	8
6525	8
6526	9
6527	9
6528	9
6529	8
6530	9
6531	9
6532	9
6533	8
6534	9
6535	8
6536	9
6537	8
6538	8
6539	9
6540	8
6541	8
6542	8
6543	9
6544	5
6545	9
6546	8
6547	9
6548	8
6549	8
6550	8
6551	8
6552	8
6553	9
6554	0
6555	0
6556	0
6557	8
6558	0
6559	0
6560	0
6561	0
6562	0
6563	0
6564	0
6565	7
6566	7
6567	7
6568	7
6569	7
6570	7
6571	7
6572	7
6573	7
6574	7
6575	7
6576	7
6577	7
6578	7
6579	7
6580	7
6581	7
6582	7
6583	7
6584	7
6585	7
6586	7
6587	7
6588	7
6589	7
6590	1
6591	7
6592	7
6593	1
6594	1
6595	7
6596	1
6597	7
6598	7
6599	7
6600	7
6601	7
6602	7
6603	1
6604	7
6605	1
6606	1
6607	7
6608	7
6609	1
6610	7
6611	7
6612	7
6613	7
6614	0
6615	1
6616	7
6617	0
6618	7
6619	0
6620	7
6621	7
6622	0
6623	0
6624	1
6625	1
6626	1
6627	1
6628	1
6629	1
6630	1
6631	8
6632	8
6633	8
6634	8
6635	8
6636	8
6637	8
6638	8
6639	1
6640	8
6641	8
6642	7
6643	7
6644	8
6645	8
6646	8
6647	1
6648	8
6650	8
6651	8
6652	8
6653	8
6654	8
6655	1
6656	8
6657	8
6658	8
6659	8
6660	8
6661	8
6662	8
6663	8
6664	8
6665	8
6666	8
6667	8
6668	8
6669	8
6671	8
6672	8
6679	8
6683	8
6684	1
6685	1
6686	7
6687	7
6688	7
6689	7
6690	8
6691	8
6692	8
6693	8
6694	8
6695	8
6696	8
6697	8
6698	8
6699	8
6700	8
6701	8
6702	8
6703	8
6704	8
6705	8
6706	8
6707	8
6708	8
6709	8
6710	8
6711	1
6712	1
6713	8
6714	8
6715	1
6716	1
6717	8
6718	7
6719	1
6720	8
6721	8
6722	8
6723	8
6724	8
6725	8
6726	8
6727	8
6728	8
6729	8
6730	8
6731	8
6732	8
6733	8
6734	8
6735	8
6736	8
6737	8
6738	8
6739	8
6740	8
6741	7
6742	8
6743	8
6744	8
6745	8
6746	8
6747	8
6748	8
6749	8
6750	8
6751	8
6752	8
6753	8
6754	1
6755	8
6756	8
6757	8
6758	8
6759	8
6760	1
6761	1
6762	1
6763	1
6764	0
6765	0
6766	7
6767	7
6768	7
6769	7
6770	7
6771	7
6772	7
6773	7
6774	7
6775	7
6776	7
6777	7
6778	7
6779	7
6780	7
6781	7
6782	7
6783	7
6784	7
6785	7
6786	7
6787	7
6788	7
6789	7
6790	7
6791	7
6792	7
6793	7
6794	7
6795	7
6796	7
6797	7
6798	7
6799	7
6800	7
6801	7
6802	7
6803	7
6804	7
6805	7
6806	7
6807	7
6808	7
6809	7
6810	7
6811	7
6812	7
6813	7
6814	7
6815	7
6816	7
6817	7
6818	0
6819	7
6820	7
6821	7
6822	7
6823	7
6824	6
6825	6
6826	0
6827	6
6828	6
6829	6
6830	7
6831	7
6832	0
6833	0
6834	0
6835	0
6836	0
6837	0
6838	0
6839	0
6840	0
6841	0
6842	0
6843	0
6844	0
6845	0
6846	0
6847	0
6848	0
6849	7
6850	7
6851	0
6852	0
6853	0
6854	0
6855	6
6856	7
6857	7
6858	0
6859	6
6860	0
6861	0
6862	0
6863	7
6864	6
6865	6
6866	6
6867	7
6868	0
6869	0
6870	0
6871	7
6872	7
6873	7
6874	7
6875	7
6876	7
6877	7
6878	7
6879	7
6880	0
6881	7
6882	7
6883	7
6884	7
6885	7
6886	7
6887	0
6888	7
6889	7
6890	7
6891	7
6892	6
6893	6
6894	7
6895	7
6896	7
6897	7
6898	6
6899	7
6900	6
6901	6
6902	7
6903	7
6904	7
6905	7
6906	1
6907	7
6908	7
6909	6
6910	6
6911	6
6912	7
6913	6
6914	7
6915	7
6916	7
6917	7
6918	7
6919	7
6920	7
6921	7
6922	7
6923	7
6924	7
6925	7
6926	7
6927	7
6928	7
6929	7
6930	7
6931	7
6932	7
6933	7
6934	7
6935	7
6936	7
6937	7
6938	7
6939	0
6940	7
6941	7
6942	7
6943	0
6944	0
6945	0
6946	7
6947	7
6948	7
6949	7
6950	7
6951	7
6952	7
6953	0
6954	0
6955	7
6956	6
6957	6
6958	6
6959	7
6960	6
6961	6
6962	7
6963	6
6964	6
6965	7
6966	6
