1	7
2	7
3	7
4	7
5	7
6	7
7	7
8	7
9	7
10	7
11	0
12	7
13	7
14	7
15	7
16	7
17	7
18	7
19	1
20	0
21	1
22	1
23	1
24	1
25	0
26	0
27	0
28	0
29	0
30	0
31	1
32	7
33	7
34	7
35	7
36	7
37	7
38	7
39	7
40	7
41	7
42	7
43	7
44	7
45	7
46	7
47	7
48	7
49	7
50	7
51	7
52	7
53	7
54	7
55	7
56	7
57	7
58	7
59	7
60	7
61	7
62	7
63	0
64	0
65	0
66	0
67	0
68	0
69	0
70	1
71	1
72	1
73	1
74	1
75	1
76	1
77	1
78	0
79	0
80	1
81	0
82	1
83	1
84	1
85	1
86	0
87	0
88	1
89	1
90	0
91	0
92	0
93	1
94	1
95	1
96	1
97	1
98	1
99	0
100	0
101	0
102	0
103	0
104	0
105	0
106	1
107	1
108	1
109	1
110	0
111	1
112	1
113	1
114	1
115	6
116	0
117	1
118	1
119	0
120	6
121	6
122	1
123	1
124	0
125	1
126	0
127	0
128	0
129	0
130	0
131	0
132	1
133	1
134	1
135	1
136	1
137	1
138	0
139	1
140	0
141	1
142	0
143	0
144	0
145	0
146	1
147	1
148	1
149	1
150	1
151	1
152	1
153	1
154	1
155	1
156	1
157	1
158	1
159	1
160	1
161	1
162	0
163	1
164	1
165	1
166	0
167	1
168	0
169	0
170	0
171	0
172	0
173	1
174	1
175	1
176	1
177	0
178	0
179	0
180	1
181	0
182	0
183	1
184	0
185	0
186	1
187	1
188	1
189	1
190	1
191	1
192	1
193	1
194	1
195	1
196	1
197	1
198	0
199	0
200	0
201	0
202	0
203	1
204	0
205	0
206	0
207	0
208	1
209	1
210	1
211	1
212	1
213	1
214	0
215	0
216	1
217	1
218	0
219	1
220	0
221	1
222	1
223	1
224	1
225	1
226	1
227	1
228	1
229	1
230	1
231	1
232	1
233	0
234	0
235	1
236	1
237	0
238	1
239	1
240	1
241	1
242	0
243	1
244	1
245	0
246	1
247	0
248	0
249	0
250	0
251	6
252	1
253	1
254	1
255	1
256	1
257	7
258	9
259	0
260	1
261	7
262	7
263	7
264	7
265	1
266	1
267	1
268	7
269	7
270	1
271	7
272	7
273	1
274	7
275	1
276	7
277	7
278	7
279	7
280	1
281	7
282	7
283	7
284	7
285	9
286	7
287	9
288	7
289	7
290	7
291	7
292	9
293	7
294	7
295	9
296	9
297	9
298	7
299	7
300	0
301	7
302	7
303	7
304	7
305	7
306	7
307	7
308	1
309	1
310	1
311	7
312	7
313	7
314	7
315	7
316	7
317	7
318	7
319	7
320	9
321	7
322	7
323	7
324	9
325	7
326	1
327	0
328	7
329	9
330	9
331	7
332	1
333	9
334	7
335	9
336	9
337	0
338	0
339	0
340	0
341	7
342	1
343	9
344	9
345	9
346	9
347	9
348	9
349	9
350	9
351	9
352	9
353	9
354	9
355	9
357	9
358	9
359	9
360	9
361	9
362	9
363	9
365	9
366	9
367	9
368	9
369	9
370	9
372	9
373	9
374	9
375	9
376	9
377	9
378	9
379	9
380	9
381	9
382	9
383	9
384	9
385	9
386	9
387	9
388	9
389	9
390	9
391	9
392	9
393	9
394	9
395	9
396	9
397	9
398	9
399	9
400	9
401	9
402	9
403	9
404	9
405	9
406	9
407	9
408	9
409	9
410	9
411	9
412	9
413	9
414	9
415	9
416	9
417	9
418	9
419	9
420	9
421	9
422	9
423	9
424	9
425	9
426	9
427	9
428	9
429	9
430	9
431	9
432	9
434	9
435	9
436	9
438	9
439	9
440	0
441	0
442	9
443	9
444	0
445	6
446	8
447	8
448	8
449	8
450	8
451	0
452	0
453	6
454	0
455	0
456	0
457	0
458	9
459	9
460	6
461	9
462	6
463	6
464	0
465	0
466	0
467	8
468	9
469	0
470	0
471	0
472	8
473	0
474	0
475	0
476	0
477	0
478	0
479	0
480	8
481	0
482	0
483	0
484	0
485	0
486	0
487	0
488	0
489	0
490	0
491	0
492	0
493	0
494	0
495	0
496	0
497	0
498	0
499	0
500	0
501	6
502	0
503	0
504	0
505	0
506	0
507	0
508	0
509	0
510	0
511	0
512	0
513	0
514	0
515	0
516	0
517	0
518	0
519	0
520	0
521	0
522	0
523	0
524	0
525	0
526	0
527	0
528	0
529	0
530	0
531	0
532	8
533	0
534	0
535	0
536	0
538	0
539	0
540	0
541	0
542	0
543	0
544	0
545	0
546	0
547	0
548	0
549	0
550	0
551	8
552	0
553	0
554	8
555	0
556	0
557	0
558	0
559	8
560	8
561	0
562	0
563	9
564	0
565	6
566	6
567	6
568	0
569	8
570	0
571	0
572	8
573	0
574	8
575	0
576	0
577	0
578	0
579	0
580	0
581	0
582	0
583	0
584	0
585	0
586	0
587	0
588	0
589	6
590	8
591	0
592	0
593	0
594	0
595	0
596	0
597	0
598	0
599	8
600	0
601	6
602	0
603	0
604	6
605	0
606	6
607	8
608	0
609	0
610	8
611	8
612	8
613	8
614	8
615	8
616	8
617	8
618	0
619	0
620	0
621	0
622	0
623	0
624	6
625	6
626	6
627	6
628	9
629	0
630	0
631	6
632	0
633	0
634	0
635	6
636	9
637	6
638	9
639	9
640	6
641	0
642	0
643	8
644	8
645	0
646	7
647	7
648	7
649	7
650	7
651	7
652	7
653	7
654	7
655	1
656	7
657	7
658	7
659	7
660	8
661	8
662	8
663	0
664	8
665	0
666	0
667	8
668	8
669	0
670	0
671	8
672	0
673	0
674	0
675	0
676	0
677	0
678	0
679	0
680	0
681	0
682	0
683	0
684	0
685	0
686	0
687	0
688	0
689	0
690	0
691	8
692	8
693	0
694	0
695	0
696	8
697	6
698	8
699	8
700	8
701	0
702	6
703	8
704	6
705	6
706	6
707	0
708	6
709	6
710	8
711	8
712	8
713	6
714	0
715	6
716	8
717	0
718	8
719	0
720	8
721	0
722	8
723	8
724	0
725	0
726	0
727	0
728	0
729	8
730	0
731	0
732	0
733	0
734	0
735	8
736	8
737	8
738	8
739	8
740	8
741	8
742	8
743	8
744	0
745	0
746	0
747	0
748	0
749	6
750	0
751	8
752	7
753	7
754	0
755	7
756	0
757	0
758	7
759	7
760	7
761	7
762	9
763	9
764	7
765	7
766	7
767	7
768	1
769	7
770	7
771	7
772	7
773	7
774	7
775	9
776	9
777	9
778	9
779	7
780	7
781	7
782	9
783	9
784	9
785	7
786	9
787	7
788	9
789	9
790	9
791	7
792	7
793	0
794	9
795	1
796	1
797	9
798	7
799	9
800	9
801	7
802	7
803	7
804	7
805	9
806	9
807	7
808	7
809	7
810	7
811	7
812	7
813	7
814	7
815	7
816	7
817	7
818	7
819	7
820	7
821	7
822	7
823	7
824	9
825	9
826	9
827	9
828	7
829	9
830	7
831	7
832	7
833	0
834	0
835	0
836	0
837	0
838	0
839	0
840	0
841	0
842	0
843	0
844	0
845	0
846	1
847	0
848	1
849	1
850	0
851	1
852	1
853	0
854	0
855	0
856	0
857	1
858	1
859	1
860	0
861	1
862	0
863	0
864	0
865	1
866	0
867	1
868	0
869	1
870	1
871	0
872	0
873	0
874	0
875	0
876	1
877	0
878	0
879	0
880	0
881	0
882	1
883	7
884	1
885	1
886	1
887	1
888	1
889	1
890	1
891	0
892	0
893	7
894	1
895	0
896	0
897	0
898	0
899	1
900	0
901	1
902	0
903	0
904	1
905	1
906	1
907	1
908	1
909	1
910	1
911	1
912	0
913	1
914	0
915	1
916	1
917	0
918	0
919	0
920	1
921	1
922	1
923	0
924	0
925	0
926	7
927	7
928	7
929	7
930	7
931	7
932	7
933	7
934	7
935	7
936	7
937	7
938	0
939	0
940	0
941	0
942	0
943	0
944	0
945	1
946	0
947	1
948	0
949	0
950	0
951	0
952	0
953	0
954	0
955	0
956	7
957	7
958	7
959	7
960	7
961	7
962	7
963	7
964	0
965	1
966	0
967	7
968	0
969	1
970	1
971	1
972	0
973	0
974	1
975	0
976	0
977	0
978	0
979	0
980	0
981	0
982	0
983	0
984	0
985	1
986	0
987	0
988	0
989	0
990	0
991	7
992	0
993	0
994	0
995	7
996	0
997	7
998	7
999	7
1000	7
1001	7
1002	7
1003	7
1004	7
1005	0
1006	0
1007	0
1008	1
1009	8
1010	8
1011	8
1012	8
1013	8
1014	9
1015	8
1016	8
1017	8
1018	8
1019	8
1020	8
1021	8
1022	8
1023	9
1024	8
1025	8
1026	8
1027	8
1028	8
1029	8
1030	8
1031	8
1032	8
1033	8
1034	8
1035	8
1036	8
1037	8
1038	8
1039	8
1040	8
1041	8
1042	8
1043	8
1044	8
1045	8
1046	8
1051	8
1052	0
1053	9
1054	9
1055	9
1056	9
1057	8
1058	8
1059	8
1060	8
1061	8
1062	8
1063	8
1064	8
1065	8
1066	8
1068	8
1069	8
1070	8
1071	8
1072	8
1073	8
1074	8
1075	8
1076	8
1077	8
1078	8
1079	8
1080	8
1081	8
1082	8
1084	8
1085	8
1087	8
1088	8
1089	8
1090	8
1091	8
1092	8
1093	8
1094	8
1095	8
1096	8
1097	8
1099	8
1101	8
1102	8
1103	8
1104	8
1105	8
1106	1
1107	1
1108	8
1109	8
1110	1
1111	1
1112	1
1113	8
1114	8
1115	8
1116	8
1117	8
1118	8
1120	8
1121	8
1122	8
1123	8
1124	8
1125	8
1126	8
1127	8
1128	8
1129	8
1130	8
1131	8
1132	8
1133	8
1134	8
1135	8
1136	8
1137	8
1138	8
1139	8
1140	8
1141	8
1142	8
1143	8
1144	8
1145	8
1146	8
1147	8
1149	8
1151	8
1157	8
1160	8
1161	8
1162	8
1163	8
1164	8
1165	8
1167	8
1168	8
1169	8
1170	8
1171	8
1172	8
1173	8
1174	8
1175	8
1176	8
1177	9
1178	9
1179	9
1181	8
1182	8
1185	9
1189	8
1190	9
1191	9
1192	9
1193	9
1194	9
1195	9
1196	9
1197	9
1198	9
1199	9
1200	9
1201	8
1202	9
1203	9
1204	9
1205	9
1206	9
1207	9
1208	9
1209	9
1210	9
1211	9
1212	9
1213	9
1214	9
1215	9
1216	9
1217	6
1218	6
1219	6
1220	5
1221	6
1222	5
1223	6
1224	6
1225	6
1226	5
1227	6
1228	6
1229	6
1230	6
1231	6
1232	6
1233	9
1234	9
1235	9
1236	3
1237	3
1238	6
1239	6
1240	3
1241	3
1242	4
1243	6
1244	4
1245	4
1246	4
1247	6
1249	4
1250	4
1251	4
1252	4
1253	4
1254	4
1255	4
1256	4
1257	4
1258	4
1259	4
1260	4
1261	4
1263	4
1264	4
1265	4
1266	4
1267	4
1268	4
1269	4
1270	4
1271	5
1272	4
1273	5
1274	5
1275	5
1276	5
1277	5
1278	4
1279	5
1280	5
1281	5
1282	5
1283	4
1284	5
1285	4
1286	5
1287	5
1288	5
1289	5
1290	5
1291	4
1292	4
1293	5
1294	5
1295	2
1296	2
1297	2
1298	2
1299	2
1300	2
1301	2
1302	2
1303	2
1304	2
1305	2
1306	2
1307	2
1308	4
1309	2
1310	2
1311	2
1312	2
1313	4
1314	5
1315	4
1316	4
1317	6
1318	4
1319	4
1320	3
1321	6
1322	4
1323	3
1324	3
1325	3
1326	3
1327	9
1328	3
1329	3
1330	4
1331	4
1332	4
1333	4
1334	3
1335	3
1336	4
1337	9
1338	9
1339	2
1340	4
1341	4
1342	4
1343	4
1344	4
1345	4
1346	4
1347	4
1348	2
1349	9
1350	6
1351	6
1352	9
1353	9
1354	9
1355	9
1356	9
1357	6
1358	5
1359	6
1360	4
1361	4
1362	4
1363	4
1364	4
1365	2
1366	4
1367	2
1368	2
1369	2
1370	2
1371	2
1372	2
1374	4
1375	4
1376	4
1377	5
1378	5
1379	5
1380	5
1381	6
1382	5
1383	5
1384	5
1385	5
1386	5
1387	6
1388	6
1389	6
1390	6
1391	6
1392	5
1393	5
1394	5
1395	5
1396	5
1397	9
1398	9
1399	9
1400	9
1401	9
1402	9
1403	9
1404	9
1405	9
1406	9
1407	9
1408	4
1409	4
1410	3
1411	3
1412	4
1413	4
1414	4
1415	4
1416	4
1417	4
1418	4
1419	4
1420	4
1421	4
1422	4
1423	4
1424	4
1425	4
1426	4
1427	4
1429	4
1432	4
1433	4
1434	5
1435	6
1436	6
1437	4
1438	5
1439	5
1440	6
1441	6
1442	4
1443	4
1444	4
1445	4
1446	4
1447	2
1448	2
1449	2
1450	2
1451	2
1452	2
1453	2
1454	2
1455	2
1456	2
1457	2
1458	2
1459	4
1460	2
1461	4
1462	4
1463	4
1464	4
1465	4
1466	5
1467	5
1468	5
1469	5
1470	4
1471	5
1472	5
1473	3
1474	3
1475	3
1476	3
1477	9
1478	3
1479	3
1480	9
1481	9
1482	9
1483	9
1484	3
1485	3
1486	3
1487	3
1488	3
1489	4
1490	4
1491	4
1492	2
1493	4
1494	2
1495	9
1496	2
1497	9
1498	9
1499	9
1500	9
1501	9
1502	9
1503	9
1504	9
1505	2
1506	2
1507	4
1508	2
1509	4
1510	4
1511	4
1512	4
1513	2
1514	2
1515	2
1516	4
1517	6
1518	9
1519	9
1520	4
1521	9
1522	5
1523	5
1524	5
1525	5
1526	4
1527	4
1528	4
1529	4
1530	4
1531	4
1533	4
1534	4
1535	4
1536	4
1537	4
1538	4
1539	4
1540	4
1541	4
1542	2
1543	2
1544	5
1545	5
1546	5
1547	5
1548	5
1549	5
1550	5
1551	5
1552	5
1553	5
1554	5
1555	5
1556	6
1557	6
1558	6
1559	6
1560	6
1561	6
1562	6
1563	9
1564	9
1565	9
1566	9
1567	9
1568	6
1569	4
1570	6
1571	4
1572	3
1573	6
1574	6
1575	3
1576	3
1577	6
1578	6
1579	3
1580	6
1581	3
1582	6
1584	4
1585	4
1586	4
1587	4
1588	4
1589	4
1590	4
1591	4
1592	4
1593	4
1594	4
1596	4
1597	4
1598	4
1599	4
1600	4
1601	4
1602	4
1603	4
1604	4
1605	4
1606	4
1607	4
1608	4
1609	4
1610	4
1611	4
1612	4
1613	4
1614	4
1615	4
1616	4
1617	4
1618	2
1619	4
1620	4
1621	4
1622	4
1623	4
1624	4
1625	4
1626	4
1627	4
1628	4
1629	2
1630	2
1631	2
1632	2
1633	2
1634	2
1635	2
1636	4
1637	4
1638	5
1639	5
1640	5
1641	4
1642	5
1643	5
1644	5
1645	5
1646	3
1647	3
1648	4
1649	4
1650	3
1651	3
1652	4
1653	4
1654	3
1655	4
1656	4
1657	4
1658	4
1659	4
1660	4
1661	4
1662	9
1663	9
1664	2
1665	4
1666	4
1667	9
1668	4
1669	4
1670	9
1671	4
1672	4
1673	2
1674	4
1675	2
1676	4
1677	2
1678	2
1679	4
1680	4
1681	2
1682	2
1683	2
1684	2
1685	2
1686	2
1687	2
1688	5
1689	6
1690	5
1691	6
1692	9
1693	6
1694	9
1695	9
1696	2
1697	2
1698	2
1699	2
1700	4
1701	2
1702	2
1703	4
1704	2
1705	2
1706	2
1707	2
1708	2
1709	2
1710	2
1711	2
1712	2
1713	4
1714	4
1715	5
1716	5
1717	5
1718	5
1719	5
1720	5
1721	5
1722	3
1723	6
1724	6
1725	6
1726	6
1727	6
1728	6
1729	6
1730	5
1731	3
1732	5
1733	5
1734	5
1735	5
1736	6
1737	3
1738	6
1739	4
1740	4
1741	4
1742	3
1743	3
1744	4
1745	3
1746	6
1747	6
1748	4
1749	4
1750	4
1751	4
1752	4
1753	4
1754	4
1755	4
1756	4
1757	4
1758	4
1759	4
1760	4
1761	4
1762	4
1763	4
1764	4
1765	4
1766	4
1767	4
1769	4
1770	4
1771	4
1772	4
1773	4
1774	4
1775	4
1776	4
1777	4
1778	2
1779	2
1780	4
1781	4
1782	4
1783	4
1784	2
1785	2
1786	2
1787	2
1788	2
1789	2
1790	2
1791	2
1792	2
1793	2
1795	4
1796	4
1797	2
1798	2
1799	2
1800	2
1801	5
1802	5
1803	5
1804	5
1805	5
1806	4
1807	5
1808	5
1809	4
1810	4
1811	6
1812	3
1813	4
1814	4
1815	3
1816	4
1817	3
1818	4
1819	4
1820	4
1821	3
1822	4
1823	4
1824	2
1825	2
1826	4
1827	4
1828	4
1829	4
1830	4
1831	4
1832	4
1833	2
1834	2
1835	2
1836	2
1837	2
1838	2
1839	2
1840	2
1841	2
1842	2
1843	2
1844	2
1845	2
1846	2
1847	2
1848	2
1849	4
1850	9
1851	9
1852	9
1853	6
1854	9
1855	6
1856	6
1857	4
1858	4
1859	4
1860	4
1861	4
1862	4
1863	4
1864	4
1865	4
1866	5
1867	5
1868	6
1869	5
1870	3
1871	5
1872	3
1873	5
1874	3
1875	3
1876	5
1877	5
1878	5
1879	5
1880	6
1881	5
1882	5
1883	6
1884	6
1885	5
1886	6
1887	5
1888	6
1889	4
1890	6
1891	5
1892	3
1893	3
1894	3
1895	5
1896	4
1897	3
1898	3
1899	4
1900	4
1901	4
1902	3
1903	3
1904	6
1905	4
1906	4
1907	4
1908	4
1909	4
1910	4
1911	4
1912	4
1913	4
1914	4
1915	4
1916	4
1917	4
1918	4
1919	4
1920	4
1921	4
1922	4
1923	4
1924	4
1925	4
1926	4
1927	2
1928	2
1929	4
1930	2
1931	2
1932	2
1933	4
1934	2
1935	4
1936	4
1937	4
1938	4
1939	4
1940	4
1941	4
1942	4
1943	4
1944	4
1945	4
1946	2
1947	2
1948	2
1949	4
1950	4
1951	4
1952	4
1953	4
1954	4
1955	4
1956	4
1957	4
1958	4
1959	4
1960	4
1961	4
1962	4
1963	4
1964	4
1965	4
1966	4
1967	3
1968	4
1969	3
1970	5
1971	5
1972	4
1973	4
1974	4
1975	3
1976	4
1977	4
1978	3
1979	9
1980	4
1981	4
1982	4
1983	4
1984	4
1985	4
1986	4
1987	4
1988	4
1989	4
1990	4
1991	4
1992	2
1993	2
1994	4
1995	4
1996	4
1997	4
1998	4
1999	2
2000	4
2001	2
2002	4
2003	4
2004	4
2005	2
2006	4
2007	4
2008	4
2009	2
2010	2
2011	5
2012	5
2013	9
2014	9
2015	6
2016	7
2017	1
2018	6
2019	6
2020	6
2021	5
2022	5
2023	6
2024	6
2025	3
2026	5
2027	5
2028	6
2029	5
2030	5
2031	5
2032	5
2033	6
2034	6
2035	6
2036	6
2037	6
2038	6
2039	6
2040	6
2041	5
2042	4
2043	5
2044	3
2045	5
2046	3
2047	6
2048	6
2049	6
2050	4
2051	5
2052	4
2053	6
2054	6
2055	4
2056	4
2057	4
2058	4
2059	4
2060	4
2061	4
2062	4
2063	4
2064	4
2065	4
2066	4
2067	4
2068	4
2069	4
2070	4
2071	4
2072	4
2073	4
2074	4
2075	4
2076	4
2077	4
2078	4
2079	4
2080	4
2081	4
2082	4
2083	4
2084	4
2085	4
2086	4
2087	4
2088	4
2089	4
2090	4
2091	4
2092	4
2093	4
2094	4
2095	4
2096	4
2097	4
2098	2
2099	2
2100	2
2101	2
2102	2
2103	2
2104	2
2105	2
2106	2
2107	2
2108	2
2109	2
2110	2
2111	2
2112	2
2113	5
2114	4
2115	4
2116	4
2117	4
2118	4
2119	4
2120	4
2121	4
2122	4
2123	4
2124	4
2125	3
2126	4
2127	3
2128	4
2129	4
2130	4
2131	4
2132	4
2133	4
2134	4
2135	4
2136	4
2137	4
2138	4
2139	4
2140	4
2141	2
2142	4
2143	4
2144	4
2145	2
2146	4
2147	4
2148	4
2149	4
2150	4
2151	2
2152	9
2153	4
2154	5
2155	5
2156	4
2157	4
2158	4
2161	5
2162	3
2163	1
2164	1
2165	5
2166	1
2167	7
2168	9
2169	4
2170	4
2171	9
2172	9
2173	1
2174	1
2175	1
2176	1
2177	5
2178	1
2179	5
2180	5
2181	5
2182	3
2183	5
2184	3
2185	5
2186	5
2187	3
2188	5
2189	5
2190	3
2191	3
2192	3
2193	6
2194	6
2195	6
2196	6
2197	6
2198	6
2199	6
2200	6
2201	6
2202	5
2203	5
2204	6
2205	5
2206	3
2207	4
2208	4
2209	4
2210	4
2211	4
2212	4
2213	4
2215	4
2216	3
2217	3
2218	4
2219	4
2220	4
2221	4
2222	4
2223	4
2224	3
2225	4
2226	3
2227	3
2228	4
2229	4
2230	4
2231	4
2232	4
2233	4
2234	4
2235	4
2236	4
2237	4
2238	4
2239	4
2240	4
2241	4
2242	4
2243	4
2244	4
2245	4
2246	4
2247	4
2248	4
2249	4
2250	4
2251	2
2252	4
2253	4
2254	4
2255	5
2256	5
2257	3
2258	3
2259	3
2260	5
2261	6
2262	3
2263	3
2264	6
2265	4
2266	3
2267	3
2268	4
2269	4
2270	4
2271	3
2272	4
2273	3
2274	3
2275	3
2276	3
2277	3
2278	4
2279	4
2280	3
2281	4
2282	4
2283	4
2284	4
2285	4
2286	4
2287	4
2288	3
2289	2
2290	4
2291	4
2292	4
2293	4
2294	2
2295	2
2296	2
2297	2
2298	2
2299	2
2300	2
2301	2
2302	4
2303	9
2304	5
2305	7
2306	9
2307	9
2308	4
2309	7
2310	7
2311	7
2312	7
2313	7
2314	5
2315	5
2316	5
2317	9
2318	7
2319	4
2320	4
2321	4
2322	4
2323	4
2324	5
2325	5
2326	1
2327	5
2328	7
2329	5
2330	5
2331	5
2332	5
2333	5
2334	5
2335	3
2336	5
2337	3
2338	3
2339	3
2340	3
2341	3
2342	3
2343	3
2344	6
2345	6
2346	6
2347	6
2348	6
2349	6
2350	6
2351	6
2352	6
2353	6
2354	6
2355	3
2356	4
2357	3
2358	6
2359	6
2360	6
2361	6
2362	6
2363	6
2364	6
2365	6
2366	6
2367	6
2368	6
2369	6
2370	4
2371	4
2372	4
2373	4
2374	3
2375	3
2376	3
2377	3
2378	4
2379	4
2380	3
2381	3
2382	3
2383	4
2384	4
2385	2
2386	2
2387	2
2388	2
2389	4
2390	4
2391	4
2392	4
2393	4
2394	4
2395	4
2396	3
2397	2
2398	5
2399	4
2400	4
2401	4
2402	4
2403	5
2404	4
2405	5
2406	4
2407	4
2408	5
2409	2
2410	2
2411	2
2412	2
2413	2
2414	2
2415	4
2416	4
2417	4
2418	4
2419	4
2420	2
2421	4
2422	2
2423	2
2424	4
2425	3
2426	3
2427	5
2428	5
2429	5
2430	5
2431	3
2432	3
2433	3
2434	6
2435	3
2436	3
2437	4
2438	4
2439	5
2440	6
2441	5
2442	3
2443	3
2444	3
2445	3
2446	3
2447	9
2448	3
2449	3
2450	3
2451	4
2452	3
2453	9
2454	9
2455	4
2456	3
2457	3
2458	3
2459	3
2460	3
2461	4
2462	4
2463	4
2464	4
2465	4
2466	6
2467	6
2468	7
2469	5
2470	5
2471	5
2472	7
2473	7
2474	7
2475	7
2476	9
2477	9
2478	4
2479	4
2480	4
2481	7
2482	4
2483	4
2484	9
2485	4
2486	9
2487	4
2488	9
2489	9
2490	7
2491	7
2492	5
2493	7
2494	7
2495	5
2496	5
2497	5
2498	5
2499	5
2500	5
2501	3
2502	6
2503	6
2504	3
2505	3
2506	3
2507	3
2508	3
2509	6
2510	3
2511	5
2512	4
2513	3
2514	3
2515	3
2516	3
2517	3
2518	3
2520	4
2521	4
2522	4
2523	4
2524	4
2525	4
2526	6
2527	6
2528	6
2529	6
2530	6
2531	6
2532	6
2533	6
2534	6
2535	4
2536	4
2537	4
2538	4
2539	4
2540	4
2541	4
2542	4
2543	4
2544	4
2545	3
2546	4
2547	4
2548	4
2549	4
2550	4
2551	4
2552	4
2553	4
2554	5
2555	5
2556	5
2557	5
2558	5
2559	5
2560	4
2561	4
2562	4
2563	5
2564	5
2565	4
2566	4
2567	5
2568	5
2569	2
2570	4
2571	2
2572	2
2573	5
2574	2
2575	2
2576	4
2577	4
2578	4
2579	4
2580	4
2581	5
2582	2
2583	2
2584	2
2585	2
2586	2
2587	2
2588	2
2589	2
2590	5
2591	5
2592	3
2593	3
2594	3
2595	3
2596	5
2597	5
2598	3
2599	3
2600	3
2601	3
2602	5
2603	5
2604	5
2605	5
2606	3
2607	9
2608	4
2609	4
2610	4
2611	4
2612	4
2613	4
2614	9
2615	4
2616	4
2617	4
2618	4
2619	4
2620	4
2621	4
2622	4
2623	4
2624	4
2625	4
2626	4
2627	5
2628	9
2629	5
2630	4
2631	3
2632	9
2633	5
2634	6
2635	9
2636	9
2637	9
2638	9
2639	9
2640	9
2641	9
2642	4
2643	4
2644	4
2645	9
2646	9
2647	9
2648	4
2649	5
2650	5
2651	7
2652	5
2653	5
2654	5
2655	5
2656	3
2657	3
2658	3
2659	5
2660	5
2661	3
2662	5
2663	5
2664	5
2665	3
2666	3
2667	3
2668	4
2669	4
2670	4
2671	4
2672	4
2673	4
2674	4
2675	4
2676	4
2677	6
2678	5
2679	6
2680	4
2681	6
2682	6
2683	4
2684	6
2685	6
2686	6
2687	6
2688	6
2689	3
2690	6
2691	6
2692	6
2693	6
2694	6
2695	4
2696	4
2697	4
2698	4
2699	4
2700	4
2701	4
2702	6
2703	4
2704	5
2705	4
2706	6
2707	3
2708	4
2710	4
2711	4
2712	4
2713	4
2714	4
2715	4
2716	4
2717	4
2718	4
2719	4
2720	4
2721	4
2722	2
2723	2
2724	2
2725	2
2726	2
2727	2
2728	2
2729	2
2730	2
2731	2
2732	2
2733	4
2734	2
2735	2
2736	4
2737	2
2738	4
2739	4
2740	4
2741	3
2742	3
2743	3
2744	3
2745	3
2746	3
2747	3
2748	5
2749	5
2750	3
2751	3
2752	3
2753	3
2754	3
2755	3
2756	3
2757	3
2758	4
2759	5
2760	5
2761	5
2762	5
2763	4
2764	9
2765	4
2766	3
2767	4
2768	3
2769	3
2770	4
2771	9
2772	9
2773	4
2774	9
2775	9
2776	9
2777	7
2778	4
2779	2
2780	2
2781	4
2782	4
2783	4
2784	2
2785	2
2786	2
2787	2
2788	2
2789	2
2790	2
2791	2
2792	2
2793	5
2794	5
2795	4
2796	3
2797	5
2798	5
2799	5
2800	5
2801	9
2802	4
2803	5
2804	5
2805	5
2806	7
2807	7
2808	7
2809	5
2810	9
2811	9
2812	4
2813	9
2814	9
2815	9
2816	9
2817	9
2818	5
2819	3
2820	3
2821	5
2822	5
2823	5
2824	5
2825	5
2826	3
2827	3
2828	3
2829	3
2830	6
2831	6
2832	6
2833	6
2834	5
2835	5
2836	4
2837	4
2838	4
2839	4
2840	4
2841	4
2842	4
2843	4
2844	2
2845	4
2846	4
2847	4
2848	4
2849	4
2850	4
2851	4
2852	4
2853	4
2854	4
2855	4
2856	4
2857	3
2858	4
2859	4
2860	4
2861	4
2862	4
2863	4
2864	4
2865	3
2866	5
2867	3
2868	5
2869	4
2870	3
2871	6
2872	3
2873	6
2874	4
2875	4
2876	4
2877	4
2878	4
2879	4
2880	4
2881	4
2882	4
2883	4
2884	4
2885	4
2886	4
2887	4
2888	4
2889	4
2890	4
2891	4
2892	4
2893	4
2894	4
2895	6
2896	4
2897	4
2898	4
2899	4
2900	4
2901	4
2902	2
2903	2
2904	2
2905	2
2906	2
2907	2
2908	2
2909	2
2910	2
2911	2
2912	2
2913	5
2914	5
2915	5
2916	5
2917	5
2918	5
2919	5
2920	5
2921	3
2922	3
2923	5
2924	6
2925	4
2926	5
2927	3
2928	4
2929	4
2930	3
2931	3
2932	4
2933	9
2934	9
2935	3
2936	4
2937	3
2938	3
2939	4
2940	4
2941	4
2942	4
2943	3
2944	4
2945	4
2946	9
2947	4
2948	4
2949	4
2950	4
2951	5
2952	5
2953	9
2954	9
2955	3
2956	9
2957	3
2958	3
2959	4
2960	4
2961	5
2962	5
2964	4
2965	5
2966	4
2967	5
2968	5
2969	7
2970	7
2971	9
2972	7
2973	5
2974	9
2975	9
2976	9
2977	4
2978	9
2979	9
2980	5
2981	5
2982	5
2983	5
2984	5
2985	6
2986	6
2987	5
2988	5
2989	5
2990	5
2991	6
2992	5
2993	5
2994	6
2995	6
2996	4
2997	3
2998	9
2999	9
3000	4
3001	9
3002	9
3003	9
3004	9
3005	4
3006	4
3007	4
3008	4
3009	4
3010	4
3011	4
3012	4
3013	4
3014	4
3015	4
3016	4
3017	4
3018	4
3019	4
3020	4
3021	4
3022	4
3023	4
3024	4
3025	4
3026	4
3027	4
3028	6
3029	3
3030	3
3031	6
3032	6
3033	3
3034	6
3035	3
3036	5
3037	5
3038	5
3039	5
3040	4
3041	4
3042	4
3043	4
3044	4
3045	4
3046	4
3047	4
3048	4
3049	4
3050	4
3051	4
3052	4
3053	4
3054	4
3055	4
3056	2
3057	4
3058	4
3059	4
3060	4
3061	4
3062	4
3063	2
3064	4
3065	2
3066	4
3067	2
3068	2
3069	2
3070	2
3071	2
3072	4
3073	2
3074	2
3075	2
3076	4
3077	4
3078	2
3079	2
3080	2
3081	5
3082	5
3083	5
3084	3
3085	5
3086	3
3087	3
3088	5
3089	5
3090	5
3091	3
3092	3
3093	4
3094	3
3095	3
3096	3
3097	3
3098	5
3099	4
3100	4
3101	4
3102	4
3103	4
3104	4
3105	4
3106	4
3107	3
3108	4
3109	4
3110	9
3111	9
3112	4
3113	4
3114	4
3115	9
3116	9
3117	9
3118	4
3119	4
3120	4
3121	4
3122	3
3123	3
3124	6
3125	6
3126	3
3127	5
3128	4
3129	4
3130	3
3131	3
3132	6
3133	6
3135	4
3136	5
3137	7
3138	9
3139	9
3140	9
3141	5
3142	9
3143	9
3144	9
3145	9
3146	4
3147	9
3148	5
3149	3
3150	3
3151	3
3152	3
3153	6
3154	5
3155	6
3156	5
3157	6
3158	6
3159	6
3160	5
3161	5
3162	6
3163	9
3164	9
3165	4
3166	4
3167	9
3168	9
3169	5
3170	5
3171	2
3172	4
3173	4
3174	5
3175	2
3176	4
3177	4
3178	4
3179	4
3180	4
3181	4
3184	4
3185	4
3186	4
3187	2
3188	2
3189	6
3190	3
3191	4
3192	4
3193	3
3194	4
3195	4
3196	4
3197	4
3198	4
3199	4
3200	4
3201	4
3202	4
3203	4
3204	4
3205	4
3206	4
3212	4
3213	4
3214	4
3215	4
3216	4
3217	5
3218	5
3219	5
3220	5
3221	4
3222	2
3223	2
3224	2
3225	4
3226	4
3227	2
3228	5
3229	5
3230	2
3231	2
3232	2
3233	2
3234	2
3235	2
3236	2
3237	4
3238	4
3239	2
3240	4
3241	3
3242	6
3243	6
3244	5
3245	3
3246	5
3247	3
3248	6
3249	3
3250	5
3251	4
3252	4
3253	4
3254	4
3255	4
3256	4
3257	4
3258	4
3259	4
3260	4
3261	4
3262	4
3263	9
3264	4
3265	9
3266	9
3267	9
3268	4
3269	4
3270	9
3271	4
3272	9
3273	5
3274	5
3275	5
3276	5
3277	5
3278	5
3279	5
3280	3
3281	6
3282	5
3284	5
3285	4
3286	4
3287	5
3288	9
3289	4
3292	4
3293	5
3294	5
3295	9
3296	3
3297	3
3298	9
3299	4
3300	9
3301	5
3302	3
3303	5
3304	6
3305	6
3306	3
3307	3
3308	3
3309	6
3310	5
3311	6
3312	5
3313	5
3314	6
3315	6
3316	6
3317	5
3318	6
3319	6
3320	6
3321	6
3322	4
3323	5
3324	5
3325	5
3326	4
3327	4
3328	5
3329	5
3330	5
3331	6
3332	6
3333	2
3334	2
3335	4
3336	4
3337	4
3338	4
3339	4
3340	4
3341	4
3342	4
3343	4
3344	4
3345	4
3346	4
3347	3
3348	4
3350	3
3351	3
3352	3
3353	4
3355	4
3356	4
3357	4
3358	5
3359	5
3360	5
3361	5
3362	5
3363	5
3364	4
3365	4
3366	4
3367	5
3368	4
3369	4
3370	4
3371	4
3372	4
3373	4
3374	4
3375	4
3376	4
3377	4
3378	4
3379	4
3380	2
3381	4
3382	4
3383	4
3384	4
3385	2
3386	2
3387	2
3388	4
3389	2
3390	4
3391	2
3392	4
3393	2
3394	2
3395	2
3396	2
3397	2
3398	2
3399	2
3400	3
3401	3
3402	5
3403	5
3404	3
3405	3
3406	3
3407	3
3408	4
3409	4
3410	3
3411	3
3412	4
3413	4
3414	4
3415	4
3416	4
3417	4
3418	9
3419	9
3420	9
3421	9
3422	9
3423	9
3424	9
3425	9
3426	4
3427	4
3428	4
3429	3
3430	9
3431	3
3432	5
3433	3
3434	5
3435	5
3436	5
3437	2
3438	5
3439	3
3440	6
3441	4
3442	2
3443	4
3444	4
3445	2
3446	4
3447	5
3448	4
3449	4
3450	5
3451	9
3452	9
3453	9
3454	9
3455	9
3456	9
3457	9
3458	9
3459	9
3460	5
3461	5
3462	5
3463	6
3464	5
3465	6
3466	5
3467	3
3468	5
3469	3
3470	3
3471	3
3472	5
3473	6
3474	6
3475	5
3476	5
3477	6
3478	5
3479	5
3480	6
3481	5
3482	6
3483	6
3484	4
3485	6
3486	6
3487	6
3488	6
3489	6
3490	6
3491	6
3492	6
3493	6
3494	6
3495	6
3496	4
3497	4
3498	4
3499	4
3500	4
3501	3
3502	4
3503	3
3504	4
3505	4
3506	3
3507	4
3508	4
3509	4
3510	4
3513	4
3514	4
3515	4
3516	4
3517	4
3518	3
3519	3
3520	4
3521	4
3522	3
3523	4
3524	4
3525	4
3526	4
3527	4
3528	4
3529	4
3530	4
3531	2
3533	4
3534	2
3535	4
3536	4
3537	4
3538	4
3539	4
3540	4
3541	4
3542	4
3543	4
3544	4
3545	4
3546	2
3547	2
3548	4
3549	4
3550	2
3551	2
3552	2
3553	4
3554	4
3555	4
3556	2
3557	4
3558	2
3559	2
3560	2
3561	2
3562	2
3563	2
3564	2
3565	2
3566	2
3567	4
3568	3
3569	6
3570	6
3571	6
3572	3
3573	3
3574	4
3575	3
3576	6
3577	5
3578	4
3579	4
3580	4
3581	4
3582	4
3583	4
3584	4
3585	4
3586	9
3587	9
3588	9
3589	9
3590	9
3591	9
3592	3
3593	9
3594	5
3595	4
3596	5
3597	4
3598	4
3599	4
3600	5
3601	4
3602	5
3603	5
3604	9
3605	3
3606	9
3607	9
3608	9
3609	5
3610	3
3611	3
3612	4
3614	9
3615	4
3616	9
3617	9
3618	9
3619	9
3620	9
3621	9
3622	6
3623	6
3624	6
3625	6
3626	6
3627	7
3628	5
3629	5
3630	5
3631	5
3632	7
3633	3
3634	5
3635	3
3636	3
3637	5
3638	3
3639	5
3640	3
3641	6
3642	6
3643	6
3644	5
3645	5
3646	5
3647	5
3648	6
3649	6
3650	6
3651	4
3652	6
3653	6
3654	6
3655	6
3656	6
3657	3
3658	3
3659	3
3660	4
3661	3
3662	4
3663	4
3664	4
3665	3
3666	3
3667	3
3668	4
3669	4
3670	4
3671	4
3672	4
3673	4
3674	4
3675	4
3676	4
3677	4
3678	4
3679	4
3680	4
3681	4
3682	4
3684	4
3685	4
3686	4
3687	4
3688	5
3689	4
3690	2
3691	4
3692	2
3693	4
3694	4
3695	5
3696	4
3697	4
3698	4
3699	5
3700	4
3701	4
3702	4
3703	4
3704	4
3705	4
3706	5
3707	5
3708	5
3709	5
3710	5
3711	4
3712	4
3713	2
3715	2
3717	2
3718	2
3719	2
3720	2
3721	2
3722	2
3723	2
3724	2
3725	2
3726	5
3727	5
3728	5
3729	5
3730	4
3731	5
3732	4
3733	5
3734	4
3735	3
3736	4
3737	4
3738	3
3739	3
3740	4
3741	3
3742	9
3743	3
3744	3
3745	3
3746	3
3747	3
3748	3
3749	3
3750	9
3751	4
3752	4
3753	3
3754	9
3755	2
3756	4
3757	4
3758	4
3759	4
3760	4
3761	4
3762	4
3763	4
3764	4
3768	4
3769	4
3770	4
3771	9
3772	9
3773	6
3774	9
3775	9
3776	9
3777	5
3778	3
3779	6
3780	6
3781	6
3782	6
3783	5
3784	6
3785	6
3786	6
3787	6
3788	6
3789	6
3790	8
3791	8
3792	8
3793	8
3794	8
3795	8
3796	8
3797	8
3798	8
3799	8
3800	8
3801	8
3802	8
3803	8
3804	8
3805	8
3806	8
3807	8
3808	8
3809	8
3810	8
3811	8
3812	8
3813	8
3814	8
3815	8
3816	8
3817	8
3818	8
3819	8
3820	8
3821	8
3822	8
3823	8
3824	8
3825	8
3826	8
3827	8
3828	8
3829	8
3830	8
3831	8
3832	8
3833	8
3834	8
3835	8
3836	9
3837	8
3838	8
3839	8
3840	8
3841	8
3842	8
3843	8
3844	8
3845	8
3846	8
3847	8
3848	8
3849	8
3850	8
3851	8
3852	8
3853	8
3854	8
3855	8
3856	8
3857	8
3858	8
3859	8
3860	8
3861	8
3862	8
3863	8
3864	8
3865	8
3866	8
3867	9
3868	8
3869	8
3870	8
3871	9
3872	8
3873	8
3874	8
3875	8
3876	8
3877	8
3878	8
3879	8
3880	8
3883	8
3884	8
3885	8
3886	8
3887	8
3888	8
3889	8
3890	8
3892	8
3893	8
3894	8
3897	8
3898	8
3899	8
3900	8
3901	8
3902	8
3903	8
3904	8
3905	8
3906	8
3907	8
3908	8
3909	8
3910	8
3911	8
3912	8
3913	9
3914	9
3915	8
3916	8
3917	8
3918	8
3919	8
3920	8
3921	8
3922	8
3923	8
3924	8
3925	8
3926	9
3927	8
3928	8
3929	8
3930	8
3931	8
3932	8
3933	8
3934	8
3935	8
3936	8
3937	8
3938	8
3939	8
3940	8
3941	8
3942	8
3943	8
3944	8
3945	8
3946	8
3947	8
3948	8
3949	8
3950	8
3951	8
3952	8
3953	8
3954	8
3955	8
3956	8
3957	8
3958	8
3959	8
3960	8
3961	8
3962	8
3963	8
3964	8
3965	8
3966	9
3967	9
3968	9
3969	8
3970	8
3971	8
3972	8
3973	8
3974	8
3975	8
3976	8
3977	8
3978	8
3979	8
3980	8
3981	8
3982	8
3983	8
3985	8
3986	8
3987	1
3988	1
3989	1
3990	0
3991	7
3992	1
3993	1
3994	7
3995	1
3996	1
3997	1
3998	1
3999	7
4000	1
4001	1
4002	1
4003	7
4004	7
4005	7
4006	7
4007	1
4008	1
4009	1
4010	1
4011	7
4012	1
4013	1
4014	1
4015	1
4016	7
4017	7
4018	1
4019	1
4020	7
4021	1
4022	1
4023	1
4024	7
4025	1
4026	1
4027	1
4028	1
4029	1
4030	1
4031	1
4032	1
4033	1
4034	1
4035	1
4036	1
4037	1
4038	1
4039	1
4040	1
4041	1
4042	1
4043	1
4044	1
4045	1
4046	1
4047	1
4048	1
4049	0
4050	6
4051	6
4052	1
4053	0
4054	6
4055	6
4056	6
4057	0
4058	0
4059	0
4060	0
4061	0
4062	0
4063	0
4064	0
4065	0
4066	0
4067	0
4068	0
4069	0
4070	0
4071	0
4072	0
4073	0
4074	0
4075	0
4076	0
4077	6
4078	8
4079	8
4080	8
4081	0
4082	8
4083	8
4084	8
4085	8
4086	8
4087	8
4088	8
4089	8
4090	8
4091	8
4092	8
4093	8
4094	8
4095	8
4096	8
4097	8
4098	8
4099	8
4100	8
4101	8
4102	8
4103	8
4104	0
4105	8
4106	6
4107	8
4108	8
4109	8
4110	0
4111	6
4112	0
4113	0
4114	6
4115	8
4116	8
4117	8
4118	8
4119	8
4120	8
4121	8
4122	0
4123	7
4124	8
4125	8
4126	0
4127	8
4128	8
4129	0
4130	8
4131	8
4132	8
4133	8
4134	0
4135	0
4136	0
4137	8
4138	6
4139	8
4140	8
4141	8
4142	6
4143	8
4144	8
4145	6
4146	6
4147	8
4148	8
4149	8
4150	1
4151	8
4152	8
4153	8
4154	8
4155	8
4156	6
4157	6
4158	8
4159	8
4160	0
4161	7
4162	7
4163	7
4164	7
4165	7
4166	7
4167	7
4168	7
4169	7
4170	7
4171	7
4172	7
4173	7
4174	7
4175	7
4176	7
4177	7
4178	7
4179	7
4180	7
4181	7
4182	7
4183	7
4184	7
4185	7
4186	7
4187	7
4188	7
4189	7
4190	7
4191	7
4192	7
4193	7
4194	7
4195	7
4196	7
4197	7
4198	7
4199	7
4200	7
4201	7
4202	7
4203	7
4204	7
4205	0
4206	7
4207	7
4208	7
4209	8
4210	8
4211	8
4212	8
4213	8
4214	8
4215	8
4216	8
4217	8
4218	8
4219	8
4220	8
4221	8
4222	8
4223	8
4224	8
4225	8
4226	8
4227	8
4228	8
4229	8
4230	8
4231	8
4232	8
4233	8
4234	9
4235	8
4236	8
4237	8
4238	9
4239	9
4240	8
4241	9
4242	8
4243	9
4244	9
4245	8
4246	8
4247	8
4248	8
4249	8
4250	8
4251	8
4252	8
4253	8
4254	8
4255	8
4256	8
4257	8
4258	8
4259	8
4260	8
4261	8
4262	8
4263	8
4264	8
4265	8
4266	9
4267	9
4268	9
4269	9
4270	9
4271	9
4272	9
4273	7
4274	7
4275	7
4276	7
4277	7
4278	7
4279	7
4280	7
4281	7
4282	7
4283	0
4284	7
4285	7
4286	9
4287	7
4288	7
4289	9
4290	0
4291	7
4292	7
4293	9
4294	9
4295	7
4296	9
4297	9
4298	7
4299	7
4300	7
4301	9
4302	9
4303	9
4304	7
4305	7
4306	7
4307	7
4308	7
4309	7
4310	7
4311	7
4312	9
4313	7
4314	7
4315	9
4316	7
4317	7
4318	7
4319	7
4320	7
4321	7
4322	9
4323	9
4324	7
4325	7
4326	7
4327	7
4328	7
4329	7
4330	0
4331	0
4332	7
4333	0
4334	7
4335	7
4336	7
4337	7
4338	7
4339	7
4340	9
4341	9
4342	0
4343	7
4344	7
4345	0
4346	9
4347	9
4348	7
4349	7
4350	7
4351	7
4352	7
4353	9
4354	9
4355	9
4356	9
4357	9
4358	9
4359	9
4360	9
4361	9
4362	9
4363	9
4364	9
4365	9
4366	7
4367	7
4368	7
4369	7
4370	7
4371	9
4372	7
4373	7
4374	9
4375	9
4376	7
4377	9
4378	7
4379	7
4380	0
4381	7
4382	9
4383	7
4384	9
4385	9
4386	9
4387	9
4388	9
4389	9
4390	9
4391	9
4392	7
4393	9
4394	7
4395	7
4396	0
4397	7
4398	7
4399	7
4400	7
4401	7
4402	7
4403	0
4404	9
4405	9
4406	9
4407	9
4408	9
4409	9
4410	9
4411	9
4412	9
4413	9
4414	9
4415	9
4416	9
4417	9
4418	9
4419	9
4420	7
4421	9
4422	9
4423	7
4424	7
4425	9
4426	7
4427	0
4428	9
4429	7
4430	7
4431	7
4432	9
4433	9
4434	9
4435	9
4436	9
4437	9
4438	9
4439	9
4440	7
4441	7
4442	9
4443	0
4444	9
4445	9
4446	9
4447	7
4448	9
4449	1
4450	9
4451	7
4452	7
4453	7
4454	9
4455	9
4456	7
4457	0
4458	7
4459	9
4460	7
4461	7
4462	7
4463	7
4464	9
4465	9
4466	9
4467	7
4468	9
4469	9
4470	7
4471	7
4472	7
4473	7
4474	7
4475	7
4476	7
4477	9
4478	7
4479	7
4480	7
4481	1
4482	1
4483	9
4484	9
4485	9
4486	9
4487	9
4488	9
4489	9
4490	0
4496	0
4497	0
4498	0
4499	0
4500	0
4501	0
4502	9
4503	8
4504	0
4510	0
4511	0
4512	0
4513	0
4514	8
4515	8
4516	0
4517	0
4518	0
4519	8
4520	9
4521	8
4522	8
4523	8
4524	0
4525	8
4526	8
4527	7
4528	7
4529	7
4530	7
4531	7
4532	7
4533	7
4534	7
4535	7
4536	7
4537	7
4538	7
4539	7
4540	7
4541	7
4542	7
4543	7
4544	7
4545	7
4546	7
4547	7
4548	7
4549	7
4550	7
4551	7
4552	7
4553	7
4554	6
4555	6
4556	1
4557	6
4558	3
4559	6
4560	3
4561	6
4562	3
4563	5
4564	3
4565	6
4566	6
4567	6
4568	6
4569	6
4570	5
4571	6
4572	5
4573	5
4574	3
4575	6
4576	6
4577	6
4578	6
4579	6
4580	6
4581	6
4582	6
4583	6
4584	6
4585	3
4586	8
4587	8
4588	6
4589	6
4590	5
4591	5
4592	6
4596	6
4597	8
4599	8
4600	8
4601	8
4602	8
4603	8
4607	8
4608	5
4609	5
4610	5
4611	6
4612	6
4613	6
4614	6
4615	6
4616	6
4617	8
4618	8
4619	8
4620	8
4621	3
4622	3
4623	1
4624	9
4625	5
4626	3
4627	5
4628	6
4629	5
4630	5
4631	5
4632	5
4633	5
4634	3
4635	3
4636	6
4637	3
4638	8
4639	8
4640	8
4641	8
4642	5
4643	5
4644	5
4645	5
4646	5
4647	3
4648	3
4649	6
4650	3
4651	3
4652	5
4653	8
4654	8
4655	8
4656	8
4657	5
4658	5
4659	6
4660	5
4661	1
4662	5
4663	5
4664	3
4665	3
4666	3
4667	3
4668	3
4669	6
4670	6
4671	6
4672	5
4673	6
4674	6
4675	1
4676	0
4677	0
4678	6
4679	6
4680	5
4681	5
4682	5
4683	5
4684	5
4685	5
4686	6
4687	6
4688	6
4689	6
4690	6
4691	6
4692	5
4693	6
4694	6
4695	5
4696	6
4697	3
4698	5
4699	5
4700	5
4701	5
4702	6
4703	6
4704	6
4705	5
4706	6
4707	8
4708	3
4709	3
4710	3
4711	3
4712	8
4713	5
4714	3
4715	6
4716	6
4717	6
4718	6
4719	6
4720	5
4721	5
4722	3
4723	5
4724	3
4725	3
4726	3
4727	9
4728	9
4729	8
4730	3
4731	3
4732	5
4733	3
4734	5
4735	3
4736	3
4737	6
4738	6
4739	6
4740	6
4741	6
4742	3
4743	6
4744	3
4745	3
4746	8
4747	3
4748	6
4749	6
4750	3
4751	6
4752	3
4753	3
4754	3
4755	3
4756	3
4757	3
4758	6
4759	3
4760	6
4761	6
4762	6
4763	6
4764	6
4765	3
4766	6
4767	6
4768	6
4769	5
4770	5
4771	3
4772	3
4773	6
4774	6
4775	6
4776	6
4777	6
4778	6
4779	6
4780	6
4781	6
4782	6
4783	6
4784	8
4785	6
4786	6
4787	6
4788	6
4789	3
4790	6
4791	6
4792	6
4793	6
4794	3
4795	6
4796	6
4797	6
4798	6
4799	6
4800	6
4801	3
4802	5
4803	6
4804	3
4805	6
4806	6
4807	5
4808	5
4809	6
4810	5
4811	5
4812	6
4813	5
4815	8
4816	8
4817	8
4818	8
4819	8
4820	8
4821	9
4822	8
4823	8
4826	3
4827	6
4828	3
4829	6
4830	6
4831	6
4832	6
4833	3
4834	3
4835	3
4836	6
4837	6
4838	5
4839	6
4840	6
4841	5
4842	3
4843	3
4844	6
4845	5
4846	6
4847	6
4848	6
4849	6
4850	5
4851	6
4852	6
4853	3
4854	3
4855	6
4856	6
4857	3
4858	3
4859	6
4860	6
4861	6
4862	6
4863	6
4864	6
4865	6
4866	6
4867	3
4868	5
4869	5
4870	5
4871	5
4872	1
4873	7
4874	1
4875	6
4876	1
4877	8
4878	6
4879	6
4880	6
4881	5
4882	3
4883	6
4884	6
4885	6
4886	6
4887	6
4888	6
4889	6
4890	6
4891	5
4892	5
4893	5
4894	5
4895	5
4896	5
4897	5
4898	6
4899	3
4900	6
4901	3
4902	9
4903	8
4904	9
4905	3
4906	9
4907	9
4908	3
4909	3
4910	3
4911	9
4912	5
4913	9
4914	9
4915	3
4916	9
4917	3
4918	3
4919	5
4920	6
4921	6
4922	6
4923	3
4924	6
4925	8
4926	3
4927	8
4928	8
4929	3
4930	3
4931	3
4932	8
4933	8
4934	3
4935	1
4936	6
4937	5
4938	6
4939	8
4940	8
4941	6
4942	3
4943	5
4944	3
4945	6
4946	3
4947	6
4948	8
4949	8
4950	8
4951	9
4953	9
4954	9
4955	9
4956	9
4958	9
4959	9
4961	9
4966	9
4968	1
4969	1
4970	1
4971	1
4972	1
4973	1
4974	1
4975	9
4976	7
4977	1
4978	1
4979	7
4980	1
4981	1
4982	1
4983	1
4984	1
4985	1
4986	1
4987	1
4988	1
4989	1
4990	1
4991	1
4992	1
4993	1
4994	1
4995	1
4996	1
4997	1
4998	1
4999	1
5000	1
5001	1
5002	1
5003	1
5004	1
5005	7
5006	7
5007	7
5008	7
5009	7
5010	1
5011	7
5012	1
5013	1
5014	1
5015	1
5016	1
5017	1
5018	1
5019	8
5020	1
5021	1
5022	8
5023	1
5024	1
5025	1
5026	1
5027	1
5028	1
5029	8
5030	8
5031	1
5032	8
5033	1
5034	8
5035	8
5036	8
5037	8
5038	1
5039	1
5040	8
5041	1
5042	1
5043	1
5044	1
5045	1
5046	1
5047	1
5048	1
5049	1
5050	8
5051	8
5052	8
5053	1
5054	8
5055	1
5058	1
5059	9
5063	8
5066	9
5067	9
5068	9
5069	9
5070	9
5071	1
5072	1
5073	1
5074	1
5075	7
5076	9
5077	1
5078	1
5079	1
5080	9
5081	1
5082	1
5083	1
5084	1
5085	1
5086	1
5087	1
5088	1
5089	1
5090	9
5091	9
5092	7
5093	0
5094	0
5095	0
5096	0
5097	0
5098	0
5099	0
5100	0
5101	0
5102	0
5103	0
5104	0
5105	0
5106	0
5107	0
5108	0
5109	0
5110	0
5111	0
5112	0
5113	0
5114	0
5115	0
5116	0
5117	0
5118	0
5119	9
5120	9
5121	9
5122	9
5123	9
5124	3
5125	9
5126	4
5127	4
5128	5
5129	9
5130	9
5131	4
5132	5
5133	9
5134	5
5135	5
5136	5
5137	5
5138	7
5139	5
5140	5
5141	5
5142	5
5143	5
5144	4
5145	5
5146	9
5147	7
5148	7
5149	5
5150	5
5151	5
5152	9
5153	5
5154	5
5155	5
5156	5
5157	7
5158	5
5159	5
5160	7
5161	9
5162	5
5163	9
5164	5
5165	4
5166	9
5167	9
5168	9
5169	9
5170	9
5171	9
5172	9
5173	1
5174	5
5175	2
5176	4
5177	7
5178	1
5179	5
5180	7
5181	5
5182	7
5183	5
5184	5
5185	9
5186	9
5187	5
5188	5
5189	7
5190	7
5191	9
5192	9
5193	5
5194	9
5195	3
5196	9
5197	3
5198	5
5199	9
5200	9
5201	5
5202	5
5203	5
5204	5
5205	5
5206	5
5207	5
5208	5
5209	4
5210	9
5211	7
5212	9
5213	1
5214	9
5215	9
5216	5
5217	1
5218	9
5219	9
5220	9
5221	3
5222	5
5223	9
5224	3
5225	7
5226	2
5227	9
5228	1
5229	7
5230	4
5231	9
5232	5
5233	9
5234	9
5235	5
5236	9
5237	9
5238	7
5239	7
5240	5
5241	3
5242	3
5243	9
5244	9
5245	5
5246	7
5247	5
5248	9
5249	5
5250	2
5251	9
5252	4
5253	7
5254	1
5255	2
5256	9
5257	3
5258	9
5259	9
5260	9
5261	9
5262	5
5263	5
5264	5
5265	5
5266	5
5267	4
5268	4
5269	4
5270	4
5271	4
5272	5
5273	5
5274	5
5275	5
5276	5
5277	5
5278	5
5279	9
5280	7
5281	7
5282	9
5283	9
5284	9
5285	2
5286	5
5287	5
5288	9
5289	9
5290	9
5291	9
5292	4
5293	4
5294	9
5295	4
5296	5
5297	9
5298	4
5299	4
5300	7
5301	4
5302	7
5303	5
5304	9
5305	5
5306	9
5307	5
5308	5
5309	5
5310	5
5311	4
5312	4
5313	4
5314	4
5315	7
5316	5
5317	5
5318	5
5319	5
5320	4
5321	5
5322	1
5324	9
5325	7
5326	7
5327	4
5328	3
5329	9
5330	5
5331	9
5332	9
5333	7
5334	5
5335	9
5336	4
5337	2
5338	2
5339	2
5340	4
5341	2
5342	4
5343	9
5344	9
5345	4
5346	2
5347	9
5348	1
5349	9
5350	7
5351	9
5352	5
5353	7
5354	9
5355	5
5356	9
5357	7
5358	5
5359	9
5360	9
5361	5
5362	9
5363	9
5364	4
5365	9
5366	5
5367	4
5368	9
5369	4
5370	5
5371	4
5372	4
5373	9
5374	2
5375	2
5376	5
5377	4
5378	9
5379	9
5380	9
5381	7
5382	5
5383	5
5384	4
5385	7
5386	2
5387	2
5388	2
5389	2
5390	2
5391	4
5392	9
5393	9
5394	9
5395	9
5396	9
5397	9
5398	5
5399	4
5400	7
5401	9
5402	7
5403	4
5404	2
5405	2
5406	2
5407	2
5408	2
5409	2
5410	2
5411	2
5412	9
5413	5
5414	5
5415	4
5416	9
5417	9
5418	7
5419	9
5420	5
5421	4
5422	5
5423	9
5424	4
5425	2
5426	9
5427	5
5428	9
5429	2
5430	2
5431	4
5432	2
5433	2
5434	9
5435	5
5436	9
5437	2
5438	2
5439	2
5440	2
5441	2
5442	9
5443	7
5444	7
5445	5
5446	4
5447	2
5448	2
5449	2
5450	2
5451	2
5452	2
5453	2
5454	5
5455	2
5456	7
5457	5
5458	5
5459	7
5460	9
5461	9
5462	7
5463	9
5464	7
5465	7
5466	5
5467	7
5468	5
5469	5
5470	5
5471	9
5472	8
5473	5
5474	4
5475	4
5476	9
5477	5
5478	9
5479	1
5480	8
5481	5
5482	5
5483	4
5484	5
5485	5
5486	9
5487	2
5488	9
5489	2
5490	2
5491	9
5492	9
5493	5
5494	4
5495	9
5496	7
5497	9
5498	7
5499	7
5500	5
5501	9
5502	2
5503	2
5504	2
5505	2
5506	2
5507	2
5508	5
5509	5
5510	4
5511	2
5512	1
5513	7
5514	1
5515	7
5516	4
5517	9
5518	7
5519	4
5520	4
5521	5
5522	1
5523	9
5524	9
5525	4
5526	4
5527	5
5528	9
5529	4
5530	9
5531	9
5532	4
5533	5
5534	4
5535	7
5536	4
5537	4
5538	4
5539	9
5540	2
5541	2
5542	2
5543	9
5544	2
5545	5
5546	9
5547	9
5548	4
5549	7
5550	9
5551	9
5552	2
5553	2
5554	9
5555	9
5556	1
5557	5
5558	5
5559	7
5560	7
5561	5
5562	5
5563	7
5564	5
5565	7
5566	7
5567	7
5568	7
5569	9
5570	7
5571	9
5572	9
5573	5
5574	5
5575	7
5576	4
5577	9
5578	9
5579	9
5580	9
5581	9
5582	2
5583	2
5584	9
5585	2
5586	4
5587	9
5588	4
5589	9
5590	9
5591	9
5592	9
5593	9
5594	5
5595	3
5596	2
5597	2
5598	2
5599	2
5600	2
5601	1
5602	5
5603	7
5604	1
5605	1
5606	1
5607	1
5608	5
5609	4
5610	7
5611	5
5612	9
5613	9
5614	1
5615	9
5616	4
5617	7
5618	7
5619	9
5620	7
5621	5
5622	7
5623	9
5624	9
5625	9
5626	9
5627	9
5628	9
5629	5
5630	9
5631	9
5632	9
5633	9
5634	9
5635	4
5636	4
5637	2
5638	9
5639	9
5640	2
5641	4
5642	5
5643	5
5644	9
5645	5
5646	5
5647	9
5648	9
5649	9
5650	9
5651	9
5652	2
5653	2
5654	2
5655	2
5656	4
5657	2
5658	5
5659	9
5660	9
5661	9
5662	9
5663	9
5664	7
5665	2
5666	4
5667	9
5668	4
5669	2
5670	7
5671	7
5672	9
5673	9
5674	9
5675	7
5676	9
5677	1
5678	9
5679	9
5680	9
5681	4
5682	4
5683	9
5684	4
5685	4
5686	9
5687	7
5688	4
5689	4
5690	9
5691	9
5692	3
5693	9
5694	9
5695	5
5696	5
5697	9
5698	5
5699	4
5700	2
5701	9
5702	2
5703	2
5704	2
5705	5
5706	5
5707	2
5708	9
5709	9
5710	2
5711	2
5712	9
5713	7
5714	7
5715	4
5716	7
5717	4
5718	9
5719	9
5720	5
5721	7
5722	7
5723	7
5725	9
5726	7
5727	4
5728	7
5729	5
5730	9
5731	9
5732	9
5733	9
5734	9
5735	4
5736	9
5737	5
5738	7
5739	5
5740	5
5741	9
5742	3
5743	9
5744	9
5745	9
5746	5
5747	5
5748	9
5749	2
5750	2
5751	2
5752	2
5753	2
5754	2
5755	2
5756	7
5757	7
5758	1
5759	9
5766	7
5767	9
5768	9
5769	9
5770	1
5771	5
5772	5
5773	5
5774	9
5775	4
5776	9
5777	1
5778	9
5779	4
5780	7
5781	2
5782	4
5783	7
5784	7
5785	7
5786	7
5787	5
5788	5
5789	5
5790	5
5791	5
5792	5
5793	5
5794	5
5795	9
5796	5
5797	9
5798	9
5799	9
5800	9
5801	2
5802	2
5803	2
5804	2
5805	5
5806	5
5807	5
5810	5
5811	5
5812	4
5813	5
5814	1
5815	7
5816	7
5817	1
5818	1
5819	4
5820	4
5821	5
5822	7
5823	9
5824	4
5825	5
5826	9
5827	2
5828	7
5829	9
5830	4
5831	4
5832	7
5833	5
5834	7
5835	7
5836	7
5837	5
5838	7
5839	9
5840	9
5841	5
5842	5
5843	5
5844	9
5845	9
5846	9
5847	5
5848	9
5849	5
5850	9
5851	2
5852	9
5853	5
5854	9
5855	9
5856	5
5857	5
5858	5
5859	9
5860	7
5861	7
5862	5
5863	9
5864	5
5865	2
5866	5
5867	5
5868	5
5869	2
5870	7
5871	9
5872	9
5873	9
5874	9
5875	5
5876	5
5877	5
5878	5
5879	5
5880	9
5881	5
5882	5
5883	5
5884	7
5885	9
5886	9
5887	9
5888	9
5889	9
5890	9
5891	0
5892	7
5893	7
5894	7
5895	7
5896	7
5897	7
5898	7
5899	7
5900	7
5901	7
5902	7
5903	7
5904	0
5905	7
5906	7
5907	7
5908	7
5909	7
5910	7
5911	7
5912	7
5913	7
5914	7
5915	7
5916	7
5917	7
5918	7
5919	7
5920	7
5921	7
5922	0
5923	7
5924	7
5925	7
5926	7
5927	7
5928	7
5929	7
5930	7
5931	7
5932	7
5933	7
5934	7
5935	7
5936	7
5937	7
5938	7
5939	7
5940	7
5941	7
5942	7
5943	7
5944	7
5945	7
5946	7
5947	7
5948	7
5949	7
5950	0
5951	0
5952	7
5953	7
5954	7
5955	0
5956	7
5957	7
5958	7
5959	7
5960	7
5961	7
5962	7
5963	7
5964	7
5965	0
5966	7
5967	7
5968	7
5969	7
5970	7
5971	7
5972	7
5973	7
5974	7
5975	7
5976	7
5977	7
5978	7
5979	7
5980	7
5981	7
5982	7
5983	7
5984	7
5985	7
5986	7
5987	0
5988	0
5989	7
5990	7
5991	7
5992	7
5993	7
5994	7
5995	7
5996	7
5997	7
5998	7
5999	7
6000	7
6001	7
6002	7
6003	7
6004	7
6005	0
6006	0
6007	7
6008	7
6009	7
6010	0
6011	7
6012	7
6013	7
6014	7
6015	7
6016	7
6017	7
6018	7
6019	7
6020	7
6021	7
6022	7
6023	7
6024	7
6025	7
6026	7
6027	7
6028	7
6029	7
6030	7
6031	7
6032	7
6033	7
6034	7
6035	7
6036	7
6037	7
6038	7
6039	7
6040	7
6041	7
6042	0
6043	0
6044	7
6045	7
6046	7
6047	0
6048	0
6049	7
6050	7
6051	7
6052	7
6053	7
6054	7
6055	7
6056	7
6057	7
6058	7
6059	7
6060	7
6061	7
6062	7
6063	7
6064	7
6065	7
6066	7
6067	7
6068	7
6069	7
6070	7
6071	7
6072	7
6073	7
6074	7
6075	7
6076	7
6077	7
6078	7
6079	7
6080	7
6081	7
6082	7
6083	7
6084	7
6085	7
6086	7
6087	7
6088	7
6089	7
6090	7
6091	7
6092	7
6093	7
6094	7
6095	7
6096	7
6097	7
6098	7
6099	7
6100	7
6101	7
6102	7
6103	7
6104	7
6105	7
6106	7
6107	7
6108	7
6109	7
6110	7
6111	7
6112	0
6113	0
6114	7
6115	0
6116	7
6117	0
6118	0
6119	7
6120	7
6121	7
6122	7
6123	7
6124	7
6125	7
6126	7
6127	7
6128	7
6129	7
6130	7
6131	0
6132	7
6133	7
6134	7
6135	7
6136	0
6137	0
6138	0
6139	7
6140	7
6141	7
6142	0
6143	0
6144	7
6145	7
6146	0
6147	7
6148	7
6149	7
6150	7
6151	7
6152	7
6153	7
6154	7
6155	7
6156	7
6157	7
6158	7
6159	7
6160	0
6161	7
6162	0
6163	0
6164	7
6165	7
6166	7
6167	7
6168	7
6169	7
6170	7
6171	7
6172	7
6173	7
6174	7
6175	7
6176	7
6177	7
6178	7
6179	7
6180	7
6181	7
6182	7
6183	7
6184	7
6185	7
6186	7
6187	7
6188	7
6189	7
6190	7
6191	7
6192	7
6193	7
6194	9
6195	7
6196	7
6197	7
6198	7
6199	7
6200	7
6201	7
6202	7
6203	7
6204	7
6205	7
6206	7
6207	7
6208	7
6209	7
6210	7
6211	7
6212	7
6213	7
6214	7
6215	7
6216	9
6217	7
6218	7
6219	7
6220	7
6221	7
6222	7
6223	7
6224	7
6225	7
6226	7
6227	7
6228	7
6229	7
6230	7
6231	7
6232	7
6233	7
6234	7
6235	7
6236	7
6237	7
6238	7
6239	9
6240	8
6241	8
6242	8
6243	8
6244	8
6245	8
6246	8
6247	8
6248	8
6249	8
6250	8
6251	8
6252	8
6253	8
6254	8
6255	8
6256	8
6257	8
6258	9
6259	8
6260	8
6261	8
6262	8
6263	8
6264	8
6265	8
6266	8
6267	8
6268	8
6269	8
6270	8
6271	8
6272	8
6273	8
6274	8
6275	9
6276	8
6277	9
6278	8
6279	8
6280	9
6281	8
6282	8
6283	8
6284	8
6285	8
6286	8
6287	9
6288	8
6289	8
6290	9
6291	8
6292	9
6293	8
6294	9
6295	0
6296	0
6297	8
6298	8
6299	8
6300	8
6301	8
6302	8
6303	8
6304	8
6305	8
6306	9
6307	8
6308	8
6309	8
6310	8
6311	8
6312	8
6313	9
6314	8
6315	8
6316	8
6317	8
6318	8
6319	9
6320	8
6321	8
6322	8
6323	8
6324	8
6325	8
6326	8
6327	8
6328	8
6329	9
6330	8
6331	9
6332	9
6333	8
6334	8
6335	8
6336	8
6337	8
6338	8
6339	8
6340	8
6341	8
6342	8
6343	9
6344	9
6345	8
6346	8
6347	8
6348	8
6349	8
6350	8
6351	8
6352	8
6353	8
6354	8
6355	8
6356	8
6357	8
6358	8
6359	8
6360	9
6361	9
6362	9
6363	8
6364	8
6365	8
6366	8
6367	8
6368	8
6369	9
6370	8
6371	8
6372	8
6373	9
6374	8
6375	8
6376	8
6377	8
6378	8
6379	8
6380	9
6381	8
6382	8
6383	8
6384	9
6385	8
6386	8
6387	9
6388	9
6389	8
6390	8
6391	8
6392	9
6393	8
6394	8
6395	9
6396	8
6397	8
6398	8
6399	8
6400	8
6401	9
6402	9
6403	8
6404	9
6405	8
6406	8
6407	8
6408	8
6409	8
6410	9
6411	9
6412	8
6413	8
6414	8
6415	8
6416	8
6417	8
6418	8
6419	8
6420	9
6421	9
6422	8
6423	8
6424	8
6425	8
6426	8
6427	8
6428	8
6429	8
6430	8
6431	8
6432	8
6433	9
6435	8
6436	9
6437	9
6438	8
6439	8
6440	9
6441	8
6442	8
6443	8
6444	8
6445	8
6446	9
6447	8
6448	8
6449	8
6450	8
6451	8
6452	9
6453	9
6454	8
6455	8
6456	9
6457	8
6458	8
6459	8
6460	9
6461	9
6462	8
6463	8
6464	8
6465	8
6466	9
6467	8
6468	8
6469	8
6470	8
6471	8
6472	8
6474	8
6475	8
6476	9
6477	8
6478	9
6479	8
6480	8
6481	8
6482	8
6483	8
6484	8
6485	8
6486	8
6487	8
6488	8
6489	8
6490	8
6491	8
6492	8
6493	8
6494	8
6495	8
6496	8
6497	8
6498	9
6499	8
6500	8
6501	8
6502	8
6503	8
6504	8
6505	8
6506	3
6507	8
6508	8
6509	8
6510	8
6511	8
6512	8
6513	8
6514	8
6515	8
6516	8
6517	9
6518	8
6519	8
6520	8
6521	8
6522	8
6523	8
6524	8
6525	8
6526	8
6527	8
6528	0
6529	8
6530	8
6531	8
6532	8
6533	8
6534	8
6535	9
6536	9
6537	9
6538	8
6539	8
6540	8
6541	8
6542	8
6543	8
6544	8
6545	8
6546	8
6547	8
6548	8
6549	8
6550	8
6551	8
6552	8
6553	9
6554	0
6555	0
6556	8
6557	8
6558	0
6559	8
6560	8
6561	0
6562	0
6563	0
6564	0
6565	1
6566	1
6567	1
6568	1
6569	1
6570	1
6571	1
6572	1
6573	1
6574	1
6575	1
6576	1
6577	1
6578	1
6579	1
6580	1
6581	1
6582	1
6583	1
6584	1
6585	7
6586	7
6587	7
6588	7
6589	1
6590	1
6591	7
6592	1
6593	1
6594	1
6595	7
6596	7
6597	7
6598	7
6599	1
6600	7
6601	1
6602	7
6603	1
6604	1
6605	7
6606	7
6607	1
6608	1
6609	7
6610	7
6611	7
6612	1
6613	7
6614	7
6615	7
6616	7
6617	1
6618	1
6619	7
6620	7
6621	0
6622	7
6623	0
6624	8
6625	8
6626	8
6627	1
6628	9
6629	8
6630	1
6631	1
6632	8
6633	8
6634	1
6635	7
6636	9
6637	1
6638	9
6639	8
6640	7
6641	7
6642	8
6643	7
6644	8
6645	7
6646	7
6647	7
6648	7
6650	7
6651	8
6652	7
6653	7
6654	8
6655	7
6656	7
6657	8
6658	7
6659	7
6660	8
6661	8
6662	8
6663	8
6664	8
6665	8
6666	8
6667	8
6668	8
6669	8
6671	1
6672	8
6679	7
6683	8
6684	8
6685	8
6686	9
6687	9
6688	9
6689	9
6690	8
6691	8
6692	8
6693	8
6694	8
6695	8
6696	8
6697	8
6698	8
6699	8
6700	8
6701	8
6702	8
6703	8
6704	8
6705	8
6706	8
6707	8
6708	8
6709	8
6710	8
6711	8
6712	8
6713	8
6714	8
6715	8
6716	8
6717	8
6718	9
6719	8
6720	8
6721	8
6722	8
6723	8
6724	8
6725	8
6726	8
6727	8
6728	8
6729	8
6730	8
6731	8
6732	8
6733	8
6734	8
6735	8
6736	7
6737	8
6738	7
6739	8
6740	8
6741	1
6742	9
6743	8
6744	8
6745	8
6746	8
6747	8
6748	8
6749	8
6750	8
6751	8
6752	8
6753	8
6754	8
6755	8
6756	8
6757	8
6758	8
6759	8
6760	1
6761	9
6762	8
6763	8
6764	0
6765	0
6766	0
6767	7
6768	7
6769	7
6770	7
6771	7
6772	7
6773	7
6774	7
6775	7
6776	7
6777	7
6778	7
6779	7
6780	7
6781	7
6782	7
6783	7
6784	7
6785	7
6786	7
6787	7
6788	7
6789	7
6790	7
6791	7
6792	7
6793	7
6794	7
6795	7
6796	7
6797	7
6798	7
6799	7
6800	7
6801	7
6802	7
6803	7
6804	7
6805	7
6806	7
6807	7
6808	7
6809	7
6810	7
6811	7
6812	7
6813	0
6814	7
6815	0
6816	0
6817	0
6818	0
6819	7
6820	6
6821	7
6822	1
6823	7
6824	7
6825	6
6826	6
6827	6
6828	6
6829	6
6830	0
6831	6
6832	0
6833	6
6834	1
6835	6
6836	6
6837	0
6838	0
6839	0
6840	0
6841	0
6842	0
6843	1
6844	6
6845	0
6846	1
6847	1
6848	7
6849	0
6850	0
6851	0
6852	0
6853	0
6854	0
6855	6
6856	7
6857	6
6858	0
6859	0
6860	0
6861	0
6862	6
6863	0
6864	7
6865	0
6866	7
6867	6
6868	0
6869	6
6870	0
6871	6
6872	1
6873	6
6874	6
6875	6
6876	7
6877	7
6878	7
6879	7
6880	0
6881	1
6882	1
6883	0
6884	0
6885	1
6886	1
6887	1
6888	0
6889	7
6890	0
6891	7
6892	0
6893	1
6894	7
6895	7
6896	1
6897	1
6898	7
6899	1
6900	1
6901	1
6902	6
6903	1
6904	7
6905	1
6906	1
6907	1
6908	1
6909	1
6910	1
6911	1
6912	7
6913	7
6914	7
6915	7
6916	7
6917	7
6918	6
6919	7
6920	7
6921	7
6922	7
6923	7
6924	7
6925	7
6926	7
6927	7
6928	7
6929	7
6930	7
6931	7
6932	7
6933	6
6934	6
6935	7
6936	7
6937	7
6938	7
6939	7
6940	7
6941	7
6942	7
6943	7
6944	1
6945	1
6946	7
6947	7
6948	7
6949	7
6950	7
6951	7
6952	7
6953	7
6954	1
6955	7
6956	1
6957	1
6958	1
6959	1
6960	1
6961	1
6962	1
6963	1
6964	1
6965	1
6966	1
