1	1
2	7
3	7
4	7
5	7
6	7
7	7
8	7
9	7
10	7
11	7
12	7
13	7
14	7
15	7
16	7
17	7
18	7
19	7
20	1
21	1
22	7
23	1
24	1
25	1
26	0
27	1
28	1
29	0
30	1
31	0
32	7
33	7
34	7
35	7
36	7
37	7
38	7
39	7
40	7
41	7
42	7
43	7
44	7
45	7
46	7
47	7
48	7
49	7
50	7
51	7
52	7
53	7
54	7
55	7
56	7
57	7
58	7
59	7
60	7
61	7
62	7
63	0
64	0
65	0
66	0
67	0
68	0
69	0
70	1
71	1
72	1
73	1
74	1
75	1
76	1
77	1
78	1
79	0
80	0
81	1
82	1
83	0
84	1
85	1
86	1
87	1
88	1
89	0
90	0
91	0
92	0
93	0
94	1
95	1
96	1
97	1
98	1
99	1
100	1
101	1
102	1
103	1
104	1
105	1
106	1
107	1
108	1
109	1
110	1
111	1
112	1
113	1
114	0
115	6
116	1
117	0
118	1
119	1
120	0
121	1
122	1
123	1
124	1
125	1
126	1
127	0
128	0
129	0
130	0
131	0
132	0
133	1
134	1
135	1
136	1
137	0
138	0
139	1
140	0
141	1
142	1
143	0
144	0
145	0
146	1
147	1
148	1
149	1
150	1
151	1
152	1
153	1
154	1
155	1
156	1
157	1
158	1
159	1
160	1
161	1
162	0
163	1
164	1
165	0
166	1
167	1
168	1
169	0
170	0
171	1
172	0
173	1
174	0
175	0
176	1
177	0
178	0
179	0
180	1
181	1
182	0
183	1
184	1
185	1
186	1
187	1
188	1
189	1
190	1
191	1
192	1
193	1
194	1
195	1
196	1
197	0
198	0
199	1
200	1
201	1
202	0
203	0
204	0
205	0
206	0
207	0
208	1
209	1
210	1
211	1
212	1
213	1
214	1
215	1
216	1
217	1
218	1
219	0
220	1
221	0
222	1
223	1
224	1
225	1
226	1
227	1
228	1
229	1
230	0
231	0
232	0
233	0
234	1
235	1
236	1
237	1
238	1
239	1
240	1
241	1
242	0
243	0
244	0
245	0
246	0
247	0
248	0
249	0
250	1
251	1
252	0
253	1
254	1
255	0
256	1
257	7
258	0
259	1
260	9
261	7
262	7
263	1
264	7
265	7
266	7
267	7
268	7
269	7
270	7
271	7
272	7
273	7
274	7
275	7
276	7
277	7
278	7
279	7
280	7
281	7
282	7
283	7
284	7
285	7
286	7
287	7
288	7
289	7
290	7
291	7
292	7
293	7
294	7
295	7
296	7
297	7
298	7
299	7
300	9
301	7
302	7
303	7
304	7
305	7
306	7
307	7
308	7
309	7
310	7
311	7
312	7
313	7
314	7
315	7
316	7
317	8
318	7
319	7
320	7
321	7
322	7
323	7
324	7
325	7
326	7
327	9
328	7
329	1
330	9
331	9
332	9
333	7
334	7
335	7
336	7
337	0
338	7
339	9
340	1
341	9
342	9
343	9
344	9
345	9
346	9
347	9
348	9
349	9
350	9
351	9
352	9
353	9
354	9
355	9
357	9
358	9
359	9
360	9
361	9
362	9
363	9
365	9
366	9
367	9
368	9
369	9
370	9
372	9
373	9
374	9
375	9
376	9
377	9
378	9
379	9
380	9
381	9
382	9
383	9
384	9
385	9
386	9
387	9
388	9
389	9
390	9
391	9
392	9
393	9
394	9
395	9
396	9
397	9
398	9
399	9
400	9
401	9
402	9
403	9
404	9
405	9
406	9
407	9
408	9
409	9
410	9
411	9
412	9
413	9
414	9
415	9
416	9
417	9
418	9
419	9
420	9
421	9
422	9
423	9
424	9
425	9
426	9
427	9
428	9
429	9
430	9
431	9
432	9
434	9
435	9
436	9
438	9
439	0
440	9
441	9
442	0
443	0
444	0
445	9
446	8
447	0
448	8
449	8
450	8
451	0
452	0
453	0
454	0
455	9
456	0
457	9
458	0
459	0
460	9
461	0
462	0
463	0
464	0
465	0
466	0
467	0
468	0
469	9
470	0
471	0
472	0
473	0
474	0
475	0
476	0
477	0
478	0
479	0
480	0
481	0
482	0
483	0
484	0
485	0
486	9
487	9
488	0
489	0
490	0
491	0
492	0
493	0
494	0
495	0
496	0
497	0
498	9
499	0
500	0
501	0
502	0
503	0
504	0
505	0
506	0
507	0
508	0
509	0
510	0
511	0
512	0
513	0
514	0
515	0
516	0
517	0
518	0
519	0
520	0
521	9
522	0
523	0
524	0
525	0
526	0
527	0
528	0
529	0
530	0
531	0
532	0
533	0
534	0
535	0
536	0
538	0
539	0
540	0
541	0
542	0
543	0
544	8
545	8
546	8
547	0
548	0
549	0
550	8
551	8
552	8
553	0
554	8
555	0
556	0
557	0
558	0
559	0
560	0
561	0
562	0
563	0
564	6
565	0
566	0
567	0
568	0
569	8
570	0
571	8
572	0
573	8
574	8
575	0
576	6
577	0
578	0
579	0
580	0
581	6
582	6
583	6
584	9
585	0
586	9
587	0
588	0
589	9
590	8
591	8
592	8
593	0
594	0
595	0
596	0
597	6
598	0
599	8
600	0
601	9
602	0
603	0
604	0
605	0
606	0
607	8
608	0
609	0
610	0
611	8
612	8
613	8
614	0
615	0
616	0
617	0
618	0
619	9
620	0
621	0
622	9
623	0
624	0
625	0
626	0
627	0
628	0
629	0
630	0
631	9
632	0
633	0
634	0
635	9
636	0
637	0
638	9
639	0
640	0
641	0
642	9
643	8
644	0
645	0
646	7
647	7
648	7
649	7
650	7
651	7
652	7
653	7
654	7
655	7
656	7
657	7
658	7
659	7
660	8
661	8
662	8
663	8
664	8
665	0
666	0
667	0
668	0
669	0
670	8
671	0
672	0
673	6
674	0
675	0
676	8
677	8
678	8
679	8
680	6
681	6
682	6
683	6
684	0
685	8
686	0
687	6
688	0
689	0
690	0
691	0
692	0
693	6
694	6
695	6
696	8
697	6
698	6
699	6
700	0
701	0
702	6
703	0
704	6
705	6
706	6
707	6
708	6
709	6
710	6
711	6
712	8
713	0
714	6
715	6
716	8
717	6
718	0
719	8
720	0
721	8
722	8
723	8
724	8
725	6
726	8
727	0
728	0
729	0
730	0
731	0
732	0
733	0
734	0
735	0
736	0
737	8
738	0
739	8
740	8
741	8
742	8
743	8
744	0
745	0
746	0
747	6
748	8
749	0
750	8
751	0
752	7
753	7
754	7
755	7
756	0
757	7
758	7
759	7
760	7
761	0
762	9
763	9
764	9
765	7
766	7
767	0
768	7
769	7
770	7
771	7
772	9
773	1
774	7
775	9
776	7
777	9
778	9
779	9
780	9
781	9
782	9
783	9
784	9
785	9
786	9
787	9
788	9
789	9
790	9
791	9
792	9
793	0
794	9
795	7
796	7
797	1
798	1
799	7
800	7
801	7
802	1
803	1
804	7
805	7
806	7
807	7
808	7
809	7
810	7
811	7
812	7
813	7
814	7
815	7
816	7
817	7
818	7
819	7
820	7
821	7
822	7
823	1
824	1
825	1
826	7
827	7
828	7
829	7
830	7
831	7
832	7
833	1
834	1
835	7
836	7
837	7
838	7
839	7
840	1
841	1
842	1
843	1
844	7
845	1
846	1
847	1
848	1
849	7
850	0
851	1
852	0
853	1
854	1
855	1
856	0
857	1
858	1
859	1
860	1
861	1
862	1
863	1
864	1
865	1
866	1
867	0
868	0
869	1
870	1
871	1
872	0
873	1
874	0
875	0
876	1
877	0
878	0
879	0
880	1
881	0
882	1
883	0
884	1
885	1
886	1
887	1
888	0
889	1
890	1
891	1
892	1
893	0
894	1
895	1
896	1
897	1
898	1
899	1
900	1
901	1
902	1
903	7
904	1
905	0
906	0
907	1
908	1
909	1
910	1
911	1
912	0
913	1
914	1
915	0
916	1
917	1
918	1
919	1
920	1
921	0
922	1
923	1
924	1
925	1
926	7
927	7
928	7
929	7
930	7
931	7
932	7
933	7
934	7
935	7
936	7
937	7
938	7
939	0
940	7
941	7
942	0
943	7
944	7
945	1
946	1
947	7
948	0
949	0
950	0
951	0
952	0
953	0
954	0
955	0
956	0
957	7
958	7
959	0
960	7
961	7
962	7
963	7
964	1
965	1
966	7
967	7
968	0
969	1
970	1
971	1
972	1
973	0
974	7
975	7
976	9
977	0
978	7
979	0
980	0
981	0
982	0
983	7
984	7
985	0
986	0
987	7
988	7
989	0
990	7
991	0
992	0
993	0
994	7
995	0
996	0
997	0
998	7
999	0
1000	0
1001	0
1002	7
1003	7
1004	7
1005	7
1006	7
1007	7
1008	9
1009	8
1010	8
1011	8
1012	8
1013	8
1014	8
1015	0
1016	8
1017	8
1018	8
1019	8
1020	8
1021	8
1022	8
1023	8
1024	8
1025	8
1026	8
1027	8
1028	8
1029	8
1030	8
1031	8
1032	8
1033	8
1034	0
1035	8
1036	8
1037	8
1038	8
1039	8
1040	8
1041	8
1042	8
1043	8
1044	8
1045	8
1046	8
1051	0
1052	0
1053	9
1054	9
1055	9
1056	9
1057	8
1058	8
1059	8
1060	8
1061	8
1062	8
1063	8
1064	8
1065	8
1066	8
1068	8
1069	8
1070	8
1071	8
1072	8
1073	8
1074	8
1075	8
1076	8
1077	8
1078	8
1079	8
1080	8
1081	8
1082	8
1084	8
1085	8
1087	8
1088	8
1089	8
1090	8
1091	8
1092	8
1093	8
1094	8
1095	8
1096	8
1097	8
1099	8
1101	8
1102	8
1103	8
1104	8
1105	8
1106	8
1107	8
1108	8
1109	8
1110	8
1111	1
1112	1
1113	8
1114	1
1115	8
1116	8
1117	8
1118	8
1120	8
1121	8
1122	8
1123	8
1124	8
1125	8
1126	8
1127	8
1128	8
1129	8
1130	8
1131	8
1132	8
1133	8
1134	8
1135	8
1136	8
1137	8
1138	8
1139	8
1140	8
1141	8
1142	8
1143	8
1144	8
1145	8
1146	8
1147	8
1149	8
1151	8
1157	8
1160	8
1161	8
1162	8
1163	8
1164	8
1165	8
1167	8
1168	8
1169	8
1170	8
1171	8
1172	8
1173	8
1174	8
1175	8
1176	8
1177	9
1178	9
1179	9
1181	8
1182	9
1185	9
1189	8
1190	9
1191	9
1192	9
1193	9
1194	9
1195	9
1196	9
1197	9
1198	9
1199	9
1200	9
1201	8
1202	8
1203	9
1204	9
1205	9
1206	9
1207	9
1208	9
1209	9
1210	9
1211	9
1212	9
1213	9
1214	9
1215	9
1216	9
1217	5
1218	6
1219	6
1220	6
1221	6
1222	5
1223	6
1224	6
1225	6
1226	6
1227	6
1228	6
1229	6
1230	6
1231	6
1232	6
1233	9
1234	9
1235	9
1236	4
1237	3
1238	3
1239	4
1240	4
1241	4
1242	4
1243	4
1244	4
1245	4
1246	4
1247	4
1249	4
1250	4
1251	4
1252	4
1253	4
1254	4
1255	4
1256	4
1257	4
1258	4
1259	4
1260	4
1261	4
1263	4
1264	4
1265	4
1266	4
1267	4
1268	4
1269	4
1270	4
1271	4
1272	5
1273	5
1274	5
1275	5
1276	5
1277	5
1278	5
1279	5
1280	5
1281	5
1282	5
1283	5
1284	5
1285	5
1286	5
1287	5
1288	4
1289	4
1290	4
1291	4
1292	4
1293	6
1294	4
1295	2
1296	2
1297	2
1298	2
1299	2
1300	2
1301	2
1302	4
1303	2
1304	2
1305	2
1306	2
1307	2
1308	2
1309	4
1310	4
1311	4
1312	4
1313	3
1314	3
1315	3
1316	3
1317	5
1318	5
1319	4
1320	5
1321	5
1322	3
1323	4
1324	3
1325	3
1326	4
1327	4
1328	4
1329	3
1330	2
1331	9
1332	4
1333	9
1334	9
1335	4
1336	9
1337	9
1338	9
1339	4
1340	4
1341	4
1342	4
1343	4
1344	4
1345	4
1346	4
1347	4
1348	4
1349	9
1350	9
1351	9
1352	9
1353	9
1354	9
1355	9
1356	5
1357	9
1358	9
1359	6
1360	4
1361	4
1362	2
1363	2
1364	4
1365	4
1366	4
1367	4
1368	4
1369	4
1370	4
1371	2
1372	4
1374	4
1375	4
1376	4
1377	5
1378	7
1379	5
1380	5
1381	5
1382	6
1383	5
1384	5
1385	5
1386	5
1387	6
1388	6
1389	6
1390	6
1391	6
1392	5
1393	6
1394	6
1395	5
1396	5
1397	9
1398	9
1399	9
1400	9
1401	9
1402	9
1403	9
1404	9
1405	9
1406	9
1407	9
1408	4
1409	4
1410	3
1411	3
1412	3
1413	3
1414	6
1415	4
1416	4
1417	4
1418	4
1419	4
1420	4
1421	4
1422	4
1423	4
1424	4
1425	4
1426	4
1427	4
1429	4
1432	4
1433	4
1434	5
1435	6
1436	5
1437	6
1438	5
1439	6
1440	4
1441	4
1442	4
1443	4
1444	4
1445	4
1446	4
1447	4
1448	4
1449	4
1450	2
1451	4
1452	4
1453	4
1454	4
1455	2
1456	2
1457	2
1458	2
1459	2
1460	4
1461	4
1462	4
1463	4
1464	4
1465	4
1466	5
1467	5
1468	5
1469	3
1470	5
1471	5
1472	5
1473	4
1474	3
1475	5
1476	4
1477	4
1478	4
1479	9
1480	9
1481	3
1482	3
1483	4
1484	4
1485	4
1486	4
1487	4
1488	4
1489	4
1490	4
1491	9
1492	9
1493	4
1494	4
1495	9
1496	9
1497	9
1498	9
1499	3
1500	9
1501	9
1502	9
1503	9
1504	9
1505	2
1506	2
1507	4
1508	2
1509	4
1510	2
1511	2
1512	2
1513	2
1514	2
1515	2
1516	2
1517	9
1518	9
1519	9
1520	9
1521	5
1522	5
1523	9
1524	5
1525	4
1526	4
1527	4
1528	4
1529	4
1530	4
1531	4
1533	4
1534	4
1535	2
1536	4
1537	4
1538	4
1539	2
1540	4
1541	4
1542	4
1543	4
1544	5
1545	6
1546	5
1547	5
1548	5
1549	5
1550	5
1551	5
1552	5
1553	5
1554	6
1555	6
1556	6
1557	6
1558	6
1559	3
1560	6
1561	6
1562	6
1563	9
1564	9
1565	9
1566	9
1567	9
1568	6
1569	6
1570	3
1571	3
1572	3
1573	3
1574	3
1575	3
1576	4
1577	4
1578	4
1579	3
1580	4
1581	6
1582	3
1584	4
1585	4
1586	4
1587	4
1588	4
1589	4
1590	4
1591	4
1592	4
1593	4
1594	4
1596	4
1597	4
1598	4
1599	2
1600	4
1601	4
1602	4
1603	4
1604	4
1605	4
1606	4
1607	4
1608	4
1609	4
1610	4
1611	4
1612	4
1613	4
1614	4
1615	4
1616	2
1617	4
1618	4
1619	4
1620	4
1621	4
1622	4
1623	2
1624	4
1625	4
1626	4
1627	4
1628	4
1629	2
1630	4
1631	2
1632	4
1633	2
1634	4
1635	2
1636	5
1637	5
1638	5
1639	5
1640	3
1641	5
1642	5
1643	5
1644	5
1645	5
1646	4
1647	4
1648	4
1649	4
1650	4
1651	4
1652	9
1653	9
1654	9
1655	9
1656	9
1657	3
1658	9
1659	2
1660	4
1661	4
1662	9
1663	9
1664	9
1665	4
1666	4
1667	2
1668	2
1669	4
1670	4
1671	4
1672	2
1673	2
1674	2
1675	2
1676	2
1677	2
1678	2
1679	2
1680	2
1681	2
1682	2
1683	2
1684	2
1685	4
1686	2
1687	2
1688	9
1689	9
1690	5
1691	9
1692	9
1693	9
1694	5
1695	5
1696	4
1697	4
1698	4
1699	4
1700	4
1701	4
1702	4
1703	4
1704	4
1705	4
1706	4
1707	4
1708	4
1709	2
1710	2
1711	4
1712	4
1713	4
1714	4
1715	5
1716	5
1717	5
1718	5
1719	5
1720	5
1721	5
1722	5
1723	6
1724	6
1725	6
1726	6
1727	6
1728	6
1729	6
1730	6
1731	3
1732	6
1733	6
1734	6
1735	6
1736	6
1737	3
1738	4
1739	4
1740	4
1741	6
1742	4
1743	4
1744	4
1745	4
1746	4
1747	4
1748	4
1749	4
1750	4
1751	4
1752	4
1753	4
1754	4
1755	4
1756	4
1757	4
1758	4
1759	4
1760	4
1761	4
1762	4
1763	4
1764	4
1765	4
1766	2
1767	4
1769	4
1770	4
1771	4
1772	2
1773	2
1774	2
1775	4
1776	4
1777	2
1778	4
1779	4
1780	2
1781	2
1782	4
1783	2
1784	2
1785	2
1786	2
1787	2
1788	2
1789	2
1790	2
1791	2
1792	2
1793	2
1795	2
1796	2
1797	2
1798	2
1799	2
1800	2
1801	3
1802	3
1803	5
1804	5
1805	3
1806	5
1807	5
1808	5
1809	5
1810	5
1811	3
1812	3
1813	3
1814	4
1815	4
1816	4
1817	3
1818	3
1819	3
1820	3
1821	3
1822	9
1823	9
1824	9
1825	9
1826	2
1827	9
1828	9
1829	2
1830	2
1831	2
1832	4
1833	4
1834	2
1835	2
1836	2
1837	2
1838	2
1839	2
1840	4
1841	2
1842	2
1843	2
1844	4
1845	4
1846	4
1847	2
1848	2
1849	4
1850	5
1851	9
1852	9
1853	5
1854	5
1855	9
1856	9
1857	3
1858	4
1859	4
1860	4
1861	4
1862	4
1863	4
1864	4
1865	4
1866	5
1867	1
1868	5
1869	5
1870	6
1871	5
1872	5
1873	5
1874	5
1875	5
1876	6
1877	6
1878	6
1879	6
1880	6
1881	6
1882	6
1883	6
1884	6
1885	6
1886	6
1887	6
1888	6
1889	6
1890	6
1891	3
1892	5
1893	3
1894	3
1895	3
1896	4
1897	4
1898	4
1899	4
1900	4
1901	3
1902	4
1903	4
1904	4
1905	3
1906	4
1907	4
1908	4
1909	4
1910	4
1911	4
1912	4
1913	4
1914	4
1915	4
1916	4
1917	4
1918	4
1919	4
1920	4
1921	4
1922	4
1923	4
1924	4
1925	2
1926	2
1927	2
1928	2
1929	2
1930	4
1931	2
1932	2
1933	4
1934	2
1935	2
1936	4
1937	4
1938	4
1939	4
1940	4
1941	4
1942	4
1943	4
1944	4
1945	4
1946	2
1947	2
1948	4
1949	4
1950	4
1951	4
1952	4
1953	2
1954	4
1955	2
1956	4
1957	2
1958	2
1959	4
1960	2
1961	2
1962	4
1963	2
1964	4
1965	3
1966	5
1967	3
1968	5
1969	4
1970	3
1971	3
1972	5
1973	4
1974	3
1975	4
1976	4
1977	4
1978	4
1979	9
1980	4
1981	4
1982	4
1983	4
1984	9
1985	4
1986	9
1987	9
1988	4
1989	4
1990	4
1991	9
1992	4
1993	2
1994	2
1995	4
1996	4
1997	4
1998	4
1999	4
2000	2
2001	2
2002	4
2003	4
2004	4
2005	2
2006	4
2007	4
2008	2
2009	2
2010	2
2011	9
2012	9
2013	9
2014	5
2015	1
2016	5
2017	5
2018	5
2019	1
2020	5
2021	1
2022	7
2023	5
2024	5
2025	5
2026	5
2027	6
2028	5
2029	5
2030	3
2031	5
2032	3
2033	6
2034	6
2035	6
2036	6
2037	6
2038	6
2039	6
2040	6
2041	3
2042	5
2043	3
2044	3
2045	5
2046	3
2047	6
2048	6
2049	6
2050	3
2051	5
2052	4
2053	4
2054	4
2055	4
2056	4
2057	4
2058	4
2059	4
2060	4
2061	4
2062	4
2063	4
2064	4
2065	4
2066	4
2067	4
2068	4
2069	4
2070	4
2071	4
2072	4
2073	4
2074	4
2075	4
2076	4
2077	4
2078	4
2079	2
2080	2
2081	2
2082	2
2083	2
2084	2
2085	4
2086	4
2087	4
2088	4
2089	4
2090	4
2091	4
2092	4
2093	4
2094	4
2095	4
2096	4
2097	4
2098	2
2099	2
2100	2
2101	4
2102	2
2103	2
2104	2
2105	2
2106	2
2107	4
2108	2
2109	2
2110	2
2111	2
2112	2
2113	5
2114	5
2115	5
2116	5
2117	5
2118	4
2119	5
2120	3
2121	3
2122	3
2123	3
2124	3
2125	4
2126	3
2127	3
2128	3
2129	3
2130	4
2131	4
2132	4
2133	4
2134	4
2135	4
2136	4
2137	4
2138	4
2139	4
2140	4
2141	2
2142	4
2143	4
2144	4
2145	4
2146	4
2147	4
2148	4
2149	4
2150	4
2151	4
2152	9
2153	4
2154	4
2155	5
2156	4
2157	4
2158	4
2161	6
2162	6
2163	5
2164	5
2165	6
2166	6
2167	7
2168	9
2169	9
2170	9
2171	4
2172	4
2173	6
2174	1
2175	7
2176	5
2177	1
2178	1
2179	1
2180	1
2181	1
2182	5
2183	5
2184	5
2185	5
2186	5
2187	3
2188	5
2189	7
2190	3
2191	5
2192	5
2193	6
2194	6
2195	6
2196	6
2197	6
2198	6
2199	6
2200	6
2201	6
2202	5
2203	5
2204	6
2205	5
2206	3
2207	3
2208	4
2209	4
2210	4
2211	4
2212	4
2213	4
2215	4
2216	4
2217	4
2218	4
2219	4
2220	4
2221	4
2222	4
2223	4
2224	4
2225	4
2226	4
2227	4
2228	4
2229	4
2230	4
2231	4
2232	4
2233	4
2234	4
2235	4
2236	4
2237	4
2238	4
2239	4
2240	2
2241	2
2242	4
2243	4
2244	2
2245	4
2246	5
2247	4
2248	4
2249	2
2250	2
2251	2
2252	2
2253	2
2254	2
2255	2
2256	4
2257	3
2258	3
2259	3
2260	3
2261	6
2262	6
2263	6
2264	6
2265	5
2266	3
2267	5
2268	5
2269	3
2270	3
2271	3
2272	4
2273	4
2274	4
2275	4
2276	4
2277	3
2278	4
2279	4
2280	4
2281	4
2282	4
2283	4
2284	5
2285	5
2286	5
2287	4
2288	4
2289	2
2290	2
2291	2
2292	2
2293	4
2294	4
2295	2
2296	2
2297	2
2298	2
2299	2
2300	2
2301	2
2302	3
2303	5
2304	5
2305	7
2306	7
2307	7
2308	9
2309	4
2310	5
2311	7
2312	7
2313	5
2314	7
2315	7
2316	7
2317	9
2318	4
2319	4
2320	7
2321	4
2322	7
2323	4
2324	5
2325	5
2326	5
2327	5
2328	7
2329	7
2330	7
2331	5
2332	1
2333	5
2334	5
2335	5
2336	5
2337	3
2338	3
2339	3
2340	5
2341	3
2342	3
2343	3
2344	6
2345	6
2346	6
2347	6
2348	6
2349	6
2350	6
2351	6
2352	6
2353	6
2354	6
2355	5
2356	3
2357	3
2358	6
2359	6
2360	6
2361	6
2362	6
2363	6
2364	6
2365	6
2366	6
2367	6
2368	6
2369	6
2370	6
2371	6
2372	6
2373	4
2374	4
2375	4
2376	4
2377	4
2378	4
2379	4
2380	4
2381	4
2382	6
2383	4
2384	4
2385	2
2386	2
2387	2
2388	2
2389	4
2390	4
2391	4
2392	4
2393	4
2394	4
2395	4
2396	4
2397	2
2398	5
2399	4
2400	4
2401	4
2402	4
2403	2
2404	4
2405	2
2406	2
2407	2
2408	2
2409	4
2410	2
2411	4
2412	2
2413	2
2414	5
2415	5
2416	5
2417	4
2418	5
2419	4
2420	2
2421	4
2422	4
2423	2
2424	2
2425	5
2426	6
2427	6
2428	6
2429	6
2430	6
2431	5
2432	5
2433	6
2434	3
2435	3
2436	5
2437	5
2438	3
2439	9
2440	5
2441	5
2442	5
2443	4
2444	4
2445	4
2446	4
2447	3
2448	9
2449	3
2450	4
2451	4
2452	3
2453	9
2454	9
2455	4
2456	4
2457	4
2458	4
2459	5
2460	3
2461	4
2462	4
2463	5
2464	3
2465	4
2466	5
2467	5
2468	7
2469	5
2470	5
2471	5
2472	7
2473	7
2474	7
2475	7
2476	9
2477	7
2478	4
2479	4
2480	4
2481	4
2482	4
2483	4
2484	9
2485	9
2486	9
2487	2
2488	4
2489	9
2490	5
2491	5
2492	5
2493	5
2494	6
2495	5
2496	5
2497	5
2498	3
2499	3
2500	3
2501	3
2502	5
2503	5
2504	3
2505	3
2506	3
2507	5
2508	3
2509	5
2510	3
2511	3
2512	3
2513	3
2514	4
2515	4
2516	3
2517	3
2518	3
2520	4
2521	4
2522	4
2523	4
2524	4
2525	4
2526	6
2527	6
2528	6
2529	6
2530	6
2531	6
2532	6
2533	6
2534	3
2535	3
2536	4
2537	4
2538	4
2539	4
2540	4
2541	4
2542	4
2543	4
2544	4
2545	4
2546	4
2547	4
2548	4
2549	4
2550	4
2551	4
2552	4
2553	4
2554	4
2555	4
2556	4
2557	4
2558	4
2559	4
2560	4
2561	4
2562	4
2563	4
2564	4
2565	4
2566	4
2567	4
2568	4
2569	2
2570	2
2571	4
2572	4
2573	2
2574	2
2575	4
2576	4
2577	2
2578	4
2579	2
2580	2
2581	2
2582	2
2583	4
2584	4
2585	4
2586	2
2587	2
2588	4
2589	4
2590	3
2591	3
2592	6
2593	6
2594	6
2595	5
2596	5
2597	5
2598	3
2599	3
2600	3
2601	5
2602	5
2603	3
2604	3
2605	3
2606	3
2607	9
2608	9
2609	9
2610	4
2611	9
2612	9
2613	9
2614	9
2615	4
2616	5
2617	5
2618	5
2619	5
2620	4
2621	4
2622	4
2623	4
2624	4
2625	4
2626	4
2627	5
2628	9
2629	6
2630	3
2631	5
2632	5
2633	5
2634	3
2635	9
2636	9
2637	5
2638	5
2639	5
2640	5
2641	4
2642	4
2643	9
2644	4
2645	2
2646	4
2647	4
2648	4
2649	5
2650	5
2651	5
2652	5
2653	5
2654	5
2655	5
2656	3
2657	5
2658	3
2659	5
2660	5
2661	5
2662	5
2663	5
2664	5
2665	5
2666	6
2667	3
2668	4
2669	4
2670	4
2671	4
2672	4
2673	2
2674	2
2675	2
2676	2
2677	4
2678	2
2679	4
2680	6
2681	6
2682	4
2683	4
2684	3
2685	6
2686	3
2687	3
2688	3
2689	3
2690	6
2691	6
2692	3
2693	3
2694	3
2695	3
2696	3
2697	4
2698	4
2699	4
2700	4
2701	4
2702	4
2703	4
2704	4
2705	4
2706	4
2707	4
2708	4
2710	4
2711	4
2712	4
2713	4
2714	2
2715	2
2716	4
2717	4
2718	4
2719	4
2720	4
2721	4
2722	4
2723	4
2724	4
2725	4
2726	4
2727	4
2728	4
2729	4
2730	2
2731	4
2732	4
2733	4
2734	2
2735	4
2736	4
2737	2
2738	4
2739	4
2740	4
2741	5
2742	5
2743	3
2744	3
2745	3
2746	3
2747	3
2748	5
2749	5
2750	5
2751	5
2752	5
2753	5
2754	3
2755	4
2756	3
2757	3
2758	4
2759	5
2760	5
2761	3
2762	5
2763	9
2764	9
2765	4
2766	4
2767	4
2768	4
2769	9
2770	9
2771	9
2772	4
2773	9
2774	9
2775	4
2776	4
2777	7
2778	4
2779	2
2780	2
2781	2
2782	2
2783	2
2784	2
2785	2
2786	4
2787	2
2788	2
2789	2
2790	2
2791	2
2792	2
2793	4
2794	4
2795	4
2796	3
2797	5
2798	5
2799	3
2800	3
2801	9
2802	4
2803	5
2804	5
2805	5
2806	7
2807	5
2808	7
2809	7
2810	9
2811	9
2812	4
2813	4
2814	4
2815	4
2816	4
2817	9
2818	5
2819	5
2820	5
2821	5
2822	5
2823	5
2824	5
2825	6
2826	3
2827	3
2828	3
2829	3
2830	5
2831	5
2832	5
2833	5
2834	5
2835	4
2836	2
2837	4
2838	2
2839	4
2840	2
2841	2
2842	2
2843	2
2844	2
2845	2
2846	2
2847	4
2848	4
2849	9
2850	3
2851	9
2852	9
2853	4
2854	4
2855	3
2856	4
2857	4
2858	4
2859	4
2860	4
2861	4
2862	4
2863	4
2864	4
2865	4
2866	3
2867	5
2868	4
2869	3
2870	4
2871	4
2872	6
2873	3
2874	4
2875	4
2876	4
2877	4
2878	4
2879	4
2880	4
2881	4
2882	4
2883	4
2884	4
2885	4
2886	4
2887	4
2888	4
2889	4
2890	4
2891	4
2892	4
2893	4
2894	4
2895	4
2896	4
2897	4
2898	4
2899	4
2900	4
2901	4
2902	4
2903	4
2904	4
2905	4
2906	4
2907	2
2908	2
2909	2
2910	2
2911	2
2912	4
2913	5
2914	5
2915	5
2916	5
2917	3
2918	3
2919	5
2920	5
2921	5
2922	5
2923	3
2924	5
2925	4
2926	5
2927	5
2928	9
2929	5
2930	5
2931	5
2932	4
2933	4
2934	3
2935	3
2936	4
2937	4
2938	4
2939	4
2940	4
2941	4
2942	4
2943	3
2944	4
2945	3
2946	3
2947	4
2948	5
2949	5
2950	5
2951	5
2952	4
2953	9
2954	9
2955	9
2956	9
2957	3
2958	4
2959	4
2960	4
2961	5
2962	5
2964	4
2965	6
2966	4
2967	7
2968	7
2969	7
2970	7
2971	7
2972	7
2973	9
2974	9
2975	4
2976	4
2977	4
2978	4
2979	4
2980	5
2981	5
2982	5
2983	5
2984	3
2985	5
2986	5
2987	5
2988	6
2989	6
2990	5
2991	5
2992	5
2993	6
2994	6
2995	6
2996	4
2997	9
2998	3
2999	4
3000	4
3001	9
3002	9
3003	9
3004	2
3005	2
3006	2
3007	4
3008	4
3009	4
3010	4
3011	4
3012	4
3013	4
3014	4
3015	4
3016	4
3017	4
3018	4
3019	4
3020	4
3021	4
3022	4
3023	4
3024	4
3025	4
3026	4
3027	4
3028	3
3029	3
3030	3
3031	3
3032	4
3033	4
3034	3
3035	3
3036	3
3037	3
3038	5
3039	5
3040	5
3041	4
3042	4
3043	4
3044	4
3045	4
3046	4
3047	4
3048	4
3049	4
3050	4
3051	4
3052	4
3053	4
3054	4
3055	4
3056	4
3057	4
3058	4
3059	4
3060	4
3061	4
3062	4
3063	4
3064	2
3065	2
3066	2
3067	2
3068	2
3069	2
3070	2
3071	2
3072	2
3073	2
3074	2
3075	2
3076	2
3077	2
3078	2
3079	4
3080	2
3081	5
3082	5
3083	3
3084	5
3085	3
3086	5
3087	3
3088	3
3089	3
3090	5
3091	3
3092	3
3093	4
3094	5
3095	4
3096	3
3097	3
3098	4
3099	3
3100	3
3101	4
3102	4
3103	4
3104	4
3105	4
3106	4
3107	4
3108	4
3109	3
3110	3
3111	3
3112	4
3113	2
3114	2
3115	9
3116	9
3117	4
3118	9
3119	9
3120	4
3121	4
3122	4
3123	4
3124	6
3125	6
3126	5
3127	3
3128	2
3129	5
3130	3
3131	5
3132	9
3133	6
3135	4
3136	5
3137	5
3138	9
3139	5
3140	5
3141	9
3142	4
3143	4
3144	4
3145	4
3146	4
3147	4
3148	3
3149	5
3150	6
3151	6
3152	5
3153	6
3154	6
3155	6
3156	6
3157	5
3158	6
3159	6
3160	6
3161	6
3162	6
3163	2
3164	4
3165	4
3166	2
3167	4
3168	4
3169	5
3170	5
3171	5
3172	4
3173	4
3174	4
3175	4
3176	4
3177	2
3178	2
3179	4
3180	4
3181	4
3184	4
3185	4
3186	2
3187	2
3188	2
3189	3
3190	3
3191	3
3192	4
3193	4
3194	4
3195	4
3196	4
3197	5
3198	4
3199	4
3200	4
3201	4
3202	4
3203	4
3204	4
3205	4
3206	4
3212	4
3213	4
3214	4
3215	4
3216	4
3217	4
3218	4
3219	4
3220	4
3221	4
3222	2
3223	2
3224	4
3225	4
3226	4
3227	2
3228	2
3229	2
3230	2
3231	4
3232	2
3233	4
3234	2
3235	4
3236	2
3237	4
3238	2
3239	2
3240	2
3241	3
3242	3
3243	3
3244	3
3245	3
3246	3
3247	5
3248	3
3249	3
3250	3
3251	4
3252	4
3253	4
3254	4
3255	4
3256	4
3257	4
3258	4
3259	4
3260	4
3261	4
3262	3
3263	4
3264	4
3265	9
3266	9
3267	9
3268	3
3269	9
3270	9
3271	9
3272	9
3273	3
3274	5
3275	5
3276	4
3277	5
3278	4
3279	3
3280	4
3281	5
3282	1
3284	5
3285	4
3286	4
3287	7
3288	9
3289	4
3292	4
3293	5
3294	9
3295	5
3296	4
3297	5
3298	9
3299	4
3300	4
3301	5
3302	5
3303	5
3304	5
3305	5
3306	5
3307	5
3308	6
3309	6
3310	6
3311	6
3312	6
3313	6
3314	5
3315	6
3316	6
3317	5
3318	5
3319	6
3320	5
3321	6
3322	5
3323	7
3324	4
3325	5
3326	5
3327	4
3328	5
3329	5
3330	4
3331	6
3332	6
3333	2
3334	4
3335	2
3336	2
3337	4
3338	4
3339	4
3340	4
3341	4
3342	4
3343	4
3344	4
3345	4
3346	4
3347	4
3348	3
3350	4
3351	4
3352	4
3353	4
3355	4
3356	4
3357	5
3358	5
3359	5
3360	5
3361	5
3362	4
3363	5
3364	5
3365	2
3366	2
3367	2
3368	2
3369	4
3370	4
3371	4
3372	4
3373	4
3374	2
3375	2
3376	4
3377	2
3378	2
3379	2
3380	4
3381	2
3382	2
3383	2
3384	2
3385	2
3386	4
3387	2
3388	2
3389	4
3390	2
3391	2
3392	4
3393	4
3394	2
3395	2
3396	2
3397	2
3398	4
3399	4
3400	3
3401	3
3402	5
3403	3
3404	3
3405	3
3406	3
3407	3
3408	4
3409	4
3410	4
3411	4
3412	4
3413	4
3414	4
3415	4
3416	3
3417	4
3418	3
3419	3
3420	9
3421	9
3422	4
3423	9
3424	9
3425	9
3426	9
3427	5
3428	9
3429	4
3430	7
3431	4
3432	4
3433	3
3434	5
3435	4
3436	4
3437	5
3438	4
3439	3
3440	5
3441	4
3442	2
3443	4
3444	4
3445	2
3446	4
3447	9
3448	4
3449	4
3450	5
3451	5
3452	9
3453	9
3454	9
3455	9
3456	9
3457	9
3458	9
3459	9
3460	6
3461	5
3462	5
3463	5
3464	5
3465	5
3466	7
3467	6
3468	5
3469	6
3470	7
3471	7
3472	6
3473	6
3474	6
3475	6
3476	6
3477	6
3478	6
3479	6
3480	6
3481	6
3482	6
3483	6
3484	6
3485	6
3486	6
3487	6
3488	6
3489	6
3490	6
3491	6
3492	6
3493	6
3494	6
3495	6
3496	4
3497	4
3498	4
3499	4
3500	4
3501	4
3502	3
3503	3
3504	4
3505	4
3506	4
3507	4
3508	4
3509	4
3510	4
3513	4
3514	4
3515	4
3516	4
3517	4
3518	3
3519	3
3520	3
3521	3
3522	3
3523	3
3524	4
3525	4
3526	4
3527	4
3528	4
3529	4
3530	4
3531	2
3533	2
3534	2
3535	2
3536	4
3537	2
3538	4
3539	4
3540	4
3541	4
3542	4
3543	4
3544	2
3545	4
3546	4
3547	4
3548	4
3549	4
3550	4
3551	2
3552	4
3553	4
3554	4
3555	4
3556	4
3557	4
3558	2
3559	2
3560	2
3561	4
3562	2
3563	2
3564	2
3565	2
3566	2
3567	2
3568	3
3569	3
3570	4
3571	5
3572	4
3573	5
3574	3
3575	5
3576	5
3577	5
3578	3
3579	4
3580	4
3581	3
3582	4
3583	3
3584	4
3585	4
3586	9
3587	9
3588	4
3589	9
3590	9
3591	3
3592	3
3593	9
3594	4
3595	4
3596	4
3597	4
3598	4
3599	4
3600	3
3601	4
3602	4
3603	4
3604	9
3605	3
3606	7
3607	9
3608	9
3609	5
3610	5
3611	5
3612	3
3614	5
3615	4
3616	9
3617	9
3618	9
3619	9
3620	9
3621	9
3622	5
3623	5
3624	5
3625	5
3626	5
3627	5
3628	5
3629	6
3630	5
3631	1
3632	5
3633	6
3634	6
3635	6
3636	6
3637	7
3638	5
3639	7
3640	6
3641	6
3642	6
3643	6
3644	5
3645	6
3646	6
3647	6
3648	6
3649	6
3650	6
3651	6
3652	6
3653	6
3654	6
3655	6
3656	6
3657	3
3658	3
3659	5
3660	3
3661	3
3662	3
3663	3
3664	3
3665	4
3666	4
3667	4
3668	4
3669	4
3670	4
3671	3
3672	4
3673	4
3674	4
3675	4
3676	4
3677	4
3678	4
3679	4
3680	4
3681	4
3682	4
3684	4
3685	4
3686	2
3687	4
3688	5
3689	2
3690	4
3691	4
3692	4
3693	4
3694	2
3695	2
3696	2
3697	2
3698	2
3699	2
3700	2
3701	5
3702	5
3703	5
3704	5
3705	5
3706	5
3707	5
3708	5
3709	5
3710	5
3711	2
3712	2
3713	4
3715	2
3717	2
3718	4
3719	2
3720	2
3721	2
3722	2
3723	4
3724	2
3725	2
3726	5
3727	5
3728	3
3729	4
3730	3
3731	5
3732	5
3733	3
3734	3
3735	5
3736	3
3737	3
3738	3
3739	4
3740	3
3741	3
3742	3
3743	3
3744	3
3745	9
3746	3
3747	3
3748	9
3749	9
3750	9
3751	9
3752	9
3753	3
3754	9
3755	9
3756	4
3757	4
3758	4
3759	4
3760	4
3761	4
3762	4
3763	4
3764	4
3768	4
3769	4
3770	5
3771	5
3772	9
3773	9
3774	9
3775	9
3776	9
3777	5
3778	5
3779	6
3780	6
3781	6
3782	6
3783	6
3784	6
3785	6
3786	6
3787	6
3788	6
3789	6
3790	8
3791	8
3792	8
3793	8
3794	8
3795	8
3796	8
3797	8
3798	8
3799	8
3800	8
3801	8
3802	8
3803	8
3804	8
3805	8
3806	8
3807	8
3808	8
3809	8
3810	8
3811	8
3812	8
3813	8
3814	8
3815	8
3816	8
3817	8
3818	8
3819	8
3820	9
3821	8
3822	8
3823	9
3824	8
3825	8
3826	8
3827	8
3828	8
3829	8
3830	8
3831	8
3832	8
3833	8
3834	8
3835	8
3836	8
3837	8
3838	8
3839	8
3840	8
3841	8
3842	8
3843	8
3844	8
3845	8
3846	8
3847	8
3848	8
3849	8
3850	8
3851	8
3852	8
3853	8
3854	8
3855	8
3856	8
3857	8
3858	8
3859	8
3860	8
3861	8
3862	8
3863	8
3864	8
3865	8
3866	8
3867	8
3868	8
3869	8
3870	8
3871	8
3872	8
3873	9
3874	8
3875	8
3876	8
3877	8
3878	8
3879	8
3880	8
3883	8
3884	8
3885	8
3886	8
3887	8
3888	8
3889	8
3890	8
3892	8
3893	8
3894	8
3897	9
3898	8
3899	8
3900	8
3901	8
3902	8
3903	8
3904	8
3905	8
3906	8
3907	8
3908	8
3909	8
3910	8
3911	8
3912	8
3913	8
3914	8
3915	8
3916	8
3917	8
3918	8
3919	8
3920	8
3921	8
3922	8
3923	8
3924	8
3925	8
3926	8
3927	8
3928	8
3929	8
3930	8
3931	8
3932	8
3933	8
3934	8
3935	8
3936	8
3937	8
3938	8
3939	8
3940	8
3941	8
3942	8
3943	8
3944	8
3945	8
3946	8
3947	8
3948	8
3949	9
3950	8
3951	8
3952	8
3953	8
3954	8
3955	8
3956	8
3957	8
3958	8
3959	8
3960	8
3961	8
3962	8
3963	9
3964	9
3965	9
3966	9
3967	9
3968	9
3969	9
3970	8
3971	8
3972	8
3973	8
3974	8
3975	8
3976	8
3977	8
3978	8
3979	8
3980	9
3981	8
3982	8
3983	8
3985	8
3986	9
3987	1
3988	1
3989	7
3990	7
3991	6
3992	6
3993	1
3994	7
3995	7
3996	1
3997	1
3998	1
3999	1
4000	6
4001	6
4002	1
4003	7
4004	7
4005	7
4006	7
4007	7
4008	1
4009	1
4010	7
4011	7
4012	7
4013	7
4014	7
4015	7
4016	7
4017	7
4018	7
4019	1
4020	7
4021	1
4022	1
4023	1
4024	7
4025	1
4026	1
4027	6
4028	7
4029	7
4030	1
4031	1
4032	1
4033	1
4034	7
4035	1
4036	7
4037	1
4038	1
4039	1
4040	7
4041	7
4042	1
4043	1
4044	1
4045	7
4046	1
4047	1
4048	7
4049	0
4050	1
4051	6
4052	6
4053	0
4054	0
4055	0
4056	0
4057	0
4058	0
4059	0
4060	0
4061	0
4062	0
4063	0
4064	0
4065	0
4066	0
4067	0
4068	0
4069	0
4070	0
4071	0
4072	0
4073	0
4074	0
4075	0
4076	0
4077	0
4078	8
4079	8
4080	8
4081	0
4082	8
4083	8
4084	8
4085	8
4086	8
4087	8
4088	6
4089	6
4090	6
4091	8
4092	8
4093	8
4094	8
4095	8
4096	8
4097	8
4098	8
4099	8
4100	8
4101	8
4102	8
4103	8
4104	8
4105	8
4106	8
4107	8
4108	8
4109	8
4110	0
4111	8
4112	8
4113	8
4114	8
4115	9
4116	8
4117	8
4118	8
4119	8
4120	8
4121	8
4122	0
4123	0
4124	8
4125	8
4126	8
4127	8
4128	8
4129	8
4130	8
4131	6
4132	6
4133	8
4134	8
4135	6
4136	8
4137	8
4138	8
4139	8
4140	8
4141	8
4142	8
4143	8
4144	8
4145	8
4146	8
4147	6
4148	0
4149	6
4150	0
4151	8
4152	0
4153	6
4154	8
4155	8
4156	6
4157	8
4158	8
4159	8
4160	0
4161	7
4162	0
4163	7
4164	7
4165	7
4166	7
4167	7
4168	7
4169	7
4170	7
4171	7
4172	7
4173	7
4174	7
4175	7
4176	7
4177	7
4178	7
4179	7
4180	7
4181	7
4182	7
4183	7
4184	7
4185	7
4186	7
4187	7
4188	7
4189	7
4190	7
4191	7
4192	7
4193	7
4194	7
4195	7
4196	1
4197	7
4198	7
4199	7
4200	7
4201	7
4202	7
4203	7
4204	7
4205	1
4206	7
4207	7
4208	7
4209	8
4210	8
4211	8
4212	8
4213	8
4214	8
4215	8
4216	8
4217	8
4218	8
4219	8
4220	8
4221	8
4222	8
4223	8
4224	8
4225	8
4226	8
4227	8
4228	8
4229	9
4230	8
4231	8
4232	8
4233	8
4234	8
4235	8
4236	8
4237	8
4238	8
4239	8
4240	8
4241	8
4242	9
4243	8
4244	8
4245	9
4246	9
4247	9
4248	8
4249	9
4250	8
4251	8
4252	8
4253	8
4254	8
4255	8
4256	8
4257	8
4258	8
4259	8
4260	8
4261	8
4262	8
4263	8
4264	8
4265	8
4266	9
4267	9
4268	9
4269	9
4270	9
4271	9
4272	9
4273	7
4274	9
4275	7
4276	7
4277	7
4278	7
4279	0
4280	0
4281	7
4282	7
4283	7
4284	9
4285	7
4286	9
4287	1
4288	1
4289	9
4290	0
4291	0
4292	7
4293	7
4294	7
4295	7
4296	7
4297	7
4298	7
4299	9
4300	7
4301	7
4302	7
4303	7
4304	7
4305	7
4306	7
4307	7
4308	7
4309	7
4310	7
4311	7
4312	7
4313	7
4314	7
4315	7
4316	7
4317	7
4318	7
4319	7
4320	7
4321	7
4322	7
4323	7
4324	7
4325	7
4326	7
4327	7
4328	7
4329	9
4330	7
4331	7
4332	7
4333	7
4334	0
4335	0
4336	9
4337	0
4338	0
4339	7
4340	9
4341	7
4342	9
4343	7
4344	9
4345	9
4346	9
4347	9
4348	7
4349	7
4350	7
4351	0
4352	7
4353	9
4354	9
4355	9
4356	9
4357	9
4358	9
4359	9
4360	9
4361	9
4362	7
4363	9
4364	9
4365	7
4366	9
4367	7
4368	7
4369	7
4370	1
4371	7
4372	7
4373	7
4374	9
4375	9
4376	7
4377	9
4378	1
4379	7
4380	9
4381	7
4382	9
4383	9
4384	9
4385	9
4386	9
4387	9
4388	9
4389	9
4390	9
4391	7
4392	7
4393	7
4394	7
4395	9
4396	7
4397	0
4398	7
4399	7
4400	7
4401	7
4402	7
4403	7
4404	9
4405	9
4406	9
4407	9
4408	9
4409	9
4410	9
4411	9
4412	9
4413	9
4414	9
4415	9
4416	9
4417	9
4418	9
4419	7
4420	7
4421	9
4422	9
4423	7
4424	7
4425	9
4426	9
4427	7
4428	9
4429	7
4430	7
4431	9
4432	9
4433	9
4434	9
4435	9
4436	9
4437	9
4438	9
4439	9
4440	9
4441	7
4442	7
4443	7
4444	7
4445	9
4446	7
4447	7
4448	9
4449	1
4450	7
4451	9
4452	7
4453	7
4454	9
4455	9
4456	7
4457	7
4458	0
4459	9
4460	7
4461	7
4462	7
4463	7
4464	9
4465	9
4466	9
4467	7
4468	9
4469	7
4470	7
4471	9
4472	7
4473	7
4474	9
4475	7
4476	7
4477	7
4478	7
4479	9
4480	7
4481	1
4482	1
4483	7
4484	9
4485	9
4486	9
4487	9
4488	9
4489	9
4490	8
4496	8
4497	8
4498	8
4499	8
4500	0
4501	0
4502	0
4503	0
4504	0
4510	8
4511	0
4512	0
4513	8
4514	0
4515	8
4516	8
4517	8
4518	8
4519	0
4520	0
4521	0
4522	8
4523	8
4524	8
4525	8
4526	8
4527	7
4528	7
4529	7
4530	7
4531	7
4532	7
4533	7
4534	7
4535	7
4536	7
4537	7
4538	7
4539	7
4540	7
4541	7
4542	7
4543	7
4544	7
4545	7
4546	7
4547	7
4548	7
4549	7
4550	7
4551	7
4552	7
4553	7
4554	6
4555	5
4556	8
4557	8
4558	3
4559	3
4560	6
4561	3
4562	6
4563	3
4564	6
4565	3
4566	3
4567	3
4568	6
4569	6
4570	5
4571	6
4572	6
4573	5
4574	8
4575	8
4576	1
4577	8
4578	6
4579	6
4580	6
4581	5
4582	8
4583	6
4584	6
4585	6
4586	8
4587	8
4588	5
4589	8
4590	6
4591	7
4592	3
4596	3
4597	8
4599	8
4600	8
4601	8
4602	8
4603	8
4607	8
4608	1
4609	5
4610	6
4611	5
4612	6
4613	8
4614	3
4615	3
4616	8
4617	8
4618	8
4619	8
4620	8
4621	8
4622	8
4623	1
4624	8
4625	8
4626	6
4627	6
4628	5
4629	1
4630	5
4631	5
4632	5
4633	5
4634	8
4635	8
4636	8
4637	8
4638	8
4639	8
4640	8
4641	8
4642	5
4643	5
4644	1
4645	5
4646	6
4647	8
4648	8
4649	8
4650	8
4651	3
4652	6
4653	8
4654	8
4655	8
4656	8
4657	5
4658	6
4659	5
4660	5
4661	8
4662	1
4663	6
4664	8
4665	3
4666	3
4667	3
4668	3
4669	3
4670	6
4671	1
4672	5
4673	5
4674	5
4675	0
4676	8
4677	8
4678	7
4679	1
4680	8
4681	5
4682	1
4683	5
4684	5
4685	6
4686	6
4687	6
4688	6
4689	3
4690	6
4691	6
4692	5
4693	5
4694	5
4695	5
4696	5
4697	5
4698	5
4699	6
4700	5
4701	5
4702	5
4703	6
4704	5
4705	5
4706	6
4707	3
4708	5
4709	8
4710	5
4711	5
4712	5
4713	5
4714	5
4715	5
4716	5
4717	5
4718	5
4719	6
4720	6
4721	6
4722	3
4723	6
4724	3
4725	8
4726	5
4727	3
4728	6
4729	3
4730	8
4731	5
4732	5
4733	8
4734	3
4735	5
4736	3
4737	3
4738	6
4739	6
4740	5
4741	5
4742	5
4743	8
4744	5
4745	3
4746	3
4747	8
4748	3
4749	8
4750	3
4751	8
4752	3
4753	6
4754	3
4755	3
4756	3
4757	3
4758	6
4759	6
4760	6
4761	6
4762	6
4763	6
4764	6
4765	8
4766	3
4767	3
4768	3
4769	3
4770	6
4771	3
4772	8
4773	6
4774	6
4775	6
4776	3
4777	6
4778	8
4779	8
4780	8
4781	6
4782	6
4783	6
4784	8
4785	6
4786	3
4787	6
4788	8
4789	3
4790	8
4791	8
4792	6
4793	3
4794	3
4795	3
4796	6
4797	6
4798	6
4799	5
4800	6
4801	6
4802	3
4803	3
4804	3
4805	3
4806	6
4807	5
4808	6
4809	5
4810	5
4811	5
4812	3
4813	6
4815	8
4816	8
4817	8
4818	8
4819	8
4820	8
4821	8
4822	8
4823	8
4826	3
4827	6
4828	3
4829	3
4830	3
4831	3
4832	6
4833	3
4834	3
4835	3
4836	3
4837	3
4838	3
4839	6
4840	3
4841	3
4842	3
4843	3
4844	3
4845	6
4846	6
4847	6
4848	5
4849	6
4850	6
4851	3
4852	6
4853	3
4854	3
4855	3
4856	6
4857	6
4858	6
4859	3
4860	6
4861	6
4862	6
4863	3
4864	6
4865	6
4866	6
4867	5
4868	5
4869	5
4870	5
4871	5
4872	1
4873	6
4874	0
4875	6
4876	6
4877	6
4878	8
4879	8
4880	6
4881	3
4882	3
4883	6
4884	3
4885	3
4886	6
4887	6
4888	6
4889	6
4890	6
4891	3
4892	5
4893	5
4894	5
4895	5
4896	5
4897	8
4898	6
4899	6
4900	6
4901	0
4902	0
4903	0
4904	9
4905	8
4906	3
4907	9
4908	0
4909	8
4910	3
4911	3
4912	8
4913	8
4914	3
4915	3
4916	3
4917	8
4918	6
4919	6
4920	6
4921	6
4922	6
4923	3
4924	3
4925	3
4926	8
4927	8
4928	8
4929	3
4930	3
4931	3
4932	8
4933	3
4934	0
4935	1
4936	6
4937	6
4938	6
4939	3
4940	0
4941	6
4942	0
4943	6
4944	5
4945	6
4946	5
4947	6
4948	8
4949	8
4950	8
4951	9
4953	9
4954	9
4955	9
4956	9
4958	9
4959	9
4961	9
4966	9
4968	1
4969	1
4970	1
4971	1
4972	1
4973	7
4974	8
4975	7
4976	7
4977	7
4978	1
4979	1
4980	1
4981	1
4982	1
4983	1
4984	1
4985	1
4986	1
4987	1
4988	7
4989	7
4990	1
4991	7
4992	7
4993	7
4994	1
4995	7
4996	1
4997	1
4998	1
4999	1
5000	1
5001	1
5002	1
5003	1
5004	7
5005	1
5006	7
5007	7
5008	7
5009	7
5010	7
5011	7
5012	7
5013	7
5014	7
5015	7
5016	7
5017	7
5018	1
5019	1
5020	1
5021	8
5022	1
5023	7
5024	7
5025	1
5026	1
5027	1
5028	1
5029	1
5030	1
5031	8
5032	8
5033	1
5034	8
5035	1
5036	8
5037	1
5038	1
5039	1
5040	1
5041	1
5042	1
5043	1
5044	1
5045	1
5046	1
5047	1
5048	1
5049	1
5050	1
5051	1
5052	1
5053	8
5054	1
5055	1
5058	1
5059	1
5063	1
5066	9
5067	8
5068	1
5069	8
5070	8
5071	7
5072	1
5073	1
5074	1
5075	8
5076	8
5077	1
5078	1
5079	1
5080	8
5081	1
5082	8
5083	8
5084	1
5085	1
5086	1
5087	1
5088	1
5089	1
5090	1
5091	1
5092	0
5093	6
5094	0
5095	0
5096	0
5097	0
5098	0
5099	0
5100	0
5101	0
5102	0
5103	0
5104	0
5105	0
5106	0
5107	0
5108	0
5109	0
5110	0
5111	0
5112	0
5113	0
5114	0
5115	0
5116	0
5117	0
5118	0
5119	5
5120	9
5121	9
5122	9
5123	9
5124	3
5125	2
5126	2
5127	4
5128	9
5129	9
5130	9
5131	4
5132	9
5133	4
5134	5
5135	5
5136	5
5137	5
5138	9
5139	5
5140	5
5141	5
5142	9
5143	5
5144	4
5145	5
5146	9
5147	9
5148	7
5149	5
5150	3
5151	3
5152	3
5153	5
5154	5
5155	7
5156	7
5157	5
5158	5
5159	5
5160	7
5161	4
5162	4
5163	9
5164	4
5165	4
5166	3
5167	3
5168	9
5169	3
5170	3
5171	3
5172	3
5173	8
5174	9
5175	4
5176	4
5177	5
5178	8
5179	9
5180	9
5181	5
5182	5
5183	5
5184	9
5185	5
5186	9
5187	4
5188	7
5189	7
5190	9
5191	9
5192	3
5193	5
5194	3
5195	9
5196	3
5197	3
5198	3
5199	3
5200	3
5201	7
5202	5
5203	5
5204	5
5205	5
5206	5
5207	5
5208	5
5209	5
5210	3
5211	5
5212	9
5213	1
5214	1
5215	9
5216	9
5217	1
5218	9
5219	3
5220	3
5221	3
5222	9
5223	5
5224	9
5225	7
5226	2
5227	9
5228	1
5229	7
5230	4
5231	5
5232	9
5233	7
5234	7
5235	5
5236	9
5237	7
5238	1
5239	1
5240	4
5241	3
5242	5
5243	3
5244	3
5245	5
5246	7
5247	7
5248	5
5249	5
5250	2
5251	9
5252	4
5253	7
5254	1
5255	2
5256	9
5257	9
5258	9
5259	9
5260	3
5261	9
5262	9
5263	9
5264	9
5265	9
5266	5
5267	4
5268	4
5269	4
5270	4
5271	2
5272	5
5273	7
5274	7
5275	5
5276	5
5277	5
5278	5
5279	9
5280	7
5281	5
5282	3
5283	3
5284	3
5285	4
5286	9
5287	9
5288	3
5289	5
5290	9
5291	2
5292	4
5293	4
5294	9
5295	2
5296	9
5297	9
5298	9
5299	4
5300	4
5301	4
5302	7
5303	9
5304	9
5305	9
5306	3
5307	5
5308	5
5309	5
5310	9
5311	4
5312	4
5313	4
5314	4
5315	7
5316	5
5317	5
5318	5
5319	5
5320	4
5321	9
5322	1
5324	9
5325	9
5326	7
5327	9
5328	9
5329	9
5330	5
5331	9
5332	9
5333	1
5334	9
5335	2
5336	2
5337	2
5338	2
5339	2
5340	2
5341	2
5342	4
5343	5
5344	9
5345	5
5346	2
5347	9
5348	1
5349	9
5350	7
5351	9
5352	7
5353	1
5354	9
5355	5
5356	9
5357	7
5358	9
5359	5
5360	9
5361	5
5362	9
5363	9
5364	9
5365	9
5366	5
5367	2
5368	4
5369	4
5370	4
5371	4
5372	4
5373	9
5374	2
5375	2
5376	5
5377	4
5378	9
5379	4
5380	3
5381	7
5382	5
5383	5
5384	4
5385	1
5386	2
5387	2
5388	2
5389	2
5390	4
5391	2
5392	3
5393	9
5394	9
5395	2
5396	2
5397	2
5398	9
5399	5
5400	9
5401	7
5402	9
5403	4
5404	2
5405	2
5406	4
5407	4
5408	4
5409	9
5410	5
5411	5
5412	5
5413	5
5414	5
5415	4
5416	9
5417	4
5418	7
5419	9
5420	9
5421	9
5422	5
5423	9
5424	7
5425	4
5426	9
5427	5
5428	5
5429	2
5430	2
5431	2
5432	2
5433	4
5434	9
5435	4
5436	9
5437	2
5438	2
5439	9
5440	2
5441	2
5442	9
5443	4
5444	7
5445	9
5446	5
5447	2
5448	2
5449	4
5450	2
5451	2
5452	4
5453	2
5454	5
5455	5
5456	7
5457	9
5458	5
5459	4
5460	9
5461	4
5462	9
5463	4
5464	7
5465	5
5466	9
5467	7
5468	9
5469	9
5470	5
5471	4
5472	7
5473	5
5474	2
5475	9
5476	9
5477	5
5478	3
5479	1
5480	7
5481	5
5482	5
5483	4
5484	4
5485	5
5486	2
5487	2
5488	9
5489	2
5490	2
5491	9
5492	3
5493	9
5494	9
5495	3
5496	5
5497	4
5498	1
5499	7
5500	9
5501	9
5502	2
5503	2
5504	9
5505	2
5506	4
5507	4
5508	4
5509	9
5510	4
5511	2
5512	7
5513	7
5514	1
5515	1
5516	4
5517	2
5518	4
5519	4
5520	4
5521	5
5522	8
5523	9
5524	9
5525	9
5526	2
5527	5
5528	9
5529	4
5530	4
5531	9
5532	4
5533	5
5534	4
5535	4
5536	4
5537	4
5538	4
5539	4
5540	2
5541	2
5542	2
5543	2
5544	2
5545	9
5546	2
5547	9
5548	4
5549	7
5550	9
5551	3
5552	4
5553	2
5554	2
5555	2
5556	9
5557	1
5558	1
5559	1
5560	1
5561	1
5562	4
5563	5
5564	5
5565	5
5566	5
5567	5
5568	5
5569	9
5570	9
5571	7
5572	9
5573	5
5574	9
5575	7
5576	9
5577	9
5578	4
5579	9
5580	4
5581	9
5582	9
5583	4
5584	4
5585	9
5586	4
5587	2
5588	9
5589	9
5590	9
5591	9
5592	3
5593	9
5594	3
5595	3
5596	2
5597	2
5598	2
5599	2
5600	2
5601	9
5602	1
5603	9
5604	1
5605	7
5606	9
5607	9
5608	9
5609	4
5610	1
5611	4
5612	9
5613	9
5614	1
5615	9
5616	5
5617	9
5618	4
5619	5
5620	7
5621	9
5622	7
5623	5
5624	9
5625	5
5626	3
5627	9
5628	4
5629	5
5630	9
5631	2
5632	9
5633	4
5634	4
5635	9
5636	9
5637	2
5638	9
5639	9
5640	9
5641	4
5642	5
5643	9
5644	9
5645	9
5646	5
5647	9
5648	9
5649	3
5650	3
5651	9
5652	2
5653	2
5654	2
5655	2
5656	4
5657	2
5658	5
5659	2
5660	2
5661	9
5662	9
5663	9
5664	9
5665	4
5666	9
5667	9
5668	5
5669	2
5670	4
5671	7
5672	9
5673	3
5674	3
5675	7
5676	3
5677	7
5678	4
5679	4
5680	4
5681	9
5682	9
5683	9
5684	9
5685	9
5686	9
5687	1
5688	4
5689	5
5690	9
5691	3
5692	9
5693	3
5694	9
5695	7
5696	5
5697	9
5698	5
5699	2
5700	2
5701	4
5702	2
5703	2
5704	2
5705	5
5706	9
5707	4
5708	4
5709	7
5710	2
5711	2
5712	9
5713	7
5714	7
5715	9
5716	5
5717	4
5718	9
5719	9
5720	7
5721	8
5722	5
5723	7
5725	7
5726	4
5727	9
5728	4
5729	9
5730	2
5731	4
5732	9
5733	9
5734	2
5735	9
5736	2
5737	9
5738	1
5739	5
5740	9
5741	9
5742	9
5743	9
5744	9
5745	4
5746	9
5747	9
5748	9
5749	4
5750	2
5751	2
5752	2
5753	2
5754	2
5755	2
5756	4
5757	1
5758	1
5759	3
5766	5
5767	9
5768	9
5769	9
5770	7
5771	4
5772	5
5773	5
5774	2
5775	4
5776	9
5777	7
5778	9
5779	4
5780	4
5781	2
5782	7
5783	7
5784	7
5785	7
5786	7
5787	5
5788	5
5789	5
5790	5
5791	5
5792	5
5793	5
5794	9
5795	9
5796	9
5797	3
5798	5
5799	9
5800	5
5801	2
5802	2
5803	2
5804	2
5805	9
5806	4
5807	9
5810	7
5811	5
5812	4
5813	7
5814	7
5815	7
5816	7
5817	7
5818	7
5819	5
5820	9
5821	9
5822	7
5823	9
5824	9
5825	5
5826	9
5827	2
5828	7
5829	9
5830	2
5831	4
5832	7
5833	5
5834	7
5835	7
5836	7
5837	5
5838	7
5839	7
5840	7
5841	7
5842	7
5843	9
5844	3
5845	9
5846	3
5847	9
5848	5
5849	9
5850	9
5851	2
5852	9
5853	5
5854	9
5855	9
5856	5
5857	5
5858	5
5859	9
5860	5
5861	7
5862	5
5863	9
5864	7
5865	2
5866	5
5867	5
5868	5
5869	2
5870	7
5871	7
5872	3
5873	2
5874	5
5875	5
5876	7
5877	7
5878	5
5879	5
5880	5
5881	9
5882	5
5883	5
5884	1
5885	9
5886	9
5887	9
5888	9
5889	9
5890	9
5891	7
5892	1
5893	0
5894	0
5895	7
5896	7
5897	1
5898	1
5899	7
5900	7
5901	0
5902	7
5903	7
5904	7
5905	7
5906	7
5907	7
5908	7
5909	7
5910	7
5911	7
5912	7
5913	7
5914	7
5915	7
5916	7
5917	7
5918	7
5919	7
5920	7
5921	7
5922	0
5923	7
5924	7
5925	7
5926	7
5927	7
5928	7
5929	7
5930	7
5931	7
5932	7
5933	7
5934	7
5935	7
5936	7
5937	7
5938	7
5939	7
5940	7
5941	7
5942	7
5943	7
5944	7
5945	7
5946	7
5947	7
5948	7
5949	7
5950	0
5951	7
5952	7
5953	7
5954	7
5955	7
5956	7
5957	7
5958	7
5959	7
5960	7
5961	7
5962	7
5963	7
5964	7
5965	7
5966	7
5967	7
5968	7
5969	7
5970	0
5971	7
5972	7
5973	7
5974	7
5975	0
5976	0
5977	0
5978	7
5979	7
5980	7
5981	7
5982	7
5983	7
5984	7
5985	7
5986	7
5987	7
5988	7
5989	7
5990	0
5991	7
5992	7
5993	7
5994	7
5995	7
5996	7
5997	7
5998	7
5999	7
6000	7
6001	7
6002	7
6003	7
6004	7
6005	7
6006	7
6007	7
6008	7
6009	7
6010	0
6011	7
6012	7
6013	7
6014	7
6015	7
6016	7
6017	0
6018	7
6019	7
6020	7
6021	7
6022	7
6023	7
6024	7
6025	7
6026	7
6027	0
6028	0
6029	7
6030	7
6031	7
6032	0
6033	0
6034	7
6035	7
6036	7
6037	7
6038	7
6039	7
6040	7
6041	7
6042	7
6043	7
6044	7
6045	7
6046	7
6047	7
6048	0
6049	7
6050	7
6051	7
6052	7
6053	7
6054	7
6055	0
6056	0
6057	7
6058	0
6059	7
6060	7
6061	0
6062	7
6063	7
6064	7
6065	7
6066	7
6067	7
6068	7
6069	7
6070	0
6071	7
6072	7
6073	7
6074	7
6075	7
6076	0
6077	7
6078	0
6079	7
6080	7
6081	7
6082	7
6083	7
6084	0
6085	7
6086	0
6087	0
6088	7
6089	7
6090	7
6091	7
6092	7
6093	7
6094	0
6095	7
6096	7
6097	7
6098	7
6099	7
6100	7
6101	7
6102	7
6103	7
6104	7
6105	7
6106	7
6107	7
6108	7
6109	7
6110	7
6111	7
6112	0
6113	0
6114	0
6115	7
6116	0
6117	7
6118	7
6119	7
6120	7
6121	7
6122	7
6123	7
6124	7
6125	7
6126	0
6127	0
6128	7
6129	7
6130	7
6131	0
6132	7
6133	7
6134	0
6135	7
6136	7
6137	7
6138	0
6139	0
6140	7
6141	7
6142	7
6143	7
6144	7
6145	7
6146	7
6147	7
6148	7
6149	7
6150	7
6151	7
6152	0
6153	7
6154	7
6155	7
6156	7
6157	7
6158	1
6159	7
6160	7
6161	7
6162	7
6163	7
6164	7
6165	0
6166	7
6167	7
6168	7
6169	7
6170	7
6171	7
6172	7
6173	7
6174	7
6175	7
6176	7
6177	7
6178	7
6179	7
6180	7
6181	7
6182	7
6183	7
6184	7
6185	0
6186	7
6187	1
6188	1
6189	7
6190	1
6191	7
6192	7
6193	7
6194	7
6195	0
6196	7
6197	7
6198	7
6199	7
6200	7
6201	0
6202	7
6203	1
6204	7
6205	1
6206	7
6207	7
6208	7
6209	7
6210	7
6211	7
6212	7
6213	1
6214	7
6215	7
6216	1
6217	7
6218	7
6219	7
6220	1
6221	7
6222	7
6223	7
6224	7
6225	7
6226	1
6227	1
6228	7
6229	7
6230	1
6231	7
6232	7
6233	7
6234	7
6235	7
6236	7
6237	1
6238	1
6239	9
6240	8
6241	9
6242	8
6243	8
6244	8
6245	8
6246	8
6247	8
6248	8
6249	9
6250	9
6251	8
6252	9
6253	8
6254	8
6255	8
6256	8
6257	8
6258	8
6259	9
6260	8
6261	8
6262	8
6263	8
6264	8
6265	9
6266	8
6267	9
6268	8
6269	8
6270	8
6271	8
6272	9
6273	8
6274	8
6275	9
6276	9
6277	9
6278	9
6279	9
6280	9
6281	8
6282	9
6283	8
6284	8
6285	9
6286	9
6287	9
6288	9
6289	8
6290	9
6291	9
6292	9
6293	8
6294	9
6295	8
6296	8
6297	9
6298	9
6299	8
6300	8
6301	8
6302	8
6303	8
6304	8
6305	8
6306	8
6307	8
6308	8
6309	8
6310	8
6311	8
6312	9
6313	8
6314	8
6315	8
6316	8
6317	9
6318	8
6319	8
6320	8
6321	9
6322	9
6323	9
6324	9
6325	8
6326	8
6327	8
6328	8
6329	8
6330	8
6331	8
6332	8
6333	8
6334	8
6335	8
6336	8
6337	8
6338	8
6339	8
6340	9
6341	8
6342	9
6343	8
6344	9
6345	8
6346	8
6347	8
6348	9
6349	8
6350	9
6351	8
6352	9
6353	8
6354	8
6355	8
6356	8
6357	8
6358	8
6359	8
6360	8
6361	8
6362	3
6363	9
6364	8
6365	8
6366	8
6367	8
6368	9
6369	9
6370	6
6371	8
6372	8
6373	9
6374	3
6375	9
6376	8
6377	8
6378	8
6379	8
6380	9
6381	9
6382	9
6383	9
6384	9
6385	9
6386	8
6387	9
6388	9
6389	9
6390	9
6391	8
6392	8
6393	6
6394	8
6395	8
6396	8
6397	9
6398	8
6399	9
6400	8
6401	8
6402	8
6403	8
6404	9
6405	8
6406	8
6407	8
6408	8
6409	6
6410	9
6411	9
6412	8
6413	9
6414	8
6415	8
6416	8
6417	8
6418	8
6419	8
6420	9
6421	8
6422	8
6423	8
6424	8
6425	8
6426	8
6427	8
6428	8
6429	8
6430	8
6431	9
6432	8
6433	9
6435	9
6436	8
6437	9
6438	9
6439	8
6440	9
6441	9
6442	8
6443	8
6444	8
6445	8
6446	8
6447	9
6448	9
6449	8
6450	9
6451	8
6452	8
6453	8
6454	9
6455	8
6456	9
6457	8
6458	8
6459	9
6460	9
6461	9
6462	9
6463	6
6464	8
6465	6
6466	8
6467	8
6468	9
6469	9
6470	8
6471	8
6472	8
6474	8
6475	8
6476	9
6477	8
6478	8
6479	8
6480	8
6481	9
6482	9
6483	9
6484	9
6485	8
6486	8
6487	8
6488	8
6489	8
6490	8
6491	8
6492	8
6493	8
6494	9
6495	9
6496	8
6497	9
6498	9
6499	8
6500	6
6501	9
6502	8
6503	9
6504	8
6505	9
6506	8
6507	9
6508	8
6509	8
6510	8
6511	8
6512	9
6513	8
6514	8
6515	8
6516	8
6517	8
6518	8
6519	8
6520	8
6521	8
6522	8
6523	8
6524	8
6525	8
6526	8
6527	8
6528	8
6529	8
6530	8
6531	8
6532	8
6533	8
6534	8
6535	8
6536	9
6537	9
6538	9
6539	8
6540	8
6541	8
6542	8
6543	8
6544	0
6545	8
6546	9
6547	9
6548	8
6549	8
6550	8
6551	8
6552	3
6553	9
6554	8
6555	8
6556	8
6557	8
6558	0
6559	8
6560	8
6561	8
6562	0
6563	0
6564	0
6565	1
6566	1
6567	1
6568	1
6569	1
6570	1
6571	1
6572	1
6573	1
6574	1
6575	7
6576	1
6577	1
6578	1
6579	1
6580	1
6581	1
6582	1
6583	1
6584	1
6585	1
6586	1
6587	7
6588	1
6589	1
6590	7
6591	1
6592	7
6593	7
6594	7
6595	7
6596	7
6597	7
6598	7
6599	7
6600	7
6601	7
6602	7
6603	7
6604	7
6605	7
6606	1
6607	1
6608	1
6609	7
6610	7
6611	7
6612	7
6613	7
6614	7
6615	7
6616	7
6617	7
6618	1
6619	1
6620	1
6621	1
6622	1
6623	1
6624	1
6625	1
6626	8
6627	8
6628	8
6629	1
6630	8
6631	8
6632	8
6633	8
6634	8
6635	8
6636	8
6637	8
6638	8
6639	8
6640	1
6641	8
6642	8
6643	1
6644	8
6645	8
6646	7
6647	8
6648	7
6650	7
6651	8
6652	8
6653	7
6654	7
6655	7
6656	7
6657	8
6658	8
6659	7
6660	7
6661	8
6662	8
6663	8
6664	8
6665	8
6666	8
6667	8
6668	8
6669	8
6671	8
6672	8
6679	7
6683	8
6684	8
6685	8
6686	8
6687	9
6688	9
6689	9
6690	8
6691	8
6692	8
6693	8
6694	1
6695	8
6696	8
6697	8
6698	8
6699	8
6700	8
6701	8
6702	8
6703	8
6704	8
6705	8
6706	8
6707	8
6708	8
6709	8
6710	8
6711	8
6712	8
6713	8
6714	8
6715	8
6716	8
6717	8
6718	9
6719	8
6720	8
6721	8
6722	8
6723	8
6724	8
6725	8
6726	8
6727	7
6728	7
6729	8
6730	7
6731	8
6732	8
6733	8
6734	7
6735	7
6736	7
6737	7
6738	7
6739	7
6740	7
6741	1
6742	8
6743	8
6744	8
6745	8
6746	8
6747	8
6748	7
6749	7
6750	8
6751	7
6752	8
6753	8
6754	8
6755	8
6756	8
6757	8
6758	8
6759	8
6760	1
6761	1
6762	1
6763	8
6764	0
6765	0
6766	0
6767	7
6768	7
6769	7
6770	7
6771	7
6772	7
6773	7
6774	7
6775	7
6776	7
6777	7
6778	7
6779	7
6780	7
6781	7
6782	7
6783	7
6784	7
6785	7
6786	7
6787	7
6788	7
6789	7
6790	7
6791	7
6792	7
6793	7
6794	7
6795	7
6796	7
6797	7
6798	7
6799	7
6800	7
6801	7
6802	7
6803	7
6804	7
6805	7
6806	7
6807	7
6808	7
6809	7
6810	7
6811	0
6812	7
6813	7
6814	7
6815	0
6816	0
6817	0
6818	0
6819	7
6820	6
6821	6
6822	6
6823	7
6824	6
6825	0
6826	0
6827	6
6828	0
6829	0
6830	0
6831	6
6832	6
6833	6
6834	1
6835	1
6836	1
6837	0
6838	0
6839	0
6840	1
6841	1
6842	0
6843	6
6844	6
6845	1
6846	6
6847	0
6848	6
6849	0
6850	0
6851	0
6852	0
6853	0
6854	0
6855	6
6856	0
6857	0
6858	0
6859	6
6860	6
6861	0
6862	6
6863	0
6864	6
6865	6
6866	6
6867	6
6868	7
6869	6
6870	6
6871	6
6872	7
6873	6
6874	6
6875	7
6876	6
6877	7
6878	0
6879	1
6880	0
6881	1
6882	7
6883	0
6884	0
6885	1
6886	7
6887	0
6888	1
6889	1
6890	0
6891	7
6892	1
6893	1
6894	7
6895	1
6896	7
6897	1
6898	1
6899	1
6900	1
6901	1
6902	7
6903	6
6904	7
6905	7
6906	7
6907	1
6908	1
6909	1
6910	1
6911	1
6912	7
6913	7
6914	6
6915	6
6916	6
6917	6
6918	6
6919	6
6920	6
6921	6
6922	1
6923	6
6924	7
6925	6
6926	6
6927	6
6928	7
6929	6
6930	6
6931	7
6932	7
6933	6
6934	6
6935	7
6936	7
6937	6
6938	1
6939	6
6940	1
6941	1
6942	0
6943	0
6944	0
6945	0
6946	1
6947	1
6948	0
6949	0
6950	1
6951	6
6952	6
6953	6
6954	6
6955	6
6956	1
6957	6
6958	0
6959	0
6960	0
6961	0
6962	0
6963	0
6964	0
6965	6
6966	0
