1	1
2	7
3	1
4	0
5	1
6	0
7	0
8	7
9	7
10	0
11	0
12	0
13	0
14	0
15	0
16	0
17	7
18	1
19	1
20	7
21	7
22	1
23	1
24	7
25	1
26	1
27	1
28	1
29	1
30	1
31	7
32	7
33	7
34	7
35	7
36	7
37	7
38	7
39	7
40	7
41	7
42	7
43	7
44	7
45	7
46	7
47	7
48	7
49	7
50	7
51	7
52	7
53	7
54	7
55	7
56	7
57	7
58	7
59	7
60	7
61	7
62	1
63	1
64	1
65	0
66	1
67	1
68	0
69	0
70	1
71	7
72	1
73	1
74	1
75	1
76	1
77	1
78	1
79	1
80	1
81	1
82	1
83	1
84	1
85	0
86	1
87	1
88	1
89	1
90	1
91	1
92	1
93	1
94	1
95	1
96	1
97	1
98	0
99	1
100	1
101	1
102	0
103	1
104	1
105	0
106	1
107	1
108	1
109	1
110	1
111	1
112	7
113	0
114	0
115	1
116	1
117	0
118	0
119	1
120	7
121	1
122	7
123	0
124	1
125	0
126	0
127	0
128	0
129	0
130	1
131	1
132	0
133	0
134	0
135	0
136	0
137	0
138	0
139	1
140	1
141	0
142	0
143	1
144	1
145	1
146	0
147	1
148	0
149	7
150	0
151	0
152	1
153	1
154	1
155	7
156	1
157	1
158	7
159	1
160	1
161	1
162	0
163	0
164	1
165	0
166	1
167	1
168	0
169	0
170	1
171	0
172	0
173	0
174	0
175	0
176	0
177	0
178	0
179	0
180	0
181	0
182	1
183	0
184	7
185	1
186	1
187	1
188	1
189	1
190	1
191	1
192	1
193	1
194	0
195	0
196	0
197	0
198	0
199	0
200	0
201	0
202	0
203	0
204	0
205	1
206	1
207	1
208	1
209	1
210	1
211	1
212	1
213	1
214	1
215	0
216	1
217	0
218	0
219	0
220	0
221	0
222	0
223	0
224	1
225	1
226	1
227	1
228	1
229	0
230	0
231	0
232	0
233	1
234	1
235	1
236	1
237	1
238	1
239	1
240	1
241	1
242	0
243	0
244	1
245	1
246	1
247	0
248	1
249	0
250	1
251	1
252	6
253	7
254	6
255	1
256	7
257	9
258	0
259	0
260	7
261	9
262	7
263	7
264	7
265	7
266	7
267	7
268	7
269	7
270	7
271	9
272	7
273	7
274	7
275	1
276	7
277	7
278	9
279	9
280	7
281	9
282	9
283	9
284	9
285	9
286	9
287	9
288	7
289	7
290	7
291	7
292	7
293	7
294	7
295	0
296	9
297	9
298	7
299	7
300	9
301	9
302	9
303	9
304	7
305	7
306	7
307	7
308	9
309	7
310	7
311	7
312	7
313	7
314	7
315	7
316	7
317	7
318	7
319	0
320	7
321	7
322	7
323	7
324	7
325	9
326	9
327	0
328	9
329	7
330	7
331	7
332	7
333	7
334	9
335	9
336	9
337	0
338	0
339	0
340	0
341	7
342	7
343	9
344	9
345	9
346	9
347	9
348	9
349	9
350	9
351	9
352	9
353	9
354	9
355	9
357	9
358	9
359	9
360	9
361	9
362	9
363	9
365	9
366	9
367	9
368	9
369	9
370	9
372	9
373	9
374	9
375	9
376	9
377	9
378	9
379	9
380	9
381	9
382	9
383	9
384	9
385	9
386	9
387	9
388	9
389	9
390	9
391	9
392	9
393	9
394	9
395	9
396	9
397	9
398	9
399	9
400	9
401	9
402	9
403	9
404	9
405	9
406	9
407	9
408	9
409	9
410	9
411	9
412	9
413	9
414	9
415	9
416	9
417	9
418	9
419	9
420	9
421	9
422	9
423	9
424	9
425	9
426	9
427	9
428	9
429	9
430	9
431	9
432	9
434	9
435	9
436	9
438	9
439	0
440	0
441	0
442	0
443	0
444	0
445	0
446	8
447	8
448	0
449	0
450	0
451	0
452	9
453	0
454	0
455	0
456	0
457	0
458	0
459	0
460	0
461	0
462	0
463	0
464	0
465	0
466	0
467	0
468	8
469	8
470	0
471	0
472	0
473	0
474	0
475	0
476	0
477	0
478	0
479	0
480	0
481	0
482	0
483	0
484	0
485	0
486	8
487	8
488	0
489	0
490	0
491	0
492	0
493	0
494	0
495	0
496	0
497	8
498	0
499	8
500	0
501	8
502	0
503	0
504	0
505	0
506	0
507	0
508	0
509	0
510	0
511	0
512	0
513	0
514	0
515	0
516	0
517	0
518	0
519	0
520	8
521	0
522	0
523	8
524	0
525	0
526	0
527	0
528	0
529	0
530	0
531	0
532	0
533	0
534	0
535	0
536	0
538	0
539	0
540	0
541	9
542	0
543	0
544	0
545	0
546	0
547	8
548	8
549	8
550	8
551	8
552	8
553	8
554	8
555	8
556	8
557	8
558	0
559	0
560	0
561	0
562	8
563	0
564	0
565	9
566	0
567	0
568	0
569	0
570	0
571	0
572	8
573	0
574	0
575	0
576	0
577	0
578	0
579	0
580	0
581	0
582	0
583	0
584	0
585	0
586	9
587	0
588	0
589	0
590	0
591	0
592	0
593	0
594	0
595	0
596	0
597	0
598	0
599	0
600	0
601	9
602	8
603	8
604	0
605	0
606	0
607	0
608	0
609	0
610	0
611	0
612	8
613	8
614	8
615	8
616	8
617	0
618	0
619	0
620	0
621	0
622	0
623	0
624	0
625	0
626	0
627	0
628	0
629	0
630	0
631	0
632	0
633	0
634	0
635	0
636	0
637	0
638	0
639	0
640	0
641	0
642	0
643	8
644	8
645	0
646	7
647	7
648	7
649	7
650	7
651	7
652	7
653	7
654	7
655	7
656	7
657	7
658	7
659	7
660	6
661	8
662	8
663	6
664	6
665	6
666	6
667	6
668	8
669	6
670	8
671	6
672	6
673	0
674	0
675	0
676	6
677	6
678	6
679	6
680	6
681	6
682	6
683	6
684	6
685	6
686	6
687	6
688	6
689	6
690	6
691	6
692	6
693	6
694	6
695	6
696	6
697	6
698	6
699	6
700	6
701	6
702	6
703	6
704	6
705	6
706	6
707	6
708	0
709	6
710	0
711	6
712	6
713	6
714	6
715	0
716	0
717	6
718	6
719	0
720	6
721	6
722	6
723	0
724	8
725	8
726	8
727	0
728	0
729	8
730	0
731	0
732	0
733	0
734	0
735	0
736	0
737	0
738	0
739	0
740	0
741	0
742	8
743	0
744	0
745	6
746	6
747	0
748	8
749	8
750	8
751	8
752	0
753	0
754	7
755	7
756	7
757	0
758	7
759	7
760	0
761	7
762	7
763	0
764	9
765	7
766	0
767	0
768	0
769	0
770	0
771	0
772	0
773	9
774	7
775	9
776	9
777	9
778	9
779	9
780	9
781	9
782	9
783	9
784	9
785	9
786	9
787	0
788	0
789	0
790	0
791	0
792	0
793	0
794	0
795	1
796	7
797	7
798	7
799	7
800	7
801	7
802	1
803	1
804	7
805	7
806	7
807	7
808	1
809	7
810	1
811	7
812	7
813	7
814	7
815	7
816	7
817	1
818	7
819	7
820	7
821	7
822	7
823	7
824	7
825	7
826	7
827	7
828	7
829	1
830	1
831	1
832	1
833	0
834	1
835	1
836	0
837	0
838	1
839	1
840	1
841	1
842	1
843	1
844	0
845	0
846	1
847	1
848	1
849	1
850	1
851	1
852	1
853	1
854	0
855	1
856	1
857	1
858	0
859	1
860	1
861	1
862	0
863	1
864	1
865	1
866	0
867	1
868	1
869	0
870	1
871	1
872	1
873	0
874	1
875	1
876	7
877	1
878	7
879	7
880	7
881	7
882	7
883	7
884	7
885	1
886	1
887	7
888	1
889	1
890	7
891	1
892	1
893	7
894	1
895	7
896	1
897	1
898	1
899	1
900	1
901	7
902	1
903	1
904	1
905	0
906	1
907	1
908	1
909	1
910	1
911	1
912	1
913	1
914	1
915	1
916	1
917	1
918	1
919	1
920	1
921	1
922	1
923	1
924	1
925	1
926	1
927	1
928	7
929	7
930	7
931	7
932	7
933	7
934	7
935	1
936	1
937	7
938	0
939	0
940	0
941	0
942	0
943	0
944	0
945	1
946	7
947	7
948	7
949	7
950	7
951	7
952	0
953	0
954	0
955	7
956	0
957	7
958	7
959	7
960	7
961	7
962	7
963	7
964	7
965	7
966	0
967	7
968	0
969	7
970	0
971	7
972	7
973	7
974	7
975	7
976	7
977	7
978	0
979	7
980	0
981	0
982	0
983	7
984	7
985	7
986	7
987	7
988	0
989	0
990	0
991	0
992	7
993	7
994	7
995	7
996	0
997	7
998	7
999	7
1000	7
1001	7
1002	7
1003	7
1004	7
1005	0
1006	7
1007	7
1008	7
1009	8
1010	8
1011	8
1012	8
1013	8
1014	8
1015	8
1016	8
1017	8
1018	8
1019	8
1020	8
1021	8
1022	8
1023	9
1024	8
1025	8
1026	8
1027	8
1028	8
1029	8
1030	8
1031	8
1032	8
1033	8
1034	0
1035	8
1036	8
1037	8
1038	8
1039	8
1040	8
1041	8
1042	8
1043	8
1044	8
1045	8
1046	8
1051	0
1052	0
1053	9
1054	9
1055	9
1056	9
1057	8
1058	8
1059	8
1060	8
1061	8
1062	8
1063	8
1064	8
1065	8
1066	8
1068	8
1069	8
1070	8
1071	8
1072	8
1073	8
1074	8
1075	8
1076	8
1077	8
1078	8
1079	8
1080	8
1081	8
1082	8
1084	8
1085	8
1087	8
1088	8
1089	8
1090	8
1091	8
1092	8
1093	8
1094	8
1095	8
1096	8
1097	8
1099	8
1101	8
1102	8
1103	8
1104	8
1105	8
1106	8
1107	8
1108	8
1109	8
1110	8
1111	8
1112	1
1113	8
1114	8
1115	8
1116	8
1117	8
1118	8
1120	8
1121	8
1122	8
1123	8
1124	8
1125	8
1126	8
1127	8
1128	8
1129	8
1130	8
1131	8
1132	8
1133	8
1134	8
1135	8
1136	8
1137	8
1138	8
1139	8
1140	8
1141	8
1142	8
1143	8
1144	8
1145	8
1146	8
1147	8
1149	8
1151	8
1157	8
1160	8
1161	8
1162	8
1163	8
1164	8
1165	8
1167	8
1168	8
1169	8
1170	8
1171	8
1172	8
1173	8
1174	8
1175	8
1176	8
1177	9
1178	9
1179	9
1181	9
1182	9
1185	9
1189	9
1190	9
1191	9
1192	9
1193	9
1194	9
1195	9
1196	9
1197	9
1198	9
1199	8
1200	9
1201	9
1202	9
1203	9
1204	9
1205	8
1206	8
1207	8
1208	8
1209	9
1210	9
1211	9
1212	8
1213	9
1214	9
1215	9
1216	9
1217	6
1218	6
1219	6
1220	6
1221	6
1222	6
1223	6
1224	6
1225	6
1226	6
1227	6
1228	6
1229	6
1230	6
1231	6
1232	6
1233	9
1234	9
1235	9
1236	4
1237	4
1238	6
1239	6
1240	4
1241	4
1242	4
1243	4
1244	4
1245	4
1246	4
1247	4
1249	3
1250	3
1251	3
1252	4
1253	3
1254	3
1255	3
1256	4
1257	4
1258	4
1259	4
1260	4
1261	4
1263	3
1264	4
1265	3
1266	3
1267	4
1268	4
1269	4
1270	4
1271	4
1272	4
1273	4
1274	4
1275	4
1276	4
1277	4
1278	5
1279	4
1280	4
1281	4
1282	4
1283	4
1284	4
1285	4
1286	4
1287	4
1288	4
1289	4
1290	4
1291	4
1292	4
1293	4
1294	4
1295	2
1296	2
1297	2
1298	2
1299	2
1300	2
1301	4
1302	4
1303	2
1304	2
1305	2
1306	2
1307	2
1308	2
1309	2
1310	2
1311	2
1312	2
1313	4
1314	4
1315	4
1316	4
1317	5
1318	5
1319	4
1320	5
1321	5
1322	3
1323	3
1324	3
1325	4
1326	3
1327	3
1328	3
1329	9
1330	9
1331	9
1332	9
1333	9
1334	4
1335	3
1336	4
1337	3
1338	9
1339	3
1340	3
1341	2
1342	4
1343	2
1344	2
1345	4
1346	4
1347	4
1348	4
1349	9
1350	9
1351	5
1352	9
1353	9
1354	9
1355	9
1356	5
1357	5
1358	5
1359	6
1360	4
1361	4
1362	4
1363	4
1364	4
1365	4
1366	5
1367	4
1368	6
1369	4
1370	6
1371	2
1372	4
1374	4
1375	4
1376	3
1377	6
1378	5
1379	5
1380	5
1381	1
1382	5
1383	1
1384	1
1385	1
1386	5
1387	6
1388	6
1389	6
1390	6
1391	6
1392	6
1393	6
1394	6
1395	5
1396	6
1397	9
1398	9
1399	9
1400	9
1401	9
1402	9
1403	9
1404	9
1405	9
1406	9
1407	9
1408	4
1409	4
1410	6
1411	6
1412	4
1413	4
1414	4
1415	4
1416	4
1417	4
1418	4
1419	4
1420	4
1421	4
1422	3
1423	4
1424	4
1425	4
1426	4
1427	4
1429	4
1432	4
1433	4
1434	4
1435	4
1436	4
1437	4
1438	4
1439	5
1440	5
1441	4
1442	4
1443	4
1444	4
1445	4
1446	4
1447	2
1448	4
1449	2
1450	2
1451	4
1452	2
1453	2
1454	2
1455	2
1456	2
1457	4
1458	4
1459	2
1460	2
1461	2
1462	2
1463	2
1464	2
1465	2
1466	5
1467	3
1468	3
1469	3
1470	3
1471	3
1472	5
1473	5
1474	5
1475	5
1476	9
1477	4
1478	4
1479	9
1480	9
1481	9
1482	9
1483	9
1484	4
1485	4
1486	4
1487	4
1488	3
1489	4
1490	3
1491	9
1492	9
1493	9
1494	9
1495	9
1496	9
1497	9
1498	9
1499	9
1500	9
1501	9
1502	9
1503	9
1504	3
1505	4
1506	4
1507	2
1508	4
1509	2
1510	2
1511	2
1512	2
1513	2
1514	2
1515	4
1516	2
1517	9
1518	9
1519	9
1520	9
1521	9
1522	9
1523	5
1524	9
1525	9
1526	3
1527	4
1528	4
1529	4
1530	4
1531	4
1533	4
1534	4
1535	2
1536	4
1537	4
1538	2
1539	6
1540	4
1541	4
1542	2
1543	2
1544	1
1545	5
1546	5
1547	5
1548	5
1549	5
1550	5
1551	5
1552	5
1553	6
1554	5
1555	6
1556	6
1557	6
1558	6
1559	6
1560	6
1561	6
1562	6
1563	9
1564	9
1565	9
1566	9
1567	9
1568	6
1569	6
1570	4
1571	4
1572	4
1573	4
1574	4
1575	4
1576	4
1577	4
1578	4
1579	4
1580	4
1581	4
1582	4
1584	4
1585	4
1586	4
1587	4
1588	4
1589	4
1590	4
1591	4
1592	4
1593	4
1594	4
1596	4
1597	4
1598	4
1599	4
1600	4
1601	4
1602	4
1603	4
1604	4
1605	4
1606	4
1607	4
1608	4
1609	4
1610	4
1611	4
1612	4
1613	4
1614	4
1615	4
1616	2
1617	4
1618	2
1619	4
1620	4
1621	4
1622	2
1623	4
1624	4
1625	4
1626	2
1627	2
1628	2
1629	4
1630	2
1631	2
1632	2
1633	2
1634	2
1635	2
1636	3
1637	3
1638	5
1639	3
1640	5
1641	5
1642	3
1643	3
1644	3
1645	5
1646	3
1647	9
1648	3
1649	4
1650	9
1651	4
1652	4
1653	9
1654	4
1655	9
1656	9
1657	9
1658	4
1659	3
1660	4
1661	9
1662	4
1663	9
1664	9
1665	9
1666	9
1667	9
1668	4
1669	9
1670	4
1671	4
1672	2
1673	2
1674	4
1675	4
1676	4
1677	4
1678	2
1679	4
1680	2
1681	2
1682	2
1683	4
1684	2
1685	2
1686	2
1687	2
1688	5
1689	5
1690	5
1691	5
1692	5
1693	5
1694	5
1695	5
1696	2
1697	4
1698	4
1699	2
1700	2
1701	2
1702	2
1703	2
1704	2
1705	2
1706	2
1707	2
1708	2
1709	2
1710	2
1711	2
1712	2
1713	3
1714	4
1715	5
1716	5
1717	5
1718	5
1719	5
1720	5
1721	1
1722	5
1723	6
1724	5
1725	6
1726	5
1727	5
1728	5
1729	5
1730	6
1731	6
1732	6
1733	6
1734	6
1735	6
1736	6
1737	4
1738	4
1739	4
1740	4
1741	4
1742	4
1743	4
1744	4
1745	4
1746	4
1747	4
1748	3
1749	4
1750	4
1751	4
1752	4
1753	4
1754	3
1755	3
1756	3
1757	3
1758	3
1759	4
1760	4
1761	4
1762	3
1763	4
1764	4
1765	4
1766	4
1767	2
1769	2
1770	2
1771	2
1772	4
1773	4
1774	2
1775	2
1776	4
1777	2
1778	4
1779	4
1780	4
1781	2
1782	2
1783	4
1784	2
1785	2
1786	2
1787	2
1788	2
1789	2
1790	2
1791	2
1792	4
1793	4
1795	2
1796	2
1797	2
1798	2
1799	2
1800	2
1801	5
1802	5
1803	5
1804	5
1805	5
1806	5
1807	3
1808	3
1809	3
1810	5
1811	5
1812	4
1813	9
1814	9
1815	9
1816	9
1817	9
1818	9
1819	3
1820	3
1821	3
1822	3
1823	9
1824	9
1825	9
1826	4
1827	4
1828	4
1829	4
1830	4
1831	4
1832	4
1833	2
1834	2
1835	4
1836	2
1837	2
1838	4
1839	4
1840	4
1841	2
1842	2
1843	2
1844	4
1845	2
1846	4
1847	4
1848	4
1849	4
1850	5
1851	5
1852	5
1853	5
1854	5
1855	5
1856	5
1857	4
1858	4
1859	4
1860	4
1861	4
1862	4
1863	4
1864	4
1865	4
1866	1
1867	5
1868	5
1869	5
1870	1
1871	5
1872	6
1873	5
1874	5
1875	6
1876	6
1877	6
1878	6
1879	6
1880	6
1881	6
1882	6
1883	6
1884	6
1885	6
1886	6
1887	6
1888	6
1889	4
1890	6
1891	5
1892	3
1893	5
1894	3
1895	5
1896	3
1897	4
1898	3
1899	4
1900	4
1901	4
1902	4
1903	4
1904	3
1905	3
1906	4
1907	4
1908	4
1909	4
1910	4
1911	4
1912	4
1913	4
1914	4
1915	4
1916	4
1917	4
1918	4
1919	4
1920	4
1921	4
1922	4
1923	4
1924	4
1925	4
1926	4
1927	4
1928	4
1929	4
1930	4
1931	2
1932	4
1933	4
1934	2
1935	4
1936	4
1937	4
1938	4
1939	4
1940	4
1941	4
1942	4
1943	4
1944	4
1945	4
1946	2
1947	2
1948	2
1949	4
1950	4
1951	4
1952	4
1953	4
1954	2
1955	2
1956	2
1957	2
1958	2
1959	2
1960	2
1961	4
1962	4
1963	4
1964	2
1965	5
1966	5
1967	5
1968	1
1969	4
1970	3
1971	5
1972	3
1973	3
1974	3
1975	4
1976	3
1977	3
1978	4
1979	9
1980	4
1981	4
1982	4
1983	4
1984	4
1985	9
1986	4
1987	9
1988	4
1989	9
1990	4
1991	4
1992	4
1993	2
1994	4
1995	2
1996	2
1997	2
1998	2
1999	2
2000	2
2001	2
2002	2
2003	2
2004	2
2005	4
2006	2
2007	2
2008	2
2009	2
2010	2
2011	5
2012	5
2013	9
2014	9
2015	5
2016	1
2017	1
2018	5
2019	6
2020	1
2021	8
2022	5
2023	6
2024	5
2025	6
2026	3
2027	6
2028	5
2029	6
2030	3
2031	1
2032	3
2033	6
2034	6
2035	6
2036	6
2037	6
2038	6
2039	6
2040	6
2041	5
2042	3
2043	5
2044	3
2045	5
2046	6
2047	4
2048	4
2049	4
2050	5
2051	6
2052	4
2053	4
2054	4
2055	6
2056	4
2057	4
2058	4
2059	4
2060	4
2061	4
2062	4
2063	4
2064	4
2065	4
2066	4
2067	4
2068	4
2069	4
2070	4
2071	4
2072	4
2073	4
2074	4
2075	4
2076	4
2077	4
2078	4
2079	4
2080	4
2081	4
2082	4
2083	4
2084	4
2085	4
2086	4
2087	4
2088	4
2089	4
2090	4
2091	4
2092	4
2093	4
2094	4
2095	4
2096	4
2097	4
2098	2
2099	2
2100	2
2101	2
2102	2
2103	2
2104	2
2105	2
2106	2
2107	2
2108	2
2109	2
2110	2
2111	4
2112	2
2113	4
2114	5
2115	3
2116	3
2117	3
2118	3
2119	3
2120	3
2121	3
2122	3
2123	3
2124	3
2125	3
2126	3
2127	3
2128	3
2129	4
2130	9
2131	9
2132	9
2133	9
2134	9
2135	4
2136	4
2137	4
2138	4
2139	4
2140	4
2141	2
2142	2
2143	2
2144	2
2145	2
2146	2
2147	2
2148	2
2149	4
2150	4
2151	4
2152	4
2153	4
2154	4
2155	3
2156	4
2157	2
2158	4
2161	3
2162	3
2163	1
2164	1
2165	1
2166	7
2167	7
2168	9
2169	7
2170	7
2171	9
2172	9
2173	8
2174	1
2175	5
2176	1
2177	1
2178	1
2179	1
2180	1
2181	1
2182	6
2183	1
2184	1
2185	1
2186	3
2187	3
2188	3
2189	3
2190	3
2191	5
2192	3
2193	6
2194	6
2195	6
2196	6
2197	6
2198	6
2199	6
2200	6
2201	6
2202	5
2203	6
2204	6
2205	6
2206	3
2207	4
2208	4
2209	4
2210	4
2211	4
2212	4
2213	4
2215	4
2216	4
2217	4
2218	4
2219	4
2220	4
2221	4
2222	4
2223	4
2224	4
2225	4
2226	4
2227	4
2228	4
2229	4
2230	4
2231	4
2232	4
2233	4
2234	4
2235	4
2236	4
2237	4
2238	4
2239	4
2240	4
2241	4
2242	4
2243	4
2244	4
2245	4
2246	4
2247	4
2248	4
2249	6
2250	4
2251	4
2252	4
2253	4
2254	6
2255	4
2256	4
2257	3
2258	5
2259	1
2260	5
2261	3
2262	1
2263	5
2264	5
2265	3
2266	1
2267	3
2268	3
2269	4
2270	3
2271	9
2272	9
2273	3
2274	3
2275	4
2276	4
2277	4
2278	4
2279	4
2280	4
2281	4
2282	4
2283	9
2284	4
2285	9
2286	9
2287	4
2288	4
2289	4
2290	2
2291	2
2292	4
2293	4
2294	4
2295	4
2296	2
2297	4
2298	2
2299	4
2300	4
2301	2
2302	9
2303	5
2304	5
2305	7
2306	9
2307	4
2308	4
2309	4
2310	1
2311	1
2312	1
2313	1
2314	7
2315	1
2316	1
2317	7
2318	4
2319	4
2320	4
2321	4
2322	4
2323	4
2324	1
2325	1
2326	7
2327	1
2328	5
2329	8
2330	8
2331	1
2332	1
2333	1
2334	5
2335	3
2336	3
2337	3
2338	5
2339	3
2340	3
2341	5
2342	5
2343	5
2344	6
2345	6
2346	6
2347	6
2348	6
2349	6
2350	6
2351	6
2352	6
2353	6
2354	6
2355	3
2356	3
2357	4
2358	6
2359	6
2360	6
2361	6
2362	6
2363	6
2364	6
2365	6
2366	6
2367	6
2368	6
2369	6
2370	4
2371	4
2372	4
2373	4
2374	4
2375	4
2376	4
2377	4
2378	4
2379	4
2380	4
2381	4
2382	4
2383	4
2384	4
2385	4
2386	2
2387	2
2388	4
2389	4
2390	4
2391	4
2392	4
2393	4
2394	4
2395	4
2396	4
2397	4
2398	4
2399	4
2400	4
2401	4
2402	4
2403	4
2404	6
2405	4
2406	2
2407	5
2408	2
2409	6
2410	6
2411	4
2412	4
2413	6
2414	4
2415	6
2416	4
2417	4
2418	4
2419	4
2420	4
2421	4
2422	6
2423	5
2424	5
2425	5
2426	5
2427	3
2428	3
2429	5
2430	5
2431	3
2432	5
2433	3
2434	5
2435	3
2436	3
2437	3
2438	3
2439	5
2440	5
2441	4
2442	4
2443	4
2444	4
2445	4
2446	9
2447	9
2448	9
2449	9
2450	9
2451	4
2452	9
2453	9
2454	9
2455	4
2456	4
2457	4
2458	4
2459	9
2460	3
2461	9
2462	9
2463	9
2464	9
2465	3
2466	6
2467	6
2468	5
2469	5
2470	5
2471	5
2472	1
2473	1
2474	1
2475	1
2476	7
2477	7
2478	4
2479	4
2480	4
2481	4
2482	7
2483	4
2484	7
2485	7
2486	4
2487	9
2488	9
2489	7
2490	1
2491	5
2492	1
2493	5
2494	1
2495	3
2496	3
2497	3
2498	5
2499	3
2500	5
2501	5
2502	5
2503	3
2504	5
2505	5
2506	5
2507	5
2508	3
2509	3
2510	3
2511	3
2512	3
2513	3
2514	3
2515	3
2516	3
2517	4
2518	3
2520	4
2521	4
2522	4
2523	4
2524	4
2525	4
2526	6
2527	6
2528	6
2529	4
2530	4
2531	4
2532	6
2533	6
2534	6
2535	6
2536	4
2537	3
2538	4
2539	4
2540	4
2541	4
2542	3
2543	4
2544	4
2545	4
2546	4
2547	4
2548	4
2549	4
2550	4
2551	4
2552	4
2553	4
2554	4
2555	4
2556	4
2557	4
2558	4
2559	4
2560	4
2561	4
2562	4
2563	4
2564	4
2565	4
2566	4
2567	4
2568	4
2569	2
2570	4
2571	5
2572	5
2573	5
2574	4
2575	4
2576	2
2577	2
2578	2
2579	4
2580	5
2581	5
2582	5
2583	5
2584	4
2585	4
2586	2
2587	6
2588	6
2589	6
2590	5
2591	5
2592	3
2593	5
2594	5
2595	5
2596	5
2597	5
2598	3
2599	3
2600	1
2601	5
2602	4
2603	4
2604	4
2605	4
2606	4
2607	9
2608	9
2609	9
2610	9
2611	3
2612	9
2613	9
2614	9
2615	9
2616	9
2617	9
2618	4
2619	9
2620	9
2621	4
2622	4
2623	9
2624	9
2625	9
2626	4
2627	5
2628	3
2629	5
2630	5
2631	3
2632	7
2633	3
2634	5
2635	7
2636	9
2637	7
2638	7
2639	7
2640	7
2641	7
2642	9
2643	9
2644	9
2645	4
2646	9
2647	9
2648	9
2649	3
2650	4
2651	1
2652	5
2653	5
2654	5
2655	3
2656	5
2657	5
2658	5
2659	5
2660	5
2661	3
2662	3
2663	3
2664	3
2665	5
2666	6
2667	5
2668	4
2669	4
2670	4
2671	4
2672	4
2673	5
2674	5
2675	5
2676	4
2677	4
2678	4
2679	4
2680	4
2681	4
2682	5
2683	5
2684	6
2685	4
2686	6
2687	4
2688	4
2689	6
2690	6
2691	6
2692	6
2693	6
2694	6
2695	6
2696	4
2697	4
2698	4
2699	4
2700	4
2701	4
2702	4
2703	4
2704	3
2705	3
2706	3
2707	4
2708	4
2710	4
2711	4
2712	4
2713	4
2714	4
2715	4
2716	4
2717	4
2718	4
2719	4
2720	4
2721	4
2722	4
2723	2
2724	5
2725	5
2726	5
2727	5
2728	5
2729	2
2730	6
2731	2
2732	2
2733	2
2734	4
2735	2
2736	2
2737	2
2738	2
2739	2
2740	2
2741	3
2742	6
2743	5
2744	5
2745	3
2746	3
2747	3
2748	6
2749	6
2750	5
2751	6
2752	6
2753	5
2754	4
2755	4
2756	4
2757	4
2758	4
2759	5
2760	5
2761	5
2762	5
2763	3
2764	3
2765	9
2766	9
2767	9
2768	9
2769	9
2770	9
2771	9
2772	3
2773	9
2774	3
2775	3
2776	9
2777	1
2778	4
2779	2
2780	4
2781	4
2782	4
2783	2
2784	2
2785	4
2786	4
2787	2
2788	2
2789	4
2790	4
2791	4
2792	4
2793	9
2794	9
2795	2
2796	4
2797	5
2798	5
2799	5
2800	5
2801	7
2802	4
2803	1
2804	1
2805	1
2806	1
2807	1
2808	1
2809	1
2810	9
2811	9
2812	9
2813	9
2814	9
2815	9
2816	4
2817	4
2818	4
2819	3
2820	5
2821	1
2822	3
2823	3
2824	3
2825	6
2826	5
2827	1
2828	5
2829	3
2830	5
2831	5
2832	6
2833	6
2834	6
2835	4
2836	4
2837	4
2838	4
2839	4
2840	4
2841	2
2842	4
2843	4
2844	4
2845	4
2846	4
2847	4
2848	9
2849	9
2850	9
2851	9
2852	3
2853	4
2854	4
2855	4
2856	4
2857	4
2858	4
2859	4
2860	4
2861	4
2862	4
2863	4
2864	4
2865	4
2866	4
2867	4
2868	3
2869	3
2870	3
2871	3
2872	3
2873	3
2874	4
2875	4
2876	2
2877	4
2878	4
2879	4
2880	4
2881	4
2882	4
2883	4
2884	4
2885	4
2886	4
2887	4
2888	4
2889	4
2890	4
2891	4
2892	4
2893	2
2894	9
2895	4
2896	6
2897	2
2898	5
2899	4
2900	4
2901	6
2902	6
2903	6
2904	6
2905	6
2906	4
2907	2
2908	2
2909	6
2910	2
2911	2
2912	2
2913	5
2914	5
2915	5
2916	5
2917	3
2918	3
2919	3
2920	3
2921	5
2922	5
2923	5
2924	5
2925	4
2926	4
2927	5
2928	4
2929	4
2930	3
2931	4
2932	4
2933	3
2934	9
2935	3
2936	4
2937	9
2938	9
2939	9
2940	9
2941	9
2942	3
2943	9
2944	3
2945	3
2946	3
2947	3
2948	4
2949	4
2950	4
2951	4
2952	5
2953	4
2954	4
2955	4
2956	4
2957	4
2958	3
2959	4
2960	4
2961	5
2962	5
2964	4
2965	6
2966	9
2967	1
2968	1
2969	1
2970	1
2971	1
2972	7
2973	4
2974	4
2975	9
2976	9
2977	9
2978	4
2979	9
2980	4
2981	1
2982	5
2983	1
2984	3
2985	6
2986	6
2987	3
2988	6
2989	5
2990	5
2991	6
2992	5
2993	5
2994	6
2995	6
2996	4
2997	4
2998	4
2999	3
3000	9
3001	2
3002	3
3003	2
3004	4
3005	2
3006	2
3007	4
3008	4
3009	4
3010	4
3011	4
3012	4
3013	4
3014	4
3015	4
3016	4
3017	4
3018	4
3019	4
3020	4
3021	4
3022	4
3023	4
3024	4
3025	4
3026	4
3027	4
3028	3
3029	3
3030	3
3031	3
3032	4
3033	3
3034	3
3035	3
3036	3
3037	3
3038	4
3039	4
3040	4
3041	4
3042	4
3043	4
3044	2
3045	4
3046	4
3047	4
3048	2
3049	4
3050	4
3051	4
3052	4
3053	4
3054	4
3055	4
3056	4
3057	4
3058	4
3059	4
3060	4
3061	4
3062	4
3063	4
3064	2
3065	2
3066	4
3067	2
3068	2
3069	2
3070	2
3071	2
3072	2
3073	2
3074	2
3075	2
3076	4
3077	4
3078	4
3079	2
3080	2
3081	5
3082	5
3083	5
3084	5
3085	5
3086	3
3087	3
3088	5
3089	5
3090	5
3091	5
3092	5
3093	4
3094	4
3095	4
3096	4
3097	4
3098	3
3099	3
3100	3
3101	3
3102	3
3103	3
3104	4
3105	4
3106	4
3107	4
3108	3
3109	3
3110	4
3111	3
3112	3
3113	4
3114	4
3115	3
3116	9
3117	3
3118	4
3119	4
3120	4
3121	4
3122	4
3123	4
3124	5
3125	6
3126	5
3127	3
3128	4
3129	4
3130	3
3131	3
3132	5
3133	6
3135	4
3136	7
3137	7
3138	9
3139	9
3140	5
3141	9
3142	9
3143	9
3144	9
3145	4
3146	9
3147	4
3148	3
3149	3
3150	6
3151	5
3152	4
3153	5
3154	6
3155	6
3156	6
3157	6
3158	5
3159	6
3160	6
3161	6
3162	6
3163	4
3164	9
3165	4
3166	2
3167	2
3168	4
3169	4
3170	4
3171	4
3172	4
3173	4
3174	4
3175	4
3176	4
3177	4
3178	2
3179	4
3180	4
3181	4
3184	4
3185	4
3186	4
3187	2
3188	2
3189	4
3190	3
3191	4
3192	3
3193	4
3194	4
3195	4
3196	3
3197	4
3198	3
3199	4
3200	4
3201	3
3202	4
3203	4
3204	4
3205	2
3206	2
3212	2
3213	2
3214	4
3215	4
3216	2
3217	4
3218	4
3219	4
3220	4
3221	4
3222	2
3223	2
3224	2
3225	2
3226	2
3227	2
3228	2
3229	4
3230	2
3231	2
3232	4
3233	4
3234	2
3235	2
3236	4
3237	2
3238	4
3239	4
3240	2
3241	5
3242	5
3243	5
3244	5
3245	5
3246	5
3247	3
3248	5
3249	5
3250	5
3251	4
3252	4
3253	4
3254	4
3255	4
3256	4
3257	4
3258	4
3259	4
3260	4
3261	4
3262	4
3263	3
3264	4
3265	4
3266	3
3267	2
3268	9
3269	5
3270	5
3271	3
3272	5
3273	9
3274	9
3275	9
3276	9
3277	9
3278	4
3279	9
3280	4
3281	6
3282	5
3284	5
3285	2
3286	2
3287	3
3288	9
3289	4
3292	4
3293	5
3294	9
3295	5
3296	4
3297	5
3298	9
3299	4
3300	4
3301	1
3302	5
3303	1
3304	6
3305	5
3306	5
3307	5
3308	5
3309	6
3310	6
3311	6
3312	6
3313	3
3314	3
3315	6
3316	6
3317	6
3318	5
3319	6
3320	5
3321	5
3322	4
3323	7
3324	9
3325	9
3326	4
3327	4
3328	4
3329	4
3330	4
3331	6
3332	6
3333	2
3334	2
3335	2
3336	2
3337	3
3338	3
3339	4
3340	3
3341	3
3342	3
3343	4
3344	3
3345	4
3346	3
3347	4
3348	3
3350	4
3351	4
3352	4
3353	4
3355	4
3356	4
3357	4
3358	4
3359	4
3360	4
3361	4
3362	4
3363	4
3364	4
3365	5
3366	4
3367	5
3368	5
3369	5
3370	4
3371	4
3372	4
3373	4
3374	4
3375	4
3376	2
3377	4
3378	2
3379	2
3380	2
3381	4
3382	4
3383	4
3384	4
3385	2
3386	4
3387	4
3388	4
3389	4
3390	4
3391	4
3392	4
3393	2
3394	4
3395	4
3396	4
3397	4
3398	4
3399	4
3400	5
3401	5
3402	5
3403	5
3404	5
3405	5
3406	5
3407	5
3408	4
3409	4
3410	4
3411	3
3412	4
3413	4
3414	3
3415	3
3416	3
3417	9
3418	9
3419	2
3420	9
3421	9
3422	9
3423	9
3424	4
3425	9
3426	9
3427	4
3428	9
3429	9
3430	7
3431	4
3432	3
3433	9
3434	9
3435	4
3436	9
3437	9
3438	4
3439	5
3440	6
3441	4
3442	2
3443	4
3444	4
3445	4
3446	4
3447	5
3448	4
3449	7
3450	5
3451	9
3452	9
3453	9
3454	7
3455	9
3456	9
3457	9
3458	9
3459	9
3460	3
3461	1
3462	5
3463	3
3464	5
3465	5
3466	5
3467	6
3468	6
3469	3
3470	3
3471	3
3472	5
3473	6
3474	6
3475	6
3476	6
3477	6
3478	6
3479	5
3480	5
3481	5
3482	6
3483	6
3484	6
3485	6
3486	6
3487	6
3488	6
3489	6
3490	6
3491	6
3492	6
3493	6
3494	6
3495	6
3496	4
3497	3
3498	3
3499	4
3500	4
3501	3
3502	3
3503	3
3504	4
3505	4
3506	4
3507	4
3508	4
3509	4
3510	4
3513	3
3514	4
3515	3
3516	3
3517	3
3518	3
3519	4
3520	4
3521	4
3522	4
3523	3
3524	4
3525	4
3526	2
3527	4
3528	4
3529	4
3530	4
3531	4
3533	4
3534	4
3535	2
3536	2
3537	2
3538	4
3539	4
3540	4
3541	4
3542	4
3543	4
3544	4
3545	4
3546	4
3547	4
3548	4
3549	4
3550	4
3551	4
3552	2
3553	2
3554	4
3555	4
3556	4
3557	4
3558	4
3559	2
3560	4
3561	2
3562	2
3563	2
3564	2
3565	2
3566	2
3567	2
3568	4
3569	4
3570	4
3571	4
3572	4
3573	4
3574	4
3575	4
3576	4
3577	4
3578	3
3579	3
3580	9
3581	3
3582	3
3583	3
3584	3
3585	3
3586	4
3587	3
3588	3
3589	3
3590	3
3591	2
3592	9
3593	2
3594	4
3595	4
3596	4
3597	4
3598	4
3599	4
3600	4
3601	4
3602	4
3603	5
3604	9
3605	4
3606	7
3607	7
3608	3
3609	5
3610	5
3611	3
3612	4
3614	5
3615	4
3616	9
3617	5
3618	9
3619	9
3620	7
3621	9
3622	3
3623	3
3624	5
3625	5
3626	5
3627	1
3628	1
3629	5
3630	1
3631	1
3632	1
3633	5
3634	5
3635	5
3636	5
3637	5
3638	5
3639	5
3640	5
3641	6
3642	6
3643	6
3644	6
3645	6
3646	6
3647	6
3648	6
3649	6
3650	6
3651	6
3652	6
3653	6
3654	6
3655	6
3656	6
3657	3
3658	3
3659	3
3660	4
3661	3
3662	3
3663	4
3664	3
3665	4
3666	4
3667	4
3668	4
3669	3
3670	4
3671	3
3672	3
3673	3
3674	3
3675	3
3676	3
3677	3
3678	3
3679	3
3680	3
3681	3
3682	3
3684	3
3685	4
3686	4
3687	4
3688	4
3689	4
3690	4
3691	4
3692	4
3693	4
3694	5
3695	4
3696	4
3697	4
3698	5
3699	4
3700	4
3701	5
3702	4
3703	4
3704	5
3705	5
3706	4
3707	4
3708	4
3709	4
3710	4
3711	2
3712	2
3713	2
3715	4
3717	2
3718	2
3719	2
3720	2
3721	2
3722	4
3723	4
3724	2
3725	2
3726	4
3727	4
3728	3
3729	3
3730	3
3731	3
3732	5
3733	5
3734	4
3735	3
3736	3
3737	3
3738	3
3739	3
3740	3
3741	4
3742	2
3743	3
3744	3
3745	3
3746	3
3747	9
3748	2
3749	3
3750	9
3751	3
3752	9
3753	2
3754	3
3755	9
3756	4
3757	4
3758	4
3759	4
3760	4
3761	4
3762	2
3763	4
3764	2
3768	3
3769	3
3770	4
3771	9
3772	9
3773	9
3774	9
3775	9
3776	5
3777	6
3778	6
3779	6
3780	6
3781	6
3782	6
3783	6
3784	6
3785	6
3786	6
3787	6
3788	6
3789	6
3790	8
3791	8
3792	8
3793	8
3794	8
3795	8
3796	8
3797	8
3798	8
3799	8
3800	8
3801	8
3802	8
3803	8
3804	8
3805	8
3806	8
3807	8
3808	8
3809	8
3810	8
3811	8
3812	8
3813	8
3814	8
3815	8
3816	8
3817	8
3818	8
3819	8
3820	8
3821	8
3822	8
3823	9
3824	8
3825	8
3826	8
3827	8
3828	8
3829	8
3830	8
3831	8
3832	8
3833	8
3834	8
3835	8
3836	8
3837	8
3838	8
3839	8
3840	8
3841	8
3842	8
3843	8
3844	8
3845	8
3846	8
3847	8
3848	8
3849	8
3850	8
3851	8
3852	8
3853	8
3854	8
3855	8
3856	8
3857	8
3858	8
3859	8
3860	8
3861	8
3862	8
3863	8
3864	8
3865	8
3866	8
3867	8
3868	8
3869	8
3870	8
3871	8
3872	8
3873	8
3874	8
3875	8
3876	8
3877	8
3878	8
3879	8
3880	8
3883	8
3884	8
3885	8
3886	8
3887	8
3888	8
3889	8
3890	8
3892	8
3893	8
3894	8
3897	9
3898	8
3899	8
3900	8
3901	8
3902	8
3903	8
3904	8
3905	8
3906	8
3907	8
3908	8
3909	8
3910	8
3911	8
3912	8
3913	8
3914	8
3915	8
3916	8
3917	8
3918	8
3919	8
3920	8
3921	8
3922	8
3923	8
3924	8
3925	8
3926	8
3927	8
3928	8
3929	8
3930	8
3931	8
3932	8
3933	8
3934	8
3935	8
3936	8
3937	8
3938	8
3939	8
3940	8
3941	8
3942	8
3943	8
3944	8
3945	8
3946	8
3947	8
3948	8
3949	8
3950	8
3951	8
3952	8
3953	8
3954	8
3955	8
3956	8
3957	8
3958	8
3959	8
3960	8
3961	8
3962	9
3963	8
3964	8
3965	9
3966	8
3967	8
3968	8
3969	8
3970	8
3971	8
3972	8
3973	8
3974	8
3975	8
3976	8
3977	8
3978	8
3979	8
3980	8
3981	8
3982	8
3983	8
3985	8
3986	8
3987	0
3988	7
3989	0
3990	0
3991	0
3992	0
3993	1
3994	7
3995	7
3996	1
3997	1
3998	7
3999	7
4000	1
4001	0
4002	0
4003	7
4004	7
4005	7
4006	7
4007	7
4008	1
4009	1
4010	1
4011	7
4012	0
4013	7
4014	1
4015	1
4016	7
4017	7
4018	7
4019	1
4020	7
4021	0
4022	7
4023	0
4024	7
4025	5
4026	0
4027	1
4028	1
4029	1
4030	7
4031	7
4032	7
4033	7
4034	1
4035	1
4036	1
4037	1
4038	7
4039	7
4040	1
4041	1
4042	7
4043	7
4044	1
4045	7
4046	7
4047	7
4048	7
4049	0
4050	0
4051	0
4052	1
4053	0
4054	0
4055	0
4056	0
4057	0
4058	0
4059	0
4060	0
4061	0
4062	0
4063	0
4064	0
4065	0
4066	0
4067	0
4068	0
4069	0
4070	0
4071	0
4072	0
4073	0
4074	0
4075	0
4076	0
4077	0
4078	8
4079	8
4080	8
4081	8
4082	8
4083	8
4084	8
4085	8
4086	8
4087	8
4088	8
4089	8
4090	6
4091	6
4092	6
4093	8
4094	8
4095	8
4096	8
4097	8
4098	8
4099	8
4100	8
4101	8
4102	8
4103	8
4104	8
4105	8
4106	0
4107	8
4108	8
4109	6
4110	0
4111	8
4112	8
4113	8
4114	6
4115	8
4116	8
4117	8
4118	6
4119	8
4120	8
4121	8
4122	0
4123	0
4124	8
4125	8
4126	8
4127	8
4128	8
4129	0
4130	8
4131	8
4132	8
4133	6
4134	8
4135	8
4136	8
4137	8
4138	8
4139	0
4140	8
4141	6
4142	8
4143	8
4144	8
4145	8
4146	8
4147	6
4148	8
4149	8
4150	8
4151	8
4152	8
4153	8
4154	6
4155	8
4156	8
4157	8
4158	8
4159	8
4160	0
4161	7
4162	7
4163	7
4164	7
4165	7
4166	1
4167	7
4168	7
4169	7
4170	7
4171	7
4172	7
4173	7
4174	7
4175	7
4176	7
4177	7
4178	7
4179	7
4180	7
4181	7
4182	1
4183	1
4184	1
4185	1
4186	7
4187	7
4188	7
4189	7
4190	7
4191	7
4192	7
4193	7
4194	7
4195	7
4196	7
4197	7
4198	0
4199	7
4200	0
4201	7
4202	7
4203	7
4204	7
4205	7
4206	7
4207	7
4208	7
4209	8
4210	8
4211	8
4212	8
4213	8
4214	8
4215	8
4216	8
4217	8
4218	8
4219	8
4220	8
4221	8
4222	8
4223	8
4224	8
4225	8
4226	9
4227	8
4228	8
4229	9
4230	9
4231	8
4232	8
4233	9
4234	9
4235	9
4236	8
4237	8
4238	8
4239	8
4240	8
4241	8
4242	8
4243	8
4244	8
4245	8
4246	9
4247	9
4248	9
4249	9
4250	9
4251	8
4252	8
4253	8
4254	8
4255	8
4256	8
4257	8
4258	8
4259	8
4260	8
4261	8
4262	8
4263	8
4264	8
4265	9
4266	9
4267	9
4268	9
4269	9
4270	9
4271	9
4272	9
4273	7
4274	7
4275	7
4276	1
4277	1
4278	9
4279	9
4280	9
4281	7
4282	7
4283	9
4284	7
4285	9
4286	7
4287	1
4288	1
4289	9
4290	9
4291	7
4292	7
4293	7
4294	9
4295	7
4296	7
4297	7
4298	7
4299	7
4300	7
4301	7
4302	9
4303	7
4304	7
4305	7
4306	9
4307	1
4308	9
4309	7
4310	7
4311	9
4312	1
4313	9
4314	1
4315	9
4316	1
4317	9
4318	7
4319	7
4320	1
4321	1
4322	9
4323	1
4324	7
4325	9
4326	1
4327	1
4328	7
4329	7
4330	7
4331	7
4332	7
4333	9
4334	9
4335	9
4336	9
4337	9
4338	9
4339	9
4340	1
4341	7
4342	7
4343	7
4344	9
4345	9
4346	9
4347	9
4348	9
4349	7
4350	9
4351	7
4352	1
4353	9
4354	1
4355	7
4356	9
4357	1
4358	9
4359	9
4360	7
4361	1
4362	9
4363	1
4364	1
4365	7
4366	1
4367	9
4368	1
4369	9
4370	7
4371	7
4372	1
4373	9
4374	9
4375	1
4376	9
4377	9
4378	7
4379	7
4380	9
4381	7
4382	9
4383	7
4384	9
4385	9
4386	9
4387	9
4388	9
4389	9
4390	9
4391	1
4392	9
4393	7
4394	1
4395	9
4396	7
4397	9
4398	9
4399	1
4400	7
4401	7
4402	9
4403	9
4404	9
4405	9
4406	9
4407	9
4408	9
4409	9
4410	9
4411	9
4412	9
4413	9
4414	9
4415	9
4416	9
4417	9
4418	9
4419	1
4420	1
4421	9
4422	7
4423	1
4424	1
4425	9
4426	1
4427	9
4428	9
4429	9
4430	1
4431	9
4432	9
4433	9
4434	9
4435	9
4436	9
4437	9
4438	9
4439	9
4440	9
4441	7
4442	7
4443	7
4444	7
4445	9
4446	1
4447	7
4448	9
4449	7
4450	7
4451	7
4452	7
4453	7
4454	9
4455	1
4456	7
4457	7
4458	9
4459	9
4460	1
4461	7
4462	1
4463	1
4464	9
4465	9
4466	9
4467	9
4468	9
4469	7
4470	9
4471	9
4472	9
4473	9
4474	7
4475	7
4476	7
4477	7
4478	7
4479	7
4480	1
4481	1
4482	1
4483	7
4484	9
4485	9
4486	9
4487	9
4488	9
4489	9
4490	8
4496	8
4497	8
4498	8
4499	8
4500	8
4501	8
4502	8
4503	8
4504	8
4510	8
4511	8
4512	8
4513	8
4514	8
4515	8
4516	8
4517	8
4518	8
4519	8
4520	8
4521	8
4522	8
4523	8
4524	8
4525	8
4526	8
4527	7
4528	7
4529	7
4530	7
4531	7
4532	7
4533	7
4534	7
4535	7
4536	7
4537	7
4538	7
4539	7
4540	7
4541	7
4542	7
4543	7
4544	7
4545	7
4546	7
4547	7
4548	7
4549	7
4550	7
4551	7
4552	7
4553	7
4554	8
4555	8
4556	8
4557	8
4558	6
4559	6
4560	6
4561	8
4562	6
4563	6
4564	6
4565	6
4566	6
4567	6
4568	6
4569	6
4570	3
4571	3
4572	3
4573	5
4574	8
4575	8
4576	6
4577	6
4578	5
4579	6
4580	6
4581	6
4582	5
4583	6
4584	6
4585	6
4586	8
4587	8
4588	6
4589	6
4590	5
4591	8
4592	8
4596	6
4597	8
4599	8
4600	8
4601	8
4602	8
4603	8
4607	8
4608	8
4609	5
4610	6
4611	6
4612	8
4613	8
4614	8
4615	8
4616	8
4617	8
4618	8
4619	8
4620	8
4621	0
4622	3
4623	6
4624	6
4625	8
4626	3
4627	6
4628	6
4629	5
4630	5
4631	5
4632	5
4633	5
4634	8
4635	6
4636	8
4637	8
4638	8
4639	8
4640	8
4641	8
4642	5
4643	5
4644	5
4645	5
4646	5
4647	8
4648	8
4649	8
4650	8
4651	8
4652	5
4653	8
4654	8
4655	8
4656	8
4657	5
4658	5
4659	5
4660	5
4661	8
4662	8
4663	8
4664	8
4665	8
4666	8
4667	6
4668	8
4669	8
4670	6
4671	5
4672	5
4673	3
4674	3
4675	8
4676	8
4677	0
4678	8
4679	5
4680	6
4681	6
4682	6
4683	5
4684	8
4685	5
4686	6
4687	8
4688	8
4689	6
4690	6
4691	8
4692	5
4693	5
4694	5
4695	5
4696	5
4697	5
4698	5
4699	5
4700	5
4701	8
4702	5
4703	8
4704	6
4705	5
4706	6
4707	8
4708	3
4709	8
4710	3
4711	8
4712	8
4713	5
4714	5
4715	3
4716	3
4717	3
4718	3
4719	3
4720	5
4721	5
4722	3
4723	6
4724	3
4725	3
4726	3
4727	3
4728	3
4729	3
4730	3
4731	3
4732	3
4733	8
4734	3
4735	8
4736	3
4737	3
4738	3
4739	8
4740	8
4741	3
4742	8
4743	3
4744	8
4745	8
4746	3
4747	3
4748	3
4749	3
4750	3
4751	8
4752	8
4753	3
4754	8
4755	3
4756	3
4757	3
4758	6
4759	6
4760	6
4761	6
4762	6
4763	6
4764	6
4765	8
4766	3
4767	3
4768	3
4769	3
4770	5
4771	8
4772	8
4773	6
4774	3
4775	3
4776	6
4777	3
4778	6
4779	6
4780	6
4781	6
4782	6
4783	6
4784	8
4785	5
4786	3
4787	5
4788	6
4789	6
4790	3
4791	6
4792	3
4793	3
4794	3
4795	8
4796	5
4797	6
4798	5
4799	5
4800	5
4801	6
4802	3
4803	3
4804	3
4805	3
4806	5
4807	6
4808	5
4809	5
4810	5
4811	5
4812	3
4813	6
4815	8
4816	8
4817	8
4818	8
4819	8
4820	8
4821	8
4822	8
4823	8
4826	6
4827	6
4828	3
4829	3
4830	8
4831	3
4832	3
4833	3
4834	3
4835	3
4836	8
4837	3
4838	3
4839	3
4840	3
4841	5
4842	3
4843	6
4844	6
4845	5
4846	5
4847	5
4848	3
4849	5
4850	6
4851	3
4852	8
4853	3
4854	3
4855	6
4856	3
4857	8
4858	8
4859	3
4860	6
4861	6
4862	6
4863	6
4864	6
4865	6
4866	5
4867	5
4868	5
4869	5
4870	5
4871	5
4872	7
4873	5
4874	8
4875	8
4876	8
4877	8
4878	8
4879	3
4880	8
4881	3
4882	6
4883	6
4884	6
4885	6
4886	6
4887	6
4888	8
4889	6
4890	6
4891	6
4892	5
4893	5
4894	5
4895	3
4896	5
4897	8
4898	8
4899	8
4900	3
4901	8
4902	8
4903	0
4904	8
4905	3
4906	8
4907	8
4908	8
4909	3
4910	3
4911	3
4912	3
4913	3
4914	8
4915	8
4916	3
4917	8
4918	3
4919	3
4920	3
4921	8
4922	8
4923	8
4924	8
4925	8
4926	8
4927	3
4928	8
4929	8
4930	3
4931	8
4932	3
4933	8
4934	0
4935	0
4936	8
4937	6
4938	6
4939	8
4940	0
4941	3
4942	8
4943	5
4944	6
4945	6
4946	3
4947	6
4948	8
4949	8
4950	8
4951	9
4953	9
4954	9
4955	9
4956	9
4958	9
4959	9
4961	9
4966	9
4968	7
4969	7
4970	7
4971	7
4972	7
4973	7
4974	7
4975	1
4976	1
4977	7
4978	7
4979	1
4980	1
4981	8
4982	8
4983	8
4984	8
4985	1
4986	1
4987	1
4988	8
4989	8
4990	8
4991	7
4992	7
4993	7
4994	7
4995	1
4996	1
4997	7
4998	7
4999	7
5000	1
5001	7
5002	7
5003	7
5004	7
5005	7
5006	7
5007	1
5008	7
5009	7
5010	7
5011	1
5012	7
5013	7
5014	7
5015	7
5016	1
5017	7
5018	7
5019	1
5020	7
5021	8
5022	7
5023	1
5024	1
5025	7
5026	1
5027	1
5028	1
5029	1
5030	8
5031	1
5032	8
5033	8
5034	8
5035	1
5036	8
5037	1
5038	1
5039	1
5040	1
5041	1
5042	1
5043	1
5044	1
5045	1
5046	1
5047	1
5048	1
5049	1
5050	1
5051	1
5052	1
5053	1
5054	7
5055	1
5058	7
5059	7
5063	1
5066	9
5067	8
5068	9
5069	9
5070	1
5071	7
5072	7
5073	7
5074	7
5075	8
5076	9
5077	7
5078	7
5079	7
5080	7
5081	5
5082	7
5083	7
5084	7
5085	7
5086	7
5087	1
5088	7
5089	7
5090	7
5091	7
5092	0
5093	0
5094	0
5095	0
5096	0
5097	0
5098	0
5099	0
5100	0
5101	0
5102	0
5103	0
5104	0
5105	0
5106	0
5107	0
5108	0
5109	8
5110	0
5111	0
5112	0
5113	0
5114	0
5115	0
5116	0
5117	0
5118	0
5119	5
5120	9
5121	9
5122	9
5123	3
5124	3
5125	9
5126	4
5127	4
5128	9
5129	9
5130	9
5131	4
5132	9
5133	4
5134	9
5135	5
5136	5
5137	5
5138	5
5139	5
5140	4
5141	4
5142	4
5143	9
5144	4
5145	5
5146	9
5147	7
5148	4
5149	9
5150	9
5151	9
5152	3
5153	5
5154	5
5155	7
5156	7
5157	5
5158	7
5159	5
5160	1
5161	4
5162	4
5163	5
5164	9
5165	4
5166	4
5167	3
5168	9
5169	9
5170	3
5171	9
5172	5
5173	9
5174	4
5175	4
5176	4
5177	7
5178	1
5179	9
5180	4
5181	5
5182	5
5183	9
5184	5
5185	5
5186	9
5187	9
5188	5
5189	7
5190	7
5191	9
5192	9
5193	9
5194	9
5195	3
5196	9
5197	9
5198	9
5199	3
5200	9
5201	7
5202	7
5203	7
5204	5
5205	5
5206	7
5207	5
5208	9
5209	4
5210	9
5211	5
5212	9
5213	5
5214	7
5215	5
5216	9
5217	9
5218	9
5219	5
5220	5
5221	9
5222	9
5223	9
5224	9
5225	9
5226	4
5227	9
5228	5
5229	9
5230	4
5231	9
5232	9
5233	5
5234	5
5235	9
5236	9
5237	4
5238	5
5239	5
5240	9
5241	3
5242	9
5243	3
5244	9
5245	7
5246	5
5247	7
5248	5
5249	9
5250	4
5251	5
5252	7
5253	7
5254	9
5255	2
5256	9
5257	9
5258	5
5259	5
5260	5
5261	5
5262	5
5263	5
5264	9
5265	9
5266	5
5267	7
5268	2
5269	4
5270	2
5271	2
5272	5
5273	5
5274	9
5275	5
5276	5
5277	5
5278	4
5279	3
5280	1
5281	5
5282	9
5283	9
5284	3
5285	4
5286	9
5287	5
5288	3
5289	9
5290	9
5291	9
5292	4
5293	4
5294	4
5295	4
5296	9
5297	3
5298	9
5299	7
5300	4
5301	4
5302	9
5303	5
5304	5
5305	9
5306	9
5307	5
5308	9
5309	9
5310	9
5311	2
5312	2
5313	2
5314	2
5315	9
5316	9
5317	4
5318	5
5319	5
5320	4
5321	7
5322	7
5324	1
5325	5
5326	5
5327	9
5328	9
5329	2
5330	5
5331	3
5332	9
5333	1
5334	7
5335	4
5336	2
5337	4
5338	2
5339	4
5340	2
5341	2
5342	4
5343	4
5344	4
5345	4
5346	2
5347	2
5348	1
5349	4
5350	9
5351	4
5352	7
5353	1
5354	3
5355	4
5356	9
5357	7
5358	5
5359	5
5360	5
5361	5
5362	3
5363	3
5364	4
5365	9
5366	9
5367	9
5368	9
5369	4
5370	9
5371	9
5372	4
5373	9
5374	4
5375	4
5376	9
5377	7
5378	4
5379	9
5380	4
5381	5
5382	4
5383	5
5384	7
5385	1
5386	2
5387	4
5388	4
5389	2
5390	4
5391	2
5392	3
5393	4
5394	2
5395	2
5396	5
5397	4
5398	7
5399	4
5400	7
5401	7
5402	7
5403	4
5404	4
5405	2
5406	2
5407	2
5408	2
5409	9
5410	4
5411	9
5412	4
5413	4
5414	9
5415	9
5416	9
5417	9
5418	4
5419	9
5420	5
5421	9
5422	5
5423	9
5424	7
5425	4
5426	9
5427	4
5428	9
5429	4
5430	4
5431	4
5432	4
5433	2
5434	5
5435	4
5436	2
5437	4
5438	2
5439	2
5440	2
5441	2
5442	9
5443	7
5444	7
5445	9
5446	4
5447	2
5448	2
5449	4
5450	4
5451	2
5452	2
5453	2
5454	9
5455	4
5456	7
5457	9
5458	5
5459	4
5460	3
5461	9
5462	4
5463	4
5464	5
5465	9
5466	9
5467	5
5468	4
5469	4
5470	5
5471	4
5472	1
5473	7
5474	9
5475	9
5476	3
5477	5
5478	9
5479	5
5480	1
5481	4
5482	4
5483	7
5484	4
5485	4
5486	2
5487	3
5488	2
5489	4
5490	2
5491	5
5492	3
5493	5
5494	9
5495	4
5496	4
5497	4
5498	1
5499	5
5500	9
5501	5
5502	2
5503	4
5504	2
5505	2
5506	2
5507	2
5508	9
5509	9
5510	2
5511	4
5512	1
5513	9
5514	5
5515	5
5516	4
5517	5
5518	7
5519	7
5520	4
5521	5
5522	1
5523	9
5524	9
5525	9
5526	2
5527	9
5528	5
5529	4
5530	9
5531	3
5532	4
5533	4
5534	4
5535	4
5536	4
5537	4
5538	4
5539	4
5540	9
5541	2
5542	4
5543	2
5544	2
5545	7
5546	4
5547	9
5548	4
5549	7
5550	4
5551	3
5552	2
5553	2
5554	2
5555	2
5556	5
5557	5
5558	5
5559	5
5560	5
5561	9
5562	4
5563	5
5564	5
5565	5
5566	5
5567	5
5568	5
5569	9
5570	5
5571	5
5572	9
5573	9
5574	7
5575	5
5576	4
5577	9
5578	9
5579	9
5580	4
5581	4
5582	2
5583	2
5584	2
5585	2
5586	4
5587	4
5588	9
5589	9
5590	9
5591	9
5592	5
5593	9
5594	9
5595	9
5596	9
5597	2
5598	2
5599	2
5600	2
5601	5
5602	5
5603	5
5604	9
5605	9
5606	5
5607	9
5608	9
5609	9
5610	5
5611	4
5612	1
5613	9
5614	9
5615	9
5616	9
5617	5
5618	7
5619	4
5620	5
5621	9
5622	5
5623	5
5624	5
5625	9
5626	9
5627	9
5628	4
5629	9
5630	9
5631	4
5632	9
5633	9
5634	4
5635	4
5636	9
5637	2
5638	2
5639	2
5640	4
5641	7
5642	5
5643	3
5644	9
5645	4
5646	9
5647	5
5648	9
5649	9
5650	9
5651	3
5652	9
5653	2
5654	2
5655	3
5656	4
5657	2
5658	5
5659	2
5660	2
5661	5
5662	5
5663	9
5664	5
5665	4
5666	9
5667	5
5668	9
5669	2
5670	7
5671	7
5672	9
5673	4
5674	4
5675	1
5676	9
5677	7
5678	4
5679	9
5680	9
5681	4
5682	4
5683	4
5684	4
5685	4
5686	7
5687	5
5688	4
5689	7
5690	9
5691	9
5692	3
5693	9
5694	9
5695	9
5696	5
5697	9
5698	5
5699	2
5700	4
5701	9
5702	2
5703	9
5704	2
5705	9
5706	9
5707	4
5708	9
5709	4
5710	4
5711	9
5712	9
5713	7
5714	4
5715	9
5716	5
5717	7
5718	5
5719	3
5720	7
5721	9
5722	5
5723	7
5725	4
5726	4
5727	9
5728	5
5729	9
5730	4
5731	7
5732	3
5733	3
5734	2
5735	9
5736	4
5737	9
5738	5
5739	9
5740	9
5741	9
5742	9
5743	9
5744	3
5745	9
5746	9
5747	5
5748	9
5749	2
5750	2
5751	2
5752	2
5753	2
5754	2
5755	2
5756	4
5757	7
5758	1
5759	3
5766	5
5767	9
5768	5
5769	5
5770	1
5771	4
5772	4
5773	5
5774	3
5775	7
5776	7
5777	9
5778	9
5779	9
5780	7
5781	4
5782	7
5783	5
5784	9
5785	1
5786	7
5787	5
5788	9
5789	5
5790	9
5791	9
5792	5
5793	9
5794	3
5795	3
5796	3
5797	9
5798	9
5799	9
5800	3
5801	2
5802	2
5803	2
5804	2
5805	5
5806	9
5807	9
5810	9
5811	4
5812	4
5813	5
5814	7
5815	7
5816	7
5817	7
5818	8
5819	4
5820	9
5821	9
5822	9
5823	3
5824	4
5825	7
5826	4
5827	4
5828	7
5829	5
5830	2
5831	7
5832	5
5833	9
5834	1
5835	5
5836	5
5837	9
5838	5
5839	9
5840	7
5841	7
5842	7
5843	9
5844	9
5845	9
5846	9
5847	3
5848	3
5849	3
5850	9
5851	4
5852	9
5853	7
5854	9
5855	7
5856	5
5857	5
5858	7
5859	4
5860	5
5861	5
5862	9
5863	5
5864	4
5865	4
5866	5
5867	9
5868	9
5869	9
5870	7
5871	4
5872	9
5873	4
5874	4
5875	7
5876	9
5877	9
5878	9
5879	9
5880	7
5881	7
5882	7
5883	9
5884	5
5885	3
5886	9
5887	3
5888	3
5889	3
5890	3
5891	7
5892	7
5893	7
5894	7
5895	7
5896	7
5897	0
5898	7
5899	0
5900	7
5901	7
5902	7
5903	7
5904	7
5905	7
5906	7
5907	7
5908	7
5909	7
5910	7
5911	7
5912	7
5913	7
5914	7
5915	7
5916	7
5917	7
5918	7
5919	7
5920	7
5921	7
5922	7
5923	7
5924	7
5925	7
5926	7
5927	7
5928	7
5929	7
5930	7
5931	7
5932	7
5933	7
5934	7
5935	7
5936	7
5937	7
5938	7
5939	7
5940	7
5941	7
5942	7
5943	7
5944	7
5945	7
5946	7
5947	7
5948	7
5949	7
5950	7
5951	7
5952	7
5953	7
5954	7
5955	7
5956	7
5957	7
5958	7
5959	7
5960	7
5961	7
5962	7
5963	7
5964	7
5965	7
5966	7
5967	7
5968	7
5969	7
5970	7
5971	7
5972	7
5973	7
5974	7
5975	7
5976	7
5977	7
5978	7
5979	7
5980	7
5981	7
5982	7
5983	7
5984	7
5985	7
5986	7
5987	7
5988	7
5989	7
5990	7
5991	7
5992	7
5993	7
5994	7
5995	7
5996	7
5997	7
5998	7
5999	7
6000	7
6001	7
6002	7
6003	7
6004	7
6005	7
6006	7
6007	7
6008	7
6009	7
6010	7
6011	7
6012	7
6013	7
6014	7
6015	7
6016	7
6017	7
6018	7
6019	7
6020	7
6021	7
6022	7
6023	7
6024	7
6025	7
6026	7
6027	7
6028	7
6029	7
6030	7
6031	7
6032	7
6033	7
6034	7
6035	7
6036	7
6037	7
6038	7
6039	7
6040	7
6041	7
6042	7
6043	7
6044	7
6045	7
6046	7
6047	7
6048	7
6049	7
6050	7
6051	7
6052	7
6053	7
6054	7
6055	7
6056	7
6057	7
6058	7
6059	7
6060	7
6061	7
6062	7
6063	7
6064	7
6065	7
6066	7
6067	7
6068	0
6069	7
6070	7
6071	7
6072	7
6073	7
6074	7
6075	7
6076	7
6077	7
6078	7
6079	7
6080	7
6081	7
6082	7
6083	7
6084	7
6085	7
6086	7
6087	7
6088	7
6089	7
6090	7
6091	7
6092	7
6093	7
6094	7
6095	7
6096	7
6097	7
6098	7
6099	7
6100	7
6101	7
6102	7
6103	7
6104	7
6105	7
6106	7
6107	7
6108	7
6109	7
6110	7
6111	7
6112	7
6113	7
6114	7
6115	7
6116	7
6117	7
6118	7
6119	7
6120	7
6121	7
6122	7
6123	7
6124	7
6125	7
6126	7
6127	7
6128	7
6129	7
6130	7
6131	7
6132	7
6133	7
6134	7
6135	7
6136	7
6137	7
6138	7
6139	7
6140	7
6141	7
6142	7
6143	7
6144	7
6145	7
6146	7
6147	7
6148	7
6149	7
6150	7
6151	7
6152	7
6153	7
6154	7
6155	7
6156	7
6157	7
6158	7
6159	7
6160	7
6161	7
6162	7
6163	7
6164	7
6165	7
6166	7
6167	7
6168	7
6169	7
6170	7
6171	7
6172	7
6173	7
6174	7
6175	7
6176	7
6177	7
6178	7
6179	7
6180	7
6181	7
6182	7
6183	7
6184	7
6185	7
6186	7
6187	7
6188	7
6189	7
6190	1
6191	1
6192	7
6193	7
6194	1
6195	7
6196	7
6197	7
6198	7
6199	7
6200	7
6201	7
6202	7
6203	1
6204	7
6205	7
6206	7
6207	7
6208	7
6209	7
6210	7
6211	1
6212	1
6213	7
6214	1
6215	7
6216	7
6217	7
6218	7
6219	7
6220	1
6221	0
6222	7
6223	7
6224	7
6225	7
6226	7
6227	7
6228	7
6229	7
6230	7
6231	7
6232	7
6233	7
6234	1
6235	1
6236	7
6237	7
6238	7
6239	8
6240	8
6241	8
6242	8
6243	8
6244	8
6245	8
6246	8
6247	8
6248	8
6249	8
6250	8
6251	8
6252	8
6253	8
6254	8
6255	8
6256	8
6257	8
6258	8
6259	8
6260	8
6261	8
6262	8
6263	8
6264	8
6265	8
6266	8
6267	8
6268	8
6269	8
6270	8
6271	8
6272	8
6273	8
6274	9
6275	9
6276	8
6277	9
6278	9
6279	9
6280	9
6281	9
6282	9
6283	9
6284	9
6285	9
6286	8
6287	9
6288	9
6289	8
6290	8
6291	9
6292	9
6293	8
6294	9
6295	8
6296	8
6297	8
6298	8
6299	8
6300	8
6301	8
6302	8
6303	8
6304	8
6305	8
6306	9
6307	9
6308	8
6309	8
6310	9
6311	9
6312	8
6313	8
6314	8
6315	8
6316	8
6317	9
6318	8
6319	9
6320	8
6321	8
6322	8
6323	9
6324	8
6325	8
6326	8
6327	8
6328	8
6329	8
6330	8
6331	8
6332	8
6333	8
6334	8
6335	8
6336	8
6337	9
6338	9
6339	9
6340	9
6341	9
6342	9
6343	8
6344	8
6345	9
6346	9
6347	9
6348	9
6349	9
6350	8
6351	8
6352	9
6353	9
6354	8
6355	8
6356	9
6357	8
6358	8
6359	8
6360	8
6361	8
6362	8
6363	8
6364	8
6365	8
6366	8
6367	8
6368	8
6369	8
6370	8
6371	8
6372	8
6373	8
6374	8
6375	8
6376	8
6377	8
6378	9
6379	8
6380	9
6381	9
6382	9
6383	9
6384	9
6385	8
6386	9
6387	9
6388	9
6389	8
6390	9
6391	9
6392	8
6393	8
6394	8
6395	8
6396	8
6397	8
6398	8
6399	8
6400	8
6401	8
6402	9
6403	8
6404	8
6405	8
6406	8
6407	8
6408	8
6409	8
6410	9
6411	8
6412	9
6413	8
6414	8
6415	8
6416	8
6417	9
6418	8
6419	8
6420	9
6421	8
6422	8
6423	8
6424	8
6425	8
6426	9
6427	9
6428	8
6429	8
6430	9
6431	9
6432	9
6433	9
6435	9
6436	9
6437	9
6438	9
6439	8
6440	9
6441	9
6442	8
6443	9
6444	8
6445	8
6446	8
6447	8
6448	8
6449	8
6450	8
6451	8
6452	8
6453	8
6454	8
6455	8
6456	9
6457	8
6458	8
6459	8
6460	9
6461	8
6462	9
6463	8
6464	8
6465	8
6466	8
6467	8
6468	8
6469	8
6470	8
6471	8
6472	9
6474	8
6475	8
6476	9
6477	8
6478	8
6479	8
6480	8
6481	8
6482	8
6483	8
6484	8
6485	8
6486	8
6487	8
6488	8
6489	8
6490	8
6491	8
6492	8
6493	8
6494	9
6495	9
6496	9
6497	9
6498	8
6499	8
6500	8
6501	8
6502	8
6503	8
6504	8
6505	9
6506	8
6507	8
6508	8
6509	8
6510	8
6511	8
6512	9
6513	8
6514	8
6515	8
6516	8
6517	8
6518	8
6519	8
6520	8
6521	8
6522	8
6523	9
6524	9
6525	8
6526	8
6527	8
6528	8
6529	8
6530	8
6531	8
6532	8
6533	8
6534	8
6535	8
6536	8
6537	8
6538	9
6539	8
6540	8
6541	8
6542	8
6543	8
6544	0
6545	8
6546	8
6547	9
6548	8
6549	8
6550	8
6551	8
6552	8
6553	9
6554	8
6555	8
6556	8
6557	8
6558	8
6559	8
6560	8
6561	8
6562	8
6563	8
6564	8
6565	1
6566	1
6567	1
6568	1
6569	1
6570	1
6571	1
6572	1
6573	1
6574	7
6575	7
6576	7
6577	1
6578	1
6579	1
6580	1
6581	1
6582	1
6583	1
6584	1
6585	1
6586	1
6587	1
6588	1
6589	1
6590	7
6591	1
6592	1
6593	7
6594	7
6595	7
6596	1
6597	1
6598	1
6599	1
6600	1
6601	1
6602	1
6603	7
6604	7
6605	7
6606	7
6607	1
6608	1
6609	7
6610	7
6611	7
6612	7
6613	1
6614	1
6615	7
6616	1
6617	7
6618	1
6619	1
6620	0
6621	0
6622	7
6623	1
6624	8
6625	7
6626	7
6627	1
6628	7
6629	7
6630	8
6631	8
6632	7
6633	8
6634	7
6635	8
6636	8
6637	8
6638	9
6639	7
6640	8
6641	8
6642	8
6643	8
6644	8
6645	8
6646	1
6647	8
6648	1
6650	8
6651	8
6652	8
6653	7
6654	7
6655	7
6656	7
6657	7
6658	1
6659	7
6660	7
6661	7
6662	8
6663	8
6664	7
6665	7
6666	8
6667	8
6668	8
6669	8
6671	8
6672	8
6679	7
6683	8
6684	8
6685	8
6686	9
6687	9
6688	9
6689	9
6690	8
6691	8
6692	8
6693	7
6694	8
6695	8
6696	8
6697	8
6698	8
6699	8
6700	8
6701	8
6702	8
6703	8
6704	8
6705	8
6706	8
6707	8
6708	8
6709	8
6710	8
6711	8
6712	8
6713	8
6714	8
6715	7
6716	7
6717	8
6718	9
6719	7
6720	8
6721	8
6722	8
6723	8
6724	8
6725	8
6726	8
6727	8
6728	8
6729	8
6730	8
6731	8
6732	7
6733	7
6734	8
6735	8
6736	7
6737	8
6738	7
6739	7
6740	8
6741	8
6742	8
6743	8
6744	8
6745	8
6746	7
6747	8
6748	7
6749	7
6750	7
6751	7
6752	7
6753	8
6754	8
6755	8
6756	8
6757	7
6758	8
6759	7
6760	7
6761	8
6762	7
6763	8
6764	7
6765	7
6766	7
6767	1
6768	0
6769	7
6770	1
6771	7
6772	7
6773	1
6774	7
6775	7
6776	7
6777	7
6778	7
6779	7
6780	7
6781	7
6782	7
6783	7
6784	7
6785	7
6786	7
6787	7
6788	7
6789	7
6790	7
6791	7
6792	7
6793	7
6794	7
6795	7
6796	7
6797	7
6798	7
6799	7
6800	7
6801	7
6802	7
6803	7
6804	7
6805	7
6806	7
6807	7
6808	7
6809	7
6810	7
6811	0
6812	7
6813	7
6814	0
6815	7
6816	7
6817	7
6818	7
6819	7
6820	7
6821	7
6822	0
6823	7
6824	0
6825	0
6826	0
6827	0
6828	6
6829	6
6830	6
6831	6
6832	6
6833	1
6834	1
6835	1
6836	0
6837	0
6838	6
6839	6
6840	0
6841	1
6842	1
6843	0
6844	0
6845	0
6846	0
6847	6
6848	6
6849	0
6850	0
6851	0
6852	0
6853	0
6854	0
6855	6
6856	6
6857	6
6858	6
6859	0
6860	6
6861	7
6862	7
6863	0
6864	0
6865	6
6866	0
6867	7
6868	6
6869	7
6870	7
6871	0
6872	1
6873	0
6874	0
6875	6
6876	0
6877	0
6878	0
6879	0
6880	0
6881	0
6882	0
6883	0
6884	0
6885	0
6886	0
6887	0
6888	1
6889	1
6890	1
6891	0
6892	0
6893	0
6894	0
6895	6
6896	0
6897	0
6898	0
6899	1
6900	0
6901	1
6902	7
6903	0
6904	0
6905	6
6906	0
6907	6
6908	0
6909	0
6910	5
6911	1
6912	0
6913	6
6914	0
6915	7
6916	0
6917	7
6918	0
6919	6
6920	6
6921	0
6922	0
6923	0
6924	0
6925	0
6926	0
6927	0
6928	0
6929	0
6930	0
6931	0
6932	0
6933	0
6934	0
6935	0
6936	0
6937	0
6938	0
6939	7
6940	0
6941	0
6942	0
6943	0
6944	0
6945	0
6946	0
6947	0
6948	0
6949	0
6950	0
6951	7
6952	7
6953	7
6954	0
6955	0
6956	1
6957	1
6958	1
6959	1
6960	1
6961	0
6962	0
6963	1
6964	1
6965	1
6966	1
