1	1
2	0
3	0
4	0
5	1
6	0
7	7
8	0
9	7
10	7
11	7
12	7
13	0
14	7
15	7
16	7
17	7
18	7
19	1
20	1
21	1
22	1
23	1
24	1
25	1
26	1
27	1
28	1
29	1
30	1
31	1
32	0
33	7
34	7
35	7
36	7
37	7
38	7
39	7
40	1
41	1
42	7
43	7
44	7
45	7
46	7
47	1
48	1
49	1
50	1
51	7
52	7
53	7
54	7
55	1
56	7
57	1
58	7
59	7
60	7
61	7
62	7
63	0
64	0
65	0
66	1
67	0
68	1
69	7
70	7
71	7
72	1
73	1
74	1
75	1
76	1
77	1
78	7
79	1
80	0
81	0
82	1
83	0
84	1
85	1
86	0
87	1
88	7
89	1
90	1
91	0
92	1
93	0
94	1
95	7
96	1
97	0
98	0
99	1
100	0
101	1
102	1
103	1
104	1
105	1
106	0
107	7
108	1
109	7
110	7
111	1
112	7
113	1
114	0
115	0
116	0
117	6
118	1
119	1
120	1
121	6
122	7
123	0
124	0
125	1
126	0
127	1
128	1
129	7
130	7
131	1
132	1
133	1
134	0
135	0
136	0
137	0
138	1
139	1
140	7
141	1
142	7
143	0
144	0
145	0
146	0
147	1
148	7
149	7
150	7
151	7
152	7
153	1
154	1
155	7
156	7
157	7
158	7
159	7
160	7
161	7
162	0
163	1
164	1
165	7
166	1
167	1
168	7
169	0
170	0
171	0
172	0
173	0
174	0
175	0
176	1
177	0
178	0
179	0
180	0
181	0
182	0
183	1
184	1
185	0
186	0
187	7
188	7
189	1
190	0
191	0
192	7
193	7
194	1
195	1
196	0
197	1
198	0
199	1
200	0
201	0
202	0
203	0
204	0
205	1
206	0
207	0
208	7
209	0
210	7
211	1
212	1
213	0
214	1
215	1
216	1
217	0
218	0
219	0
220	0
221	0
222	0
223	0
224	7
225	7
226	7
227	7
228	7
229	0
230	0
231	0
232	0
233	0
234	1
235	1
236	1
237	1
238	7
239	7
240	7
241	7
242	0
243	0
244	0
245	0
246	1
247	1
248	0
249	1
250	7
251	1
252	1
253	1
254	7
255	1
256	7
257	0
258	7
259	7
260	1
261	1
262	1
263	7
264	0
265	1
266	1
267	1
268	1
269	1
270	1
271	0
272	1
273	1
274	1
275	7
276	7
277	1
278	0
279	0
280	0
281	0
282	0
283	0
284	9
285	0
286	0
287	9
288	1
289	7
290	1
291	1
292	7
293	1
294	7
295	0
296	9
297	9
298	7
299	1
300	7
301	0
302	0
303	0
304	0
305	5
306	7
307	1
308	0
309	1
310	1
311	7
312	7
313	7
314	7
315	7
316	1
317	0
318	7
319	7
320	7
321	0
322	0
323	7
324	0
325	0
326	9
327	7
328	7
329	0
330	0
331	0
332	0
333	0
334	0
335	0
336	9
337	7
338	7
339	7
340	7
341	0
342	0
343	9
344	9
345	9
346	9
347	9
348	9
349	9
350	9
351	9
352	9
353	9
354	9
355	9
357	9
358	9
359	9
360	9
361	9
362	9
363	9
365	9
366	9
367	9
368	9
369	9
370	9
372	9
373	9
374	9
375	9
376	9
377	9
378	9
379	9
380	9
381	9
382	9
383	9
384	9
385	9
386	9
387	9
388	9
389	9
390	9
391	9
392	9
393	9
394	9
395	9
396	9
397	9
398	9
399	9
400	9
401	9
402	9
403	9
404	9
405	9
406	9
407	9
408	9
409	9
410	9
411	9
412	9
413	9
414	9
415	9
416	9
417	9
418	9
419	9
420	9
421	9
422	9
423	9
424	9
425	9
426	9
427	9
428	9
429	9
430	9
431	9
432	9
434	9
435	9
436	9
438	9
439	0
440	0
441	0
442	0
443	0
444	0
445	0
446	0
447	0
448	0
449	0
450	0
451	0
452	0
453	0
454	0
455	0
456	0
457	0
458	0
459	0
460	0
461	0
462	0
463	0
464	0
465	0
466	0
467	0
468	0
469	0
470	0
471	0
472	0
473	0
474	0
475	0
476	0
477	0
478	0
479	0
480	0
481	0
482	0
483	0
484	0
485	0
486	0
487	0
488	0
489	0
490	0
491	0
492	0
493	0
494	0
495	0
496	0
497	0
498	0
499	0
500	0
501	0
502	0
503	0
504	0
505	0
506	0
507	0
508	0
509	0
510	0
511	0
512	0
513	0
514	0
515	0
516	0
517	0
518	0
519	0
520	8
521	8
522	8
523	0
524	0
525	0
526	0
527	0
528	0
529	0
530	0
531	0
532	7
533	0
534	0
535	0
536	0
538	0
539	0
540	0
541	0
542	0
543	0
544	0
545	0
546	0
547	0
548	0
549	0
550	0
551	0
552	0
553	0
554	0
555	0
556	0
557	8
558	8
559	8
560	0
561	0
562	0
563	0
564	0
565	0
566	0
567	0
568	0
569	0
570	0
571	0
572	0
573	8
574	0
575	0
576	0
577	0
578	0
579	0
580	0
581	0
582	0
583	0
584	0
585	0
586	0
587	0
588	0
589	0
590	0
591	8
592	0
593	0
594	0
595	0
596	0
597	0
598	0
599	0
600	0
601	0
602	0
603	0
604	0
605	0
606	0
607	8
608	8
609	0
610	8
611	0
612	0
613	0
614	0
615	0
616	0
617	0
618	0
619	0
620	0
621	0
622	0
623	0
624	0
625	0
626	0
627	0
628	0
629	0
630	0
631	0
632	0
633	0
634	0
635	0
636	0
637	0
638	0
639	0
640	0
641	0
642	0
643	0
644	0
645	0
646	0
647	0
648	0
649	0
650	7
651	7
652	7
653	7
654	1
655	7
656	7
657	1
658	1
659	0
660	0
661	0
662	6
663	0
664	0
665	0
666	0
667	0
668	0
669	0
670	0
671	6
672	0
673	6
674	6
675	0
676	6
677	6
678	6
679	6
680	6
681	6
682	6
683	6
684	6
685	6
686	6
687	6
688	6
689	6
690	6
691	6
692	0
693	0
694	6
695	0
696	0
697	0
698	0
699	6
700	6
701	6
702	6
703	6
704	6
705	6
706	6
707	6
708	6
709	6
710	6
711	6
712	6
713	0
714	0
715	0
716	0
717	6
718	6
719	0
720	6
721	6
722	6
723	6
724	6
725	0
726	6
727	7
728	7
729	0
730	0
731	0
732	0
733	0
734	0
735	0
736	0
737	0
738	0
739	0
740	0
741	6
742	6
743	6
744	0
745	0
746	0
747	0
748	6
749	6
750	6
751	6
752	7
753	1
754	7
755	7
756	7
757	7
758	7
759	1
760	7
761	1
762	0
763	9
764	9
765	7
766	1
767	0
768	0
769	0
770	9
771	0
772	9
773	9
774	0
775	9
776	9
777	9
778	0
779	9
780	0
781	0
782	9
783	9
784	9
785	9
786	9
787	9
788	9
789	9
790	7
791	9
792	9
793	7
794	9
795	7
796	7
797	7
798	7
799	7
800	7
801	7
802	1
803	7
804	1
805	7
806	7
807	1
808	7
809	7
810	7
811	1
812	7
813	7
814	7
815	7
816	7
817	7
818	7
819	7
820	7
821	7
822	7
823	7
824	1
825	7
826	7
827	7
828	7
829	7
830	1
831	7
832	1
833	0
834	0
835	7
836	0
837	0
838	0
839	0
840	1
841	1
842	1
843	1
844	0
845	0
846	0
847	0
848	0
849	1
850	1
851	0
852	1
853	1
854	1
855	1
856	1
857	1
858	1
859	1
860	1
861	1
862	1
863	1
864	0
865	0
866	1
867	1
868	1
869	1
870	0
871	1
872	0
873	1
874	0
875	0
876	7
877	7
878	0
879	0
880	7
881	7
882	0
883	0
884	0
885	1
886	1
887	0
888	1
889	1
890	1
891	0
892	0
893	0
894	0
895	1
896	0
897	1
898	1
899	0
900	1
901	0
902	0
903	0
904	1
905	0
906	1
907	0
908	0
909	1
910	1
911	0
912	0
913	1
914	0
915	0
916	1
917	1
918	1
919	1
920	1
921	1
922	1
923	0
924	0
925	0
926	7
927	7
928	7
929	7
930	7
931	7
932	1
933	7
934	7
935	7
936	7
937	7
938	0
939	0
940	7
941	0
942	0
943	0
944	0
945	6
946	0
947	7
948	7
949	7
950	7
951	7
952	7
953	7
954	7
955	7
956	7
957	0
958	7
959	7
960	7
961	0
962	1
963	7
964	7
965	7
966	0
967	7
968	7
969	0
970	0
971	1
972	9
973	7
974	1
975	0
976	7
977	7
978	0
979	0
980	0
981	0
982	0
983	0
984	0
985	7
986	0
987	7
988	0
989	7
990	7
991	7
992	7
993	0
994	7
995	1
996	7
997	7
998	0
999	1
1000	7
1001	7
1002	7
1003	1
1004	7
1005	0
1006	0
1007	7
1008	7
1009	8
1010	8
1011	8
1012	8
1013	8
1014	9
1015	8
1016	8
1017	9
1018	8
1019	8
1020	8
1021	6
1022	8
1023	9
1024	8
1025	8
1026	9
1027	8
1028	8
1029	8
1030	8
1031	8
1032	6
1033	8
1034	8
1035	8
1036	8
1037	8
1038	8
1039	8
1040	8
1041	8
1042	8
1043	8
1044	8
1045	8
1046	8
1051	0
1052	0
1053	9
1054	9
1055	9
1056	9
1057	8
1058	8
1059	8
1060	8
1061	8
1062	8
1063	8
1064	8
1065	8
1066	8
1068	8
1069	8
1070	8
1071	8
1072	8
1073	8
1074	8
1075	8
1076	8
1077	8
1078	8
1079	8
1080	8
1081	8
1082	8
1084	8
1085	8
1087	8
1088	8
1089	8
1090	8
1091	8
1092	8
1093	8
1094	8
1095	8
1096	8
1097	8
1099	8
1101	8
1102	8
1103	8
1104	8
1105	8
1106	8
1107	8
1108	1
1109	1
1110	1
1111	1
1112	1
1113	8
1114	8
1115	8
1116	8
1117	8
1118	8
1120	8
1121	1
1122	8
1123	1
1124	8
1125	8
1126	8
1127	1
1128	8
1129	8
1130	8
1131	8
1132	8
1133	8
1134	8
1135	8
1136	8
1137	8
1138	8
1139	8
1140	8
1141	8
1142	8
1143	8
1144	8
1145	8
1146	8
1147	8
1149	8
1151	8
1157	8
1160	8
1161	8
1162	8
1163	8
1164	8
1165	8
1167	8
1168	8
1169	8
1170	8
1171	8
1172	8
1173	8
1174	8
1175	8
1176	8
1177	9
1178	9
1179	9
1181	9
1182	9
1185	9
1189	9
1190	9
1191	9
1192	8
1193	8
1194	9
1195	9
1196	9
1197	9
1198	9
1199	9
1200	8
1201	9
1202	9
1203	9
1204	8
1205	9
1206	9
1207	9
1208	9
1209	9
1210	9
1211	9
1212	9
1213	9
1214	9
1215	9
1216	9
1217	5
1218	5
1219	6
1220	6
1221	6
1222	6
1223	3
1224	6
1225	3
1226	6
1227	3
1228	3
1229	6
1230	3
1231	3
1232	6
1233	9
1234	9
1235	9
1236	6
1237	6
1238	4
1239	6
1240	4
1241	4
1242	6
1243	6
1244	6
1245	6
1246	6
1247	6
1249	3
1250	3
1251	3
1252	4
1253	3
1254	3
1255	3
1256	4
1257	3
1258	4
1259	4
1260	4
1261	4
1263	3
1264	3
1265	3
1266	3
1267	4
1268	4
1269	4
1270	4
1271	4
1272	4
1273	4
1274	4
1275	4
1276	4
1277	4
1278	4
1279	4
1280	4
1281	3
1282	3
1283	4
1284	4
1285	3
1286	4
1287	4
1288	4
1289	4
1290	4
1291	4
1292	4
1293	4
1294	4
1295	2
1296	2
1297	2
1298	2
1299	2
1300	2
1301	2
1302	4
1303	2
1304	2
1305	2
1306	2
1307	5
1308	2
1309	2
1310	2
1311	2
1312	2
1313	4
1314	4
1315	4
1316	4
1317	3
1318	3
1319	3
1320	1
1321	3
1322	3
1323	4
1324	4
1325	9
1326	4
1327	4
1328	4
1329	3
1330	4
1331	9
1332	4
1333	4
1334	9
1335	4
1336	4
1337	4
1338	4
1339	9
1340	9
1341	4
1342	4
1343	4
1344	2
1345	2
1346	4
1347	2
1348	4
1349	9
1350	5
1351	5
1352	5
1353	9
1354	9
1355	9
1356	4
1357	4
1358	4
1359	6
1360	4
1361	4
1362	4
1363	4
1364	4
1365	4
1366	4
1367	5
1368	5
1369	4
1370	2
1371	2
1372	2
1374	3
1375	4
1376	3
1377	5
1378	1
1379	5
1380	5
1381	1
1382	5
1383	5
1384	5
1385	5
1386	5
1387	6
1388	6
1389	6
1390	6
1391	6
1392	6
1393	6
1394	5
1395	5
1396	5
1397	9
1398	9
1399	9
1400	9
1401	9
1402	9
1403	9
1404	9
1405	9
1406	9
1407	9
1408	6
1409	6
1410	3
1411	4
1412	4
1413	4
1414	4
1415	4
1416	4
1417	4
1418	4
1419	4
1420	4
1421	4
1422	3
1423	4
1424	4
1425	4
1426	4
1427	4
1429	4
1432	4
1433	4
1434	4
1435	4
1436	4
1437	4
1438	4
1439	4
1440	4
1441	4
1442	4
1443	4
1444	4
1445	4
1446	4
1447	2
1448	2
1449	2
1450	4
1451	2
1452	2
1453	2
1454	2
1455	2
1456	2
1457	2
1458	2
1459	2
1460	4
1461	4
1462	4
1463	4
1464	4
1465	4
1466	1
1467	3
1468	3
1469	3
1470	3
1471	3
1472	3
1473	1
1474	5
1475	3
1476	4
1477	9
1478	9
1479	4
1480	4
1481	9
1482	9
1483	9
1484	3
1485	3
1486	4
1487	3
1488	4
1489	3
1490	9
1491	4
1492	4
1493	9
1494	4
1495	4
1496	4
1497	4
1498	9
1499	9
1500	9
1501	9
1502	9
1503	4
1504	9
1505	4
1506	2
1507	4
1508	2
1509	4
1510	4
1511	2
1512	4
1513	4
1514	4
1515	4
1516	4
1517	4
1518	9
1519	9
1520	9
1521	9
1522	9
1523	9
1524	9
1525	5
1526	3
1527	4
1528	4
1529	4
1530	4
1531	4
1533	4
1534	4
1535	2
1536	2
1537	4
1538	4
1539	4
1540	4
1541	2
1542	2
1543	2
1544	5
1545	5
1546	1
1547	5
1548	5
1549	5
1550	5
1551	5
1552	5
1553	5
1554	5
1555	5
1556	6
1557	6
1558	6
1559	6
1560	6
1561	6
1562	6
1563	9
1564	9
1565	9
1566	9
1567	9
1568	6
1569	6
1570	4
1571	4
1572	4
1573	4
1574	4
1575	4
1576	4
1577	4
1578	4
1579	4
1580	4
1581	4
1582	4
1584	4
1585	4
1586	4
1587	4
1588	4
1589	4
1590	4
1591	4
1592	4
1593	4
1594	4
1596	4
1597	4
1598	4
1599	4
1600	4
1601	4
1602	4
1603	4
1604	4
1605	4
1606	4
1607	4
1608	4
1609	4
1610	4
1611	4
1612	4
1613	4
1614	4
1615	4
1616	4
1617	4
1618	4
1619	4
1620	2
1621	4
1622	2
1623	2
1624	2
1625	2
1626	2
1627	2
1628	2
1629	2
1630	2
1631	2
1632	2
1633	4
1634	4
1635	4
1636	1
1637	3
1638	3
1639	3
1640	3
1641	3
1642	5
1643	3
1644	3
1645	3
1646	3
1647	3
1648	3
1649	3
1650	4
1651	4
1652	3
1653	3
1654	3
1655	3
1656	3
1657	3
1658	9
1659	9
1660	9
1661	4
1662	9
1663	9
1664	9
1665	9
1666	9
1667	9
1668	9
1669	9
1670	9
1671	9
1672	4
1673	2
1674	2
1675	4
1676	4
1677	4
1678	2
1679	2
1680	2
1681	2
1682	2
1683	2
1684	2
1685	4
1686	2
1687	2
1688	5
1689	4
1690	4
1691	4
1692	5
1693	4
1694	5
1695	5
1696	2
1697	2
1698	2
1699	2
1700	2
1701	2
1702	2
1703	2
1704	2
1705	4
1706	4
1707	4
1708	4
1709	4
1710	4
1711	4
1712	4
1713	3
1714	4
1715	5
1716	5
1717	5
1718	5
1719	1
1720	5
1721	5
1722	1
1723	6
1724	6
1725	6
1726	6
1727	6
1728	6
1729	6
1730	3
1731	6
1732	3
1733	3
1734	6
1735	6
1736	6
1737	4
1738	4
1739	4
1740	4
1741	4
1742	4
1743	4
1744	4
1745	4
1746	4
1747	4
1748	4
1749	4
1750	4
1751	4
1752	4
1753	4
1754	4
1755	4
1756	4
1757	4
1758	4
1759	4
1760	4
1761	4
1762	4
1763	4
1764	4
1765	4
1766	4
1767	4
1769	4
1770	4
1771	4
1772	4
1773	4
1774	4
1775	4
1776	4
1777	4
1778	4
1779	4
1780	4
1781	4
1782	4
1783	4
1784	4
1785	4
1786	2
1787	2
1788	2
1789	2
1790	4
1791	2
1792	2
1793	2
1795	2
1796	2
1797	4
1798	2
1799	2
1800	4
1801	3
1802	3
1803	3
1804	3
1805	3
1806	3
1807	3
1808	3
1809	3
1810	3
1811	3
1812	3
1813	3
1814	3
1815	9
1816	9
1817	3
1818	3
1819	3
1820	3
1821	3
1822	9
1823	4
1824	4
1825	4
1826	4
1827	4
1828	4
1829	4
1830	9
1831	9
1832	4
1833	2
1834	2
1835	2
1836	2
1837	2
1838	4
1839	4
1840	2
1841	2
1842	2
1843	4
1844	4
1845	2
1846	4
1847	4
1848	4
1849	4
1850	4
1851	4
1852	5
1853	5
1854	4
1855	4
1856	4
1857	3
1858	4
1859	4
1860	4
1861	3
1862	4
1863	4
1864	4
1865	4
1866	5
1867	1
1868	5
1869	1
1870	1
1871	1
1872	3
1873	1
1874	1
1875	1
1876	5
1877	6
1878	6
1879	6
1880	6
1881	5
1882	5
1883	5
1884	5
1885	3
1886	3
1887	6
1888	3
1889	6
1890	6
1891	6
1892	3
1893	3
1894	5
1895	5
1896	4
1897	4
1898	4
1899	4
1900	4
1901	4
1902	4
1903	4
1904	4
1905	4
1906	4
1907	4
1908	4
1909	4
1910	4
1911	4
1912	4
1913	4
1914	4
1915	4
1916	4
1917	4
1918	4
1919	4
1920	4
1921	4
1922	4
1923	4
1924	4
1925	4
1926	4
1927	4
1928	4
1929	4
1930	4
1931	4
1932	4
1933	4
1934	4
1935	4
1936	4
1937	4
1938	4
1939	4
1940	4
1941	4
1942	4
1943	4
1944	4
1945	4
1946	2
1947	2
1948	2
1949	2
1950	2
1951	2
1952	2
1953	4
1954	4
1955	4
1956	4
1957	4
1958	4
1959	4
1960	4
1961	4
1962	2
1963	2
1964	2
1965	3
1966	3
1967	3
1968	4
1969	3
1970	3
1971	3
1972	3
1973	4
1974	3
1975	4
1976	4
1977	4
1978	4
1979	9
1980	4
1981	4
1982	4
1983	4
1984	4
1985	4
1986	4
1987	4
1988	4
1989	4
1990	4
1991	4
1992	2
1993	4
1994	2
1995	4
1996	4
1997	4
1998	2
1999	2
2000	2
2001	4
2002	2
2003	2
2004	2
2005	2
2006	2
2007	2
2008	2
2009	4
2010	4
2011	4
2012	4
2013	9
2014	7
2015	5
2016	5
2017	5
2018	1
2019	1
2020	5
2021	7
2022	7
2023	3
2024	3
2025	3
2026	6
2027	5
2028	1
2029	5
2030	3
2031	3
2032	3
2033	6
2034	6
2035	5
2036	6
2037	6
2038	6
2039	6
2040	6
2041	5
2042	5
2043	5
2044	3
2045	5
2046	4
2047	3
2048	6
2049	3
2050	6
2051	3
2052	4
2053	4
2054	4
2055	4
2056	4
2057	4
2058	4
2059	4
2060	4
2061	4
2062	4
2063	4
2064	4
2065	4
2066	4
2067	4
2068	4
2069	4
2070	4
2071	4
2072	4
2073	4
2074	4
2075	4
2076	4
2077	4
2078	5
2079	4
2080	5
2081	5
2082	5
2083	5
2084	4
2085	4
2086	4
2087	4
2088	4
2089	4
2090	4
2091	4
2092	4
2093	4
2094	5
2095	4
2096	4
2097	2
2098	2
2099	2
2100	2
2101	2
2102	2
2103	4
2104	2
2105	4
2106	4
2107	4
2108	2
2109	2
2110	2
2111	2
2112	4
2113	3
2114	3
2115	3
2116	3
2117	3
2118	3
2119	3
2120	3
2121	3
2122	9
2123	3
2124	9
2125	4
2126	4
2127	4
2128	4
2129	3
2130	4
2131	4
2132	3
2133	4
2134	4
2135	3
2136	9
2137	4
2138	4
2139	4
2140	4
2141	4
2142	4
2143	2
2144	4
2145	4
2146	4
2147	2
2148	4
2149	4
2150	4
2151	4
2152	9
2153	4
2154	4
2155	3
2156	4
2157	9
2158	4
2161	5
2162	5
2163	1
2164	4
2165	1
2166	5
2167	1
2168	7
2169	7
2170	7
2171	4
2172	7
2173	1
2174	7
2175	7
2176	1
2177	1
2178	1
2179	5
2180	5
2181	1
2182	3
2183	3
2184	3
2185	6
2186	3
2187	6
2188	3
2189	3
2190	3
2191	3
2192	3
2193	6
2194	6
2195	6
2196	6
2197	6
2198	6
2199	6
2200	6
2201	5
2202	3
2203	3
2204	3
2205	5
2206	4
2207	4
2208	4
2209	4
2210	4
2211	4
2212	4
2213	4
2215	4
2216	6
2217	6
2218	6
2219	4
2220	4
2221	4
2222	4
2223	3
2224	4
2225	4
2226	4
2227	4
2228	4
2229	4
2230	4
2231	4
2232	4
2233	4
2234	4
2235	4
2236	4
2237	2
2238	4
2239	4
2240	4
2241	4
2242	4
2243	2
2244	4
2245	4
2246	4
2247	4
2248	4
2249	4
2250	4
2251	4
2252	4
2253	4
2254	4
2255	4
2256	5
2257	1
2258	1
2259	5
2260	1
2261	1
2262	1
2263	1
2264	1
2265	4
2266	3
2267	3
2268	3
2269	3
2270	3
2271	3
2272	3
2273	4
2274	3
2275	4
2276	4
2277	4
2278	4
2279	4
2280	4
2281	4
2282	4
2283	9
2284	4
2285	4
2286	4
2287	4
2288	4
2289	4
2290	2
2291	2
2292	4
2293	4
2294	4
2295	4
2296	4
2297	4
2298	2
2299	2
2300	2
2301	2
2302	9
2303	5
2304	1
2305	4
2306	4
2307	1
2308	7
2309	4
2310	5
2311	1
2312	1
2313	5
2314	1
2315	1
2316	5
2317	7
2318	7
2319	7
2320	7
2321	4
2322	4
2323	4
2324	1
2325	7
2326	7
2327	7
2328	1
2329	7
2330	7
2331	1
2332	5
2333	1
2334	5
2335	6
2336	3
2337	6
2338	3
2339	6
2340	6
2341	6
2342	6
2343	6
2344	6
2345	5
2346	6
2347	5
2348	5
2349	6
2350	5
2351	6
2352	6
2353	6
2354	5
2355	4
2356	4
2357	4
2358	6
2359	6
2360	3
2361	3
2362	3
2363	3
2364	6
2365	6
2366	6
2367	6
2368	6
2369	6
2370	6
2371	4
2372	4
2373	4
2374	4
2375	4
2376	4
2377	4
2378	4
2379	4
2380	4
2381	4
2382	4
2383	4
2384	4
2385	4
2386	4
2387	4
2388	4
2389	4
2390	4
2391	4
2392	4
2393	4
2394	4
2395	4
2396	4
2397	4
2398	4
2399	4
2400	4
2401	4
2402	4
2403	5
2404	6
2405	5
2406	6
2407	6
2408	6
2409	6
2410	5
2411	4
2412	4
2413	4
2414	4
2415	4
2416	4
2417	4
2418	4
2419	4
2420	2
2421	4
2422	2
2423	4
2424	6
2425	1
2426	1
2427	1
2428	5
2429	1
2430	1
2431	1
2432	1
2433	1
2434	1
2435	3
2436	3
2437	3
2438	3
2439	9
2440	5
2441	4
2442	4
2443	4
2444	4
2445	4
2446	4
2447	9
2448	9
2449	9
2450	9
2451	9
2452	9
2453	9
2454	9
2455	4
2456	4
2457	4
2458	4
2459	4
2460	4
2461	4
2462	9
2463	4
2464	4
2465	4
2466	3
2467	6
2468	1
2469	4
2470	5
2471	5
2472	5
2473	5
2474	5
2475	5
2476	7
2477	7
2478	4
2479	4
2480	7
2481	7
2482	4
2483	5
2484	4
2485	7
2486	7
2487	7
2488	7
2489	7
2490	1
2491	1
2492	1
2493	5
2494	1
2495	4
2496	4
2497	5
2498	3
2499	6
2500	6
2501	6
2502	6
2503	3
2504	6
2505	5
2506	3
2507	6
2508	6
2509	5
2510	4
2511	4
2512	4
2513	4
2514	4
2515	4
2516	4
2517	4
2518	4
2520	4
2521	4
2522	4
2523	4
2524	4
2525	4
2526	6
2527	6
2528	6
2529	6
2530	6
2531	6
2532	6
2533	6
2534	6
2535	4
2536	4
2537	4
2538	4
2539	4
2540	4
2541	4
2542	4
2543	4
2544	4
2545	4
2546	4
2547	4
2548	4
2549	4
2550	4
2551	4
2552	4
2553	4
2554	4
2555	4
2556	4
2557	4
2558	4
2559	4
2560	4
2561	4
2562	4
2563	4
2564	4
2565	4
2566	4
2567	4
2568	4
2569	6
2570	2
2571	6
2572	6
2573	4
2574	2
2575	2
2576	4
2577	9
2578	9
2579	4
2580	4
2581	2
2582	2
2583	2
2584	2
2585	2
2586	2
2587	2
2588	2
2589	2
2590	1
2591	1
2592	1
2593	1
2594	1
2595	5
2596	5
2597	1
2598	3
2599	1
2600	3
2601	4
2602	4
2603	4
2604	4
2605	4
2606	4
2607	9
2608	9
2609	9
2610	9
2611	3
2612	3
2613	3
2614	9
2615	9
2616	4
2617	4
2618	4
2619	9
2620	3
2621	3
2622	4
2623	4
2624	3
2625	3
2626	4
2627	5
2628	9
2629	5
2630	3
2631	4
2632	1
2633	6
2634	5
2635	7
2636	7
2637	4
2638	7
2639	4
2640	7
2641	5
2642	4
2643	5
2644	9
2645	7
2646	7
2647	9
2648	4
2649	4
2650	5
2651	1
2652	1
2653	5
2654	1
2655	5
2656	3
2657	1
2658	5
2659	5
2660	5
2661	5
2662	5
2663	6
2664	6
2665	6
2666	6
2667	3
2668	4
2669	4
2670	4
2671	4
2672	4
2673	4
2674	4
2675	4
2676	4
2677	4
2678	9
2679	4
2680	4
2681	4
2682	4
2683	4
2684	4
2685	4
2686	6
2687	6
2688	4
2689	6
2690	4
2691	4
2692	4
2693	4
2694	6
2695	4
2696	4
2697	4
2698	4
2699	4
2700	4
2701	3
2702	4
2703	4
2704	4
2705	4
2706	4
2707	4
2708	4
2710	4
2711	4
2712	4
2713	4
2714	4
2715	4
2716	4
2717	4
2718	4
2719	4
2720	4
2721	4
2722	2
2723	2
2724	2
2725	2
2726	4
2727	2
2728	2
2729	2
2730	4
2731	5
2732	2
2733	2
2734	2
2735	2
2736	2
2737	4
2738	4
2739	4
2740	4
2741	3
2742	5
2743	6
2744	1
2745	1
2746	3
2747	3
2748	5
2749	5
2750	1
2751	5
2752	1
2753	5
2754	7
2755	7
2756	3
2757	9
2758	4
2759	4
2760	4
2761	4
2762	4
2763	4
2764	4
2765	3
2766	9
2767	3
2768	9
2769	3
2770	9
2771	9
2772	9
2773	3
2774	3
2775	9
2776	3
2777	1
2778	4
2779	2
2780	2
2781	2
2782	4
2783	2
2784	4
2785	4
2786	4
2787	4
2788	2
2789	4
2790	4
2791	2
2792	4
2793	4
2794	9
2795	4
2796	6
2797	4
2798	5
2799	5
2800	5
2801	9
2802	3
2803	1
2804	5
2805	1
2806	1
2807	1
2808	1
2809	1
2810	4
2811	9
2812	4
2813	9
2814	4
2815	9
2816	4
2817	9
2818	1
2819	5
2820	5
2821	5
2822	4
2823	4
2824	4
2825	5
2826	3
2827	3
2828	6
2829	1
2830	6
2831	6
2832	6
2833	6
2834	6
2835	4
2836	4
2837	4
2838	4
2839	4
2840	4
2841	4
2842	4
2843	5
2844	4
2845	4
2846	4
2847	4
2848	3
2849	3
2850	9
2851	9
2852	3
2853	5
2854	4
2855	4
2856	4
2857	4
2858	4
2859	4
2860	4
2861	4
2862	3
2863	4
2864	4
2865	4
2866	5
2867	4
2868	4
2869	4
2870	4
2871	4
2872	4
2873	4
2874	4
2875	4
2876	4
2877	4
2878	4
2879	4
2880	4
2881	4
2882	4
2883	4
2884	4
2885	4
2886	4
2887	4
2888	4
2889	4
2890	4
2891	4
2892	4
2893	2
2894	2
2895	2
2896	4
2897	4
2898	4
2899	2
2900	4
2901	2
2902	2
2903	2
2904	4
2905	4
2906	2
2907	4
2908	2
2909	2
2910	4
2911	4
2912	2
2913	1
2914	5
2915	5
2916	5
2917	5
2918	5
2919	5
2920	5
2921	4
2922	5
2923	1
2924	5
2925	7
2926	4
2927	4
2928	4
2929	4
2930	7
2931	3
2932	4
2933	9
2934	3
2935	3
2936	9
2937	9
2938	9
2939	3
2940	9
2941	9
2942	9
2943	9
2944	9
2945	9
2946	9
2947	9
2948	3
2949	4
2950	4
2951	4
2952	4
2953	9
2954	9
2955	9
2956	9
2957	9
2958	4
2959	4
2960	9
2961	9
2962	5
2964	4
2965	5
2966	3
2967	1
2968	1
2969	9
2970	1
2971	4
2972	1
2973	9
2974	9
2975	4
2976	7
2977	4
2978	7
2979	7
2980	1
2981	1
2982	1
2983	1
2984	1
2985	6
2986	6
2987	6
2988	3
2989	5
2990	3
2991	5
2992	3
2993	5
2994	5
2995	5
2996	4
2997	4
2998	9
2999	9
3000	4
3001	3
3002	7
3003	3
3004	2
3005	3
3006	3
3007	3
3008	4
3009	4
3010	4
3011	4
3012	4
3013	4
3014	4
3015	4
3016	4
3017	4
3018	4
3019	4
3020	4
3021	4
3022	4
3023	4
3024	4
3025	4
3026	4
3027	4
3028	4
3029	4
3030	4
3031	4
3032	3
3033	3
3034	3
3035	4
3036	3
3037	4
3038	4
3039	4
3040	4
3041	4
3042	4
3043	4
3044	4
3045	4
3046	4
3047	4
3048	4
3049	4
3050	4
3051	4
3052	4
3053	4
3054	4
3055	4
3056	4
3057	4
3058	4
3059	4
3060	4
3061	4
3062	4
3063	4
3064	4
3065	4
3066	4
3067	2
3068	2
3069	2
3070	2
3071	2
3072	2
3073	2
3074	2
3075	4
3076	5
3077	2
3078	2
3079	2
3080	2
3081	5
3082	5
3083	5
3084	1
3085	5
3086	5
3087	5
3088	5
3089	5
3090	5
3091	5
3092	5
3093	4
3094	3
3095	3
3096	3
3097	4
3098	3
3099	3
3100	3
3101	3
3102	4
3103	3
3104	9
3105	9
3106	9
3107	4
3108	4
3109	4
3110	4
3111	9
3112	4
3113	3
3114	3
3115	3
3116	3
3117	3
3118	9
3119	9
3120	3
3121	4
3122	9
3123	9
3124	6
3125	6
3126	5
3127	6
3128	4
3129	4
3130	3
3131	3
3132	9
3133	6
3135	4
3136	1
3137	1
3138	4
3139	1
3140	5
3141	4
3142	7
3143	7
3144	7
3145	4
3146	7
3147	9
3148	1
3149	1
3150	3
3151	5
3152	5
3153	1
3154	3
3155	3
3156	5
3157	5
3158	6
3159	5
3160	5
3161	5
3162	3
3163	4
3164	4
3165	7
3166	9
3167	3
3168	3
3169	4
3170	9
3171	4
3172	4
3173	4
3174	4
3175	4
3176	4
3177	4
3178	4
3179	4
3180	4
3181	4
3184	4
3185	4
3186	4
3187	2
3188	2
3189	4
3190	4
3191	4
3192	4
3193	4
3194	4
3195	4
3196	4
3197	4
3198	4
3199	3
3200	4
3201	4
3202	4
3203	4
3204	4
3205	4
3206	4
3212	4
3213	4
3214	4
3215	4
3216	4
3217	4
3218	4
3219	4
3220	4
3221	4
3222	4
3223	4
3224	2
3225	4
3226	4
3227	4
3228	2
3229	2
3230	2
3231	2
3232	5
3233	5
3234	5
3235	2
3236	5
3237	5
3238	4
3239	4
3240	4
3241	5
3242	5
3243	5
3244	5
3245	5
3246	5
3247	5
3248	5
3249	5
3250	5
3251	4
3252	4
3253	4
3254	3
3255	3
3256	4
3257	4
3258	4
3259	4
3260	4
3261	9
3262	4
3263	3
3264	3
3265	2
3266	3
3267	2
3268	3
3269	3
3270	7
3271	2
3272	2
3273	9
3274	4
3275	4
3276	4
3277	4
3278	9
3279	4
3280	4
3281	6
3282	5
3284	5
3285	4
3286	4
3287	5
3288	3
3289	4
3292	3
3293	4
3294	4
3295	5
3296	4
3297	1
3298	7
3299	9
3300	9
3301	4
3302	5
3303	4
3304	1
3305	5
3306	5
3307	5
3308	5
3309	3
3310	6
3311	5
3312	3
3313	3
3314	6
3315	6
3316	6
3317	6
3318	6
3319	5
3320	5
3321	5
3322	4
3323	1
3324	4
3325	4
3326	4
3327	4
3328	9
3329	4
3330	9
3331	5
3332	6
3333	2
3334	2
3335	2
3336	2
3337	3
3338	4
3339	4
3340	3
3341	3
3342	3
3343	3
3344	4
3345	3
3346	3
3347	4
3348	4
3350	4
3351	4
3352	4
3353	4
3355	4
3356	4
3357	4
3358	4
3359	4
3360	4
3361	4
3362	4
3363	4
3364	4
3365	4
3366	4
3367	4
3368	4
3369	4
3370	4
3371	4
3372	4
3373	4
3374	4
3375	4
3376	2
3377	4
3378	4
3379	4
3380	2
3381	4
3382	4
3383	4
3384	4
3385	4
3386	4
3387	2
3388	4
3389	4
3390	4
3391	4
3392	4
3393	4
3394	4
3395	4
3396	4
3397	4
3398	4
3399	4
3400	5
3401	5
3402	5
3403	5
3404	5
3405	5
3406	5
3407	5
3408	4
3409	4
3410	9
3411	4
3412	9
3413	3
3414	4
3415	4
3416	4
3417	9
3418	3
3419	3
3420	7
3421	7
3422	5
3423	5
3424	7
3425	9
3426	5
3427	7
3428	5
3429	9
3430	7
3431	4
3432	9
3433	9
3434	4
3435	9
3436	4
3437	4
3438	4
3439	3
3440	5
3441	4
3442	2
3443	4
3444	4
3445	2
3446	4
3447	5
3448	4
3449	7
3450	1
3451	5
3452	5
3453	5
3454	5
3455	5
3456	7
3457	5
3458	5
3459	9
3460	1
3461	5
3462	5
3463	6
3464	6
3465	3
3466	3
3467	3
3468	6
3469	3
3470	3
3471	3
3472	6
3473	8
3474	5
3475	5
3476	3
3477	3
3478	5
3479	6
3480	5
3481	5
3482	6
3483	3
3484	3
3485	3
3486	3
3487	6
3488	6
3489	6
3490	6
3491	6
3492	6
3493	6
3494	5
3495	5
3496	4
3497	3
3498	3
3499	4
3500	4
3501	4
3502	4
3503	4
3504	4
3505	4
3506	4
3507	4
3508	4
3509	4
3510	4
3513	4
3514	4
3515	4
3516	3
3517	4
3518	4
3519	4
3520	4
3521	4
3522	4
3523	3
3524	4
3525	4
3526	4
3527	4
3528	4
3529	4
3530	4
3531	4
3533	4
3534	4
3535	4
3536	4
3537	4
3538	4
3539	4
3540	4
3541	4
3542	4
3543	4
3544	4
3545	4
3546	4
3547	4
3548	4
3549	4
3550	4
3551	4
3552	4
3553	4
3554	4
3555	4
3556	4
3557	4
3558	4
3559	2
3560	4
3561	2
3562	4
3563	2
3564	2
3565	2
3566	2
3567	2
3568	5
3569	3
3570	3
3571	4
3572	5
3573	4
3574	4
3575	4
3576	4
3577	3
3578	4
3579	4
3580	3
3581	4
3582	4
3583	4
3584	3
3585	4
3586	7
3587	3
3588	3
3589	3
3590	7
3591	9
3592	9
3593	9
3594	9
3595	4
3596	4
3597	4
3598	4
3599	4
3600	4
3601	4
3602	4
3603	3
3604	5
3605	4
3606	1
3607	5
3608	9
3609	1
3610	5
3611	5
3612	3
3614	5
3615	4
3616	9
3617	2
3618	9
3619	9
3620	7
3621	5
3622	6
3623	6
3624	6
3625	3
3626	3
3627	5
3628	5
3629	5
3630	5
3631	5
3632	1
3633	5
3634	1
3635	1
3636	1
3637	1
3638	1
3639	5
3640	3
3641	6
3642	6
3643	5
3644	5
3645	5
3646	5
3647	5
3648	6
3649	6
3650	6
3651	3
3652	3
3653	3
3654	6
3655	3
3656	3
3657	3
3658	4
3659	4
3660	3
3661	3
3662	3
3663	4
3664	4
3665	4
3666	4
3667	4
3668	6
3669	3
3670	3
3671	3
3672	3
3673	3
3674	3
3675	3
3676	3
3677	3
3678	4
3679	3
3680	3
3681	3
3682	3
3684	4
3685	4
3686	4
3687	4
3688	4
3689	4
3690	4
3691	4
3692	4
3693	4
3694	4
3695	4
3696	4
3697	4
3698	4
3699	4
3700	4
3701	4
3702	4
3703	4
3704	4
3705	4
3706	4
3707	4
3708	4
3709	4
3710	4
3711	2
3712	2
3713	2
3715	4
3717	4
3718	4
3719	4
3720	2
3721	4
3722	4
3723	4
3724	4
3725	2
3726	4
3727	4
3728	3
3729	3
3730	4
3731	3
3732	3
3733	4
3734	3
3735	3
3736	3
3737	3
3738	3
3739	3
3740	4
3741	4
3742	9
3743	3
3744	3
3745	9
3746	3
3747	9
3748	9
3749	9
3750	9
3751	9
3752	2
3753	9
3754	9
3755	9
3756	4
3757	4
3758	4
3759	4
3760	4
3761	4
3762	4
3763	4
3764	4
3768	4
3769	4
3770	4
3771	5
3772	7
3773	5
3774	7
3775	9
3776	9
3777	6
3778	5
3779	5
3780	5
3781	5
3782	5
3783	5
3784	5
3785	6
3786	5
3787	6
3788	6
3789	6
3790	8
3791	8
3792	8
3793	9
3794	8
3795	8
3796	8
3797	8
3798	8
3799	8
3800	8
3801	8
3802	8
3803	8
3804	8
3805	8
3806	8
3807	8
3808	8
3809	8
3810	8
3811	8
3812	8
3813	8
3814	8
3815	8
3816	8
3817	8
3818	9
3819	8
3820	9
3821	9
3822	9
3823	9
3824	8
3825	8
3826	8
3827	8
3828	8
3829	8
3830	8
3831	8
3832	8
3833	8
3834	8
3835	8
3836	8
3837	8
3838	8
3839	8
3840	8
3841	8
3842	8
3843	8
3844	8
3845	8
3846	8
3847	8
3848	8
3849	8
3850	8
3851	8
3852	8
3853	8
3854	8
3855	8
3856	8
3857	8
3858	8
3859	8
3860	8
3861	8
3862	8
3863	8
3864	8
3865	8
3866	8
3867	8
3868	8
3869	8
3870	8
3871	8
3872	8
3873	8
3874	8
3875	8
3876	8
3877	8
3878	8
3879	8
3880	8
3883	8
3884	8
3885	8
3886	8
3887	8
3888	8
3889	8
3890	8
3892	8
3893	8
3894	8
3897	8
3898	8
3899	8
3900	8
3901	8
3902	8
3903	8
3904	8
3905	8
3906	8
3907	8
3908	8
3909	8
3910	8
3911	8
3912	8
3913	8
3914	8
3915	8
3916	8
3917	8
3918	8
3919	8
3920	8
3921	8
3922	8
3923	8
3924	8
3925	8
3926	8
3927	8
3928	8
3929	8
3930	8
3931	8
3932	8
3933	8
3934	8
3935	8
3936	8
3937	8
3938	8
3939	8
3940	8
3941	8
3942	8
3943	8
3944	8
3945	8
3946	8
3947	8
3948	8
3949	8
3950	8
3951	8
3952	8
3953	8
3954	8
3955	8
3956	8
3957	8
3958	8
3959	8
3960	8
3961	8
3962	9
3963	8
3964	8
3965	8
3966	8
3967	8
3968	8
3969	8
3970	8
3971	9
3972	9
3973	8
3974	8
3975	8
3976	8
3977	8
3978	8
3979	8
3980	8
3981	8
3982	8
3983	8
3985	8
3986	8
3987	1
3988	1
3989	6
3990	7
3991	7
3992	1
3993	1
3994	1
3995	1
3996	1
3997	1
3998	1
3999	1
4000	1
4001	1
4002	6
4003	1
4004	1
4005	1
4006	1
4007	1
4008	6
4009	1
4010	6
4011	1
4012	1
4013	1
4014	1
4015	7
4016	0
4017	1
4018	0
4019	1
4020	1
4021	6
4022	7
4023	7
4024	7
4025	1
4026	6
4027	1
4028	1
4029	1
4030	1
4031	1
4032	1
4033	7
4034	1
4035	1
4036	1
4037	1
4038	1
4039	6
4040	6
4041	1
4042	6
4043	6
4044	6
4045	1
4046	1
4047	1
4048	1
4049	0
4050	0
4051	0
4052	0
4053	0
4054	8
4055	0
4056	8
4057	0
4058	0
4059	0
4060	0
4061	0
4062	0
4063	0
4064	0
4065	0
4066	0
4067	0
4068	0
4069	0
4070	0
4071	0
4072	0
4073	0
4074	0
4075	0
4076	0
4077	0
4078	8
4079	8
4080	8
4081	0
4082	8
4083	6
4084	6
4085	8
4086	8
4087	6
4088	6
4089	6
4090	8
4091	8
4092	8
4093	8
4094	8
4095	8
4096	8
4097	8
4098	8
4099	8
4100	8
4101	8
4102	8
4103	8
4104	8
4105	8
4106	7
4107	8
4108	8
4109	8
4110	7
4111	6
4112	8
4113	0
4114	6
4115	8
4116	0
4117	6
4118	8
4119	8
4120	0
4121	0
4122	7
4123	8
4124	6
4125	8
4126	1
4127	8
4128	6
4129	8
4130	8
4131	8
4132	6
4133	8
4134	8
4135	0
4136	8
4137	8
4138	8
4139	8
4140	6
4141	8
4142	8
4143	8
4144	8
4145	8
4146	8
4147	8
4148	0
4149	8
4150	8
4151	8
4152	0
4153	8
4154	8
4155	8
4156	6
4157	6
4158	8
4159	6
4160	0
4161	1
4162	7
4163	7
4164	7
4165	7
4166	7
4167	7
4168	7
4169	7
4170	7
4171	7
4172	7
4173	7
4174	7
4175	7
4176	7
4177	7
4178	7
4179	7
4180	7
4181	7
4182	7
4183	7
4184	7
4185	7
4186	7
4187	7
4188	7
4189	7
4190	7
4191	7
4192	7
4193	7
4194	7
4195	7
4196	7
4197	7
4198	7
4199	7
4200	7
4201	7
4202	7
4203	7
4204	7
4205	7
4206	7
4207	1
4208	7
4209	8
4210	8
4211	8
4212	8
4213	8
4214	8
4215	8
4216	8
4217	8
4218	8
4219	8
4220	8
4221	8
4222	8
4223	8
4224	8
4225	8
4226	8
4227	8
4228	8
4229	8
4230	8
4231	8
4232	8
4233	8
4234	8
4235	9
4236	9
4237	8
4238	8
4239	8
4240	8
4241	8
4242	9
4243	8
4244	8
4245	9
4246	8
4247	9
4248	9
4249	8
4250	8
4251	8
4252	8
4253	8
4254	8
4255	8
4256	8
4257	8
4258	8
4259	8
4260	8
4261	8
4262	8
4263	8
4264	8
4265	8
4266	1
4267	9
4268	9
4269	9
4270	9
4271	9
4272	9
4273	7
4274	7
4275	7
4276	1
4277	7
4278	1
4279	7
4280	7
4281	7
4282	7
4283	7
4284	7
4285	9
4286	7
4287	1
4288	7
4289	1
4290	7
4291	7
4292	9
4293	7
4294	7
4295	7
4296	7
4297	7
4298	7
4299	7
4300	7
4301	7
4302	7
4303	7
4304	7
4305	7
4306	1
4307	1
4308	7
4309	9
4310	7
4311	7
4312	1
4313	7
4314	7
4315	1
4316	1
4317	7
4318	9
4319	7
4320	7
4321	7
4322	1
4323	7
4324	7
4325	1
4326	1
4327	1
4328	1
4329	7
4330	9
4331	9
4332	7
4333	1
4334	9
4335	7
4336	7
4337	7
4338	7
4339	9
4340	1
4341	7
4342	7
4343	9
4344	7
4345	7
4346	9
4347	9
4348	9
4349	7
4350	9
4351	7
4352	7
4353	9
4354	1
4355	1
4356	9
4357	1
4358	9
4359	9
4360	9
4361	7
4362	9
4363	9
4364	9
4365	7
4366	1
4367	7
4368	1
4369	9
4370	1
4371	7
4372	7
4373	1
4374	7
4375	1
4376	9
4377	1
4378	1
4379	7
4380	7
4381	7
4382	9
4383	7
4384	1
4385	9
4386	9
4387	9
4388	9
4389	9
4390	9
4391	1
4392	1
4393	7
4394	1
4395	9
4396	7
4397	1
4398	9
4399	7
4400	7
4401	7
4402	9
4403	7
4404	9
4405	9
4406	1
4407	9
4408	9
4409	9
4410	9
4411	9
4412	9
4413	9
4414	9
4415	9
4416	9
4417	9
4418	9
4419	7
4420	7
4421	9
4422	7
4423	7
4424	1
4425	9
4426	1
4427	7
4428	1
4429	7
4430	1
4431	7
4432	1
4433	9
4434	1
4435	9
4436	9
4437	9
4438	9
4439	9
4440	1
4441	7
4442	1
4443	9
4444	9
4445	1
4446	9
4447	7
4448	9
4449	7
4450	7
4451	1
4452	7
4453	7
4454	1
4455	1
4456	7
4457	7
4458	7
4459	1
4460	7
4461	7
4462	1
4463	7
4464	1
4465	9
4466	9
4467	9
4468	1
4469	7
4470	7
4471	1
4472	9
4473	7
4474	7
4475	7
4476	7
4477	7
4478	7
4479	7
4480	1
4481	1
4482	1
4483	1
4484	9
4485	9
4486	9
4487	9
4488	9
4489	9
4490	8
4496	6
4497	6
4498	6
4499	8
4500	8
4501	6
4502	8
4503	8
4504	8
4510	8
4511	8
4512	8
4513	8
4514	8
4515	8
4516	6
4517	6
4518	6
4519	8
4520	6
4521	8
4522	8
4523	8
4524	8
4525	6
4526	8
4527	7
4528	7
4529	7
4530	7
4531	7
4532	7
4533	7
4534	7
4535	7
4536	7
4537	7
4538	7
4539	7
4540	7
4541	7
4542	7
4543	7
4544	7
4545	7
4546	7
4547	7
4548	7
4549	7
4550	7
4551	7
4552	7
4553	7
4554	0
4555	8
4556	0
4557	0
4558	6
4559	8
4560	3
4561	3
4562	8
4563	8
4564	8
4565	8
4566	3
4567	6
4568	6
4569	6
4570	5
4571	6
4572	6
4573	5
4574	3
4575	0
4576	6
4577	0
4578	6
4579	6
4580	0
4581	8
4582	6
4583	6
4584	6
4585	6
4586	8
4587	8
4588	8
4589	0
4590	1
4591	1
4592	6
4596	6
4597	8
4599	8
4600	8
4601	8
4602	8
4603	8
4607	8
4608	1
4609	1
4610	1
4611	5
4612	8
4613	6
4614	6
4615	6
4616	8
4617	8
4618	8
4619	8
4620	8
4621	0
4622	8
4623	0
4624	0
4625	6
4626	3
4627	6
4628	6
4629	5
4630	5
4631	6
4632	6
4633	6
4634	8
4635	8
4636	8
4637	8
4638	8
4639	9
4640	8
4641	9
4642	5
4643	8
4644	1
4645	6
4646	8
4647	8
4648	6
4649	6
4650	6
4651	6
4652	6
4653	8
4654	8
4655	8
4656	8
4657	5
4658	6
4659	5
4660	5
4661	0
4662	0
4663	1
4664	6
4665	6
4666	6
4667	6
4668	6
4669	6
4670	6
4671	3
4672	3
4673	5
4674	3
4675	1
4676	1
4677	0
4678	1
4679	5
4680	5
4681	5
4682	6
4683	1
4684	5
4685	6
4686	6
4687	6
4688	6
4689	6
4690	6
4691	6
4692	5
4693	5
4694	5
4695	5
4696	5
4697	5
4698	6
4699	5
4700	5
4701	6
4702	5
4703	6
4704	5
4705	5
4706	6
4707	3
4708	3
4709	3
4710	3
4711	3
4712	3
4713	3
4714	5
4715	5
4716	5
4717	3
4718	3
4719	3
4720	5
4721	6
4722	8
4723	5
4724	8
4725	3
4726	8
4727	3
4728	8
4729	3
4730	3
4731	3
4732	5
4733	3
4734	5
4735	3
4736	3
4737	3
4738	3
4739	0
4740	3
4741	3
4742	3
4743	3
4744	3
4745	3
4746	3
4747	3
4748	3
4749	3
4750	3
4751	3
4752	3
4753	3
4754	3
4755	3
4756	3
4757	3
4758	6
4759	3
4760	6
4761	6
4762	3
4763	6
4764	6
4765	3
4766	5
4767	6
4768	5
4769	6
4770	5
4771	3
4772	3
4773	6
4774	3
4775	6
4776	6
4777	3
4778	8
4779	6
4780	6
4781	3
4782	6
4783	8
4784	8
4785	5
4786	3
4787	6
4788	6
4789	3
4790	6
4791	6
4792	6
4793	3
4794	3
4795	3
4796	6
4797	6
4798	6
4799	5
4800	3
4801	6
4802	3
4803	3
4804	3
4805	3
4806	6
4807	5
4808	5
4809	5
4810	6
4811	5
4812	3
4813	6
4815	8
4816	8
4817	8
4818	8
4819	8
4820	8
4821	9
4822	8
4823	8
4826	3
4827	6
4828	3
4829	6
4830	6
4831	6
4832	6
4833	5
4834	3
4835	6
4836	6
4837	3
4838	3
4839	5
4840	5
4841	3
4842	5
4843	3
4844	6
4845	5
4846	5
4847	6
4848	6
4849	6
4850	6
4851	6
4852	6
4853	6
4854	5
4855	5
4856	6
4857	8
4858	6
4859	6
4860	6
4861	6
4862	6
4863	6
4864	5
4865	5
4866	6
4867	5
4868	5
4869	5
4870	5
4871	5
4872	1
4873	1
4874	1
4875	8
4876	1
4877	0
4878	8
4879	3
4880	0
4881	5
4882	8
4883	8
4884	8
4885	8
4886	6
4887	3
4888	8
4889	8
4890	6
4891	6
4892	5
4893	5
4894	5
4895	5
4896	5
4897	3
4898	3
4899	3
4900	3
4901	0
4902	0
4903	8
4904	8
4905	0
4906	8
4907	0
4908	8
4909	0
4910	0
4911	0
4912	3
4913	0
4914	0
4915	0
4916	0
4917	0
4918	3
4919	3
4920	3
4921	5
4922	3
4923	3
4924	3
4925	0
4926	0
4927	3
4928	0
4929	3
4930	0
4931	0
4932	3
4933	0
4934	0
4935	0
4936	8
4937	3
4938	3
4939	8
4940	0
4941	3
4942	0
4943	5
4944	5
4945	5
4946	5
4947	6
4948	8
4949	8
4950	8
4951	9
4953	9
4954	9
4955	9
4956	9
4958	9
4959	9
4961	9
4966	9
4968	1
4969	1
4970	1
4971	1
4972	1
4973	1
4974	1
4975	7
4976	7
4977	1
4978	7
4979	1
4980	1
4981	1
4982	1
4983	1
4984	5
4985	1
4986	1
4987	1
4988	1
4989	1
4990	1
4991	7
4992	7
4993	7
4994	1
4995	1
4996	1
4997	1
4998	1
4999	1
5000	1
5001	1
5002	1
5003	1
5004	7
5005	7
5006	7
5007	7
5008	7
5009	7
5010	7
5011	7
5012	7
5013	1
5014	1
5015	7
5016	7
5017	8
5018	8
5019	7
5020	1
5021	8
5022	7
5023	7
5024	7
5025	7
5026	7
5027	8
5028	7
5029	7
5030	7
5031	8
5032	1
5033	1
5034	1
5035	1
5036	1
5037	1
5038	1
5039	1
5040	1
5041	1
5042	1
5043	1
5044	1
5045	1
5046	1
5047	1
5048	1
5049	1
5050	1
5051	1
5052	1
5053	1
5054	7
5055	8
5058	1
5059	5
5063	1
5066	8
5067	8
5068	5
5069	8
5070	8
5071	5
5072	5
5073	5
5074	8
5075	8
5076	8
5077	9
5078	5
5079	5
5080	8
5081	1
5082	1
5083	1
5084	1
5085	1
5086	1
5087	1
5088	8
5089	1
5090	9
5091	1
5092	7
5093	0
5094	0
5095	7
5096	0
5097	0
5098	0
5099	0
5100	0
5101	0
5102	0
5103	0
5104	0
5105	0
5106	0
5107	0
5108	0
5109	7
5110	0
5111	0
5112	0
5113	0
5114	0
5115	7
5116	0
5117	0
5118	0
5119	3
5120	3
5121	3
5122	9
5123	9
5124	5
5125	4
5126	4
5127	4
5128	9
5129	4
5130	2
5131	4
5132	9
5133	9
5134	5
5135	5
5136	5
5137	5
5138	5
5139	9
5140	9
5141	9
5142	9
5143	9
5144	4
5145	9
5146	2
5147	5
5148	5
5149	9
5150	9
5151	9
5152	3
5153	5
5154	5
5155	9
5156	9
5157	5
5158	5
5159	9
5160	5
5161	5
5162	4
5163	9
5164	4
5165	4
5166	4
5167	3
5168	3
5169	9
5170	3
5171	9
5172	3
5173	1
5174	9
5175	2
5176	4
5177	9
5178	1
5179	9
5180	9
5181	5
5182	5
5183	9
5184	5
5185	9
5186	9
5187	9
5188	4
5189	1
5190	5
5191	9
5192	9
5193	9
5194	9
5195	9
5196	9
5197	9
5198	9
5199	3
5200	3
5201	5
5202	9
5203	9
5204	9
5205	9
5206	5
5207	5
5208	9
5209	4
5210	3
5211	5
5212	9
5213	1
5214	1
5215	1
5216	9
5217	5
5218	4
5219	5
5220	5
5221	5
5222	9
5223	9
5224	5
5225	5
5226	4
5227	9
5228	1
5229	5
5230	4
5231	9
5232	9
5233	9
5234	9
5235	9
5236	9
5237	9
5238	1
5239	5
5240	9
5241	3
5242	3
5243	3
5244	3
5245	5
5246	9
5247	9
5248	5
5249	9
5250	3
5251	9
5252	4
5253	7
5254	5
5255	2
5256	9
5257	9
5258	3
5259	3
5260	5
5261	5
5262	9
5263	9
5264	9
5265	5
5266	9
5267	7
5268	4
5269	4
5270	4
5271	4
5272	9
5273	9
5274	9
5275	5
5276	9
5277	5
5278	9
5279	9
5280	1
5281	1
5282	3
5283	3
5284	3
5285	4
5286	9
5287	9
5288	9
5289	4
5290	3
5291	2
5292	7
5293	4
5294	9
5295	9
5296	9
5297	9
5298	4
5299	7
5300	7
5301	4
5302	5
5303	9
5304	9
5305	9
5306	9
5307	9
5308	9
5309	5
5310	9
5311	4
5312	4
5313	4
5314	4
5315	1
5316	4
5317	4
5318	5
5319	5
5320	4
5321	5
5322	1
5324	5
5325	5
5326	5
5327	9
5328	9
5329	2
5330	9
5331	9
5332	9
5333	5
5334	4
5335	4
5336	4
5337	4
5338	4
5339	4
5340	4
5341	4
5342	4
5343	4
5344	3
5345	5
5346	3
5347	3
5348	1
5349	9
5350	5
5351	9
5352	4
5353	1
5354	9
5355	4
5356	9
5357	1
5358	9
5359	5
5360	5
5361	5
5362	9
5363	3
5364	4
5365	9
5366	4
5367	4
5368	4
5369	4
5370	4
5371	4
5372	4
5373	9
5374	2
5375	2
5376	9
5377	7
5378	9
5379	9
5380	3
5381	5
5382	4
5383	5
5384	4
5385	1
5386	2
5387	4
5388	2
5389	4
5390	4
5391	4
5392	2
5393	2
5394	3
5395	9
5396	2
5397	2
5398	5
5399	9
5400	1
5401	1
5402	1
5403	4
5404	2
5405	4
5406	4
5407	2
5408	4
5409	4
5410	4
5411	4
5412	4
5413	4
5414	4
5415	4
5416	2
5417	4
5418	4
5419	9
5420	9
5421	9
5422	9
5423	9
5424	9
5425	4
5426	9
5427	4
5428	9
5429	4
5430	4
5431	4
5432	4
5433	4
5434	9
5435	4
5436	3
5437	2
5438	2
5439	2
5440	2
5441	2
5442	9
5443	7
5444	7
5445	9
5446	9
5447	2
5448	2
5449	4
5450	4
5451	2
5452	4
5453	2
5454	4
5455	4
5456	4
5457	9
5458	9
5459	4
5460	2
5461	9
5462	9
5463	4
5464	5
5465	9
5466	9
5467	5
5468	9
5469	9
5470	9
5471	4
5472	1
5473	5
5474	4
5475	9
5476	9
5477	5
5478	9
5479	5
5480	5
5481	4
5482	4
5483	4
5484	4
5485	4
5486	2
5487	9
5488	2
5489	9
5490	2
5491	2
5492	3
5493	5
5494	9
5495	3
5496	9
5497	9
5498	1
5499	4
5500	9
5501	9
5502	2
5503	2
5504	2
5505	2
5506	2
5507	2
5508	4
5509	9
5510	4
5511	3
5512	5
5513	5
5514	5
5515	5
5516	4
5517	3
5518	7
5519	7
5520	4
5521	9
5522	1
5523	9
5524	9
5525	9
5526	4
5527	9
5528	9
5529	7
5530	9
5531	3
5532	9
5533	7
5534	4
5535	7
5536	7
5537	4
5538	4
5539	9
5540	2
5541	2
5542	9
5543	4
5544	2
5545	9
5546	4
5547	9
5548	4
5549	4
5550	9
5551	9
5552	2
5553	2
5554	9
5555	2
5556	5
5557	5
5558	5
5559	5
5560	5
5561	5
5562	9
5563	5
5564	5
5565	5
5566	5
5567	5
5568	5
5569	9
5570	1
5571	4
5572	3
5573	9
5574	9
5575	1
5576	9
5577	9
5578	9
5579	9
5580	9
5581	2
5582	2
5583	2
5584	2
5585	9
5586	4
5587	3
5588	9
5589	9
5590	9
5591	9
5592	5
5593	9
5594	9
5595	9
5596	2
5597	2
5598	2
5599	2
5600	2
5601	5
5602	5
5603	5
5604	5
5605	5
5606	5
5607	5
5608	9
5609	4
5610	5
5611	4
5612	5
5613	9
5614	5
5615	9
5616	9
5617	5
5618	9
5619	4
5620	5
5621	9
5622	9
5623	9
5624	4
5625	9
5626	3
5627	2
5628	4
5629	9
5630	9
5631	9
5632	9
5633	9
5634	9
5635	9
5636	9
5637	2
5638	2
5639	2
5640	2
5641	4
5642	9
5643	2
5644	9
5645	9
5646	5
5647	3
5648	9
5649	3
5650	3
5651	3
5652	3
5653	2
5654	2
5655	2
5656	2
5657	2
5658	5
5659	2
5660	4
5661	3
5662	1
5663	2
5664	5
5665	4
5666	9
5667	9
5668	9
5669	2
5670	7
5671	7
5672	3
5673	9
5674	4
5675	1
5676	3
5677	1
5678	9
5679	9
5680	9
5681	9
5682	9
5683	9
5684	9
5685	9
5686	5
5687	1
5688	4
5689	4
5690	3
5691	3
5692	3
5693	3
5694	9
5695	9
5696	5
5697	9
5698	9
5699	4
5700	2
5701	2
5702	2
5703	2
5704	2
5705	9
5706	9
5707	9
5708	9
5709	9
5710	2
5711	4
5712	4
5713	7
5714	7
5715	9
5716	1
5717	4
5718	3
5719	9
5720	5
5721	1
5722	9
5723	7
5725	4
5726	9
5727	9
5728	5
5729	9
5730	9
5731	1
5732	2
5733	9
5734	2
5735	9
5736	4
5737	9
5738	5
5739	9
5740	9
5741	9
5742	9
5743	9
5744	9
5745	9
5746	9
5747	9
5748	9
5749	2
5750	2
5751	2
5752	2
5753	2
5754	2
5755	2
5756	4
5757	1
5758	1
5759	3
5766	5
5767	4
5768	3
5769	5
5770	1
5771	9
5772	4
5773	5
5774	3
5775	4
5776	4
5777	5
5778	9
5779	4
5780	7
5781	3
5782	5
5783	5
5784	5
5785	5
5786	7
5787	5
5788	9
5789	9
5790	9
5791	9
5792	9
5793	5
5794	9
5795	9
5796	2
5797	3
5798	3
5799	9
5800	9
5801	2
5802	2
5803	2
5804	2
5805	5
5806	9
5807	9
5810	9
5811	9
5812	4
5813	9
5814	1
5815	1
5816	1
5817	1
5818	1
5819	4
5820	9
5821	9
5822	7
5823	9
5824	4
5825	7
5826	9
5827	2
5828	4
5829	9
5830	4
5831	4
5832	1
5833	9
5834	1
5835	5
5836	5
5837	9
5838	5
5839	5
5840	9
5841	9
5842	9
5843	5
5844	9
5845	9
5846	3
5847	2
5848	9
5849	9
5850	9
5851	3
5852	3
5853	9
5854	9
5855	1
5856	5
5857	5
5858	5
5859	2
5860	5
5861	5
5862	9
5863	9
5864	9
5865	4
5866	9
5867	9
5868	9
5869	9
5870	7
5871	4
5872	9
5873	4
5874	9
5875	5
5876	9
5877	9
5878	9
5879	9
5880	9
5881	9
5882	5
5883	9
5884	5
5885	3
5886	9
5887	5
5888	9
5889	9
5890	9
5891	7
5892	7
5893	7
5894	7
5895	7
5896	7
5897	7
5898	7
5899	7
5900	7
5901	7
5902	7
5903	7
5904	7
5905	7
5906	7
5907	7
5908	7
5909	7
5910	7
5911	7
5912	7
5913	7
5914	7
5915	7
5916	7
5917	7
5918	7
5919	7
5920	7
5921	7
5922	7
5923	7
5924	7
5925	7
5926	7
5927	7
5928	7
5929	7
5930	7
5931	7
5932	7
5933	7
5934	7
5935	7
5936	7
5937	7
5938	7
5939	7
5940	7
5941	7
5942	7
5943	7
5944	7
5945	7
5946	7
5947	7
5948	7
5949	7
5950	7
5951	7
5952	7
5953	7
5954	7
5955	7
5956	7
5957	7
5958	7
5959	0
5960	7
5961	7
5962	7
5963	7
5964	7
5965	7
5966	7
5967	7
5968	7
5969	7
5970	0
5971	7
5972	7
5973	7
5974	7
5975	7
5976	7
5977	7
5978	7
5979	7
5980	7
5981	7
5982	7
5983	7
5984	7
5985	7
5986	7
5987	7
5988	7
5989	7
5990	7
5991	7
5992	7
5993	7
5994	7
5995	7
5996	7
5997	7
5998	7
5999	7
6000	7
6001	7
6002	7
6003	7
6004	7
6005	7
6006	7
6007	7
6008	7
6009	7
6010	7
6011	7
6012	7
6013	7
6014	7
6015	7
6016	7
6017	7
6018	7
6019	7
6020	7
6021	7
6022	7
6023	7
6024	7
6025	7
6026	7
6027	7
6028	7
6029	7
6030	7
6031	7
6032	7
6033	7
6034	7
6035	7
6036	7
6037	7
6038	7
6039	7
6040	7
6041	7
6042	7
6043	7
6044	7
6045	7
6046	7
6047	7
6048	7
6049	7
6050	7
6051	7
6052	7
6053	7
6054	7
6055	7
6056	7
6057	7
6058	7
6059	0
6060	7
6061	7
6062	7
6063	7
6064	7
6065	7
6066	7
6067	7
6068	0
6069	7
6070	7
6071	7
6072	7
6073	7
6074	7
6075	7
6076	7
6077	7
6078	7
6079	7
6080	7
6081	7
6082	7
6083	7
6084	7
6085	7
6086	7
6087	7
6088	7
6089	7
6090	7
6091	7
6092	7
6093	7
6094	7
6095	7
6096	7
6097	7
6098	7
6099	7
6100	7
6101	7
6102	7
6103	7
6104	7
6105	7
6106	7
6107	7
6108	7
6109	7
6110	7
6111	7
6112	7
6113	7
6114	0
6115	7
6116	7
6117	7
6118	7
6119	7
6120	7
6121	7
6122	7
6123	7
6124	7
6125	7
6126	7
6127	7
6128	7
6129	7
6130	7
6131	7
6132	7
6133	7
6134	7
6135	7
6136	7
6137	7
6138	0
6139	7
6140	7
6141	7
6142	7
6143	7
6144	7
6145	7
6146	7
6147	7
6148	7
6149	7
6150	7
6151	7
6152	7
6153	7
6154	7
6155	7
6156	7
6157	7
6158	7
6159	7
6160	7
6161	7
6162	7
6163	7
6164	0
6165	7
6166	0
6167	7
6168	7
6169	7
6170	7
6171	7
6172	7
6173	7
6174	7
6175	7
6176	7
6177	7
6178	7
6179	7
6180	7
6181	7
6182	7
6183	7
6184	1
6185	7
6186	7
6187	7
6188	7
6189	7
6190	7
6191	7
6192	7
6193	1
6194	1
6195	7
6196	7
6197	7
6198	7
6199	7
6200	7
6201	7
6202	7
6203	7
6204	7
6205	7
6206	7
6207	7
6208	7
6209	7
6210	7
6211	1
6212	7
6213	7
6214	7
6215	7
6216	7
6217	7
6218	7
6219	7
6220	7
6221	7
6222	7
6223	7
6224	1
6225	1
6226	7
6227	7
6228	7
6229	7
6230	7
6231	7
6232	7
6233	7
6234	1
6235	1
6236	1
6237	7
6238	7
6239	8
6240	8
6241	8
6242	8
6243	8
6244	8
6245	8
6246	0
6247	8
6248	0
6249	0
6250	8
6251	0
6252	8
6253	9
6254	9
6255	8
6256	8
6257	0
6258	8
6259	8
6260	8
6261	8
6262	8
6263	8
6264	8
6265	9
6266	8
6267	8
6268	8
6269	8
6270	8
6271	8
6272	9
6273	9
6274	8
6275	9
6276	9
6277	8
6278	9
6279	9
6280	9
6281	8
6282	9
6283	9
6284	8
6285	8
6286	9
6287	9
6288	9
6289	8
6290	9
6291	9
6292	8
6293	9
6294	8
6295	8
6296	8
6297	8
6298	8
6299	8
6300	8
6301	8
6302	8
6303	8
6304	8
6305	8
6306	9
6307	9
6308	9
6309	9
6310	8
6311	8
6312	8
6313	9
6314	8
6315	8
6316	8
6317	8
6318	8
6319	8
6320	9
6321	8
6322	8
6323	9
6324	8
6325	8
6326	8
6327	8
6328	9
6329	8
6330	8
6331	8
6332	8
6333	9
6334	8
6335	8
6336	8
6337	8
6338	8
6339	8
6340	8
6341	9
6342	9
6343	9
6344	8
6345	8
6346	8
6347	9
6348	9
6349	9
6350	8
6351	8
6352	9
6353	8
6354	8
6355	9
6356	8
6357	8
6358	8
6359	8
6360	8
6361	8
6362	8
6363	8
6364	8
6365	8
6366	8
6367	8
6368	8
6369	9
6370	0
6371	8
6372	8
6373	8
6374	8
6375	8
6376	8
6377	8
6378	8
6379	8
6380	9
6381	9
6382	8
6383	9
6384	8
6385	9
6386	8
6387	9
6388	8
6389	8
6390	9
6391	9
6392	8
6393	8
6394	8
6395	8
6396	8
6397	8
6398	8
6399	9
6400	8
6401	8
6402	9
6403	8
6404	9
6405	8
6406	8
6407	0
6408	8
6409	8
6410	8
6411	8
6412	8
6413	8
6414	9
6415	8
6416	8
6417	9
6418	8
6419	8
6420	8
6421	8
6422	8
6423	8
6424	8
6425	8
6426	8
6427	8
6428	8
6429	9
6430	9
6431	9
6432	9
6433	9
6435	9
6436	9
6437	9
6438	9
6439	8
6440	9
6441	9
6442	8
6443	9
6444	8
6445	8
6446	8
6447	8
6448	8
6449	8
6450	8
6451	8
6452	8
6453	8
6454	8
6455	8
6456	9
6457	8
6458	9
6459	9
6460	9
6461	9
6462	9
6463	8
6464	8
6465	8
6466	8
6467	8
6468	8
6469	8
6470	8
6471	8
6472	9
6474	8
6475	8
6476	9
6477	8
6478	8
6479	8
6480	8
6481	8
6482	8
6483	8
6484	8
6485	8
6486	8
6487	8
6488	8
6489	8
6490	8
6491	8
6492	8
6493	8
6494	9
6495	9
6496	9
6497	9
6498	9
6499	8
6500	8
6501	9
6502	8
6503	8
6504	8
6505	9
6506	8
6507	8
6508	8
6509	8
6510	8
6511	8
6512	9
6513	0
6514	9
6515	0
6516	8
6517	8
6518	8
6519	8
6520	8
6521	8
6522	8
6523	8
6524	8
6525	8
6526	8
6527	8
6528	8
6529	8
6530	8
6531	8
6532	8
6533	8
6534	8
6535	9
6536	9
6537	9
6538	9
6539	8
6540	8
6541	8
6542	8
6543	8
6544	0
6545	8
6546	8
6547	9
6548	8
6549	8
6550	8
6551	0
6552	8
6553	9
6554	6
6555	8
6556	8
6557	8
6558	6
6559	6
6560	6
6561	6
6562	8
6563	8
6564	8
6565	1
6566	1
6567	1
6568	1
6569	1
6570	1
6571	1
6572	1
6573	1
6574	1
6575	1
6576	1
6577	1
6578	1
6579	1
6580	1
6581	1
6582	1
6583	1
6584	1
6585	1
6586	1
6587	1
6588	1
6589	1
6590	1
6591	1
6592	1
6593	1
6594	1
6595	1
6596	1
6597	1
6598	1
6599	1
6600	1
6601	1
6602	1
6603	1
6604	1
6605	1
6606	1
6607	1
6608	1
6609	1
6610	7
6611	1
6612	1
6613	1
6614	1
6615	1
6616	0
6617	7
6618	7
6619	7
6620	7
6621	7
6622	7
6623	1
6624	8
6625	8
6626	8
6627	8
6628	8
6629	1
6630	7
6631	1
6632	1
6633	1
6634	8
6635	7
6636	8
6637	8
6638	8
6639	7
6640	7
6641	7
6642	1
6643	7
6644	7
6645	7
6646	7
6647	7
6648	7
6650	7
6651	7
6652	7
6653	7
6654	7
6655	7
6656	7
6657	7
6658	7
6659	7
6660	7
6661	8
6662	7
6663	8
6664	8
6665	7
6666	8
6667	8
6668	8
6669	8
6671	8
6672	1
6679	7
6683	7
6684	8
6685	8
6686	8
6687	8
6688	8
6689	8
6690	1
6691	8
6692	8
6693	7
6694	7
6695	8
6696	8
6697	7
6698	8
6699	8
6700	8
6701	7
6702	8
6703	8
6704	8
6705	8
6706	7
6707	8
6708	8
6709	7
6710	8
6711	7
6712	7
6713	1
6714	1
6715	1
6716	1
6717	7
6718	8
6719	7
6720	7
6721	7
6722	7
6723	8
6724	7
6725	7
6726	1
6727	7
6728	8
6729	1
6730	8
6731	7
6732	7
6733	8
6734	8
6735	8
6736	8
6737	8
6738	1
6739	1
6740	7
6741	8
6742	7
6743	8
6744	1
6745	1
6746	8
6747	8
6748	7
6749	7
6750	7
6751	7
6752	8
6753	8
6754	8
6755	8
6756	8
6757	8
6758	7
6759	7
6760	8
6761	8
6762	8
6763	8
6764	7
6765	7
6766	7
6767	7
6768	7
6769	7
6770	7
6771	7
6772	7
6773	7
6774	7
6775	7
6776	7
6777	7
6778	7
6779	7
6780	7
6781	7
6782	7
6783	7
6784	7
6785	7
6786	7
6787	7
6788	7
6789	7
6790	7
6791	7
6792	7
6793	7
6794	7
6795	7
6796	7
6797	7
6798	7
6799	7
6800	7
6801	7
6802	7
6803	7
6804	7
6805	7
6806	7
6807	7
6808	7
6809	7
6810	7
6811	7
6812	7
6813	7
6814	7
6815	7
6816	7
6817	7
6818	7
6819	7
6820	0
6821	0
6822	0
6823	0
6824	0
6825	0
6826	0
6827	0
6828	0
6829	0
6830	0
6831	1
6832	1
6833	0
6834	0
6835	0
6836	0
6837	6
6838	6
6839	0
6840	6
6841	6
6842	6
6843	6
6844	6
6845	6
6846	0
6847	0
6848	1
6849	0
6850	0
6851	1
6852	0
6853	0
6854	0
6855	1
6856	7
6857	1
6858	0
6859	0
6860	1
6861	0
6862	1
6863	0
6864	0
6865	0
6866	0
6867	0
6868	0
6869	0
6870	0
6871	0
6872	0
6873	0
6874	0
6875	0
6876	7
6877	0
6878	0
6879	8
6880	1
6881	0
6882	0
6883	0
6884	0
6885	1
6886	0
6887	8
6888	1
6889	1
6890	1
6891	6
6892	1
6893	1
6894	1
6895	6
6896	6
6897	6
6898	1
6899	6
6900	6
6901	0
6902	0
6903	0
6904	0
6905	1
6906	0
6907	0
6908	6
6909	0
6910	1
6911	1
6912	0
6913	6
6914	1
6915	0
6916	0
6917	0
6918	0
6919	0
6920	8
6921	0
6922	0
6923	0
6924	0
6925	0
6926	0
6927	0
6928	8
6929	0
6930	0
6931	0
6932	0
6933	0
6934	0
6935	0
6936	0
6937	1
6938	0
6939	0
6940	0
6941	0
6942	0
6943	0
6944	0
6945	8
6946	0
6947	0
6948	0
6949	0
6950	0
6951	0
6952	0
6953	0
6954	0
6955	0
6956	1
6957	1
6958	0
6959	0
6960	0
6961	0
6962	8
6963	8
6964	0
6965	0
6966	8
