1	0
2	0
3	0
4	0
5	1
6	0
7	7
8	0
9	1
10	7
11	0
12	7
13	7
14	7
15	7
16	7
17	7
18	7
19	0
20	0
21	0
22	1
23	0
24	0
25	0
26	0
27	1
28	1
29	1
30	1
31	0
32	0
33	7
34	7
35	7
36	7
37	7
38	7
39	7
40	7
41	7
42	7
43	7
44	7
45	7
46	7
47	7
48	7
49	7
50	7
51	7
52	7
53	7
54	7
55	7
56	7
57	7
58	7
59	7
60	7
61	7
62	7
63	0
64	0
65	0
66	0
67	0
68	0
69	0
70	7
71	0
72	1
73	0
74	7
75	0
76	0
77	0
78	0
79	0
80	0
81	0
82	1
83	1
84	1
85	0
86	0
87	1
88	0
89	0
90	0
91	0
92	0
93	0
94	1
95	7
96	1
97	0
98	0
99	0
100	0
101	0
102	0
103	0
104	0
105	0
106	1
107	0
108	0
109	7
110	7
111	7
112	7
113	1
114	0
115	0
116	0
117	0
118	1
119	0
120	7
121	7
122	7
123	7
124	0
125	0
126	0
127	0
128	1
129	0
130	1
131	1
132	0
133	0
134	1
135	1
136	1
137	1
138	1
139	1
140	1
141	1
142	1
143	1
144	1
145	1
146	1
147	0
148	0
149	1
150	1
151	1
152	0
153	7
154	7
155	1
156	7
157	7
158	7
159	0
160	0
161	0
162	1
163	1
164	1
165	1
166	1
167	1
168	1
169	1
170	0
171	1
172	0
173	1
174	1
175	0
176	1
177	0
178	0
179	1
180	0
181	1
182	0
183	0
184	0
185	0
186	0
187	1
188	1
189	1
190	0
191	0
192	0
193	1
194	1
195	1
196	7
197	1
198	0
199	1
200	0
201	1
202	1
203	0
204	1
205	0
206	0
207	0
208	1
209	1
210	1
211	1
212	7
213	7
214	1
215	0
216	7
217	0
218	0
219	0
220	0
221	1
222	7
223	7
224	0
225	7
226	1
227	0
228	1
229	0
230	0
231	1
232	0
233	0
234	1
235	1
236	1
237	1
238	7
239	7
240	1
241	1
242	0
243	0
244	0
245	0
246	0
247	0
248	0
249	0
250	0
251	0
252	0
253	1
254	1
255	7
256	7
257	0
258	9
259	0
260	0
261	7
262	7
263	0
264	0
265	1
266	1
267	7
268	1
269	1
270	7
271	1
272	7
273	1
274	7
275	7
276	1
277	1
278	1
279	0
280	0
281	0
282	0
283	0
284	0
285	1
286	1
287	0
288	1
289	1
290	1
291	1
292	1
293	1
294	7
295	0
296	1
297	1
298	7
299	7
300	1
301	1
302	1
303	0
304	1
305	1
306	7
307	7
308	7
309	1
310	1
311	1
312	1
313	1
314	1
315	1
316	1
317	1
318	7
319	7
320	7
321	7
322	7
323	1
324	1
325	0
326	0
327	0
328	1
329	0
330	1
331	7
332	0
333	0
334	1
335	1
336	1
337	9
338	9
339	0
340	0
341	0
342	0
343	9
344	9
345	9
346	9
347	9
348	9
349	9
350	9
351	9
352	9
353	9
354	9
355	9
357	9
358	9
359	9
360	9
361	9
362	9
363	9
365	9
366	9
367	9
368	9
369	9
370	9
372	9
373	9
374	9
375	9
376	9
377	9
378	9
379	9
380	9
381	9
382	9
383	9
384	9
385	9
386	9
387	9
388	9
389	9
390	9
391	9
392	9
393	9
394	9
395	9
396	9
397	9
398	9
399	9
400	9
401	9
402	9
403	9
404	9
405	9
406	9
407	9
408	9
409	9
410	9
411	9
412	9
413	9
414	9
415	9
416	9
417	9
418	9
419	9
420	9
421	9
422	9
423	9
424	9
425	9
426	9
427	9
428	9
429	9
430	9
431	9
432	9
434	9
435	9
436	9
438	9
439	0
440	0
441	0
442	0
443	0
444	0
445	0
446	0
447	0
448	0
449	0
450	0
451	0
452	0
453	0
454	0
455	0
456	0
457	0
458	0
459	0
460	0
461	0
462	0
463	0
464	8
465	8
466	0
467	0
468	0
469	0
470	0
471	0
472	0
473	0
474	8
475	0
476	0
477	0
478	0
479	0
480	0
481	0
482	0
483	0
484	0
485	0
486	8
487	0
488	0
489	0
490	0
491	0
492	0
493	0
494	0
495	0
496	0
497	0
498	0
499	0
500	0
501	0
502	0
503	0
504	0
505	0
506	0
507	0
508	0
509	0
510	0
511	0
512	0
513	0
514	0
515	0
516	0
517	0
518	0
519	0
520	8
521	0
522	8
523	0
524	0
525	7
526	7
527	0
528	0
529	0
530	0
531	7
532	0
533	0
534	0
535	0
536	0
538	0
539	0
540	0
541	0
542	0
543	7
544	0
545	0
546	0
547	0
548	0
549	0
550	0
551	8
552	0
553	0
554	8
555	8
556	0
557	8
558	8
559	8
560	8
561	8
562	0
563	0
564	0
565	0
566	0
567	0
568	0
569	8
570	0
571	0
572	0
573	0
574	0
575	0
576	0
577	0
578	0
579	0
580	0
581	0
582	0
583	0
584	0
585	0
586	0
587	0
588	0
589	0
590	0
591	0
592	8
593	0
594	0
595	0
596	0
597	0
598	0
599	8
600	8
601	0
602	0
603	0
604	0
605	0
606	0
607	0
608	8
609	8
610	0
611	0
612	0
613	0
614	8
615	0
616	0
617	0
618	8
619	8
620	0
621	0
622	0
623	8
624	0
625	0
626	0
627	0
628	0
629	0
630	0
631	0
632	0
633	0
634	0
635	0
636	0
637	0
638	0
639	0
640	0
641	0
642	0
643	0
644	8
645	8
646	0
647	7
648	7
649	0
650	0
651	0
652	0
653	0
654	7
655	0
656	7
657	1
658	7
659	0
660	6
661	0
662	6
663	6
664	6
665	6
666	6
667	6
668	6
669	0
670	6
671	6
672	0
673	0
674	6
675	6
676	6
677	6
678	6
679	6
680	6
681	6
682	6
683	6
684	6
685	6
686	6
687	6
688	6
689	6
690	6
691	6
692	6
693	6
694	6
695	6
696	6
697	6
698	6
699	6
700	0
701	6
702	6
703	6
704	6
705	6
706	6
707	6
708	0
709	0
710	6
711	0
712	0
713	0
714	0
715	0
716	0
717	6
718	6
719	0
720	6
721	6
722	6
723	6
724	6
725	0
726	0
727	7
728	0
729	6
730	0
731	0
732	0
733	0
734	0
735	0
736	0
737	0
738	6
739	0
740	6
741	6
742	6
743	6
744	0
745	0
746	0
747	6
748	6
749	6
750	6
751	6
752	7
753	0
754	7
755	7
756	7
757	7
758	7
759	0
760	0
761	0
762	0
763	9
764	0
765	1
766	0
767	0
768	0
769	0
770	0
771	0
772	0
773	9
774	7
775	0
776	0
777	9
778	1
779	9
780	9
781	9
782	9
783	9
784	0
785	0
786	0
787	0
788	0
789	0
790	0
791	0
792	0
793	7
794	0
795	7
796	7
797	7
798	7
799	7
800	7
801	7
802	7
803	7
804	1
805	7
806	7
807	7
808	7
809	7
810	7
811	1
812	7
813	7
814	7
815	7
816	1
817	7
818	1
819	7
820	7
821	1
822	7
823	7
824	7
825	7
826	7
827	7
828	7
829	7
830	1
831	7
832	1
833	1
834	0
835	1
836	0
837	0
838	0
839	0
840	0
841	1
842	1
843	0
844	0
845	0
846	0
847	1
848	0
849	0
850	1
851	1
852	0
853	0
854	0
855	1
856	1
857	0
858	0
859	1
860	1
861	1
862	1
863	1
864	1
865	0
866	0
867	1
868	1
869	0
870	1
871	0
872	0
873	0
874	0
875	7
876	0
877	0
878	0
879	0
880	1
881	0
882	0
883	0
884	0
885	0
886	0
887	0
888	0
889	0
890	7
891	1
892	1
893	1
894	0
895	0
896	0
897	0
898	1
899	1
900	0
901	0
902	1
903	1
904	1
905	1
906	0
907	0
908	1
909	1
910	1
911	1
912	1
913	1
914	1
915	0
916	1
917	1
918	1
919	1
920	1
921	1
922	0
923	1
924	1
925	0
926	7
927	7
928	7
929	7
930	7
931	7
932	7
933	7
934	7
935	7
936	7
937	7
938	0
939	0
940	0
941	0
942	0
943	0
944	0
945	7
946	0
947	0
948	0
949	0
950	0
951	0
952	0
953	0
954	0
955	7
956	0
957	0
958	0
959	7
960	0
961	7
962	1
963	7
964	7
965	7
966	0
967	7
968	7
969	7
970	0
971	0
972	0
973	7
974	7
975	7
976	7
977	0
978	0
979	0
980	1
981	1
982	1
983	0
984	0
985	0
986	0
987	0
988	0
989	0
990	0
991	0
992	0
993	0
994	0
995	0
996	7
997	0
998	0
999	7
1000	0
1001	0
1002	7
1003	1
1004	7
1005	0
1006	0
1007	0
1008	7
1009	8
1010	8
1011	8
1012	8
1013	8
1014	8
1015	6
1016	8
1017	9
1018	8
1019	8
1020	9
1021	8
1022	6
1023	8
1024	8
1025	8
1026	8
1027	8
1028	8
1029	8
1030	8
1031	8
1032	6
1033	8
1034	0
1035	8
1036	8
1037	8
1038	8
1039	8
1040	8
1041	8
1042	8
1043	8
1044	8
1045	8
1046	8
1051	0
1052	0
1053	9
1054	9
1055	9
1056	9
1057	8
1058	8
1059	8
1060	8
1061	8
1062	8
1063	8
1064	8
1065	8
1066	8
1068	8
1069	8
1070	8
1071	8
1072	8
1073	8
1074	8
1075	8
1076	8
1077	8
1078	8
1079	8
1080	8
1081	8
1082	8
1084	8
1085	1
1087	1
1088	1
1089	1
1090	1
1091	1
1092	1
1093	8
1094	8
1095	1
1096	1
1097	8
1099	8
1101	8
1102	1
1103	8
1104	1
1105	8
1106	8
1107	8
1108	8
1109	8
1110	8
1111	8
1112	8
1113	8
1114	8
1115	8
1116	8
1117	8
1118	8
1120	8
1121	8
1122	8
1123	8
1124	8
1125	8
1126	8
1127	8
1128	8
1129	8
1130	8
1131	8
1132	8
1133	8
1134	8
1135	8
1136	8
1137	8
1138	8
1139	8
1140	8
1141	8
1142	8
1143	8
1144	8
1145	8
1146	8
1147	8
1149	8
1151	8
1157	8
1160	1
1161	8
1162	8
1163	1
1164	1
1165	8
1167	8
1168	8
1169	8
1170	8
1171	8
1172	8
1173	8
1174	8
1175	8
1176	8
1177	8
1178	8
1179	8
1181	9
1182	9
1185	8
1189	9
1190	9
1191	9
1192	8
1193	9
1194	8
1195	9
1196	9
1197	8
1198	9
1199	9
1200	9
1201	9
1202	9
1203	9
1204	9
1205	9
1206	9
1207	9
1208	9
1209	8
1210	8
1211	8
1212	9
1213	9
1214	9
1215	8
1216	8
1217	6
1218	6
1219	6
1220	6
1221	5
1222	5
1223	6
1224	5
1225	3
1226	3
1227	3
1228	3
1229	6
1230	6
1231	3
1232	6
1233	9
1234	9
1235	9
1236	6
1237	4
1238	4
1239	4
1240	4
1241	6
1242	6
1243	6
1244	6
1245	6
1246	6
1247	6
1249	3
1250	3
1251	3
1252	3
1253	4
1254	4
1255	4
1256	4
1257	3
1258	4
1259	4
1260	4
1261	4
1263	3
1264	4
1265	4
1266	4
1267	4
1268	4
1269	4
1270	4
1271	4
1272	4
1273	4
1274	4
1275	4
1276	4
1277	4
1278	4
1279	4
1280	4
1281	4
1282	4
1283	4
1284	4
1285	4
1286	4
1287	4
1288	4
1289	4
1290	4
1291	4
1292	4
1293	4
1294	4
1295	4
1296	2
1297	2
1298	2
1299	2
1300	2
1301	2
1302	2
1303	2
1304	2
1305	2
1306	4
1307	2
1308	2
1309	2
1310	2
1311	2
1312	2
1313	3
1314	3
1315	3
1316	3
1317	3
1318	3
1319	3
1320	3
1321	5
1322	4
1323	9
1324	9
1325	9
1326	9
1327	4
1328	4
1329	9
1330	4
1331	4
1332	4
1333	4
1334	3
1335	4
1336	4
1337	3
1338	3
1339	3
1340	3
1341	4
1342	4
1343	4
1344	4
1345	4
1346	4
1347	4
1348	4
1349	9
1350	9
1351	4
1352	4
1353	5
1354	5
1355	9
1356	5
1357	9
1358	9
1359	6
1360	4
1361	4
1362	4
1363	4
1364	4
1365	2
1366	2
1367	2
1368	2
1369	2
1370	2
1371	2
1372	2
1374	3
1375	3
1376	3
1377	5
1378	5
1379	1
1380	1
1381	1
1382	5
1383	1
1384	5
1385	5
1386	5
1387	3
1388	3
1389	6
1390	3
1391	6
1392	5
1393	5
1394	5
1395	5
1396	5
1397	9
1398	9
1399	9
1400	9
1401	9
1402	9
1403	9
1404	9
1405	9
1406	9
1407	9
1408	6
1409	6
1410	4
1411	4
1412	4
1413	4
1414	6
1415	4
1416	4
1417	4
1418	4
1419	4
1420	4
1421	4
1422	4
1423	3
1424	4
1425	4
1426	4
1427	4
1429	4
1432	4
1433	4
1434	4
1435	4
1436	4
1437	4
1438	4
1439	4
1440	4
1441	4
1442	4
1443	4
1444	4
1445	4
1446	4
1447	2
1448	2
1449	2
1450	2
1451	2
1452	2
1453	2
1454	4
1455	2
1456	2
1457	2
1458	2
1459	2
1460	4
1461	4
1462	4
1463	4
1464	4
1465	4
1466	3
1467	3
1468	5
1469	5
1470	3
1471	3
1472	3
1473	3
1474	3
1475	3
1476	9
1477	9
1478	4
1479	9
1480	9
1481	9
1482	9
1483	9
1484	3
1485	4
1486	4
1487	4
1488	4
1489	4
1490	9
1491	3
1492	3
1493	4
1494	9
1495	9
1496	9
1497	3
1498	9
1499	3
1500	9
1501	9
1502	9
1503	9
1504	9
1505	4
1506	4
1507	4
1508	2
1509	4
1510	4
1511	4
1512	4
1513	4
1514	4
1515	4
1516	4
1517	9
1518	4
1519	9
1520	9
1521	9
1522	9
1523	9
1524	9
1525	9
1526	3
1527	3
1528	3
1529	3
1530	4
1531	4
1533	4
1534	4
1535	2
1536	2
1537	4
1538	2
1539	2
1540	2
1541	2
1542	2
1543	5
1544	1
1545	5
1546	1
1547	5
1548	1
1549	5
1550	5
1551	1
1552	1
1553	3
1554	6
1555	6
1556	6
1557	6
1558	6
1559	6
1560	6
1561	6
1562	6
1563	9
1564	9
1565	9
1566	9
1567	9
1568	6
1569	3
1570	4
1571	4
1572	4
1573	4
1574	4
1575	4
1576	4
1577	4
1578	4
1579	4
1580	4
1581	4
1582	4
1584	4
1585	4
1586	3
1587	3
1588	4
1589	4
1590	4
1591	3
1592	4
1593	4
1594	4
1596	4
1597	4
1598	4
1599	4
1600	4
1601	4
1602	4
1603	4
1604	4
1605	4
1606	4
1607	4
1608	4
1609	4
1610	4
1611	4
1612	4
1613	4
1614	4
1615	4
1616	4
1617	2
1618	2
1619	4
1620	4
1621	4
1622	4
1623	2
1624	4
1625	2
1626	4
1627	2
1628	2
1629	2
1630	2
1631	2
1632	2
1633	2
1634	2
1635	4
1636	3
1637	3
1638	3
1639	3
1640	4
1641	3
1642	3
1643	3
1644	3
1645	3
1646	4
1647	4
1648	4
1649	4
1650	4
1651	4
1652	4
1653	3
1654	4
1655	3
1656	9
1657	4
1658	4
1659	4
1660	9
1661	9
1662	9
1663	9
1664	9
1665	9
1666	9
1667	9
1668	9
1669	9
1670	9
1671	9
1672	4
1673	2
1674	2
1675	4
1676	2
1677	4
1678	2
1679	2
1680	2
1681	2
1682	2
1683	2
1684	2
1685	4
1686	4
1687	2
1688	4
1689	4
1690	4
1691	9
1692	9
1693	5
1694	5
1695	5
1696	2
1697	2
1698	2
1699	2
1700	2
1701	5
1702	5
1703	5
1704	5
1705	4
1706	4
1707	4
1708	4
1709	2
1710	4
1711	2
1712	2
1713	3
1714	4
1715	5
1716	5
1717	5
1718	5
1719	5
1720	1
1721	6
1722	6
1723	6
1724	6
1725	6
1726	6
1727	6
1728	6
1729	6
1730	3
1731	3
1732	3
1733	3
1734	3
1735	3
1736	3
1737	4
1738	4
1739	4
1740	4
1741	4
1742	3
1743	3
1744	4
1745	3
1746	4
1747	4
1748	4
1749	4
1750	4
1751	3
1752	3
1753	3
1754	4
1755	4
1756	4
1757	4
1758	4
1759	4
1760	4
1761	4
1762	4
1763	4
1764	4
1765	4
1766	4
1767	4
1769	4
1770	4
1771	4
1772	4
1773	4
1774	4
1775	4
1776	4
1777	4
1778	4
1779	4
1780	4
1781	4
1782	4
1783	4
1784	2
1785	2
1786	2
1787	2
1788	2
1789	2
1790	2
1791	2
1792	2
1793	2
1795	2
1796	2
1797	2
1798	2
1799	2
1800	2
1801	3
1802	3
1803	3
1804	3
1805	3
1806	3
1807	3
1808	3
1809	3
1810	3
1811	3
1812	9
1813	9
1814	4
1815	4
1816	9
1817	9
1818	9
1819	3
1820	3
1821	3
1822	9
1823	4
1824	4
1825	4
1826	4
1827	4
1828	4
1829	4
1830	4
1831	4
1832	4
1833	4
1834	4
1835	4
1836	2
1837	2
1838	2
1839	2
1840	2
1841	4
1842	2
1843	2
1844	4
1845	2
1846	2
1847	2
1848	2
1849	2
1850	9
1851	5
1852	4
1853	4
1854	4
1855	4
1856	4
1857	4
1858	4
1859	4
1860	4
1861	4
1862	4
1863	4
1864	4
1865	4
1866	5
1867	5
1868	3
1869	1
1870	1
1871	5
1872	1
1873	5
1874	5
1875	1
1876	5
1877	5
1878	5
1879	5
1880	6
1881	6
1882	6
1883	6
1884	5
1885	3
1886	6
1887	3
1888	3
1889	3
1890	6
1891	6
1892	6
1893	1
1894	1
1895	6
1896	4
1897	4
1898	4
1899	4
1900	4
1901	4
1902	4
1903	4
1904	4
1905	4
1906	4
1907	4
1908	4
1909	4
1910	4
1911	4
1912	4
1913	4
1914	4
1915	4
1916	4
1917	4
1918	4
1919	4
1920	4
1921	4
1922	4
1923	4
1924	4
1925	4
1926	4
1927	4
1928	4
1929	4
1930	4
1931	4
1932	4
1933	4
1934	4
1935	4
1936	4
1937	4
1938	4
1939	4
1940	4
1941	4
1942	5
1943	4
1944	4
1945	4
1946	4
1947	4
1948	4
1949	4
1950	4
1951	4
1952	4
1953	4
1954	4
1955	4
1956	4
1957	4
1958	4
1959	4
1960	4
1961	4
1962	4
1963	4
1964	4
1965	3
1966	3
1967	3
1968	3
1969	3
1970	4
1971	3
1972	3
1973	4
1974	4
1975	9
1976	4
1977	3
1978	3
1979	4
1980	9
1981	4
1982	4
1983	4
1984	4
1985	9
1986	9
1987	9
1988	4
1989	4
1990	4
1991	4
1992	2
1993	2
1994	2
1995	2
1996	2
1997	2
1998	2
1999	2
2000	2
2001	2
2002	2
2003	2
2004	2
2005	2
2006	4
2007	2
2008	2
2009	2
2010	4
2011	9
2012	9
2013	2
2014	2
2015	6
2016	5
2017	5
2018	3
2019	5
2020	5
2021	5
2022	5
2023	6
2024	1
2025	6
2026	6
2027	5
2028	6
2029	6
2030	6
2031	6
2032	6
2033	6
2034	6
2035	6
2036	6
2037	6
2038	6
2039	6
2040	6
2041	6
2042	6
2043	6
2044	6
2045	6
2046	6
2047	3
2048	3
2049	3
2050	6
2051	6
2052	4
2053	4
2054	4
2055	4
2056	4
2057	4
2058	4
2059	4
2060	6
2061	6
2062	4
2063	4
2064	4
2065	4
2066	4
2067	4
2068	4
2069	4
2070	4
2071	4
2072	4
2073	3
2074	3
2075	4
2076	4
2077	4
2078	4
2079	4
2080	4
2081	4
2082	5
2083	5
2084	4
2085	4
2086	5
2087	5
2088	5
2089	4
2090	4
2091	4
2092	4
2093	5
2094	4
2095	4
2096	4
2097	4
2098	4
2099	4
2100	4
2101	2
2102	2
2103	2
2104	2
2105	2
2106	2
2107	2
2108	2
2109	2
2110	2
2111	2
2112	2
2113	3
2114	3
2115	3
2116	3
2117	3
2118	3
2119	3
2120	3
2121	3
2122	3
2123	4
2124	3
2125	9
2126	4
2127	3
2128	3
2129	4
2130	4
2131	4
2132	4
2133	4
2134	4
2135	7
2136	4
2137	9
2138	9
2139	4
2140	7
2141	4
2142	4
2143	4
2144	4
2145	2
2146	2
2147	4
2148	4
2149	4
2150	4
2151	4
2152	9
2153	4
2154	3
2155	3
2156	4
2157	4
2158	4
2161	5
2162	5
2163	1
2164	5
2165	5
2166	4
2167	4
2168	2
2169	2
2170	2
2171	2
2172	7
2173	1
2174	1
2175	1
2176	5
2177	5
2178	5
2179	5
2180	5
2181	5
2182	6
2183	6
2184	1
2185	1
2186	1
2187	1
2188	3
2189	3
2190	1
2191	5
2192	5
2193	6
2194	6
2195	6
2196	6
2197	6
2198	6
2199	5
2200	5
2201	6
2202	6
2203	3
2204	3
2205	6
2206	6
2207	3
2208	6
2209	4
2210	4
2211	6
2212	6
2213	6
2215	4
2216	6
2217	4
2218	4
2219	4
2220	4
2221	4
2222	4
2223	3
2224	4
2225	4
2226	4
2227	4
2228	4
2229	4
2230	4
2231	4
2232	4
2233	4
2234	4
2235	4
2236	4
2237	4
2238	4
2239	4
2240	5
2241	4
2242	4
2243	4
2244	4
2245	4
2246	4
2247	4
2248	4
2249	4
2250	4
2251	5
2252	5
2253	2
2254	2
2255	6
2256	2
2257	5
2258	6
2259	1
2260	1
2261	5
2262	5
2263	5
2264	5
2265	4
2266	4
2267	3
2268	3
2269	4
2270	3
2271	3
2272	4
2273	4
2274	4
2275	4
2276	4
2277	4
2278	9
2279	9
2280	9
2281	4
2282	4
2283	4
2284	4
2285	4
2286	4
2287	9
2288	9
2289	2
2290	2
2291	2
2292	2
2293	2
2294	2
2295	2
2296	2
2297	2
2298	2
2299	2
2300	2
2301	2
2302	9
2303	7
2304	5
2305	1
2306	1
2307	4
2308	4
2309	4
2310	5
2311	1
2312	4
2313	1
2314	5
2315	5
2316	4
2317	2
2318	7
2319	7
2320	7
2321	7
2322	7
2323	7
2324	5
2325	5
2326	5
2327	5
2328	3
2329	1
2330	3
2331	5
2332	5
2333	5
2334	5
2335	1
2336	3
2337	3
2338	3
2339	3
2340	1
2341	3
2342	6
2343	6
2344	5
2345	6
2346	6
2347	6
2348	6
2349	6
2350	6
2351	6
2352	6
2353	6
2354	6
2355	3
2356	3
2357	4
2358	6
2359	4
2360	3
2361	6
2362	6
2363	6
2364	3
2365	4
2366	6
2367	6
2368	6
2369	6
2370	4
2371	4
2372	4
2373	4
2374	4
2375	4
2376	3
2377	4
2378	4
2379	4
2380	6
2381	4
2382	4
2383	4
2384	4
2385	4
2386	4
2387	4
2388	4
2389	4
2390	4
2391	4
2392	4
2393	4
2394	4
2395	4
2396	4
2397	4
2398	4
2399	4
2400	4
2401	4
2402	4
2403	2
2404	2
2405	2
2406	6
2407	6
2408	6
2409	2
2410	2
2411	2
2412	2
2413	2
2414	4
2415	4
2416	4
2417	2
2418	2
2419	2
2420	2
2421	2
2422	2
2423	2
2424	2
2425	5
2426	5
2427	5
2428	5
2429	5
2430	5
2431	5
2432	5
2433	5
2434	5
2435	3
2436	3
2437	3
2438	3
2439	5
2440	3
2441	5
2442	4
2443	4
2444	3
2445	3
2446	9
2447	9
2448	9
2449	9
2450	9
2451	9
2452	9
2453	9
2454	5
2455	4
2456	4
2457	4
2458	4
2459	4
2460	4
2461	4
2462	4
2463	4
2464	4
2465	4
2466	5
2467	3
2468	1
2469	4
2470	1
2471	5
2472	1
2473	4
2474	4
2475	5
2476	4
2477	4
2478	1
2479	4
2480	7
2481	4
2482	4
2483	7
2484	1
2485	2
2486	7
2487	7
2488	7
2489	2
2490	1
2491	1
2492	5
2493	5
2494	5
2495	5
2496	5
2497	5
2498	3
2499	3
2500	3
2501	1
2502	3
2503	3
2504	3
2505	1
2506	6
2507	6
2508	6
2509	6
2510	4
2511	4
2512	4
2513	4
2514	4
2515	4
2516	4
2517	4
2518	4
2520	4
2521	4
2522	4
2523	4
2524	4
2525	4
2526	3
2527	4
2528	4
2529	6
2530	4
2531	4
2532	4
2533	4
2534	3
2535	6
2536	4
2537	4
2538	4
2539	4
2540	4
2541	4
2542	4
2543	4
2544	4
2545	4
2546	4
2547	4
2548	4
2549	4
2550	4
2551	4
2552	4
2553	4
2554	4
2555	4
2556	4
2557	4
2558	4
2559	4
2560	4
2561	4
2562	4
2563	4
2564	4
2565	4
2566	4
2567	4
2568	4
2569	6
2570	5
2571	2
2572	2
2573	2
2574	2
2575	2
2576	4
2577	4
2578	2
2579	2
2580	2
2581	2
2582	2
2583	2
2584	2
2585	2
2586	2
2587	2
2588	2
2589	2
2590	5
2591	5
2592	5
2593	1
2594	5
2595	5
2596	5
2597	5
2598	5
2599	5
2600	5
2601	4
2602	4
2603	4
2604	4
2605	5
2606	5
2607	9
2608	9
2609	5
2610	5
2611	3
2612	4
2613	9
2614	9
2615	9
2616	4
2617	4
2618	4
2619	9
2620	4
2621	4
2622	4
2623	4
2624	4
2625	4
2626	4
2627	1
2628	2
2629	5
2630	4
2631	3
2632	1
2633	6
2634	5
2635	2
2636	2
2637	1
2638	7
2639	7
2640	2
2641	2
2642	4
2643	2
2644	2
2645	4
2646	9
2647	4
2648	4
2649	3
2650	1
2651	5
2652	1
2653	1
2654	1
2655	5
2656	3
2657	1
2658	6
2659	6
2660	6
2661	6
2662	6
2663	6
2664	6
2665	6
2666	6
2667	1
2668	4
2669	4
2670	4
2671	4
2672	4
2673	4
2674	4
2675	4
2676	4
2677	4
2678	4
2679	4
2680	4
2681	4
2682	4
2683	4
2684	4
2685	4
2686	4
2687	4
2688	4
2689	4
2690	4
2691	4
2692	4
2693	6
2694	4
2695	4
2696	6
2697	4
2698	4
2699	4
2700	4
2701	4
2702	4
2703	4
2704	4
2705	4
2706	4
2707	4
2708	4
2710	4
2711	4
2712	4
2713	4
2714	4
2715	4
2716	4
2717	4
2718	4
2719	4
2720	4
2721	4
2722	2
2723	2
2724	2
2725	5
2726	2
2727	2
2728	2
2729	2
2730	2
2731	5
2732	5
2733	2
2734	2
2735	2
2736	2
2737	2
2738	4
2739	4
2740	4
2741	1
2742	1
2743	6
2744	6
2745	6
2746	5
2747	5
2748	6
2749	5
2750	5
2751	1
2752	5
2753	5
2754	5
2755	4
2756	3
2757	3
2758	3
2759	4
2760	4
2761	4
2762	4
2763	3
2764	3
2765	9
2766	9
2767	9
2768	9
2769	9
2770	9
2771	9
2772	9
2773	9
2774	9
2775	3
2776	7
2777	4
2778	4
2779	4
2780	4
2781	4
2782	4
2783	4
2784	2
2785	4
2786	4
2787	4
2788	4
2789	4
2790	4
2791	4
2792	4
2793	4
2794	4
2795	4
2796	6
2797	4
2798	5
2799	5
2800	5
2801	2
2802	7
2803	5
2804	4
2805	5
2806	5
2807	1
2808	5
2809	1
2810	4
2811	9
2812	9
2813	9
2814	9
2815	9
2816	7
2817	9
2818	5
2819	5
2820	5
2821	5
2822	4
2823	4
2824	5
2825	6
2826	6
2827	1
2828	1
2829	6
2830	6
2831	3
2832	3
2833	6
2834	3
2835	4
2836	4
2837	4
2838	4
2839	4
2840	4
2841	4
2842	4
2843	4
2844	4
2845	4
2846	5
2847	4
2848	9
2849	4
2850	9
2851	9
2852	3
2853	9
2854	4
2855	4
2856	4
2857	4
2858	4
2859	4
2860	4
2861	4
2862	4
2863	4
2864	4
2865	4
2866	4
2867	4
2868	4
2869	4
2870	4
2871	4
2872	4
2873	4
2874	4
2875	4
2876	4
2877	4
2878	4
2879	4
2880	5
2881	4
2882	4
2883	4
2884	4
2885	4
2886	4
2887	4
2888	4
2889	4
2890	4
2891	4
2892	4
2893	4
2894	4
2895	4
2896	4
2897	2
2898	2
2899	4
2900	2
2901	2
2902	2
2903	2
2904	2
2905	2
2906	5
2907	5
2908	5
2909	2
2910	2
2911	4
2912	5
2913	5
2914	5
2915	5
2916	5
2917	6
2918	5
2919	5
2920	5
2921	6
2922	5
2923	5
2924	4
2925	9
2926	9
2927	4
2928	4
2929	9
2930	4
2931	4
2932	4
2933	7
2934	3
2935	3
2936	9
2937	9
2938	9
2939	9
2940	9
2941	9
2942	9
2943	9
2944	9
2945	3
2946	9
2947	9
2948	4
2949	4
2950	4
2951	4
2952	4
2953	4
2954	4
2955	4
2956	4
2957	4
2958	3
2959	3
2960	4
2961	5
2962	5
2964	9
2965	5
2966	4
2967	5
2968	5
2969	1
2970	1
2971	5
2972	1
2973	7
2974	4
2975	4
2976	7
2977	7
2978	7
2979	7
2980	4
2981	5
2982	3
2983	5
2984	4
2985	6
2986	6
2987	6
2988	6
2989	3
2990	3
2991	5
2992	3
2993	3
2994	3
2995	6
2996	9
2997	9
2998	9
2999	4
3000	4
3001	7
3002	9
3003	3
3004	3
3005	9
3006	9
3007	4
3008	4
3009	4
3010	4
3011	4
3012	4
3013	4
3014	4
3015	4
3016	4
3017	4
3018	4
3019	4
3020	4
3021	4
3022	4
3023	4
3024	4
3025	4
3026	4
3027	4
3028	3
3029	4
3030	4
3031	4
3032	4
3033	4
3034	4
3035	4
3036	3
3037	4
3038	4
3039	3
3040	4
3041	4
3042	4
3043	4
3044	4
3045	4
3046	4
3047	4
3048	4
3049	4
3050	4
3051	4
3052	4
3053	4
3054	4
3055	4
3056	4
3057	4
3058	4
3059	4
3060	4
3061	4
3062	4
3063	4
3064	4
3065	4
3066	5
3067	5
3068	2
3069	2
3070	2
3071	2
3072	2
3073	2
3074	2
3075	2
3076	6
3077	6
3078	4
3079	4
3080	2
3081	5
3082	5
3083	5
3084	5
3085	5
3086	5
3087	5
3088	5
3089	5
3090	5
3091	5
3092	5
3093	4
3094	4
3095	4
3096	3
3097	9
3098	4
3099	3
3100	3
3101	4
3102	4
3103	4
3104	9
3105	9
3106	9
3107	4
3108	9
3109	3
3110	9
3111	4
3112	4
3113	7
3114	3
3115	7
3116	7
3117	3
3118	4
3119	4
3120	4
3121	4
3122	4
3123	4
3124	6
3125	6
3126	5
3127	6
3128	4
3129	4
3130	3
3131	6
3132	5
3133	3
3135	4
3136	5
3137	5
3138	5
3139	5
3140	1
3141	1
3142	7
3143	7
3144	7
3145	7
3146	9
3147	4
3148	4
3149	4
3150	3
3151	5
3152	4
3153	3
3154	6
3155	6
3156	6
3157	6
3158	6
3159	6
3160	6
3161	6
3162	6
3163	7
3164	7
3165	9
3166	3
3167	3
3168	9
3169	4
3170	4
3171	4
3172	4
3173	4
3174	4
3175	4
3176	4
3177	4
3178	4
3179	4
3180	4
3181	4
3184	4
3185	4
3186	4
3187	5
3188	2
3189	4
3190	4
3191	4
3192	4
3193	4
3194	4
3195	3
3196	4
3197	4
3198	4
3199	3
3200	4
3201	3
3202	4
3203	4
3204	4
3205	4
3206	4
3212	4
3213	4
3214	4
3215	4
3216	4
3217	4
3218	4
3219	4
3220	4
3221	4
3222	2
3223	4
3224	4
3225	4
3226	4
3227	4
3228	4
3229	4
3230	4
3231	4
3232	4
3233	6
3234	2
3235	2
3236	4
3237	4
3238	4
3239	6
3240	4
3241	5
3242	5
3243	5
3244	5
3245	5
3246	5
3247	3
3248	5
3249	5
3250	5
3251	4
3252	4
3253	4
3254	4
3255	4
3256	4
3257	4
3258	4
3259	4
3260	4
3261	4
3262	4
3263	7
3264	3
3265	3
3266	7
3267	2
3268	5
3269	5
3270	5
3271	7
3272	2
3273	4
3274	4
3275	4
3276	4
3277	4
3278	4
3279	4
3280	4
3281	3
3282	5
3284	1
3285	4
3286	4
3287	3
3288	7
3289	3
3292	3
3293	1
3294	5
3295	7
3296	4
3297	5
3298	9
3299	9
3300	4
3301	3
3302	4
3303	4
3304	3
3305	3
3306	3
3307	5
3308	5
3309	6
3310	6
3311	6
3312	6
3313	6
3314	6
3315	6
3316	6
3317	3
3318	3
3319	6
3320	5
3321	6
3322	4
3323	1
3324	4
3325	4
3326	4
3327	4
3328	4
3329	4
3330	4
3331	6
3332	6
3333	5
3334	2
3335	2
3336	2
3337	3
3338	3
3339	4
3340	3
3341	4
3342	4
3343	4
3344	3
3345	3
3346	3
3347	4
3348	3
3350	3
3351	3
3352	4
3353	4
3355	4
3356	4
3357	4
3358	4
3359	4
3360	4
3361	4
3362	4
3363	4
3364	4
3365	4
3366	4
3367	4
3368	4
3369	4
3370	4
3371	4
3372	4
3373	4
3374	4
3375	2
3376	2
3377	4
3378	4
3379	4
3380	4
3381	4
3382	4
3383	4
3384	4
3385	4
3386	4
3387	4
3388	4
3389	4
3390	4
3391	4
3392	4
3393	4
3394	4
3395	4
3396	4
3397	4
3398	4
3399	4
3400	5
3401	3
3402	1
3403	5
3404	6
3405	5
3406	5
3407	6
3408	4
3409	4
3410	4
3411	4
3412	4
3413	4
3414	4
3415	4
3416	4
3417	5
3418	7
3419	9
3420	5
3421	5
3422	5
3423	5
3424	5
3425	5
3426	9
3427	9
3428	9
3429	9
3430	1
3431	4
3432	4
3433	4
3434	4
3435	4
3436	4
3437	4
3438	4
3439	3
3440	6
3441	4
3442	2
3443	4
3444	4
3445	4
3446	4
3447	3
3448	4
3449	2
3450	3
3451	9
3452	9
3453	2
3454	2
3455	9
3456	9
3457	9
3458	9
3459	2
3460	5
3461	5
3462	3
3463	6
3464	3
3465	3
3466	5
3467	3
3468	6
3469	3
3470	6
3471	5
3472	6
3473	6
3474	3
3475	6
3476	6
3477	6
3478	6
3479	3
3480	6
3481	6
3482	5
3483	3
3484	3
3485	3
3486	3
3487	6
3488	3
3489	6
3490	3
3491	3
3492	6
3493	6
3494	6
3495	6
3496	4
3497	3
3498	4
3499	4
3500	3
3501	3
3502	4
3503	4
3504	3
3505	3
3506	4
3507	4
3508	4
3509	3
3510	3
3513	3
3514	4
3515	3
3516	4
3517	4
3518	4
3519	4
3520	4
3521	4
3522	4
3523	4
3524	4
3525	4
3526	4
3527	4
3528	4
3529	4
3530	4
3531	4
3533	4
3534	4
3535	4
3536	4
3537	4
3538	4
3539	4
3540	4
3541	4
3542	4
3543	4
3544	4
3545	4
3546	4
3547	4
3548	4
3549	4
3550	4
3551	4
3552	4
3553	4
3554	4
3555	4
3556	4
3557	4
3558	4
3559	2
3560	4
3561	2
3562	2
3563	2
3564	2
3565	2
3566	2
3567	2
3568	3
3569	4
3570	4
3571	4
3572	3
3573	3
3574	3
3575	3
3576	4
3577	3
3578	4
3579	4
3580	3
3581	4
3582	4
3583	3
3584	4
3585	4
3586	7
3587	7
3588	7
3589	7
3590	9
3591	9
3592	9
3593	9
3594	4
3595	4
3596	4
3597	4
3598	4
3599	4
3600	4
3601	4
3602	4
3603	3
3604	2
3605	4
3606	5
3607	2
3608	9
3609	5
3610	5
3611	5
3612	9
3614	5
3615	4
3616	2
3617	2
3618	9
3619	7
3620	9
3621	9
3622	3
3623	3
3624	3
3625	3
3626	3
3627	5
3628	5
3629	5
3630	5
3631	5
3632	5
3633	1
3634	1
3635	1
3636	1
3637	1
3638	1
3639	5
3640	3
3641	6
3642	6
3643	6
3644	6
3645	5
3646	5
3647	6
3648	5
3649	6
3650	3
3651	3
3652	3
3653	3
3654	3
3655	3
3656	3
3657	4
3658	3
3659	3
3660	3
3661	3
3662	3
3663	3
3664	3
3665	3
3666	9
3667	9
3668	4
3669	4
3670	3
3671	3
3672	3
3673	3
3674	3
3675	3
3676	4
3677	4
3678	4
3679	4
3680	4
3681	4
3682	4
3684	4
3685	4
3686	4
3687	4
3688	4
3689	4
3690	4
3691	4
3692	4
3693	4
3694	4
3695	4
3696	4
3697	4
3698	4
3699	4
3700	4
3701	4
3702	4
3703	4
3704	4
3705	4
3706	4
3707	4
3708	4
3709	4
3710	4
3711	2
3712	2
3713	2
3715	4
3717	4
3718	4
3719	4
3720	4
3721	4
3722	4
3723	4
3724	4
3725	2
3726	4
3727	4
3728	4
3729	4
3730	3
3731	3
3732	4
3733	3
3734	3
3735	3
3736	3
3737	3
3738	3
3739	3
3740	3
3741	3
3742	9
3743	3
3744	3
3745	3
3746	9
3747	9
3748	9
3749	9
3750	9
3751	9
3752	2
3753	9
3754	2
3755	4
3756	4
3757	4
3758	4
3759	4
3760	4
3761	4
3762	4
3763	4
3764	4
3768	3
3769	3
3770	4
3771	9
3772	9
3773	9
3774	9
3775	9
3776	4
3777	3
3778	5
3779	5
3780	5
3781	6
3782	6
3783	5
3784	6
3785	6
3786	5
3787	6
3788	6
3789	5
3790	8
3791	9
3792	8
3793	8
3794	8
3795	8
3796	8
3797	8
3798	8
3799	8
3800	8
3801	8
3802	8
3803	8
3804	8
3805	8
3806	8
3807	8
3808	8
3809	8
3810	8
3811	8
3812	8
3813	8
3814	8
3815	8
3816	8
3817	8
3818	8
3819	9
3820	9
3821	8
3822	8
3823	8
3824	9
3825	8
3826	9
3827	8
3828	8
3829	8
3830	8
3831	8
3832	8
3833	8
3834	8
3835	8
3836	8
3837	8
3838	8
3839	8
3840	8
3841	8
3842	8
3843	8
3844	8
3845	8
3846	8
3847	8
3848	8
3849	8
3850	8
3851	8
3852	8
3853	8
3854	8
3855	8
3856	8
3857	8
3858	8
3859	8
3860	8
3861	8
3862	8
3863	8
3864	8
3865	8
3866	8
3867	8
3868	8
3869	8
3870	8
3871	8
3872	8
3873	8
3874	8
3875	8
3876	8
3877	8
3878	8
3879	8
3880	8
3883	8
3884	8
3885	8
3886	8
3887	8
3888	8
3889	8
3890	8
3892	8
3893	8
3894	8
3897	9
3898	8
3899	8
3900	8
3901	8
3902	8
3903	8
3904	8
3905	8
3906	8
3907	8
3908	8
3909	8
3910	8
3911	8
3912	8
3913	8
3914	8
3915	8
3916	8
3917	8
3918	8
3919	8
3920	8
3921	8
3922	8
3923	8
3924	8
3925	8
3926	8
3927	8
3928	8
3929	8
3930	8
3931	8
3932	8
3933	8
3934	8
3935	8
3936	8
3937	8
3938	8
3939	9
3940	9
3941	9
3942	9
3943	8
3944	8
3945	8
3946	8
3947	9
3948	9
3949	8
3950	8
3951	8
3952	8
3953	8
3954	8
3955	8
3956	8
3957	8
3958	8
3959	9
3960	9
3961	8
3962	8
3963	8
3964	8
3965	9
3966	8
3967	8
3968	8
3969	9
3970	8
3971	8
3972	8
3973	8
3974	8
3975	8
3976	8
3977	8
3978	9
3979	8
3980	8
3981	8
3982	8
3983	8
3985	8
3986	8
3987	6
3988	6
3989	6
3990	1
3991	1
3992	0
3993	1
3994	1
3995	1
3996	6
3997	1
3998	6
3999	6
4000	1
4001	0
4002	6
4003	1
4004	1
4005	1
4006	1
4007	4
4008	6
4009	1
4010	0
4011	1
4012	1
4013	1
4014	1
4015	1
4016	1
4017	1
4018	1
4019	6
4020	1
4021	6
4022	6
4023	6
4024	1
4025	1
4026	6
4027	5
4028	6
4029	6
4030	6
4031	1
4032	1
4033	1
4034	6
4035	1
4036	1
4037	6
4038	6
4039	6
4040	6
4041	0
4042	6
4043	6
4044	6
4045	6
4046	6
4047	6
4048	6
4049	0
4050	0
4051	7
4052	7
4053	0
4054	0
4055	7
4056	0
4057	0
4058	0
4059	0
4060	0
4061	0
4062	0
4063	0
4064	0
4065	0
4066	0
4067	0
4068	0
4069	0
4070	0
4071	0
4072	0
4073	7
4074	0
4075	0
4076	0
4077	7
4078	8
4079	6
4080	8
4081	8
4082	8
4083	8
4084	8
4085	6
4086	8
4087	8
4088	8
4089	8
4090	8
4091	8
4092	8
4093	8
4094	8
4095	8
4096	8
4097	8
4098	8
4099	8
4100	8
4101	8
4102	8
4103	8
4104	8
4105	6
4106	7
4107	8
4108	8
4109	8
4110	8
4111	8
4112	8
4113	8
4114	8
4115	8
4116	8
4117	8
4118	8
4119	8
4120	0
4121	8
4122	8
4123	0
4124	8
4125	8
4126	1
4127	8
4128	8
4129	8
4130	8
4131	8
4132	8
4133	8
4134	8
4135	0
4136	8
4137	8
4138	8
4139	8
4140	8
4141	8
4142	8
4143	8
4144	8
4145	8
4146	8
4147	8
4148	8
4149	6
4150	0
4151	8
4152	8
4153	8
4154	8
4155	8
4156	8
4157	8
4158	8
4159	8
4160	0
4161	7
4162	0
4163	7
4164	7
4165	7
4166	7
4167	7
4168	7
4169	7
4170	1
4171	7
4172	7
4173	7
4174	7
4175	7
4176	7
4177	7
4178	0
4179	7
4180	7
4181	7
4182	7
4183	7
4184	7
4185	7
4186	7
4187	7
4188	7
4189	7
4190	7
4191	7
4192	7
4193	7
4194	7
4195	7
4196	7
4197	7
4198	7
4199	7
4200	7
4201	7
4202	0
4203	0
4204	7
4205	7
4206	7
4207	7
4208	7
4209	8
4210	8
4211	8
4212	8
4213	8
4214	8
4215	8
4216	8
4217	8
4218	8
4219	8
4220	8
4221	8
4222	8
4223	8
4224	8
4225	8
4226	8
4227	8
4228	8
4229	8
4230	9
4231	8
4232	8
4233	8
4234	8
4235	8
4236	8
4237	8
4238	8
4239	8
4240	9
4241	9
4242	8
4243	9
4244	9
4245	9
4246	9
4247	9
4248	8
4249	8
4250	9
4251	8
4252	8
4253	8
4254	8
4255	8
4256	8
4257	8
4258	8
4259	8
4260	8
4261	8
4262	8
4263	8
4264	8
4265	8
4266	9
4267	9
4268	1
4269	9
4270	9
4271	9
4272	9
4273	7
4274	7
4275	7
4276	7
4277	7
4278	1
4279	7
4280	7
4281	7
4282	7
4283	9
4284	7
4285	7
4286	7
4287	7
4288	7
4289	1
4290	9
4291	9
4292	7
4293	7
4294	7
4295	7
4296	7
4297	7
4298	7
4299	7
4300	7
4301	7
4302	7
4303	7
4304	7
4305	7
4306	7
4307	9
4308	7
4309	7
4310	7
4311	9
4312	7
4313	7
4314	1
4315	7
4316	1
4317	1
4318	7
4319	7
4320	7
4321	9
4322	7
4323	9
4324	7
4325	7
4326	7
4327	1
4328	1
4329	7
4330	7
4331	7
4332	7
4333	7
4334	7
4335	7
4336	7
4337	7
4338	7
4339	7
4340	1
4341	7
4342	7
4343	7
4344	9
4345	7
4346	9
4347	9
4348	7
4349	9
4350	7
4351	7
4352	7
4353	7
4354	1
4355	1
4356	1
4357	9
4358	1
4359	9
4360	1
4361	7
4362	9
4363	9
4364	9
4365	7
4366	9
4367	9
4368	7
4369	7
4370	7
4371	9
4372	7
4373	7
4374	7
4375	1
4376	7
4377	9
4378	7
4379	7
4380	9
4381	7
4382	9
4383	7
4384	9
4385	9
4386	9
4387	9
4388	9
4389	9
4390	9
4391	7
4392	9
4393	7
4394	7
4395	9
4396	7
4397	9
4398	7
4399	7
4400	7
4401	7
4402	7
4403	7
4404	9
4405	9
4406	1
4407	9
4408	9
4409	9
4410	9
4411	9
4412	9
4413	1
4414	1
4415	1
4416	9
4417	1
4418	9
4419	7
4420	7
4421	9
4422	7
4423	7
4424	9
4425	9
4426	9
4427	7
4428	9
4429	7
4430	7
4431	7
4432	9
4433	9
4434	9
4435	9
4436	9
4437	9
4438	9
4439	9
4440	7
4441	7
4442	1
4443	7
4444	7
4445	7
4446	9
4447	7
4448	7
4449	7
4450	7
4451	7
4452	7
4453	7
4454	9
4455	9
4456	7
4457	7
4458	7
4459	9
4460	7
4461	7
4462	9
4463	7
4464	9
4465	9
4466	9
4467	7
4468	9
4469	7
4470	7
4471	1
4472	7
4473	7
4474	7
4475	7
4476	7
4477	7
4478	7
4479	7
4480	7
4481	7
4482	7
4483	7
4484	9
4485	9
4486	9
4487	9
4488	9
4489	9
4490	8
4496	6
4497	6
4498	6
4499	6
4500	6
4501	6
4502	6
4503	6
4504	6
4510	6
4511	8
4512	8
4513	8
4514	8
4515	8
4516	8
4517	8
4518	8
4519	8
4520	6
4521	8
4522	8
4523	8
4524	8
4525	6
4526	8
4527	7
4528	7
4529	7
4530	7
4531	7
4532	7
4533	7
4534	7
4535	7
4536	7
4537	7
4538	7
4539	7
4540	7
4541	7
4542	7
4543	7
4544	7
4545	7
4546	7
4547	7
4548	7
4549	7
4550	7
4551	1
4552	7
4553	7
4554	3
4555	3
4556	3
4557	3
4558	3
4559	3
4560	8
4561	3
4562	8
4563	3
4564	8
4565	8
4566	8
4567	8
4568	8
4569	6
4570	5
4571	5
4572	6
4573	6
4574	8
4575	1
4576	1
4577	6
4578	6
4579	6
4580	3
4581	3
4582	6
4583	8
4584	6
4585	6
4586	8
4587	8
4588	6
4589	3
4590	1
4591	3
4592	6
4596	3
4597	8
4599	8
4600	8
4601	8
4602	8
4603	8
4607	8
4608	6
4609	6
4610	6
4611	6
4612	6
4613	6
4614	6
4615	6
4616	8
4617	8
4618	8
4619	8
4620	8
4621	1
4622	1
4623	3
4624	3
4625	3
4626	1
4627	6
4628	5
4629	3
4630	5
4631	5
4632	6
4633	5
4634	8
4635	6
4636	8
4637	6
4638	8
4639	9
4640	9
4641	8
4642	5
4643	1
4644	5
4645	6
4646	5
4647	8
4648	6
4649	8
4650	8
4651	8
4652	5
4653	9
4654	9
4655	8
4656	8
4657	6
4658	6
4659	6
4660	5
4661	3
4662	0
4663	7
4664	6
4665	6
4666	6
4667	6
4668	8
4669	6
4670	6
4671	5
4672	5
4673	5
4674	5
4675	1
4676	1
4677	8
4678	7
4679	5
4680	5
4681	6
4682	5
4683	1
4684	6
4685	5
4686	3
4687	6
4688	3
4689	3
4690	3
4691	3
4692	6
4693	5
4694	5
4695	5
4696	5
4697	5
4698	6
4699	6
4700	6
4701	6
4702	6
4703	6
4704	6
4705	6
4706	3
4707	3
4708	6
4709	5
4710	5
4711	5
4712	5
4713	6
4714	5
4715	3
4716	3
4717	5
4718	5
4719	3
4720	6
4721	6
4722	6
4723	5
4724	6
4725	3
4726	3
4727	6
4728	3
4729	5
4730	5
4731	5
4732	5
4733	5
4734	5
4735	5
4736	5
4737	3
4738	5
4739	5
4740	3
4741	5
4742	5
4743	5
4744	5
4745	5
4746	5
4747	6
4748	5
4749	3
4750	3
4751	3
4752	3
4753	6
4754	3
4755	3
4756	3
4757	6
4758	3
4759	3
4760	3
4761	6
4762	6
4763	6
4764	3
4765	5
4766	3
4767	5
4768	3
4769	3
4770	6
4771	3
4772	6
4773	6
4774	6
4775	3
4776	6
4777	3
4778	6
4779	6
4780	3
4781	6
4782	6
4783	6
4784	8
4785	3
4786	6
4787	6
4788	6
4789	6
4790	6
4791	6
4792	6
4793	3
4794	3
4795	3
4796	5
4797	5
4798	6
4799	6
4800	3
4801	6
4802	3
4803	3
4804	6
4805	6
4806	3
4807	3
4808	5
4809	6
4810	6
4811	6
4812	3
4813	6
4815	8
4816	8
4817	8
4818	8
4819	8
4820	8
4821	9
4822	9
4823	8
4826	6
4827	6
4828	3
4829	6
4830	3
4831	6
4832	6
4833	6
4834	6
4835	6
4836	6
4837	5
4838	6
4839	6
4840	6
4841	5
4842	6
4843	6
4844	6
4845	6
4846	6
4847	6
4848	3
4849	3
4850	6
4851	3
4852	6
4853	6
4854	6
4855	6
4856	6
4857	6
4858	6
4859	6
4860	6
4861	6
4862	6
4863	6
4864	8
4865	8
4866	6
4867	6
4868	5
4869	5
4870	5
4871	6
4872	1
4873	1
4874	1
4875	7
4876	0
4877	3
4878	6
4879	3
4880	6
4881	6
4882	6
4883	3
4884	6
4885	3
4886	8
4887	8
4888	3
4889	3
4890	6
4891	3
4892	5
4893	6
4894	6
4895	5
4896	5
4897	3
4898	3
4899	3
4900	3
4901	1
4902	1
4903	8
4904	3
4905	1
4906	1
4907	8
4908	3
4909	3
4910	3
4911	3
4912	8
4913	8
4914	8
4915	8
4916	8
4917	3
4918	3
4919	3
4920	3
4921	3
4922	5
4923	5
4924	5
4925	8
4926	3
4927	3
4928	3
4929	3
4930	3
4931	3
4932	3
4933	3
4934	3
4935	3
4936	3
4937	3
4938	3
4939	3
4940	3
4941	6
4942	3
4943	8
4944	5
4945	5
4946	5
4947	6
4948	8
4949	8
4950	8
4951	9
4953	9
4954	9
4955	9
4956	9
4958	9
4959	9
4961	9
4966	9
4968	1
4969	9
4970	9
4971	1
4972	8
4973	1
4974	9
4975	1
4976	1
4977	8
4978	8
4979	8
4980	1
4981	1
4982	1
4983	5
4984	1
4985	1
4986	5
4987	5
4988	1
4989	1
4990	1
4991	8
4992	8
4993	8
4994	5
4995	1
4996	5
4997	1
4998	1
4999	5
5000	1
5001	1
5002	1
5003	5
5004	1
5005	8
5006	8
5007	8
5008	1
5009	8
5010	1
5011	8
5012	8
5013	8
5014	8
5015	8
5016	8
5017	8
5018	8
5019	8
5020	1
5021	1
5022	8
5023	8
5024	8
5025	8
5026	8
5027	8
5028	8
5029	8
5030	1
5031	1
5032	8
5033	8
5034	1
5035	8
5036	8
5037	1
5038	8
5039	1
5040	1
5041	1
5042	1
5043	1
5044	1
5045	1
5046	1
5047	1
5048	8
5049	8
5050	1
5051	1
5052	1
5053	8
5054	8
5055	8
5058	5
5059	1
5063	1
5066	8
5067	8
5068	9
5069	7
5070	8
5071	1
5072	9
5073	8
5074	9
5075	8
5076	8
5077	1
5078	7
5079	1
5080	1
5081	1
5082	1
5083	1
5084	1
5085	1
5086	9
5087	1
5088	8
5089	5
5090	9
5091	1
5092	7
5093	0
5094	0
5095	0
5096	0
5097	7
5098	0
5099	7
5100	0
5101	7
5102	7
5103	0
5104	7
5105	7
5106	7
5107	7
5108	0
5109	7
5110	0
5111	0
5112	0
5113	0
5114	7
5115	7
5116	0
5117	7
5118	8
5119	9
5120	9
5121	9
5122	3
5123	9
5124	9
5125	4
5126	9
5127	4
5128	9
5129	4
5130	3
5131	4
5132	9
5133	9
5134	5
5135	5
5136	5
5137	5
5138	5
5139	5
5140	2
5141	9
5142	9
5143	9
5144	4
5145	9
5146	3
5147	1
5148	5
5149	9
5150	9
5151	9
5152	9
5153	5
5154	5
5155	5
5156	5
5157	5
5158	5
5159	5
5160	5
5161	4
5162	4
5163	9
5164	4
5165	4
5166	4
5167	9
5168	9
5169	9
5170	9
5171	9
5172	9
5173	1
5174	4
5175	2
5176	4
5177	4
5178	1
5179	9
5180	4
5181	5
5182	5
5183	9
5184	5
5185	5
5186	9
5187	9
5188	5
5189	5
5190	5
5191	9
5192	9
5193	9
5194	9
5195	9
5196	9
5197	9
5198	9
5199	3
5200	3
5201	5
5202	9
5203	5
5204	9
5205	5
5206	5
5207	9
5208	9
5209	4
5210	3
5211	1
5212	9
5213	1
5214	5
5215	5
5216	2
5217	1
5218	3
5219	9
5220	9
5221	9
5222	3
5223	9
5224	9
5225	5
5226	9
5227	2
5228	1
5229	1
5230	4
5231	5
5232	9
5233	5
5234	9
5235	9
5236	9
5237	4
5238	1
5239	1
5240	9
5241	9
5242	9
5243	3
5244	3
5245	5
5246	5
5247	9
5248	9
5249	5
5250	9
5251	9
5252	4
5253	7
5254	1
5255	2
5256	9
5257	9
5258	3
5259	3
5260	9
5261	3
5262	9
5263	9
5264	9
5265	9
5266	3
5267	4
5268	9
5269	9
5270	4
5271	9
5272	9
5273	5
5274	4
5275	5
5276	5
5277	5
5278	4
5279	3
5280	1
5281	5
5282	3
5283	3
5284	3
5285	2
5286	9
5287	9
5288	3
5289	4
5290	9
5291	3
5292	4
5293	2
5294	2
5295	9
5296	9
5297	9
5298	9
5299	4
5300	1
5301	4
5302	1
5303	3
5304	5
5305	3
5306	9
5307	9
5308	9
5309	9
5310	5
5311	2
5312	9
5313	4
5314	2
5315	1
5316	4
5317	4
5318	5
5319	5
5320	7
5321	5
5322	1
5324	5
5325	1
5326	5
5327	9
5328	9
5329	3
5330	9
5331	9
5332	9
5333	1
5334	5
5335	2
5336	2
5337	2
5338	2
5339	2
5340	2
5341	2
5342	9
5343	2
5344	3
5345	9
5346	9
5347	3
5348	1
5349	9
5350	1
5351	2
5352	5
5353	1
5354	2
5355	4
5356	9
5357	4
5358	5
5359	9
5360	5
5361	5
5362	3
5363	2
5364	4
5365	9
5366	4
5367	4
5368	4
5369	4
5370	4
5371	4
5372	4
5373	3
5374	2
5375	2
5376	9
5377	4
5378	2
5379	9
5380	9
5381	9
5382	4
5383	5
5384	4
5385	7
5386	2
5387	2
5388	2
5389	2
5390	2
5391	2
5392	3
5393	2
5394	2
5395	2
5396	2
5397	2
5398	5
5399	4
5400	5
5401	5
5402	5
5403	2
5404	2
5405	2
5406	2
5407	2
5408	2
5409	4
5410	4
5411	4
5412	4
5413	4
5414	4
5415	4
5416	3
5417	4
5418	4
5419	9
5420	9
5421	9
5422	9
5423	3
5424	4
5425	4
5426	9
5427	4
5428	9
5429	2
5430	2
5431	2
5432	2
5433	2
5434	9
5435	4
5436	3
5437	2
5438	3
5439	2
5440	3
5441	2
5442	9
5443	4
5444	4
5445	9
5446	4
5447	2
5448	2
5449	2
5450	2
5451	2
5452	4
5453	2
5454	4
5455	4
5456	5
5457	4
5458	5
5459	4
5460	3
5461	2
5462	9
5463	4
5464	1
5465	9
5466	5
5467	1
5468	4
5469	4
5470	5
5471	4
5472	5
5473	5
5474	9
5475	9
5476	2
5477	5
5478	3
5479	1
5480	1
5481	4
5482	7
5483	4
5484	4
5485	7
5486	2
5487	2
5488	3
5489	3
5490	3
5491	2
5492	3
5493	5
5494	9
5495	9
5496	4
5497	9
5498	1
5499	5
5500	9
5501	9
5502	2
5503	2
5504	2
5505	2
5506	2
5507	2
5508	4
5509	9
5510	9
5511	9
5512	5
5513	1
5514	1
5515	5
5516	4
5517	9
5518	4
5519	4
5520	9
5521	5
5522	1
5523	9
5524	2
5525	9
5526	9
5527	9
5528	9
5529	4
5530	9
5531	9
5532	4
5533	4
5534	4
5535	4
5536	4
5537	4
5538	4
5539	4
5540	2
5541	3
5542	3
5543	2
5544	3
5545	9
5546	4
5547	9
5548	4
5549	4
5550	4
5551	9
5552	2
5553	2
5554	2
5555	2
5556	1
5557	1
5558	5
5559	5
5560	5
5561	9
5562	9
5563	9
5564	5
5565	5
5566	9
5567	9
5568	1
5569	2
5570	5
5571	4
5572	2
5573	9
5574	9
5575	5
5576	9
5577	9
5578	9
5579	9
5580	9
5581	2
5582	2
5583	2
5584	2
5585	2
5586	4
5587	9
5588	9
5589	9
5590	9
5591	9
5592	9
5593	9
5594	9
5595	3
5596	2
5597	2
5598	2
5599	2
5600	2
5601	1
5602	5
5603	1
5604	1
5605	1
5606	1
5607	1
5608	9
5609	4
5610	1
5611	4
5612	1
5613	9
5614	5
5615	3
5616	9
5617	5
5618	4
5619	4
5620	5
5621	9
5622	5
5623	9
5624	3
5625	5
5626	9
5627	2
5628	9
5629	9
5630	9
5631	4
5632	9
5633	9
5634	9
5635	9
5636	4
5637	2
5638	3
5639	3
5640	2
5641	4
5642	9
5643	2
5644	9
5645	9
5646	9
5647	3
5648	9
5649	3
5650	9
5651	9
5652	2
5653	2
5654	2
5655	2
5656	2
5657	2
5658	5
5659	9
5660	2
5661	9
5662	5
5663	9
5664	5
5665	4
5666	9
5667	2
5668	5
5669	4
5670	4
5671	4
5672	3
5673	4
5674	9
5675	1
5676	3
5677	1
5678	9
5679	9
5680	9
5681	9
5682	9
5683	9
5684	9
5685	4
5686	1
5687	5
5688	4
5689	5
5690	9
5691	9
5692	9
5693	9
5694	9
5695	5
5696	3
5697	9
5698	3
5699	2
5700	2
5701	2
5702	2
5703	2
5704	2
5705	5
5706	9
5707	4
5708	4
5709	9
5710	2
5711	4
5712	9
5713	4
5714	4
5715	9
5716	5
5717	4
5718	9
5719	2
5720	9
5721	1
5722	9
5723	7
5725	9
5726	4
5727	9
5728	5
5729	9
5730	4
5731	4
5732	2
5733	2
5734	2
5735	2
5736	2
5737	2
5738	1
5739	9
5740	9
5741	2
5742	2
5743	9
5744	2
5745	9
5746	9
5747	3
5748	9
5749	2
5750	2
5751	2
5752	2
5753	2
5754	2
5755	2
5756	4
5757	1
5758	1
5759	3
5766	9
5767	1
5768	9
5769	5
5770	1
5771	4
5772	4
5773	5
5774	3
5775	4
5776	1
5777	1
5778	9
5779	4
5780	1
5781	3
5782	9
5783	5
5784	1
5785	1
5786	4
5787	5
5788	9
5789	9
5790	9
5791	9
5792	5
5793	5
5794	9
5795	9
5796	9
5797	9
5798	3
5799	2
5800	9
5801	2
5802	2
5803	2
5804	2
5805	5
5806	4
5807	5
5810	9
5811	9
5812	2
5813	9
5814	1
5815	1
5816	1
5817	1
5818	1
5819	4
5820	9
5821	9
5822	4
5823	2
5824	4
5825	4
5826	9
5827	2
5828	4
5829	9
5830	4
5831	7
5832	1
5833	5
5834	5
5835	5
5836	5
5837	9
5838	5
5839	9
5840	9
5841	9
5842	5
5843	9
5844	3
5845	9
5846	9
5847	2
5848	3
5849	9
5850	3
5851	9
5852	9
5853	9
5854	9
5855	1
5856	5
5857	5
5858	5
5859	2
5860	5
5861	5
5862	5
5863	9
5864	9
5865	2
5866	9
5867	9
5868	9
5869	2
5870	4
5871	4
5872	9
5873	9
5874	9
5875	5
5876	5
5877	5
5878	5
5879	9
5880	9
5881	9
5882	9
5883	9
5884	5
5885	9
5886	9
5887	9
5888	9
5889	9
5890	3
5891	7
5892	0
5893	7
5894	7
5895	7
5896	7
5897	7
5898	7
5899	7
5900	7
5901	7
5902	7
5903	7
5904	7
5905	7
5906	7
5907	7
5908	7
5909	7
5910	7
5911	7
5912	7
5913	7
5914	7
5915	7
5916	7
5917	7
5918	7
5919	7
5920	7
5921	7
5922	7
5923	7
5924	7
5925	7
5926	7
5927	7
5928	7
5929	7
5930	7
5931	7
5932	7
5933	7
5934	7
5935	7
5936	7
5937	7
5938	7
5939	7
5940	7
5941	7
5942	7
5943	7
5944	7
5945	7
5946	7
5947	7
5948	7
5949	7
5950	7
5951	7
5952	7
5953	7
5954	7
5955	7
5956	7
5957	7
5958	7
5959	7
5960	7
5961	7
5962	7
5963	7
5964	7
5965	7
5966	7
5967	7
5968	7
5969	7
5970	7
5971	7
5972	7
5973	7
5974	7
5975	7
5976	7
5977	7
5978	7
5979	7
5980	7
5981	7
5982	7
5983	7
5984	7
5985	7
5986	7
5987	7
5988	7
5989	7
5990	7
5991	7
5992	7
5993	7
5994	7
5995	7
5996	7
5997	7
5998	7
5999	7
6000	7
6001	7
6002	7
6003	7
6004	7
6005	7
6006	7
6007	7
6008	7
6009	7
6010	7
6011	7
6012	7
6013	7
6014	7
6015	7
6016	7
6017	7
6018	7
6019	7
6020	7
6021	7
6022	7
6023	7
6024	7
6025	7
6026	7
6027	7
6028	7
6029	7
6030	7
6031	7
6032	7
6033	7
6034	7
6035	7
6036	7
6037	7
6038	7
6039	7
6040	7
6041	7
6042	7
6043	7
6044	7
6045	7
6046	7
6047	7
6048	7
6049	7
6050	7
6051	7
6052	7
6053	7
6054	7
6055	7
6056	7
6057	7
6058	0
6059	0
6060	7
6061	7
6062	7
6063	7
6064	7
6065	7
6066	7
6067	7
6068	7
6069	7
6070	7
6071	7
6072	7
6073	7
6074	7
6075	7
6076	7
6077	7
6078	7
6079	7
6080	7
6081	7
6082	7
6083	7
6084	7
6085	7
6086	7
6087	7
6088	7
6089	7
6090	7
6091	7
6092	7
6093	7
6094	7
6095	7
6096	7
6097	7
6098	7
6099	7
6100	7
6101	7
6102	7
6103	7
6104	7
6105	7
6106	7
6107	7
6108	7
6109	7
6110	7
6111	7
6112	7
6113	7
6114	0
6115	7
6116	7
6117	7
6118	7
6119	7
6120	7
6121	7
6122	7
6123	7
6124	7
6125	7
6126	7
6127	7
6128	7
6129	7
6130	7
6131	7
6132	7
6133	7
6134	7
6135	7
6136	7
6137	7
6138	7
6139	7
6140	7
6141	7
6142	0
6143	7
6144	7
6145	7
6146	7
6147	7
6148	7
6149	7
6150	7
6151	7
6152	7
6153	7
6154	7
6155	7
6156	7
6157	7
6158	7
6159	0
6160	7
6161	0
6162	0
6163	7
6164	7
6165	7
6166	7
6167	7
6168	7
6169	7
6170	7
6171	7
6172	7
6173	7
6174	7
6175	7
6176	7
6177	7
6178	7
6179	7
6180	7
6181	7
6182	7
6183	7
6184	7
6185	7
6186	7
6187	7
6188	7
6189	7
6190	7
6191	1
6192	1
6193	1
6194	7
6195	7
6196	7
6197	7
6198	7
6199	7
6200	7
6201	7
6202	7
6203	7
6204	7
6205	7
6206	7
6207	7
6208	7
6209	7
6210	7
6211	7
6212	7
6213	7
6214	7
6215	7
6216	7
6217	7
6218	7
6219	7
6220	7
6221	7
6222	7
6223	7
6224	1
6225	1
6226	7
6227	7
6228	7
6229	7
6230	7
6231	7
6232	7
6233	1
6234	1
6235	1
6236	1
6237	7
6238	7
6239	8
6240	9
6241	8
6242	8
6243	8
6244	9
6245	8
6246	9
6247	8
6248	8
6249	9
6250	9
6251	8
6252	8
6253	8
6254	8
6255	8
6256	9
6257	8
6258	8
6259	8
6260	8
6261	8
6262	9
6263	8
6264	8
6265	8
6266	8
6267	8
6268	8
6269	8
6270	8
6271	8
6272	8
6273	8
6274	8
6275	8
6276	8
6277	8
6278	9
6279	9
6280	8
6281	8
6282	8
6283	8
6284	8
6285	9
6286	8
6287	9
6288	8
6289	8
6290	8
6291	9
6292	8
6293	8
6294	9
6295	8
6296	8
6297	8
6298	8
6299	8
6300	8
6301	9
6302	8
6303	8
6304	9
6305	8
6306	8
6307	8
6308	8
6309	8
6310	8
6311	9
6312	8
6313	8
6314	8
6315	8
6316	9
6317	8
6318	8
6319	9
6320	8
6321	8
6322	8
6323	8
6324	9
6325	8
6326	9
6327	8
6328	8
6329	8
6330	9
6331	9
6332	9
6333	8
6334	8
6335	8
6336	8
6337	8
6338	8
6339	8
6340	8
6341	8
6342	8
6343	8
6344	8
6345	8
6346	8
6347	9
6348	8
6349	8
6350	8
6351	9
6352	8
6353	8
6354	8
6355	8
6356	8
6357	8
6358	8
6359	8
6360	8
6361	8
6362	8
6363	9
6364	8
6365	9
6366	8
6367	8
6368	8
6369	8
6370	8
6371	8
6372	8
6373	8
6374	8
6375	8
6376	8
6377	8
6378	9
6379	8
6380	9
6381	8
6382	8
6383	8
6384	8
6385	9
6386	8
6387	8
6388	8
6389	8
6390	8
6391	8
6392	8
6393	8
6394	8
6395	8
6396	9
6397	8
6398	8
6399	8
6400	8
6401	9
6402	8
6403	3
6404	8
6405	8
6406	8
6407	9
6408	3
6409	9
6410	8
6411	3
6412	8
6413	8
6414	8
6415	8
6416	9
6417	8
6418	8
6419	9
6420	9
6421	8
6422	8
6423	8
6424	8
6425	9
6426	8
6427	9
6428	8
6429	8
6430	9
6431	8
6432	9
6433	8
6435	8
6436	8
6437	8
6438	8
6439	8
6440	8
6441	8
6442	8
6443	8
6444	8
6445	8
6446	8
6447	8
6448	8
6449	8
6450	8
6451	8
6452	8
6453	8
6454	8
6455	8
6456	9
6457	8
6458	8
6459	8
6460	9
6461	8
6462	8
6463	8
6464	3
6465	8
6466	8
6467	8
6468	8
6469	8
6470	8
6471	8
6472	8
6474	8
6475	8
6476	8
6477	8
6478	8
6479	8
6480	8
6481	8
6482	8
6483	8
6484	8
6485	9
6486	8
6487	8
6488	9
6489	8
6490	8
6491	9
6492	8
6493	8
6494	8
6495	8
6496	9
6497	8
6498	9
6499	8
6500	8
6501	8
6502	8
6503	8
6504	8
6505	9
6506	8
6507	8
6508	8
6509	8
6510	8
6511	8
6512	9
6513	9
6514	8
6515	9
6516	8
6517	8
6518	9
6519	8
6520	8
6521	8
6522	8
6523	8
6524	9
6525	8
6526	8
6527	8
6528	8
6529	9
6530	9
6531	8
6532	8
6533	8
6534	8
6535	9
6536	8
6537	8
6538	8
6539	8
6540	8
6541	9
6542	8
6543	8
6544	8
6545	8
6546	8
6547	8
6548	8
6549	8
6550	8
6551	8
6552	8
6553	8
6554	6
6555	8
6556	6
6557	8
6558	6
6559	6
6560	6
6561	6
6562	8
6563	8
6564	8
6565	1
6566	1
6567	1
6568	1
6569	1
6570	1
6571	7
6572	1
6573	1
6574	1
6575	1
6576	1
6577	1
6578	1
6579	1
6580	1
6581	1
6582	1
6583	1
6584	1
6585	1
6586	1
6587	1
6588	1
6589	1
6590	1
6591	1
6592	1
6593	1
6594	1
6595	1
6596	1
6597	1
6598	1
6599	1
6600	1
6601	1
6602	7
6603	1
6604	1
6605	7
6606	1
6607	1
6608	1
6609	1
6610	7
6611	7
6612	7
6613	1
6614	7
6615	7
6616	7
6617	0
6618	1
6619	0
6620	7
6621	0
6622	0
6623	0
6624	8
6625	8
6626	8
6627	8
6628	1
6629	8
6630	1
6631	7
6632	8
6633	8
6634	7
6635	7
6636	8
6637	8
6638	7
6639	8
6640	8
6641	8
6642	7
6643	7
6644	1
6645	1
6646	1
6647	1
6648	7
6650	7
6651	7
6652	1
6653	1
6654	1
6655	7
6656	7
6657	7
6658	1
6659	1
6660	7
6661	7
6662	8
6663	1
6664	7
6665	7
6666	1
6667	1
6668	8
6669	8
6671	8
6672	1
6679	7
6683	8
6684	8
6685	8
6686	7
6687	8
6688	8
6689	7
6690	7
6691	7
6692	8
6693	7
6694	7
6695	8
6696	8
6697	8
6698	8
6699	8
6700	8
6701	8
6702	8
6703	8
6704	8
6705	8
6706	8
6707	8
6708	7
6709	8
6710	8
6711	7
6712	7
6713	7
6714	7
6715	8
6716	1
6717	8
6718	7
6719	7
6720	7
6721	8
6722	8
6723	8
6724	7
6725	8
6726	7
6727	7
6728	7
6729	7
6730	8
6731	7
6732	8
6733	8
6734	8
6735	8
6736	8
6737	8
6738	8
6739	8
6740	1
6741	7
6742	1
6743	1
6744	1
6745	1
6746	1
6747	1
6748	7
6749	1
6750	7
6751	1
6752	7
6753	1
6754	8
6755	8
6756	8
6757	8
6758	8
6759	7
6760	8
6761	7
6762	8
6763	7
6764	7
6765	7
6766	7
6767	7
6768	7
6769	7
6770	7
6771	7
6772	7
6773	7
6774	7
6775	7
6776	7
6777	7
6778	7
6779	7
6780	7
6781	7
6782	7
6783	7
6784	7
6785	7
6786	7
6787	7
6788	7
6789	7
6790	7
6791	7
6792	7
6793	7
6794	7
6795	7
6796	7
6797	7
6798	7
6799	7
6800	7
6801	7
6802	7
6803	7
6804	7
6805	7
6806	7
6807	7
6808	7
6809	7
6810	7
6811	7
6812	7
6813	7
6814	7
6815	7
6816	7
6817	7
6818	7
6819	7
6820	0
6821	0
6822	0
6823	0
6824	0
6825	7
6826	1
6827	7
6828	0
6829	0
6830	1
6831	0
6832	1
6833	0
6834	0
6835	0
6836	0
6837	0
6838	0
6839	0
6840	0
6841	0
6842	0
6843	0
6844	0
6845	0
6846	0
6847	0
6848	0
6849	0
6850	0
6851	0
6852	0
6853	0
6854	0
6855	1
6856	0
6857	1
6858	0
6859	1
6860	0
6861	0
6862	1
6863	1
6864	0
6865	1
6866	0
6867	0
6868	0
6869	0
6870	0
6871	0
6872	0
6873	0
6874	0
6875	0
6876	0
6877	0
6878	0
6879	1
6880	0
6881	0
6882	0
6883	0
6884	0
6885	1
6886	1
6887	0
6888	1
6889	6
6890	1
6891	0
6892	6
6893	6
6894	6
6895	0
6896	6
6897	6
6898	1
6899	1
6900	6
6901	1
6902	0
6903	0
6904	0
6905	0
6906	0
6907	0
6908	1
6909	1
6910	1
6911	1
6912	0
6913	0
6914	0
6915	0
6916	0
6917	0
6918	0
6919	0
6920	0
6921	0
6922	0
6923	0
6924	0
6925	0
6926	0
6927	0
6928	0
6929	0
6930	0
6931	0
6932	0
6933	0
6934	0
6935	1
6936	0
6937	0
6938	0
6939	0
6940	0
6941	0
6942	0
6943	0
6944	0
6945	0
6946	0
6947	0
6948	0
6949	1
6950	0
6951	0
6952	0
6953	0
6954	0
6955	0
6956	1
6957	1
6958	1
6959	0
6960	1
6961	0
6962	0
6963	0
6964	0
6965	0
6966	1
