1	0
2	0
3	0
4	0
5	0
6	0
7	0
8	0
9	1
10	7
11	7
12	0
13	7
14	7
15	7
16	7
17	7
18	7
19	0
20	0
21	1
22	1
23	1
24	0
25	0
26	1
27	0
28	0
29	0
30	0
31	0
32	0
33	7
34	7
35	7
36	7
37	7
38	7
39	7
40	7
41	7
42	7
43	7
44	7
45	7
46	7
47	7
48	7
49	7
50	7
51	7
52	7
53	7
54	7
55	7
56	7
57	7
58	7
59	7
60	7
61	7
62	7
63	0
64	0
65	0
66	0
67	0
68	7
69	7
70	1
71	0
72	0
73	0
74	7
75	0
76	0
77	1
78	0
79	0
80	0
81	1
82	0
83	0
84	1
85	0
86	0
87	0
88	0
89	0
90	0
91	0
92	0
93	0
94	0
95	1
96	1
97	1
98	0
99	0
100	0
101	0
102	0
103	0
104	0
105	7
106	0
107	0
108	0
109	0
110	0
111	1
112	1
113	7
114	0
115	0
116	0
117	0
118	7
119	1
120	0
121	1
122	1
123	1
124	0
125	7
126	0
127	0
128	0
129	0
130	0
131	0
132	1
133	1
134	1
135	1
136	1
137	1
138	1
139	0
140	0
141	1
142	1
143	1
144	0
145	0
146	1
147	1
148	1
149	1
150	1
151	1
152	0
153	0
154	0
155	1
156	1
157	1
158	1
159	1
160	1
161	1
162	0
163	1
164	1
165	1
166	0
167	0
168	0
169	0
170	0
171	1
172	1
173	1
174	1
175	1
176	1
177	1
178	1
179	1
180	0
181	1
182	1
183	1
184	0
185	1
186	1
187	1
188	1
189	0
190	1
191	1
192	1
193	0
194	1
195	1
196	1
197	1
198	0
199	0
200	0
201	1
202	1
203	1
204	0
205	0
206	0
207	0
208	1
209	0
210	0
211	0
212	1
213	0
214	0
215	1
216	0
217	1
218	0
219	1
220	1
221	0
222	0
223	0
224	0
225	1
226	1
227	1
228	1
229	0
230	0
231	1
232	0
233	1
234	1
235	1
236	1
237	1
238	0
239	1
240	1
241	1
242	0
243	0
244	0
245	0
246	0
247	0
248	0
249	0
250	0
251	1
252	0
253	1
254	0
255	1
256	1
257	0
258	0
259	7
260	7
261	6
262	0
263	1
264	0
265	0
266	0
267	0
268	0
269	0
270	6
271	0
272	1
273	0
274	0
275	0
276	0
277	1
278	0
279	0
280	0
281	0
282	0
283	0
284	0
285	0
286	0
287	0
288	7
289	1
290	1
291	1
292	1
293	1
294	1
295	0
296	0
297	0
298	0
299	0
300	0
301	0
302	0
303	0
304	1
305	1
306	1
307	1
308	0
309	0
310	0
311	1
312	1
313	1
314	1
315	1
316	1
317	1
318	1
319	1
320	1
321	1
322	7
323	1
324	1
325	0
326	0
327	7
328	0
329	0
330	7
331	0
332	0
333	0
334	0
335	0
336	7
337	9
338	7
339	7
340	1
341	0
342	0
343	9
344	9
345	9
346	9
347	9
348	9
349	9
350	9
351	9
352	9
353	9
354	9
355	9
357	9
358	9
359	9
360	9
361	9
362	9
363	9
365	9
366	9
367	9
368	9
369	9
370	9
372	9
373	9
374	9
375	9
376	9
377	9
378	9
379	9
380	9
381	9
382	9
383	9
384	9
385	9
386	9
387	9
388	9
389	9
390	9
391	9
392	9
393	9
394	9
395	9
396	9
397	9
398	9
399	9
400	9
401	9
402	9
403	9
404	9
405	9
406	9
407	9
408	9
409	9
410	9
411	9
412	9
413	9
414	9
415	9
416	9
417	9
418	9
419	9
420	9
421	9
422	9
423	9
424	9
425	9
426	9
427	9
428	9
429	9
430	9
431	9
432	9
434	9
435	9
436	9
438	9
439	0
440	0
441	0
442	0
443	0
444	0
445	0
446	8
447	0
448	0
449	0
450	8
451	0
452	0
453	0
454	0
455	0
456	0
457	0
458	0
459	0
460	0
461	0
462	0
463	0
464	8
465	0
466	0
467	0
468	0
469	0
470	0
471	0
472	0
473	0
474	0
475	0
476	0
477	0
478	8
479	8
480	8
481	0
482	0
483	0
484	0
485	0
486	0
487	0
488	0
489	0
490	8
491	0
492	0
493	0
494	0
495	0
496	0
497	0
498	0
499	0
500	0
501	0
502	0
503	0
504	0
505	0
506	0
507	0
508	0
509	0
510	0
511	0
512	0
513	0
514	0
515	0
516	0
517	0
518	0
519	0
520	0
521	0
522	0
523	0
524	0
525	7
526	0
527	0
528	0
529	0
530	0
531	7
532	0
533	0
534	0
535	0
536	0
538	8
539	0
540	0
541	0
542	0
543	0
544	0
545	0
546	0
547	0
548	0
549	0
550	0
551	0
552	0
553	0
554	0
555	0
556	0
557	8
558	0
559	0
560	0
561	0
562	0
563	0
564	0
565	0
566	0
567	0
568	0
569	8
570	0
571	0
572	0
573	0
574	0
575	0
576	0
577	7
578	0
579	0
580	0
581	0
582	0
583	0
584	0
585	0
586	0
587	0
588	0
589	0
590	8
591	0
592	0
593	0
594	0
595	0
596	0
597	0
598	0
599	0
600	0
601	0
602	0
603	0
604	0
605	0
606	0
607	8
608	8
609	0
610	8
611	0
612	8
613	0
614	8
615	0
616	0
617	0
618	0
619	0
620	0
621	0
622	0
623	0
624	0
625	0
626	0
627	0
628	0
629	0
630	0
631	0
632	0
633	0
634	0
635	0
636	0
637	0
638	0
639	0
640	0
641	0
642	0
643	0
644	0
645	8
646	0
647	0
648	0
649	1
650	1
651	7
652	1
653	0
654	0
655	1
656	0
657	0
658	1
659	0
660	6
661	6
662	6
663	6
664	6
665	6
666	6
667	0
668	0
669	0
670	0
671	0
672	0
673	0
674	0
675	0
676	6
677	6
678	6
679	6
680	6
681	6
682	6
683	6
684	6
685	0
686	6
687	6
688	6
689	0
690	6
691	6
692	0
693	0
694	0
695	6
696	0
697	6
698	0
699	6
700	0
701	0
702	6
703	6
704	0
705	6
706	6
707	6
708	0
709	0
710	6
711	6
712	0
713	6
714	0
715	6
716	0
717	6
718	0
719	0
720	0
721	6
722	0
723	6
724	6
725	0
726	0
727	0
728	0
729	0
730	0
731	0
732	0
733	0
734	0
735	0
736	0
737	0
738	0
739	0
740	6
741	6
742	6
743	6
744	0
745	0
746	0
747	0
748	0
749	0
750	0
751	0
752	7
753	7
754	0
755	7
756	7
757	9
758	7
759	7
760	0
761	7
762	7
763	0
764	1
765	1
766	0
767	7
768	1
769	0
770	1
771	0
772	0
773	0
774	1
775	0
776	0
777	0
778	0
779	0
780	0
781	0
782	0
783	0
784	0
785	0
786	0
787	0
788	0
789	0
790	0
791	9
792	0
793	0
794	7
795	7
796	7
797	7
798	7
799	7
800	7
801	7
802	7
803	7
804	7
805	7
806	7
807	7
808	7
809	7
810	7
811	7
812	7
813	7
814	7
815	7
816	7
817	7
818	7
819	7
820	7
821	7
822	7
823	7
824	7
825	7
826	7
827	7
828	7
829	7
830	7
831	7
832	7
833	0
834	0
835	1
836	1
837	1
838	1
839	1
840	1
841	0
842	0
843	1
844	1
845	1
846	1
847	7
848	1
849	1
850	1
851	7
852	7
853	0
854	1
855	0
856	1
857	0
858	0
859	1
860	0
861	1
862	1
863	1
864	0
865	0
866	7
867	0
868	7
869	0
870	0
871	0
872	0
873	0
874	0
875	0
876	1
877	1
878	0
879	0
880	1
881	1
882	0
883	0
884	0
885	0
886	0
887	0
888	0
889	0
890	0
891	1
892	1
893	0
894	1
895	0
896	1
897	0
898	0
899	0
900	0
901	1
902	1
903	1
904	1
905	0
906	1
907	1
908	1
909	1
910	1
911	1
912	1
913	1
914	1
915	7
916	1
917	1
918	1
919	1
920	1
921	1
922	1
923	1
924	1
925	0
926	7
927	0
928	7
929	7
930	7
931	7
932	7
933	7
934	7
935	7
936	7
937	7
938	0
939	0
940	1
941	0
942	0
943	1
944	1
945	1
946	7
947	0
948	7
949	7
950	7
951	0
952	7
953	7
954	7
955	7
956	0
957	7
958	7
959	7
960	7
961	0
962	0
963	7
964	7
965	7
966	1
967	1
968	1
969	1
970	1
971	1
972	0
973	7
974	1
975	0
976	7
977	7
978	0
979	7
980	0
981	0
982	0
983	0
984	0
985	0
986	7
987	1
988	1
989	1
990	1
991	1
992	0
993	0
994	7
995	7
996	7
997	7
998	1
999	1
1000	0
1001	0
1002	0
1003	1
1004	7
1005	0
1006	1
1007	0
1008	7
1009	8
1010	8
1011	8
1012	8
1013	8
1014	8
1015	8
1016	8
1017	8
1018	8
1019	8
1020	8
1021	8
1022	8
1023	8
1024	8
1025	8
1026	8
1027	8
1028	8
1029	8
1030	8
1031	8
1032	0
1033	8
1034	0
1035	8
1036	8
1037	8
1038	8
1039	8
1040	8
1041	9
1042	8
1043	8
1044	8
1045	8
1046	8
1051	8
1052	0
1053	8
1054	8
1055	8
1056	8
1057	8
1058	8
1059	8
1060	8
1061	8
1062	8
1063	8
1064	8
1065	8
1066	8
1068	8
1069	8
1070	9
1071	9
1072	8
1073	8
1074	8
1075	8
1076	8
1077	8
1078	8
1079	8
1080	8
1081	8
1082	8
1084	8
1085	8
1087	8
1088	1
1089	8
1090	8
1091	1
1092	1
1093	8
1094	8
1095	8
1096	8
1097	8
1099	8
1101	8
1102	8
1103	8
1104	8
1105	8
1106	8
1107	8
1108	8
1109	8
1110	8
1111	8
1112	8
1113	8
1114	8
1115	8
1116	8
1117	8
1118	8
1120	8
1121	8
1122	8
1123	8
1124	8
1125	8
1126	8
1127	8
1128	8
1129	8
1130	8
1131	8
1132	8
1133	8
1134	8
1135	8
1136	8
1137	8
1138	8
1139	8
1140	8
1141	8
1142	8
1143	8
1144	8
1145	8
1146	8
1147	8
1149	8
1151	8
1157	8
1160	8
1161	8
1162	8
1163	8
1164	8
1165	1
1167	8
1168	8
1169	8
1170	8
1171	8
1172	8
1173	8
1174	8
1175	8
1176	8
1177	8
1178	8
1179	8
1181	8
1182	8
1185	8
1189	8
1190	9
1191	8
1192	8
1193	8
1194	8
1195	8
1196	8
1197	8
1198	9
1199	8
1200	9
1201	8
1202	8
1203	8
1204	9
1205	9
1206	9
1207	9
1208	9
1209	8
1210	8
1211	8
1212	9
1213	9
1214	9
1215	8
1216	8
1217	5
1218	5
1219	3
1220	3
1221	5
1222	3
1223	3
1224	5
1225	3
1226	6
1227	6
1228	3
1229	3
1230	3
1231	6
1232	6
1233	9
1234	9
1235	9
1236	6
1237	6
1238	4
1239	4
1240	4
1241	4
1242	6
1243	6
1244	6
1245	6
1246	6
1247	6
1249	4
1250	4
1251	3
1252	3
1253	3
1254	3
1255	3
1256	4
1257	3
1258	3
1259	4
1260	3
1261	4
1263	4
1264	4
1265	4
1266	4
1267	3
1268	4
1269	4
1270	4
1271	4
1272	4
1273	4
1274	4
1275	4
1276	4
1277	4
1278	4
1279	4
1280	4
1281	4
1282	4
1283	4
1284	4
1285	4
1286	4
1287	4
1288	4
1289	9
1290	4
1291	9
1292	9
1293	4
1294	4
1295	4
1296	4
1297	4
1298	4
1299	4
1300	4
1301	4
1302	4
1303	2
1304	2
1305	2
1306	2
1307	2
1308	6
1309	2
1310	6
1311	2
1312	2
1313	4
1314	4
1315	4
1316	4
1317	3
1318	4
1319	3
1320	3
1321	3
1322	3
1323	4
1324	9
1325	4
1326	4
1327	4
1328	9
1329	4
1330	9
1331	9
1332	4
1333	4
1334	9
1335	4
1336	4
1337	3
1338	4
1339	3
1340	9
1341	4
1342	4
1343	4
1344	2
1345	2
1346	4
1347	2
1348	2
1349	9
1350	9
1351	9
1352	1
1353	5
1354	9
1355	9
1356	9
1357	9
1358	9
1359	6
1360	4
1361	4
1362	4
1363	4
1364	4
1365	4
1366	2
1367	2
1368	4
1369	4
1370	2
1371	2
1372	4
1374	3
1375	3
1376	3
1377	5
1378	5
1379	5
1380	5
1381	5
1382	6
1383	5
1384	6
1385	6
1386	5
1387	3
1388	3
1389	5
1390	5
1391	3
1392	5
1393	5
1394	5
1395	6
1396	6
1397	9
1398	9
1399	9
1400	9
1401	9
1402	9
1403	9
1404	9
1405	9
1406	9
1407	9
1408	6
1409	6
1410	6
1411	4
1412	4
1413	4
1414	6
1415	4
1416	4
1417	4
1418	4
1419	4
1420	4
1421	4
1422	4
1423	4
1424	4
1425	4
1426	4
1427	4
1429	4
1432	4
1433	4
1434	4
1435	4
1436	4
1437	4
1438	4
1439	4
1440	4
1441	4
1442	9
1443	9
1444	4
1445	4
1446	4
1447	2
1448	2
1449	2
1450	2
1451	2
1452	2
1453	2
1454	2
1455	4
1456	2
1457	2
1458	4
1459	4
1460	4
1461	4
1462	4
1463	2
1464	4
1465	4
1466	3
1467	3
1468	3
1469	3
1470	3
1471	3
1472	3
1473	3
1474	3
1475	3
1476	9
1477	4
1478	4
1479	9
1480	9
1481	4
1482	9
1483	4
1484	9
1485	3
1486	9
1487	9
1488	3
1489	3
1490	9
1491	4
1492	3
1493	9
1494	9
1495	9
1496	9
1497	4
1498	3
1499	4
1500	4
1501	9
1502	9
1503	9
1504	9
1505	2
1506	2
1507	4
1508	4
1509	4
1510	2
1511	4
1512	2
1513	2
1514	2
1515	2
1516	2
1517	1
1518	9
1519	9
1520	9
1521	9
1522	5
1523	5
1524	9
1525	9
1526	3
1527	3
1528	3
1529	3
1530	3
1531	3
1533	4
1534	4
1535	4
1536	4
1537	4
1538	2
1539	4
1540	2
1541	2
1542	4
1543	4
1544	5
1545	5
1546	5
1547	6
1548	6
1549	6
1550	6
1551	6
1552	6
1553	5
1554	6
1555	3
1556	6
1557	6
1558	6
1559	6
1560	6
1561	6
1562	6
1563	9
1564	9
1565	9
1566	9
1567	9
1568	3
1569	3
1570	4
1571	6
1572	4
1573	4
1574	4
1575	4
1576	4
1577	4
1578	4
1579	4
1580	4
1581	4
1582	4
1584	4
1585	4
1586	4
1587	4
1588	4
1589	4
1590	4
1591	4
1592	4
1593	4
1594	4
1596	4
1597	4
1598	4
1599	4
1600	4
1601	4
1602	4
1603	4
1604	4
1605	4
1606	4
1607	4
1608	4
1609	4
1610	4
1611	4
1612	4
1613	4
1614	4
1615	4
1616	4
1617	2
1618	2
1619	2
1620	2
1621	4
1622	4
1623	2
1624	2
1625	2
1626	2
1627	2
1628	2
1629	2
1630	2
1631	2
1632	2
1633	2
1634	2
1635	2
1636	3
1637	3
1638	3
1639	4
1640	4
1641	3
1642	3
1643	3
1644	3
1645	3
1646	4
1647	9
1648	4
1649	9
1650	9
1651	9
1652	3
1653	3
1654	3
1655	4
1656	4
1657	3
1658	9
1659	9
1660	9
1661	9
1662	9
1663	9
1664	9
1665	9
1666	4
1667	4
1668	9
1669	4
1670	9
1671	4
1672	2
1673	2
1674	2
1675	2
1676	2
1677	2
1678	2
1679	2
1680	2
1681	2
1682	2
1683	2
1684	2
1685	2
1686	2
1687	2
1688	9
1689	9
1690	4
1691	4
1692	4
1693	4
1694	4
1695	4
1696	2
1697	2
1698	4
1699	4
1700	4
1701	2
1702	2
1703	4
1704	2
1705	2
1706	2
1707	2
1708	2
1709	2
1710	2
1711	2
1712	2
1713	4
1714	3
1715	1
1716	5
1717	5
1718	5
1719	1
1720	1
1721	1
1722	1
1723	6
1724	6
1725	6
1726	6
1727	6
1728	6
1729	6
1730	4
1731	3
1732	4
1733	4
1734	4
1735	4
1736	6
1737	4
1738	3
1739	4
1740	4
1741	4
1742	4
1743	4
1744	4
1745	4
1746	4
1747	4
1748	4
1749	4
1750	4
1751	3
1752	4
1753	3
1754	3
1755	3
1756	3
1757	3
1758	9
1759	4
1760	3
1761	3
1762	3
1763	4
1764	4
1765	4
1766	4
1767	4
1769	4
1770	4
1771	4
1772	4
1773	4
1774	4
1775	4
1776	4
1777	4
1778	4
1779	4
1780	4
1781	4
1782	4
1783	4
1784	2
1785	2
1786	2
1787	2
1788	2
1789	2
1790	2
1791	2
1792	4
1793	2
1795	2
1796	4
1797	2
1798	2
1799	2
1800	2
1801	3
1802	3
1803	3
1804	3
1805	3
1806	3
1807	3
1808	4
1809	4
1810	3
1811	3
1812	3
1813	9
1814	9
1815	9
1816	9
1817	9
1818	9
1819	3
1820	3
1821	3
1822	9
1823	9
1824	9
1825	9
1826	4
1827	4
1828	4
1829	4
1830	4
1831	4
1832	4
1833	2
1834	2
1835	2
1836	2
1837	2
1838	4
1839	4
1840	4
1841	2
1842	2
1843	4
1844	2
1845	2
1846	2
1847	4
1848	2
1849	2
1850	9
1851	9
1852	4
1853	4
1854	5
1855	4
1856	4
1857	3
1858	4
1859	4
1860	3
1861	4
1862	3
1863	3
1864	3
1865	4
1866	5
1867	5
1868	5
1869	4
1870	1
1871	6
1872	5
1873	6
1874	5
1875	5
1876	6
1877	5
1878	5
1879	5
1880	6
1881	6
1882	6
1883	5
1884	6
1885	4
1886	6
1887	6
1888	6
1889	6
1890	6
1891	6
1892	1
1893	3
1894	5
1895	3
1896	4
1897	4
1898	4
1899	3
1900	4
1901	4
1902	4
1903	4
1904	4
1905	4
1906	3
1907	3
1908	4
1909	4
1910	4
1911	3
1912	3
1913	4
1914	4
1915	4
1916	4
1917	4
1918	4
1919	4
1920	4
1921	4
1922	4
1923	3
1924	4
1925	2
1926	2
1927	2
1928	2
1929	4
1930	2
1931	4
1932	4
1933	4
1934	4
1935	4
1936	4
1937	4
1938	4
1939	4
1940	2
1941	4
1942	4
1943	4
1944	4
1945	4
1946	2
1947	2
1948	2
1949	2
1950	2
1951	2
1952	4
1953	4
1954	2
1955	2
1956	2
1957	2
1958	4
1959	4
1960	4
1961	4
1962	4
1963	4
1964	2
1965	3
1966	4
1967	3
1968	3
1969	4
1970	3
1971	3
1972	3
1973	4
1974	4
1975	4
1976	4
1977	4
1978	9
1979	3
1980	4
1981	4
1982	4
1983	4
1984	4
1985	4
1986	4
1987	4
1988	4
1989	9
1990	2
1991	4
1992	2
1993	2
1994	2
1995	2
1996	2
1997	4
1998	4
1999	2
2000	2
2001	2
2002	2
2003	4
2004	4
2005	4
2006	2
2007	2
2008	2
2009	2
2010	2
2011	4
2012	4
2013	4
2014	4
2015	5
2016	5
2017	3
2018	3
2019	5
2020	6
2021	6
2022	6
2023	6
2024	6
2025	3
2026	6
2027	6
2028	6
2029	6
2030	1
2031	1
2032	1
2033	6
2034	6
2035	6
2036	6
2037	6
2038	6
2039	6
2040	6
2041	5
2042	4
2043	5
2044	5
2045	5
2046	6
2047	4
2048	4
2049	4
2050	6
2051	6
2052	6
2053	6
2054	6
2055	4
2056	6
2057	4
2058	4
2059	6
2060	4
2061	4
2062	4
2063	4
2064	4
2065	4
2066	4
2067	4
2068	9
2069	4
2070	9
2071	4
2072	4
2073	9
2074	4
2075	4
2076	4
2077	4
2078	4
2079	4
2080	4
2081	4
2082	4
2083	6
2084	6
2085	4
2086	4
2087	5
2088	5
2089	4
2090	4
2091	4
2092	6
2093	4
2094	4
2095	5
2096	4
2097	2
2098	2
2099	2
2100	2
2101	2
2102	2
2103	2
2104	2
2105	2
2106	2
2107	2
2108	2
2109	2
2110	2
2111	2
2112	2
2113	3
2114	3
2115	4
2116	4
2117	4
2118	4
2119	4
2120	3
2121	3
2122	4
2123	4
2124	4
2125	4
2126	4
2127	3
2128	3
2129	3
2130	9
2131	4
2132	9
2133	4
2134	4
2135	4
2136	4
2137	4
2138	4
2139	4
2140	4
2141	2
2142	4
2143	4
2144	4
2145	4
2146	9
2147	2
2148	2
2149	2
2150	2
2151	2
2152	9
2153	4
2154	3
2155	3
2156	9
2157	2
2158	9
2161	1
2162	5
2163	1
2164	5
2165	5
2166	4
2167	5
2168	4
2169	7
2170	4
2171	7
2172	7
2173	5
2174	6
2175	6
2176	6
2177	7
2178	6
2179	7
2180	3
2181	6
2182	1
2183	1
2184	1
2185	1
2186	1
2187	1
2188	3
2189	1
2190	1
2191	1
2192	6
2193	6
2194	6
2195	6
2196	6
2197	5
2198	5
2199	6
2200	6
2201	6
2202	6
2203	6
2204	6
2205	6
2206	4
2207	4
2208	6
2209	4
2210	4
2211	4
2212	4
2213	4
2215	6
2216	6
2217	6
2218	6
2219	6
2220	4
2221	4
2222	4
2223	3
2224	4
2225	4
2226	4
2227	4
2228	4
2229	4
2230	4
2231	4
2232	4
2233	4
2234	4
2235	4
2236	4
2237	4
2238	5
2239	4
2240	4
2241	5
2242	5
2243	4
2244	5
2245	4
2246	4
2247	4
2248	4
2249	4
2250	5
2251	5
2252	5
2253	4
2254	4
2255	4
2256	2
2257	1
2258	5
2259	6
2260	1
2261	1
2262	1
2263	5
2264	5
2265	3
2266	3
2267	3
2268	4
2269	4
2270	9
2271	9
2272	9
2273	4
2274	4
2275	9
2276	9
2277	3
2278	4
2279	4
2280	4
2281	4
2282	4
2283	4
2284	4
2285	4
2286	4
2287	4
2288	4
2289	2
2290	2
2291	2
2292	2
2293	4
2294	4
2295	4
2296	4
2297	4
2298	2
2299	2
2300	2
2301	2
2302	4
2303	4
2304	6
2305	1
2306	5
2307	1
2308	1
2309	1
2310	4
2311	4
2312	4
2313	5
2314	9
2315	5
2316	5
2317	7
2318	1
2319	1
2320	1
2321	1
2322	1
2323	7
2324	6
2325	6
2326	6
2327	6
2328	6
2329	3
2330	6
2331	5
2332	5
2333	5
2334	1
2335	6
2336	1
2337	1
2338	1
2339	1
2340	1
2341	6
2342	6
2343	3
2344	6
2345	6
2346	6
2347	6
2348	6
2349	6
2350	6
2351	5
2352	6
2353	3
2354	5
2355	4
2356	4
2357	9
2358	6
2359	3
2360	3
2361	6
2362	3
2363	6
2364	6
2365	6
2366	6
2367	6
2368	6
2369	4
2370	4
2371	4
2372	4
2373	4
2374	4
2375	4
2376	4
2377	4
2378	4
2379	4
2380	4
2381	6
2382	4
2383	4
2384	4
2385	3
2386	4
2387	3
2388	4
2389	4
2390	3
2391	4
2392	4
2393	4
2394	4
2395	4
2396	4
2397	4
2398	4
2399	4
2400	4
2401	4
2402	9
2403	2
2404	6
2405	2
2406	4
2407	4
2408	4
2409	6
2410	2
2411	6
2412	5
2413	5
2414	5
2415	5
2416	5
2417	5
2418	5
2419	6
2420	2
2421	2
2422	4
2423	4
2424	2
2425	5
2426	1
2427	1
2428	5
2429	5
2430	5
2431	5
2432	5
2433	5
2434	5
2435	3
2436	4
2437	3
2438	3
2439	9
2440	9
2441	4
2442	5
2443	9
2444	3
2445	3
2446	9
2447	9
2448	9
2449	5
2450	9
2451	9
2452	9
2453	9
2454	9
2455	4
2456	4
2457	4
2458	4
2459	4
2460	4
2461	4
2462	4
2463	4
2464	4
2465	3
2466	6
2467	3
2468	5
2469	1
2470	1
2471	6
2472	5
2473	5
2474	4
2475	1
2476	1
2477	1
2478	7
2479	1
2480	7
2481	1
2482	7
2483	1
2484	1
2485	7
2486	7
2487	9
2488	7
2489	7
2490	5
2491	1
2492	1
2493	1
2494	5
2495	1
2496	4
2497	4
2498	1
2499	1
2500	1
2501	1
2502	3
2503	6
2504	3
2505	3
2506	6
2507	3
2508	3
2509	3
2510	4
2511	4
2512	4
2513	4
2514	4
2515	3
2516	4
2517	3
2518	4
2520	4
2521	4
2522	3
2523	4
2524	4
2525	4
2526	4
2527	4
2528	4
2529	4
2530	6
2531	4
2532	4
2533	4
2534	4
2535	4
2536	4
2537	4
2538	4
2539	4
2540	4
2541	4
2542	4
2543	4
2544	3
2545	4
2546	3
2547	4
2548	3
2549	4
2550	4
2551	4
2552	4
2553	4
2554	4
2555	9
2556	4
2557	4
2558	4
2559	4
2560	4
2561	4
2562	4
2563	4
2564	9
2565	9
2566	9
2567	4
2568	4
2569	6
2570	6
2571	6
2572	4
2573	2
2574	2
2575	5
2576	4
2577	4
2578	4
2579	4
2580	4
2581	4
2582	2
2583	2
2584	2
2585	2
2586	2
2587	2
2588	2
2589	6
2590	5
2591	5
2592	1
2593	5
2594	5
2595	5
2596	1
2597	5
2598	5
2599	1
2600	1
2601	5
2602	5
2603	5
2604	4
2605	5
2606	4
2607	5
2608	5
2609	9
2610	5
2611	9
2612	9
2613	9
2614	9
2615	4
2616	4
2617	4
2618	4
2619	4
2620	4
2621	2
2622	2
2623	2
2624	4
2625	4
2626	4
2627	6
2628	3
2629	5
2630	5
2631	3
2632	1
2633	6
2634	6
2635	7
2636	1
2637	1
2638	1
2639	1
2640	4
2641	2
2642	1
2643	2
2644	7
2645	4
2646	4
2647	4
2648	4
2649	1
2650	5
2651	1
2652	1
2653	4
2654	4
2655	5
2656	6
2657	1
2658	3
2659	3
2660	3
2661	6
2662	1
2663	3
2664	6
2665	6
2666	6
2667	6
2668	4
2669	4
2670	4
2671	4
2672	4
2673	4
2674	5
2675	4
2676	4
2677	4
2678	4
2679	4
2680	4
2681	4
2682	4
2683	4
2684	4
2685	4
2686	4
2687	4
2688	4
2689	4
2690	4
2691	4
2692	4
2693	4
2694	4
2695	4
2696	6
2697	3
2698	4
2699	3
2700	3
2701	3
2702	4
2703	4
2704	4
2705	4
2706	4
2707	4
2708	4
2710	4
2711	4
2712	4
2713	4
2714	4
2715	4
2716	4
2717	4
2718	4
2719	4
2720	4
2721	4
2722	2
2723	2
2724	2
2725	2
2726	2
2727	2
2728	4
2729	4
2730	2
2731	4
2732	2
2733	4
2734	4
2735	4
2736	2
2737	4
2738	2
2739	4
2740	4
2741	6
2742	6
2743	5
2744	5
2745	5
2746	5
2747	5
2748	6
2749	5
2750	1
2751	1
2752	1
2753	1
2754	4
2755	4
2756	3
2757	4
2758	4
2759	5
2760	4
2761	5
2762	4
2763	3
2764	4
2765	4
2766	9
2767	4
2768	4
2769	4
2770	4
2771	9
2772	9
2773	9
2774	9
2775	9
2776	9
2777	5
2778	4
2779	4
2780	2
2781	2
2782	4
2783	4
2784	2
2785	2
2786	2
2787	2
2788	2
2789	2
2790	2
2791	2
2792	2
2793	4
2794	4
2795	2
2796	4
2797	4
2798	6
2799	6
2800	6
2801	7
2802	9
2803	1
2804	5
2805	5
2806	5
2807	5
2808	5
2809	5
2810	9
2811	9
2812	9
2813	9
2814	9
2815	9
2816	9
2817	9
2818	4
2819	5
2820	3
2821	3
2822	4
2823	5
2824	4
2825	6
2826	6
2827	6
2828	5
2829	5
2830	3
2831	3
2832	3
2833	3
2834	3
2835	4
2836	4
2837	2
2838	2
2839	4
2840	4
2841	4
2842	4
2843	4
2844	4
2845	4
2846	4
2847	4
2848	4
2849	3
2850	3
2851	9
2852	3
2853	4
2854	4
2855	4
2856	3
2857	4
2858	4
2859	4
2860	4
2861	9
2862	9
2863	4
2864	4
2865	4
2866	4
2867	4
2868	4
2869	4
2870	4
2871	4
2872	4
2873	4
2874	4
2875	4
2876	4
2877	4
2878	4
2879	4
2880	4
2881	4
2882	4
2883	4
2884	4
2885	4
2886	4
2887	4
2888	4
2889	4
2890	4
2891	4
2892	4
2893	2
2894	2
2895	4
2896	4
2897	4
2898	2
2899	4
2900	2
2901	4
2902	4
2903	4
2904	4
2905	4
2906	4
2907	4
2908	2
2909	2
2910	4
2911	4
2912	4
2913	6
2914	5
2915	6
2916	6
2917	5
2918	5
2919	5
2920	6
2921	5
2922	5
2923	5
2924	9
2925	9
2926	9
2927	5
2928	5
2929	9
2930	5
2931	5
2932	4
2933	9
2934	4
2935	4
2936	9
2937	9
2938	9
2939	3
2940	4
2941	3
2942	3
2943	9
2944	9
2945	9
2946	3
2947	3
2948	4
2949	9
2950	4
2951	4
2952	4
2953	9
2954	4
2955	4
2956	4
2957	4
2958	9
2959	4
2960	4
2961	4
2962	5
2964	9
2965	5
2966	9
2967	5
2968	5
2969	5
2970	5
2971	5
2972	5
2973	9
2974	9
2975	9
2976	9
2977	9
2978	9
2979	9
2980	4
2981	3
2982	3
2983	3
2984	3
2985	3
2986	3
2987	6
2988	3
2989	3
2990	6
2991	5
2992	6
2993	6
2994	6
2995	3
2996	9
2997	9
2998	9
2999	3
3000	4
3001	7
3002	7
3003	9
3004	7
3005	9
3006	7
3007	4
3008	4
3009	4
3010	4
3011	3
3012	3
3013	4
3014	4
3015	4
3016	3
3017	3
3018	4
3019	4
3020	4
3021	4
3022	4
3023	9
3024	4
3025	4
3026	4
3027	4
3028	4
3029	4
3030	4
3031	4
3032	4
3033	4
3034	4
3035	4
3036	4
3037	4
3038	4
3039	4
3040	4
3041	4
3042	4
3043	4
3044	4
3045	4
3046	4
3047	4
3048	4
3049	4
3050	4
3051	4
3052	4
3053	4
3054	4
3055	4
3056	4
3057	4
3058	4
3059	4
3060	4
3061	4
3062	4
3063	4
3064	2
3065	2
3066	4
3067	2
3068	2
3069	2
3070	2
3071	2
3072	2
3073	6
3074	2
3075	4
3076	6
3077	6
3078	6
3079	2
3080	6
3081	6
3082	6
3083	6
3084	5
3085	5
3086	3
3087	3
3088	3
3089	5
3090	6
3091	5
3092	6
3093	4
3094	9
3095	5
3096	5
3097	5
3098	3
3099	4
3100	4
3101	4
3102	4
3103	3
3104	9
3105	9
3106	9
3107	3
3108	3
3109	2
3110	3
3111	9
3112	9
3113	4
3114	7
3115	7
3116	7
3117	7
3118	4
3119	4
3120	4
3121	4
3122	4
3123	4
3124	3
3125	6
3126	5
3127	6
3128	4
3129	9
3130	3
3131	1
3132	5
3133	6
3135	4
3136	1
3137	9
3138	9
3139	9
3140	4
3141	5
3142	9
3143	4
3144	9
3145	4
3146	4
3147	9
3148	3
3149	3
3150	3
3151	5
3152	5
3153	6
3154	3
3155	3
3156	6
3157	6
3158	3
3159	3
3160	6
3161	3
3162	3
3163	7
3164	4
3165	4
3166	7
3167	9
3168	9
3169	4
3170	4
3171	4
3172	4
3173	4
3174	4
3175	4
3176	4
3177	4
3178	4
3179	4
3180	4
3181	4
3184	4
3185	4
3186	4
3187	4
3188	4
3189	4
3190	4
3191	4
3192	4
3193	4
3194	9
3195	4
3196	4
3197	3
3198	3
3199	3
3200	4
3201	4
3202	4
3203	4
3204	4
3205	4
3206	4
3212	4
3213	4
3214	4
3215	4
3216	4
3217	4
3218	4
3219	4
3220	4
3221	4
3222	4
3223	4
3224	4
3225	4
3226	4
3227	6
3228	4
3229	4
3230	4
3231	4
3232	4
3233	2
3234	4
3235	2
3236	4
3237	2
3238	4
3239	4
3240	6
3241	3
3242	6
3243	3
3244	6
3245	6
3246	3
3247	3
3248	3
3249	4
3250	3
3251	4
3252	4
3253	3
3254	3
3255	4
3256	3
3257	4
3258	3
3259	4
3260	4
3261	9
3262	4
3263	9
3264	7
3265	7
3266	7
3267	7
3268	9
3269	9
3270	9
3271	7
3272	9
3273	4
3274	4
3275	4
3276	4
3277	4
3278	4
3279	4
3280	4
3281	3
3282	5
3284	6
3285	4
3286	4
3287	1
3288	4
3289	4
3292	9
3293	5
3294	5
3295	5
3296	4
3297	5
3298	1
3299	4
3300	9
3301	1
3302	5
3303	5
3304	5
3305	5
3306	6
3307	6
3308	6
3309	3
3310	3
3311	3
3312	3
3313	6
3314	3
3315	3
3316	3
3317	3
3318	3
3319	3
3320	3
3321	6
3322	4
3323	1
3324	4
3325	4
3326	4
3327	4
3328	4
3329	4
3330	4
3331	6
3332	5
3333	4
3334	4
3335	4
3336	4
3337	4
3338	3
3339	4
3340	4
3341	3
3342	4
3343	4
3344	3
3345	3
3346	3
3347	4
3348	3
3350	3
3351	3
3352	4
3353	3
3355	4
3356	4
3357	4
3358	4
3359	4
3360	4
3361	4
3362	4
3363	4
3364	4
3365	4
3366	4
3367	4
3368	4
3369	4
3370	9
3371	9
3372	9
3373	9
3374	6
3375	4
3376	4
3377	4
3378	6
3379	4
3380	4
3381	4
3382	4
3383	4
3384	4
3385	4
3386	2
3387	4
3388	4
3389	2
3390	4
3391	4
3392	4
3393	4
3394	2
3395	2
3396	2
3397	4
3398	4
3399	2
3400	6
3401	4
3402	6
3403	5
3404	6
3405	6
3406	6
3407	6
3408	4
3409	3
3410	4
3411	4
3412	4
3413	4
3414	3
3415	3
3416	3
3417	3
3418	3
3419	9
3420	9
3421	9
3422	9
3423	9
3424	9
3425	9
3426	5
3427	5
3428	5
3429	5
3430	1
3431	4
3432	4
3433	4
3434	4
3435	4
3436	4
3437	4
3438	4
3439	1
3440	5
3441	4
3442	2
3443	9
3444	4
3445	2
3446	4
3447	4
3448	4
3449	7
3450	3
3451	5
3452	5
3453	9
3454	5
3455	9
3456	9
3457	9
3458	9
3459	4
3460	1
3461	5
3462	6
3463	3
3464	3
3465	3
3466	3
3467	3
3468	3
3469	1
3470	6
3471	6
3472	6
3473	3
3474	3
3475	3
3476	3
3477	6
3478	6
3479	6
3480	6
3481	6
3482	6
3483	5
3484	5
3485	5
3486	5
3487	5
3488	6
3489	5
3490	5
3491	6
3492	6
3493	6
3494	6
3495	6
3496	4
3497	4
3498	3
3499	3
3500	4
3501	3
3502	3
3503	3
3504	3
3505	3
3506	3
3507	3
3508	3
3509	3
3510	3
3513	3
3514	3
3515	3
3516	4
3517	4
3518	3
3519	4
3520	4
3521	3
3522	3
3523	4
3524	9
3525	4
3526	4
3527	4
3528	4
3529	4
3530	4
3531	4
3533	4
3534	4
3535	4
3536	4
3537	4
3538	4
3539	4
3540	4
3541	4
3542	4
3543	4
3544	4
3545	2
3546	4
3547	4
3548	4
3549	4
3550	4
3551	4
3552	4
3553	4
3554	4
3555	4
3556	4
3557	4
3558	4
3559	2
3560	2
3561	2
3562	2
3563	2
3564	2
3565	2
3566	2
3567	6
3568	5
3569	4
3570	4
3571	4
3572	4
3573	4
3574	4
3575	5
3576	4
3577	4
3578	3
3579	9
3580	9
3581	3
3582	4
3583	3
3584	3
3585	3
3586	4
3587	7
3588	7
3589	7
3590	7
3591	3
3592	3
3593	3
3594	4
3595	4
3596	4
3597	2
3598	4
3599	4
3600	4
3601	4
3602	4
3603	3
3604	4
3605	4
3606	1
3607	4
3608	9
3609	1
3610	5
3611	5
3612	9
3614	5
3615	4
3616	4
3617	4
3618	9
3619	9
3620	9
3621	9
3622	1
3623	3
3624	3
3625	3
3626	3
3627	5
3628	5
3629	5
3630	5
3631	5
3632	5
3633	5
3634	5
3635	5
3636	5
3637	5
3638	6
3639	5
3640	3
3641	6
3642	6
3643	6
3644	5
3645	5
3646	6
3647	5
3648	6
3649	6
3650	3
3651	6
3652	5
3653	3
3654	6
3655	6
3656	3
3657	4
3658	3
3659	3
3660	3
3661	3
3662	4
3663	3
3664	3
3665	4
3666	9
3667	9
3668	4
3669	4
3670	4
3671	4
3672	4
3673	3
3674	4
3675	3
3676	4
3677	4
3678	3
3679	3
3680	3
3681	3
3682	3
3684	3
3685	4
3686	4
3687	4
3688	4
3689	4
3690	4
3691	4
3692	4
3693	4
3694	4
3695	4
3696	4
3697	4
3698	4
3699	4
3700	4
3701	4
3702	4
3703	4
3704	4
3705	4
3706	4
3707	4
3708	4
3709	4
3710	4
3711	2
3712	2
3713	2
3715	4
3717	4
3718	4
3719	4
3720	4
3721	4
3722	4
3723	4
3724	4
3725	4
3726	4
3727	4
3728	4
3729	4
3730	4
3731	4
3732	4
3733	4
3734	5
3735	3
3736	3
3737	3
3738	3
3739	3
3740	3
3741	3
3742	3
3743	3
3744	3
3745	3
3746	3
3747	3
3748	3
3749	4
3750	9
3751	4
3752	9
3753	3
3754	9
3755	9
3756	4
3757	4
3758	4
3759	4
3760	4
3761	4
3762	4
3763	4
3764	4
3768	3
3769	4
3770	4
3771	1
3772	9
3773	9
3774	9
3775	9
3776	9
3777	3
3778	6
3779	6
3780	6
3781	6
3782	6
3783	6
3784	6
3785	6
3786	6
3787	6
3788	6
3789	6
3790	8
3791	8
3792	8
3793	8
3794	8
3795	8
3796	8
3797	8
3798	8
3799	8
3800	8
3801	8
3802	8
3803	8
3804	8
3805	8
3806	8
3807	8
3808	8
3809	8
3810	8
3811	8
3812	8
3813	8
3814	8
3815	8
3816	8
3817	8
3818	8
3819	8
3820	8
3821	8
3822	8
3823	8
3824	8
3825	8
3826	8
3827	8
3828	8
3829	8
3830	8
3831	8
3832	8
3833	8
3834	8
3835	8
3836	8
3837	8
3838	8
3839	8
3840	8
3841	8
3842	8
3843	8
3844	8
3845	8
3846	8
3847	8
3848	8
3849	8
3850	8
3851	8
3852	8
3853	8
3854	8
3855	8
3856	8
3857	8
3858	8
3859	8
3860	8
3861	8
3862	8
3863	8
3864	8
3865	8
3866	8
3867	8
3868	8
3869	8
3870	8
3871	8
3872	8
3873	8
3874	8
3875	8
3876	8
3877	8
3878	8
3879	8
3880	8
3883	8
3884	8
3885	8
3886	8
3887	8
3888	8
3889	8
3890	8
3892	8
3893	8
3894	8
3897	8
3898	8
3899	8
3900	8
3901	8
3902	8
3903	8
3904	8
3905	8
3906	8
3907	8
3908	8
3909	8
3910	8
3911	8
3912	9
3913	8
3914	8
3915	8
3916	8
3917	8
3918	8
3919	8
3920	8
3921	8
3922	8
3923	8
3924	8
3925	8
3926	8
3927	8
3928	8
3929	8
3930	8
3931	9
3932	8
3933	8
3934	8
3935	8
3936	8
3937	8
3938	8
3939	8
3940	8
3941	8
3942	8
3943	8
3944	8
3945	8
3946	9
3947	9
3948	9
3949	8
3950	8
3951	8
3952	8
3953	8
3954	8
3955	8
3956	8
3957	8
3958	8
3959	8
3960	8
3961	8
3962	8
3963	8
3964	8
3965	8
3966	8
3967	8
3968	8
3969	8
3970	8
3971	8
3972	8
3973	8
3974	8
3975	8
3976	8
3977	8
3978	8
3979	8
3980	8
3981	8
3982	8
3983	8
3985	8
3986	8
3987	6
3988	6
3989	6
3990	7
3991	1
3992	7
3993	1
3994	1
3995	1
3996	0
3997	7
3998	1
3999	7
4000	1
4001	1
4002	0
4003	1
4004	1
4005	1
4006	1
4007	1
4008	1
4009	6
4010	7
4011	1
4012	1
4013	1
4014	1
4015	7
4016	1
4017	1
4018	1
4019	6
4020	1
4021	6
4022	6
4023	1
4024	1
4025	6
4026	0
4027	4
4028	6
4029	6
4030	1
4031	6
4032	1
4033	6
4034	1
4035	1
4036	1
4037	6
4038	1
4039	6
4040	0
4041	0
4042	6
4043	6
4044	6
4045	6
4046	1
4047	6
4048	6
4049	7
4050	0
4051	7
4052	1
4053	1
4054	7
4055	7
4056	7
4057	7
4058	7
4059	7
4060	7
4061	7
4062	7
4063	7
4064	0
4065	7
4066	7
4067	0
4068	0
4069	0
4070	0
4071	0
4072	0
4073	0
4074	0
4075	0
4076	0
4077	0
4078	8
4079	8
4080	8
4081	8
4082	8
4083	8
4084	8
4085	8
4086	8
4087	8
4088	8
4089	8
4090	8
4091	8
4092	8
4093	8
4094	8
4095	8
4096	8
4097	8
4098	8
4099	8
4100	8
4101	8
4102	8
4103	6
4104	8
4105	8
4106	0
4107	8
4108	8
4109	8
4110	8
4111	8
4112	8
4113	8
4114	6
4115	8
4116	6
4117	8
4118	8
4119	8
4120	6
4121	8
4122	0
4123	7
4124	8
4125	8
4126	0
4127	8
4128	8
4129	6
4130	8
4131	6
4132	8
4133	8
4134	6
4135	8
4136	8
4137	8
4138	8
4139	6
4140	8
4141	8
4142	6
4143	8
4144	6
4145	8
4146	8
4147	8
4148	8
4149	6
4150	0
4151	8
4152	6
4153	8
4154	8
4155	6
4156	6
4157	6
4158	8
4159	8
4160	6
4161	7
4162	7
4163	7
4164	7
4165	7
4166	7
4167	7
4168	7
4169	7
4170	7
4171	7
4172	7
4173	7
4174	7
4175	7
4176	7
4177	7
4178	7
4179	7
4180	1
4181	7
4182	7
4183	7
4184	7
4185	7
4186	7
4187	7
4188	7
4189	7
4190	7
4191	7
4192	7
4193	7
4194	7
4195	7
4196	7
4197	7
4198	7
4199	7
4200	7
4201	7
4202	7
4203	7
4204	7
4205	1
4206	1
4207	7
4208	7
4209	8
4210	8
4211	8
4212	8
4213	8
4214	8
4215	8
4216	8
4217	8
4218	8
4219	8
4220	8
4221	8
4222	8
4223	8
4224	8
4225	8
4226	8
4227	8
4228	8
4229	8
4230	8
4231	8
4232	8
4233	8
4234	8
4235	8
4236	8
4237	8
4238	8
4239	8
4240	8
4241	8
4242	9
4243	8
4244	8
4245	8
4246	8
4247	8
4248	8
4249	8
4250	8
4251	8
4252	8
4253	9
4254	8
4255	8
4256	8
4257	8
4258	8
4259	8
4260	8
4261	8
4262	9
4263	8
4264	8
4265	8
4266	7
4267	9
4268	7
4269	9
4270	7
4271	9
4272	7
4273	7
4274	7
4275	1
4276	1
4277	1
4278	1
4279	7
4280	7
4281	7
4282	7
4283	9
4284	7
4285	7
4286	7
4287	7
4288	7
4289	9
4290	9
4291	9
4292	7
4293	7
4294	7
4295	7
4296	7
4297	1
4298	7
4299	7
4300	7
4301	7
4302	7
4303	7
4304	7
4305	7
4306	1
4307	1
4308	1
4309	1
4310	7
4311	7
4312	1
4313	1
4314	1
4315	1
4316	1
4317	1
4318	1
4319	7
4320	1
4321	7
4322	1
4323	7
4324	1
4325	1
4326	1
4327	1
4328	1
4329	9
4330	1
4331	1
4332	7
4333	9
4334	7
4335	7
4336	7
4337	7
4338	7
4339	7
4340	9
4341	7
4342	7
4343	7
4344	7
4345	1
4346	9
4347	9
4348	7
4349	1
4350	7
4351	7
4352	1
4353	7
4354	9
4355	9
4356	9
4357	9
4358	9
4359	9
4360	9
4361	7
4362	7
4363	9
4364	9
4365	1
4366	7
4367	7
4368	7
4369	7
4370	7
4371	7
4372	1
4373	7
4374	1
4375	9
4376	7
4377	9
4378	7
4379	1
4380	1
4381	1
4382	7
4383	7
4384	9
4385	7
4386	9
4387	9
4388	7
4389	9
4390	9
4391	7
4392	7
4393	7
4394	1
4395	7
4396	7
4397	9
4398	7
4399	1
4400	7
4401	7
4402	7
4403	7
4404	9
4405	9
4406	9
4407	7
4408	7
4409	7
4410	7
4411	7
4412	7
4413	7
4414	7
4415	1
4416	9
4417	9
4418	7
4419	1
4420	1
4421	9
4422	1
4423	1
4424	7
4425	9
4426	1
4427	7
4428	9
4429	7
4430	7
4431	7
4432	7
4433	9
4434	9
4435	9
4436	9
4437	9
4438	9
4439	9
4440	7
4441	7
4442	9
4443	7
4444	7
4445	9
4446	7
4447	1
4448	1
4449	7
4450	1
4451	1
4452	7
4453	9
4454	9
4455	9
4456	7
4457	7
4458	7
4459	1
4460	1
4461	7
4462	1
4463	1
4464	9
4465	9
4466	9
4467	7
4468	9
4469	7
4470	1
4471	1
4472	7
4473	7
4474	7
4475	7
4476	7
4477	7
4478	1
4479	7
4480	7
4481	7
4482	7
4483	1
4484	9
4485	9
4486	9
4487	9
4488	9
4489	9
4490	8
4496	8
4497	8
4498	8
4499	8
4500	8
4501	8
4502	8
4503	8
4504	8
4510	6
4511	6
4512	8
4513	8
4514	6
4515	8
4516	8
4517	8
4518	8
4519	8
4520	8
4521	8
4522	8
4523	8
4524	8
4525	8
4526	8
4527	7
4528	7
4529	1
4530	7
4531	1
4532	7
4533	7
4534	1
4535	7
4536	7
4537	7
4538	7
4539	7
4540	7
4541	7
4542	7
4543	1
4544	7
4545	1
4546	1
4547	7
4548	7
4549	7
4550	1
4551	7
4552	7
4553	7
4554	1
4555	1
4556	0
4557	3
4558	6
4559	8
4560	8
4561	8
4562	8
4563	6
4564	8
4565	8
4566	6
4567	8
4568	8
4569	8
4570	6
4571	3
4572	3
4573	3
4574	6
4575	6
4576	6
4577	6
4578	3
4579	6
4580	6
4581	3
4582	6
4583	6
4584	8
4585	6
4586	8
4587	8
4588	6
4589	6
4590	6
4591	6
4592	5
4596	8
4597	8
4599	8
4600	8
4601	8
4602	8
4603	8
4607	8
4608	3
4609	3
4610	6
4611	3
4612	8
4613	6
4614	6
4615	6
4616	8
4617	8
4618	8
4619	8
4620	9
4621	6
4622	0
4623	0
4624	0
4625	6
4626	6
4627	6
4628	6
4629	5
4630	5
4631	6
4632	3
4633	5
4634	8
4635	8
4636	8
4637	8
4638	9
4639	8
4640	8
4641	9
4642	6
4643	3
4644	6
4645	6
4646	6
4647	8
4648	8
4649	8
4650	8
4651	8
4652	3
4653	9
4654	9
4655	8
4656	9
4657	5
4658	6
4659	6
4660	6
4661	1
4662	0
4663	3
4664	5
4665	8
4666	6
4667	8
4668	6
4669	6
4670	6
4671	3
4672	3
4673	3
4674	3
4675	0
4676	6
4677	6
4678	3
4679	3
4680	3
4681	3
4682	3
4683	6
4684	3
4685	6
4686	6
4687	6
4688	6
4689	8
4690	8
4691	8
4692	5
4693	5
4694	3
4695	3
4696	3
4697	5
4698	6
4699	6
4700	6
4701	6
4702	6
4703	6
4704	6
4705	5
4706	6
4707	5
4708	5
4709	5
4710	6
4711	5
4712	5
4713	6
4714	6
4715	6
4716	3
4717	3
4718	3
4719	3
4720	5
4721	3
4722	5
4723	6
4724	5
4725	5
4726	5
4727	5
4728	5
4729	5
4730	6
4731	6
4732	6
4733	5
4734	6
4735	6
4736	6
4737	6
4738	5
4739	5
4740	5
4741	3
4742	5
4743	5
4744	5
4745	3
4746	5
4747	5
4748	6
4749	6
4750	6
4751	6
4752	6
4753	6
4754	6
4755	5
4756	3
4757	5
4758	6
4759	6
4760	8
4761	8
4762	8
4763	6
4764	6
4765	5
4766	6
4767	6
4768	6
4769	3
4770	6
4771	6
4772	6
4773	8
4774	8
4775	6
4776	8
4777	8
4778	8
4779	6
4780	6
4781	6
4782	8
4783	6
4784	8
4785	6
4786	5
4787	3
4788	8
4789	6
4790	8
4791	8
4792	6
4793	5
4794	5
4795	6
4796	3
4797	6
4798	6
4799	6
4800	6
4801	6
4802	5
4803	6
4804	6
4805	6
4806	6
4807	6
4808	6
4809	3
4810	5
4811	5
4812	5
4813	6
4815	8
4816	8
4817	8
4818	8
4819	8
4820	9
4821	9
4822	9
4823	8
4826	6
4827	3
4828	6
4829	6
4830	8
4831	8
4832	8
4833	6
4834	6
4835	6
4836	6
4837	6
4838	3
4839	6
4840	3
4841	3
4842	3
4843	6
4844	6
4845	6
4846	6
4847	6
4848	6
4849	3
4850	6
4851	8
4852	8
4853	6
4854	6
4855	6
4856	6
4857	6
4858	8
4859	8
4860	6
4861	6
4862	6
4863	3
4864	3
4865	3
4866	3
4867	6
4868	6
4869	6
4870	6
4871	5
4872	1
4873	1
4874	5
4875	6
4876	1
4877	6
4878	8
4879	8
4880	8
4881	6
4882	6
4883	8
4884	6
4885	6
4886	8
4887	8
4888	8
4889	8
4890	8
4891	6
4892	6
4893	5
4894	3
4895	6
4896	6
4897	6
4898	5
4899	6
4900	3
4901	6
4902	3
4903	6
4904	3
4905	6
4906	0
4907	3
4908	8
4909	6
4910	3
4911	6
4912	3
4913	0
4914	3
4915	3
4916	3
4917	3
4918	3
4919	3
4920	3
4921	3
4922	5
4923	5
4924	3
4925	3
4926	3
4927	3
4928	5
4929	3
4930	3
4931	3
4932	3
4933	3
4934	3
4935	3
4936	1
4937	5
4938	5
4939	8
4940	6
4941	6
4942	0
4943	6
4944	1
4945	3
4946	6
4947	6
4948	8
4949	8
4950	8
4951	9
4953	9
4954	9
4955	9
4956	9
4958	9
4959	9
4961	9
4966	9
4968	8
4969	8
4970	9
4971	8
4972	8
4973	8
4974	8
4975	1
4976	1
4977	1
4978	1
4979	1
4980	8
4981	1
4982	1
4983	1
4984	5
4985	1
4986	5
4987	5
4988	1
4989	1
4990	1
4991	8
4992	8
4993	1
4994	1
4995	5
4996	5
4997	5
4998	1
4999	1
5000	1
5001	1
5002	1
5003	1
5004	1
5005	1
5006	1
5007	1
5008	1
5009	1
5010	1
5011	8
5012	8
5013	1
5014	8
5015	8
5016	8
5017	8
5018	8
5019	8
5020	1
5021	8
5022	8
5023	8
5024	8
5025	8
5026	1
5027	8
5028	1
5029	1
5030	1
5031	8
5032	8
5033	1
5034	8
5035	8
5036	8
5037	1
5038	8
5039	1
5040	1
5041	1
5042	1
5043	1
5044	1
5045	1
5046	1
5047	1
5048	1
5049	1
5050	1
5051	1
5052	1
5053	8
5054	8
5055	8
5058	5
5059	1
5063	1
5066	1
5067	1
5068	7
5069	7
5070	1
5071	7
5072	1
5073	7
5074	1
5075	1
5076	1
5077	7
5078	7
5079	7
5080	7
5081	9
5082	1
5083	1
5084	1
5085	1
5086	5
5087	5
5088	1
5089	1
5090	8
5091	8
5092	7
5093	0
5094	0
5095	0
5096	7
5097	7
5098	7
5099	7
5100	7
5101	7
5102	0
5103	7
5104	7
5105	7
5106	0
5107	0
5108	0
5109	0
5110	7
5111	0
5112	0
5113	7
5114	0
5115	0
5116	0
5117	7
5118	7
5119	9
5120	2
5121	9
5122	3
5123	9
5124	9
5125	2
5126	9
5127	4
5128	9
5129	2
5130	9
5131	9
5132	5
5133	2
5134	9
5135	5
5136	5
5137	5
5138	1
5139	5
5140	2
5141	2
5142	2
5143	2
5144	4
5145	2
5146	2
5147	4
5148	4
5149	3
5150	9
5151	9
5152	3
5153	9
5154	9
5155	5
5156	5
5157	9
5158	9
5159	9
5160	5
5161	9
5162	4
5163	9
5164	4
5165	9
5166	2
5167	9
5168	9
5169	9
5170	9
5171	9
5172	9
5173	1
5174	9
5175	2
5176	7
5177	9
5178	1
5179	9
5180	2
5181	5
5182	9
5183	9
5184	5
5185	9
5186	9
5187	9
5188	4
5189	1
5190	1
5191	3
5192	2
5193	9
5194	9
5195	9
5196	9
5197	9
5198	2
5199	3
5200	9
5201	9
5202	5
5203	5
5204	5
5205	5
5206	9
5207	5
5208	9
5209	9
5210	2
5211	5
5212	9
5213	1
5214	1
5215	1
5216	2
5217	1
5218	2
5219	9
5220	9
5221	9
5222	9
5223	5
5224	9
5225	9
5226	2
5227	3
5228	1
5229	5
5230	9
5231	9
5232	9
5233	9
5234	9
5235	9
5236	9
5237	4
5238	1
5239	1
5240	2
5241	9
5242	9
5243	9
5244	3
5245	5
5246	5
5247	5
5248	5
5249	5
5250	2
5251	9
5252	9
5253	7
5254	1
5255	2
5256	3
5257	3
5258	2
5259	9
5260	3
5261	9
5262	5
5263	9
5264	9
5265	9
5266	3
5267	4
5268	9
5269	9
5270	4
5271	9
5272	9
5273	2
5274	2
5275	5
5276	9
5277	5
5278	2
5279	9
5280	5
5281	5
5282	3
5283	3
5284	3
5285	4
5286	2
5287	2
5288	3
5289	4
5290	2
5291	9
5292	1
5293	2
5294	9
5295	9
5296	2
5297	9
5298	7
5299	4
5300	4
5301	2
5302	1
5303	3
5304	3
5305	9
5306	9
5307	9
5308	9
5309	3
5310	9
5311	9
5312	9
5313	4
5314	9
5315	5
5316	4
5317	4
5318	5
5319	5
5320	7
5321	9
5322	1
5324	5
5325	5
5326	1
5327	2
5328	9
5329	2
5330	1
5331	9
5332	9
5333	1
5334	1
5335	2
5336	2
5337	2
5338	2
5339	2
5340	2
5341	2
5342	9
5343	2
5344	4
5345	4
5346	2
5347	9
5348	1
5349	3
5350	1
5351	3
5352	9
5353	5
5354	2
5355	4
5356	3
5357	4
5358	3
5359	3
5360	9
5361	3
5362	3
5363	3
5364	9
5365	2
5366	4
5367	4
5368	9
5369	4
5370	4
5371	4
5372	2
5373	3
5374	2
5375	2
5376	9
5377	4
5378	2
5379	9
5380	3
5381	5
5382	9
5383	9
5384	1
5385	1
5386	2
5387	2
5388	2
5389	2
5390	2
5391	2
5392	2
5393	2
5394	2
5395	2
5396	2
5397	2
5398	9
5399	4
5400	1
5401	1
5402	4
5403	2
5404	2
5405	4
5406	4
5407	2
5408	2
5409	4
5410	4
5411	4
5412	9
5413	4
5414	4
5415	9
5416	9
5417	4
5418	7
5419	9
5420	9
5421	2
5422	2
5423	2
5424	9
5425	4
5426	2
5427	4
5428	9
5429	2
5430	2
5431	2
5432	2
5433	2
5434	9
5435	1
5436	2
5437	2
5438	2
5439	2
5440	2
5441	2
5442	9
5443	4
5444	1
5445	2
5446	9
5447	2
5448	2
5449	2
5450	2
5451	2
5452	4
5453	2
5454	4
5455	4
5456	4
5457	4
5458	5
5459	4
5460	2
5461	3
5462	2
5463	9
5464	1
5465	9
5466	5
5467	5
5468	4
5469	2
5470	9
5471	4
5472	1
5473	4
5474	9
5475	9
5476	9
5477	5
5478	3
5479	1
5480	5
5481	1
5482	2
5483	7
5484	9
5485	1
5486	2
5487	2
5488	2
5489	2
5490	2
5491	2
5492	3
5493	1
5494	9
5495	2
5496	9
5497	4
5498	1
5499	9
5500	9
5501	3
5502	2
5503	2
5504	2
5505	2
5506	2
5507	2
5508	4
5509	9
5510	4
5511	2
5512	1
5513	1
5514	1
5515	1
5516	4
5517	2
5518	4
5519	4
5520	9
5521	9
5522	8
5523	9
5524	9
5525	9
5526	9
5527	9
5528	9
5529	9
5530	9
5531	2
5532	1
5533	1
5534	1
5535	2
5536	9
5537	1
5538	9
5539	4
5540	2
5541	2
5542	2
5543	2
5544	2
5545	2
5546	2
5547	2
5548	9
5549	4
5550	2
5551	3
5552	2
5553	2
5554	2
5555	2
5556	1
5557	5
5558	1
5559	1
5560	1
5561	5
5562	9
5563	5
5564	5
5565	5
5566	5
5567	5
5568	5
5569	3
5570	1
5571	9
5572	3
5573	2
5574	9
5575	5
5576	9
5577	9
5578	9
5579	9
5580	9
5581	2
5582	2
5583	2
5584	2
5585	2
5586	9
5587	2
5588	3
5589	2
5590	3
5591	3
5592	9
5593	2
5594	3
5595	9
5596	2
5597	2
5598	2
5599	2
5600	2
5601	1
5602	1
5603	1
5604	1
5605	1
5606	1
5607	1
5608	9
5609	1
5610	1
5611	1
5612	4
5613	2
5614	5
5615	2
5616	9
5617	5
5618	9
5619	9
5620	1
5621	9
5622	9
5623	9
5624	3
5625	3
5626	3
5627	2
5628	4
5629	9
5630	9
5631	4
5632	9
5633	9
5634	4
5635	9
5636	2
5637	2
5638	2
5639	2
5640	2
5641	9
5642	2
5643	9
5644	2
5645	9
5646	9
5647	9
5648	3
5649	9
5650	9
5651	9
5652	2
5653	2
5654	2
5655	2
5656	2
5657	2
5658	9
5659	9
5660	2
5661	2
5662	1
5663	2
5664	1
5665	4
5666	2
5667	9
5668	9
5669	2
5670	4
5671	1
5672	2
5673	4
5674	2
5675	1
5676	3
5677	8
5678	4
5679	2
5680	7
5681	3
5682	4
5683	9
5684	9
5685	9
5686	1
5687	5
5688	4
5689	4
5690	3
5691	3
5692	9
5693	3
5694	9
5695	9
5696	3
5697	3
5698	3
5699	2
5700	2
5701	2
5702	2
5703	2
5704	2
5705	5
5706	9
5707	2
5708	4
5709	9
5710	2
5711	9
5712	9
5713	1
5714	1
5715	2
5716	5
5717	9
5718	2
5719	2
5720	9
5721	1
5722	2
5723	4
5725	9
5726	2
5727	9
5728	9
5729	9
5730	4
5731	1
5732	9
5733	2
5734	2
5735	9
5736	2
5737	9
5738	5
5739	5
5740	9
5741	2
5742	3
5743	3
5744	9
5745	2
5746	9
5747	2
5748	2
5749	4
5750	2
5751	2
5752	2
5753	2
5754	2
5755	2
5756	4
5757	1
5758	1
5759	3
5766	5
5767	1
5768	4
5769	4
5770	1
5771	9
5772	4
5773	9
5774	9
5775	4
5776	1
5777	5
5778	9
5779	9
5780	1
5781	2
5782	4
5783	5
5784	1
5785	1
5786	7
5787	5
5788	5
5789	9
5790	9
5791	9
5792	9
5793	9
5794	2
5795	2
5796	2
5797	9
5798	9
5799	3
5800	3
5801	2
5802	2
5803	2
5804	2
5805	5
5806	9
5807	5
5810	9
5811	4
5812	2
5813	9
5814	1
5815	1
5816	1
5817	1
5818	1
5819	9
5820	9
5821	5
5822	4
5823	2
5824	9
5825	4
5826	9
5827	2
5828	4
5829	9
5830	2
5831	4
5832	1
5833	5
5834	1
5835	1
5836	1
5837	5
5838	5
5839	9
5840	9
5841	5
5842	9
5843	9
5844	9
5845	3
5846	3
5847	3
5848	9
5849	2
5850	9
5851	2
5852	4
5853	4
5854	9
5855	1
5856	5
5857	5
5858	9
5859	2
5860	5
5861	5
5862	5
5863	9
5864	2
5865	2
5866	2
5867	2
5868	2
5869	2
5870	7
5871	7
5872	9
5873	4
5874	4
5875	9
5876	9
5877	5
5878	5
5879	5
5880	5
5881	9
5882	5
5883	9
5884	5
5885	9
5886	3
5887	2
5888	3
5889	2
5890	2
5891	7
5892	7
5893	7
5894	7
5895	7
5896	7
5897	7
5898	7
5899	7
5900	7
5901	7
5902	7
5903	7
5904	7
5905	7
5906	7
5907	7
5908	7
5909	7
5910	7
5911	7
5912	7
5913	7
5914	7
5915	7
5916	7
5917	7
5918	7
5919	7
5920	7
5921	7
5922	7
5923	7
5924	7
5925	7
5926	7
5927	7
5928	7
5929	7
5930	7
5931	7
5932	7
5933	7
5934	7
5935	7
5936	7
5937	7
5938	7
5939	7
5940	7
5941	7
5942	7
5943	7
5944	7
5945	7
5946	7
5947	7
5948	7
5949	7
5950	7
5951	7
5952	7
5953	7
5954	7
5955	7
5956	7
5957	7
5958	7
5959	7
5960	7
5961	7
5962	7
5963	7
5964	7
5965	7
5966	7
5967	7
5968	7
5969	7
5970	7
5971	7
5972	7
5973	7
5974	7
5975	7
5976	7
5977	7
5978	7
5979	7
5980	7
5981	7
5982	7
5983	7
5984	7
5985	7
5986	7
5987	7
5988	7
5989	7
5990	7
5991	7
5992	7
5993	7
5994	7
5995	7
5996	7
5997	7
5998	7
5999	7
6000	7
6001	7
6002	7
6003	7
6004	7
6005	7
6006	7
6007	7
6008	7
6009	7
6010	7
6011	7
6012	7
6013	7
6014	7
6015	7
6016	7
6017	7
6018	7
6019	7
6020	7
6021	7
6022	7
6023	7
6024	7
6025	7
6026	7
6027	7
6028	7
6029	7
6030	7
6031	7
6032	7
6033	7
6034	7
6035	7
6036	7
6037	7
6038	7
6039	7
6040	7
6041	7
6042	7
6043	7
6044	7
6045	7
6046	7
6047	7
6048	7
6049	7
6050	7
6051	7
6052	7
6053	7
6054	7
6055	7
6056	7
6057	7
6058	7
6059	7
6060	7
6061	7
6062	7
6063	7
6064	7
6065	7
6066	7
6067	7
6068	7
6069	7
6070	7
6071	7
6072	7
6073	7
6074	7
6075	7
6076	7
6077	7
6078	7
6079	7
6080	7
6081	7
6082	7
6083	7
6084	7
6085	7
6086	7
6087	7
6088	7
6089	7
6090	7
6091	7
6092	7
6093	7
6094	7
6095	7
6096	7
6097	7
6098	7
6099	7
6100	7
6101	7
6102	7
6103	7
6104	7
6105	7
6106	7
6107	7
6108	7
6109	7
6110	7
6111	7
6112	7
6113	7
6114	7
6115	7
6116	7
6117	7
6118	7
6119	7
6120	7
6121	7
6122	7
6123	7
6124	7
6125	7
6126	7
6127	7
6128	7
6129	7
6130	7
6131	7
6132	7
6133	7
6134	7
6135	7
6136	7
6137	7
6138	7
6139	7
6140	7
6141	7
6142	7
6143	7
6144	7
6145	7
6146	7
6147	7
6148	7
6149	7
6150	7
6151	7
6152	7
6153	7
6154	7
6155	7
6156	7
6157	7
6158	7
6159	7
6160	7
6161	7
6162	7
6163	7
6164	7
6165	7
6166	7
6167	7
6168	7
6169	7
6170	7
6171	7
6172	7
6173	7
6174	7
6175	7
6176	7
6177	7
6178	7
6179	7
6180	7
6181	7
6182	7
6183	7
6184	7
6185	1
6186	1
6187	7
6188	7
6189	1
6190	7
6191	1
6192	7
6193	7
6194	7
6195	7
6196	7
6197	7
6198	7
6199	7
6200	7
6201	7
6202	7
6203	7
6204	7
6205	7
6206	7
6207	7
6208	7
6209	1
6210	1
6211	7
6212	7
6213	7
6214	7
6215	7
6216	7
6217	7
6218	7
6219	1
6220	7
6221	7
6222	7
6223	7
6224	7
6225	7
6226	7
6227	7
6228	7
6229	7
6230	7
6231	7
6232	7
6233	7
6234	1
6235	1
6236	1
6237	7
6238	7
6239	8
6240	8
6241	8
6242	9
6243	9
6244	8
6245	8
6246	9
6247	8
6248	8
6249	9
6250	6
6251	9
6252	8
6253	8
6254	8
6255	8
6256	9
6257	8
6258	8
6259	8
6260	8
6261	8
6262	9
6263	8
6264	8
6265	8
6266	8
6267	8
6268	8
6269	8
6270	8
6271	8
6272	8
6273	8
6274	8
6275	8
6276	8
6277	9
6278	8
6279	8
6280	8
6281	8
6282	8
6283	8
6284	8
6285	8
6286	8
6287	8
6288	8
6289	8
6290	8
6291	8
6292	9
6293	8
6294	9
6295	8
6296	8
6297	8
6298	8
6299	8
6300	8
6301	8
6302	8
6303	8
6304	8
6305	8
6306	9
6307	8
6308	8
6309	8
6310	8
6311	8
6312	8
6313	8
6314	8
6315	8
6316	8
6317	8
6318	8
6319	8
6320	8
6321	8
6322	8
6323	8
6324	8
6325	9
6326	8
6327	6
6328	8
6329	8
6330	8
6331	8
6332	6
6333	9
6334	8
6335	8
6336	8
6337	8
6338	8
6339	8
6340	8
6341	8
6342	8
6343	8
6344	9
6345	8
6346	8
6347	8
6348	8
6349	8
6350	8
6351	9
6352	8
6353	8
6354	8
6355	8
6356	8
6357	8
6358	8
6359	8
6360	6
6361	8
6362	8
6363	9
6364	8
6365	8
6366	9
6367	9
6368	8
6369	8
6370	8
6371	8
6372	8
6373	6
6374	8
6375	8
6376	8
6377	8
6378	8
6379	8
6380	8
6381	8
6382	8
6383	8
6384	8
6385	8
6386	8
6387	8
6388	8
6389	8
6390	8
6391	8
6392	8
6393	9
6394	8
6395	8
6396	8
6397	8
6398	8
6399	8
6400	9
6401	9
6402	8
6403	8
6404	8
6405	3
6406	3
6407	8
6408	9
6409	9
6410	9
6411	3
6412	8
6413	8
6414	8
6415	8
6416	8
6417	8
6418	8
6419	9
6420	8
6421	8
6422	8
6423	8
6424	8
6425	8
6426	8
6427	8
6428	8
6429	8
6430	8
6431	8
6432	8
6433	3
6435	8
6436	8
6437	8
6438	8
6439	8
6440	8
6441	8
6442	8
6443	8
6444	8
6445	8
6446	8
6447	8
6448	8
6449	8
6450	9
6451	8
6452	8
6453	8
6454	8
6455	8
6456	8
6457	9
6458	9
6459	9
6460	9
6461	8
6462	8
6463	3
6464	3
6465	8
6466	8
6467	8
6468	8
6469	8
6470	8
6471	8
6472	8
6474	9
6475	9
6476	8
6477	9
6478	8
6479	8
6480	8
6481	8
6482	8
6483	8
6484	8
6485	9
6486	8
6487	8
6488	8
6489	8
6490	8
6491	8
6492	8
6493	8
6494	8
6495	8
6496	8
6497	8
6498	8
6499	8
6500	8
6501	8
6502	8
6503	8
6504	8
6505	8
6506	8
6507	8
6508	8
6509	8
6510	8
6511	8
6512	8
6513	9
6514	8
6515	8
6516	8
6517	8
6518	8
6519	8
6520	8
6521	6
6522	8
6523	8
6524	8
6525	8
6526	8
6527	8
6528	8
6529	8
6530	8
6531	8
6532	8
6533	3
6534	3
6535	8
6536	8
6537	9
6538	9
6539	8
6540	8
6541	8
6542	3
6543	8
6544	6
6545	0
6546	8
6547	8
6548	8
6549	8
6550	8
6551	9
6552	8
6553	6
6554	6
6555	6
6556	6
6557	8
6558	6
6559	6
6560	6
6561	6
6562	8
6563	8
6564	8
6565	1
6566	1
6567	1
6568	1
6569	1
6570	1
6571	1
6572	1
6573	1
6574	1
6575	1
6576	1
6577	1
6578	1
6579	1
6580	1
6581	1
6582	1
6583	1
6584	1
6585	1
6586	1
6587	1
6588	1
6589	1
6590	1
6591	1
6592	1
6593	1
6594	1
6595	1
6596	1
6597	1
6598	1
6599	1
6600	1
6601	1
6602	1
6603	1
6604	1
6605	1
6606	1
6607	1
6608	1
6609	1
6610	1
6611	1
6612	1
6613	1
6614	1
6615	1
6616	1
6617	1
6618	1
6619	1
6620	1
6621	1
6622	1
6623	1
6624	7
6625	8
6626	8
6627	7
6628	7
6629	1
6630	1
6631	1
6632	1
6633	1
6634	7
6635	7
6636	1
6637	1
6638	1
6639	1
6640	1
6641	1
6642	1
6643	1
6644	1
6645	1
6646	8
6647	8
6648	8
6650	7
6651	1
6652	8
6653	1
6654	1
6655	1
6656	1
6657	8
6658	7
6659	1
6660	8
6661	8
6662	8
6663	1
6664	8
6665	8
6666	1
6667	8
6668	8
6669	8
6671	7
6672	1
6679	7
6683	1
6684	8
6685	8
6686	7
6687	1
6688	7
6689	7
6690	1
6691	8
6692	8
6693	7
6694	7
6695	1
6696	1
6697	7
6698	7
6699	1
6700	7
6701	7
6702	7
6703	7
6704	8
6705	7
6706	7
6707	7
6708	7
6709	7
6710	7
6711	7
6712	1
6713	1
6714	1
6715	1
6716	1
6717	8
6718	7
6719	7
6720	7
6721	7
6722	7
6723	7
6724	7
6725	7
6726	7
6727	7
6728	7
6729	7
6730	7
6731	1
6732	1
6733	7
6734	7
6735	7
6736	8
6737	7
6738	8
6739	1
6740	1
6741	1
6742	1
6743	1
6744	1
6745	1
6746	1
6747	1
6748	8
6749	1
6750	1
6751	1
6752	1
6753	1
6754	8
6755	8
6756	8
6757	7
6758	7
6759	7
6760	7
6761	8
6762	7
6763	7
6764	7
6765	7
6766	7
6767	0
6768	7
6769	0
6770	0
6771	7
6772	7
6773	0
6774	7
6775	7
6776	7
6777	7
6778	7
6779	7
6780	7
6781	7
6782	7
6783	7
6784	7
6785	7
6786	7
6787	7
6788	7
6789	7
6790	7
6791	7
6792	7
6793	7
6794	7
6795	7
6796	7
6797	7
6798	7
6799	7
6800	7
6801	7
6802	7
6803	7
6804	7
6805	7
6806	7
6807	7
6808	7
6809	7
6810	7
6811	7
6812	7
6813	7
6814	7
6815	7
6816	7
6817	7
6818	7
6819	7
6820	0
6821	0
6822	1
6823	0
6824	0
6825	0
6826	1
6827	7
6828	0
6829	0
6830	1
6831	1
6832	1
6833	1
6834	1
6835	1
6836	1
6837	0
6838	0
6839	0
6840	1
6841	1
6842	0
6843	0
6844	0
6845	0
6846	1
6847	0
6848	1
6849	0
6850	0
6851	0
6852	0
6853	0
6854	0
6855	1
6856	1
6857	1
6858	1
6859	0
6860	0
6861	0
6862	0
6863	0
6864	0
6865	0
6866	0
6867	0
6868	0
6869	0
6870	0
6871	7
6872	0
6873	0
6874	0
6875	0
6876	0
6877	0
6878	0
6879	0
6880	0
6881	0
6882	6
6883	0
6884	6
6885	0
6886	0
6887	0
6888	0
6889	0
6890	0
6891	6
6892	0
6893	0
6894	6
6895	0
6896	0
6897	0
6898	1
6899	6
6900	6
6901	6
6902	7
6903	0
6904	6
6905	0
6906	0
6907	0
6908	0
6909	6
6910	0
6911	1
6912	0
6913	6
6914	0
6915	0
6916	0
6917	0
6918	0
6919	0
6920	0
6921	0
6922	0
6923	0
6924	0
6925	0
6926	0
6927	0
6928	0
6929	0
6930	0
6931	0
6932	0
6933	0
6934	0
6935	0
6936	0
6937	0
6938	0
6939	0
6940	0
6941	0
6942	0
6943	0
6944	0
6945	0
6946	0
6947	0
6948	0
6949	0
6950	0
6951	0
6952	0
6953	0
6954	0
6955	0
6956	1
6957	1
6958	1
6959	0
6960	6
6961	0
6962	0
6963	0
6964	0
6965	0
6966	1
