1	7
2	7
3	7
4	9
5	1
6	9
7	9
8	7
9	7
10	9
11	9
12	7
13	7
14	7
15	7
16	7
17	9
18	9
19	7
20	7
21	1
22	1
23	7
24	7
25	1
26	1
27	1
28	1
29	1
30	1
31	1
32	9
33	1
34	1
35	1
36	1
37	1
38	1
39	1
40	1
41	1
42	1
43	1
44	1
45	1
46	1
47	1
48	1
49	1
50	1
51	1
52	1
53	1
54	1
55	1
56	1
57	1
58	1
59	1
60	1
61	1
62	1
63	0
64	0
65	0
66	0
67	0
68	0
69	0
70	0
71	0
72	0
73	0
74	1
75	7
76	0
77	7
78	0
79	0
80	0
81	0
82	0
83	0
84	0
85	0
86	1
87	7
88	0
89	0
90	0
91	0
92	0
93	0
94	0
95	0
96	0
97	0
98	7
99	0
100	7
101	7
102	7
103	0
104	0
105	1
106	0
107	0
108	0
109	0
110	0
111	0
112	0
113	0
114	0
115	7
116	0
117	0
118	0
119	0
120	7
121	7
122	0
123	0
124	0
125	0
126	0
127	1
128	0
129	1
130	1
131	1
132	1
133	0
134	0
135	0
136	0
137	0
138	0
139	1
140	1
141	0
142	0
143	1
144	7
145	7
146	0
147	0
148	0
149	0
150	0
151	0
152	0
153	0
154	0
155	0
156	0
157	0
158	0
159	0
160	0
161	0
162	7
163	0
164	0
165	0
166	0
167	0
168	0
169	7
170	7
171	0
172	0
173	0
174	0
175	0
176	0
177	0
178	0
179	0
180	0
181	0
182	0
183	7
184	1
185	0
186	0
187	0
188	0
189	0
190	0
191	0
192	0
193	0
194	0
195	0
196	0
197	0
198	0
199	7
200	0
201	0
202	0
203	0
204	0
205	0
206	0
207	0
208	0
209	0
210	0
211	0
212	0
213	0
214	0
215	7
216	0
217	0
218	0
219	0
220	0
221	0
222	0
223	0
224	0
225	0
226	0
227	0
228	0
229	0
230	0
231	0
232	0
233	0
234	0
235	0
236	0
237	0
238	0
239	0
240	0
241	0
242	0
243	0
244	0
245	0
246	0
247	0
248	0
249	0
250	0
251	0
252	0
253	0
254	0
255	0
256	0
257	1
258	7
259	7
260	1
261	1
262	1
263	1
264	1
265	3
266	1
267	1
268	7
269	3
270	1
271	1
272	1
273	3
274	1
275	1
276	3
277	1
278	1
279	1
280	1
281	1
282	1
283	1
284	5
285	1
286	5
287	5
288	1
289	7
290	1
291	1
292	7
293	7
294	7
295	1
296	5
297	5
298	1
299	1
300	7
301	5
302	1
303	1
304	3
305	8
306	8
307	8
308	1
309	3
310	3
311	7
312	7
313	7
314	7
315	7
316	7
317	1
318	8
319	3
320	3
321	3
322	1
323	3
324	1
325	1
326	1
327	7
328	7
329	1
330	1
331	1
332	7
333	1
334	1
335	1
336	1
337	7
338	7
339	7
340	7
341	1
342	1
343	9
344	9
345	9
346	9
347	9
348	9
349	9
350	9
351	9
352	9
353	9
354	9
355	9
357	9
358	9
359	9
360	9
361	9
362	9
363	9
365	9
366	9
367	9
368	9
369	9
370	9
372	9
373	9
374	9
375	9
376	9
377	9
378	9
379	9
380	9
381	9
382	9
383	9
384	9
385	9
386	9
387	9
388	9
389	9
390	9
391	9
392	9
393	9
394	9
395	9
396	9
397	9
398	9
399	9
400	9
401	9
402	9
403	9
404	9
405	9
406	9
407	9
408	9
409	9
410	9
411	9
412	9
413	9
414	9
415	9
416	9
417	9
418	9
419	9
420	9
421	9
422	9
423	9
424	9
425	9
426	9
427	9
428	9
429	9
430	9
431	9
432	9
434	9
435	9
436	9
438	9
439	9
440	9
441	9
442	9
443	9
444	9
445	9
446	8
447	9
448	8
449	8
450	9
451	9
452	9
453	9
454	0
455	9
456	9
457	9
458	9
459	9
460	9
461	9
462	9
463	9
464	9
465	9
466	9
467	8
468	9
469	9
470	9
471	8
472	9
473	9
474	8
475	9
476	9
477	9
478	8
479	8
480	8
481	9
482	9
483	9
484	9
485	8
486	9
487	8
488	9
489	8
490	8
491	9
492	0
493	5
494	9
495	0
496	9
497	9
498	9
499	8
500	8
501	8
502	9
503	9
504	9
505	9
506	9
507	9
508	9
509	9
510	9
511	9
512	9
513	9
514	9
515	9
516	9
517	9
518	9
519	8
520	8
521	9
522	8
523	8
524	9
525	9
526	9
527	5
528	9
529	9
530	9
531	9
532	5
533	9
534	9
535	9
536	9
538	8
539	8
540	8
541	9
542	9
543	9
544	8
545	8
546	8
547	8
548	9
549	8
550	8
551	8
552	8
553	8
554	8
555	8
556	9
557	8
558	8
559	8
560	8
561	8
562	9
563	9
564	5
565	9
566	9
567	9
568	9
569	9
570	8
571	8
572	9
573	8
574	8
575	8
576	0
577	9
578	9
579	9
580	9
581	0
582	9
583	9
584	9
585	9
586	9
587	9
588	0
589	9
590	9
591	8
592	9
593	9
594	5
595	5
596	9
597	9
598	0
599	9
600	8
601	9
602	9
603	9
604	9
605	9
606	9
607	8
608	8
609	9
610	8
611	9
612	9
613	8
614	9
615	9
616	9
617	9
618	8
619	9
620	9
621	9
622	9
623	9
624	9
625	9
626	9
627	9
628	9
629	9
630	9
631	9
632	9
633	9
634	9
635	9
636	9
637	9
638	9
639	9
640	9
641	9
642	9
643	9
644	9
645	9
646	7
647	1
648	7
649	7
650	1
651	1
652	7
653	7
654	1
655	1
656	7
657	7
658	7
659	7
660	9
661	9
662	9
663	0
664	0
665	0
666	9
667	0
668	9
669	9
670	9
671	0
672	0
673	9
674	0
675	0
676	0
677	0
678	0
679	0
680	0
681	0
682	0
683	0
684	0
685	0
686	0
687	0
688	0
689	0
690	0
691	0
692	0
693	0
694	0
695	0
696	0
697	0
698	0
699	0
700	0
701	0
702	0
703	0
704	0
705	0
706	9
707	9
708	0
709	0
710	0
711	0
712	0
713	0
714	0
715	0
716	0
717	0
718	0
719	0
720	0
721	0
722	0
723	0
724	0
725	0
726	9
727	5
728	5
729	9
730	5
731	9
732	9
733	9
734	9
735	9
736	9
737	9
738	9
739	9
740	9
741	9
742	9
743	0
744	0
745	0
746	0
747	0
748	0
749	0
750	0
751	0
752	7
753	1
754	2
755	7
756	1
757	2
758	2
759	7
760	2
761	7
762	2
763	7
764	2
765	3
766	3
767	7
768	7
769	3
770	2
771	8
772	7
773	7
774	3
775	7
776	7
777	7
778	7
779	1
780	1
781	1
782	1
783	1
784	7
785	7
786	7
787	7
788	1
789	1
790	7
791	1
792	7
793	7
794	7
795	1
796	7
797	1
798	1
799	7
800	1
801	1
802	7
803	7
804	7
805	7
806	1
807	7
808	7
809	7
810	7
811	7
812	7
813	7
814	7
815	7
816	7
817	7
818	7
819	7
820	7
821	7
822	1
823	1
824	1
825	1
826	7
827	7
828	7
829	7
830	7
831	7
832	7
833	0
834	0
835	0
836	0
837	1
838	7
839	0
840	0
841	0
842	0
843	0
844	0
845	0
846	1
847	1
848	1
849	1
850	1
851	7
852	1
853	1
854	7
855	1
856	1
857	1
858	1
859	0
860	0
861	0
862	1
863	1
864	0
865	1
866	7
867	0
868	0
869	1
870	1
871	0
872	1
873	7
874	7
875	0
876	1
877	1
878	7
879	1
880	1
881	1
882	1
883	7
884	1
885	7
886	7
887	7
888	7
889	7
890	0
891	7
892	7
893	7
894	1
895	1
896	1
897	1
898	1
899	1
900	7
901	0
902	0
903	0
904	0
905	1
906	0
907	0
908	0
909	0
910	0
911	0
912	0
913	0
914	0
915	1
916	1
917	1
918	1
919	1
920	1
921	7
922	1
923	7
924	1
925	1
926	1
927	1
928	7
929	7
930	7
931	7
932	7
933	7
934	7
935	7
936	1
937	7
938	9
939	9
940	9
941	8
942	9
943	8
944	9
945	8
946	7
947	1
948	8
949	8
950	7
951	8
952	7
953	7
954	8
955	8
956	8
957	9
958	9
959	8
960	9
961	7
962	8
963	7
964	7
965	7
966	8
967	8
968	7
969	7
970	7
971	7
972	7
973	7
974	7
975	7
976	7
977	7
978	8
979	8
980	8
981	9
982	8
983	7
984	9
985	9
986	8
987	9
988	8
989	9
990	9
991	9
992	7
993	7
994	7
995	8
996	8
997	8
998	8
999	7
1000	7
1001	7
1002	7
1003	8
1004	7
1005	9
1006	9
1007	1
1008	1
1009	0
1010	0
1011	0
1012	9
1013	9
1014	9
1015	8
1016	0
1017	9
1018	8
1019	0
1020	9
1021	0
1022	0
1023	9
1024	0
1025	0
1026	9
1027	0
1028	9
1029	0
1030	9
1031	9
1032	0
1033	9
1034	8
1035	9
1036	0
1037	0
1038	0
1039	9
1040	9
1041	9
1042	0
1043	8
1044	9
1045	0
1046	0
1051	8
1052	8
1053	9
1054	9
1055	9
1056	9
1057	0
1058	0
1059	0
1060	0
1061	0
1062	0
1063	9
1064	9
1065	9
1066	9
1068	9
1069	9
1070	9
1071	9
1072	9
1073	0
1074	9
1075	9
1076	9
1077	9
1078	9
1079	9
1080	9
1081	9
1082	9
1084	9
1085	8
1087	8
1088	8
1089	8
1090	8
1091	8
1092	8
1093	8
1094	8
1095	8
1096	8
1097	8
1099	8
1101	8
1102	8
1103	8
1104	8
1105	8
1106	9
1107	8
1108	9
1109	9
1110	9
1111	8
1112	3
1113	8
1114	8
1115	8
1116	9
1117	8
1118	9
1120	9
1121	8
1122	9
1123	8
1124	8
1125	8
1126	8
1127	8
1128	8
1129	9
1130	8
1131	8
1132	8
1133	8
1134	8
1135	8
1136	9
1137	9
1138	9
1139	8
1140	9
1141	9
1142	9
1143	9
1144	9
1145	9
1146	9
1147	9
1149	9
1151	8
1157	8
1160	8
1161	8
1162	8
1163	8
1164	8
1165	8
1167	8
1168	9
1169	8
1170	8
1171	8
1172	8
1173	8
1174	9
1175	8
1176	8
1177	9
1178	9
1179	9
1181	9
1182	9
1185	9
1189	9
1190	9
1191	9
1192	9
1193	9
1194	9
1195	9
1196	9
1197	9
1198	9
1199	9
1200	9
1201	9
1202	9
1203	9
1204	9
1205	9
1206	9
1207	9
1208	9
1209	9
1210	9
1211	9
1212	9
1213	9
1214	9
1215	9
1216	9
1217	6
1218	6
1219	6
1220	6
1221	6
1222	6
1223	6
1224	6
1225	3
1226	6
1227	3
1228	3
1229	3
1230	3
1231	3
1232	3
1233	9
1234	9
1235	9
1236	4
1237	4
1238	4
1239	4
1240	4
1241	4
1242	4
1243	4
1244	4
1245	4
1246	4
1247	4
1249	4
1250	4
1251	4
1252	4
1253	4
1254	4
1255	4
1256	4
1257	4
1258	4
1259	4
1260	4
1261	4
1263	4
1264	4
1265	4
1266	4
1267	4
1268	4
1269	4
1270	4
1271	4
1272	4
1273	4
1274	4
1275	4
1276	4
1277	4
1278	4
1279	4
1280	4
1281	4
1282	4
1283	4
1284	4
1285	4
1286	4
1287	4
1288	4
1289	4
1290	4
1291	4
1292	4
1293	4
1294	4
1295	2
1296	4
1297	2
1298	2
1299	2
1300	2
1301	2
1302	2
1303	4
1304	4
1305	4
1306	2
1307	4
1308	2
1309	2
1310	4
1311	4
1312	2
1313	4
1314	4
1315	4
1316	4
1317	4
1318	4
1319	4
1320	5
1321	4
1322	4
1323	3
1324	5
1325	5
1326	3
1327	3
1328	3
1329	5
1330	5
1331	2
1332	5
1333	5
1334	5
1335	2
1336	5
1337	5
1338	5
1339	5
1340	2
1341	2
1342	2
1343	2
1344	2
1345	2
1346	2
1347	2
1348	2
1349	5
1350	5
1351	5
1352	5
1353	5
1354	3
1355	3
1356	3
1357	5
1358	3
1359	3
1360	2
1361	2
1362	2
1363	2
1364	2
1365	4
1366	4
1367	4
1368	4
1369	2
1370	2
1371	2
1372	2
1374	4
1375	4
1376	4
1377	6
1378	3
1379	5
1380	3
1381	3
1382	3
1383	5
1384	5
1385	3
1386	3
1387	3
1388	3
1389	6
1390	3
1391	6
1392	6
1393	6
1394	6
1395	6
1396	6
1397	9
1398	9
1399	9
1400	9
1401	9
1402	9
1403	9
1404	9
1405	9
1406	9
1407	9
1408	4
1409	4
1410	3
1411	4
1412	4
1413	4
1414	4
1415	4
1416	4
1417	4
1418	4
1419	4
1420	4
1421	4
1422	4
1423	4
1424	4
1425	4
1426	4
1427	4
1429	4
1432	4
1433	4
1434	4
1435	4
1436	4
1437	4
1438	4
1439	4
1440	4
1441	4
1442	4
1443	4
1444	2
1445	2
1446	4
1447	2
1448	2
1449	2
1450	2
1451	2
1452	2
1453	2
1454	2
1455	2
1456	2
1457	2
1458	2
1459	2
1460	2
1461	2
1462	2
1463	2
1464	2
1465	2
1466	4
1467	5
1468	4
1469	4
1470	5
1471	5
1472	5
1473	5
1474	4
1475	5
1476	5
1477	5
1478	5
1479	5
1480	5
1481	5
1482	5
1483	5
1484	5
1485	3
1486	3
1487	5
1488	3
1489	3
1490	2
1491	2
1492	5
1493	2
1494	5
1495	2
1496	2
1497	5
1498	2
1499	5
1500	5
1501	2
1502	2
1503	2
1504	2
1505	2
1506	2
1507	2
1508	2
1509	2
1510	2
1511	2
1512	2
1513	2
1514	2
1515	2
1516	2
1517	5
1518	5
1519	5
1520	5
1521	5
1522	5
1523	5
1524	5
1525	5
1526	4
1527	4
1528	4
1529	4
1530	4
1531	4
1533	4
1534	4
1535	2
1536	2
1537	2
1538	2
1539	2
1540	2
1541	2
1542	2
1543	2
1544	3
1545	3
1546	3
1547	3
1548	3
1549	3
1550	3
1551	3
1552	3
1553	6
1554	6
1555	6
1556	3
1557	3
1558	3
1559	3
1560	3
1561	3
1562	3
1563	9
1564	9
1565	9
1566	9
1567	9
1568	3
1569	3
1570	4
1571	4
1572	4
1573	4
1574	4
1575	4
1576	4
1577	4
1578	4
1579	4
1580	4
1581	4
1582	4
1584	4
1585	4
1586	4
1587	4
1588	4
1589	4
1590	4
1591	4
1592	4
1593	4
1594	4
1596	4
1597	4
1598	4
1599	2
1600	2
1601	4
1602	2
1603	4
1604	2
1605	2
1606	2
1607	2
1608	2
1609	2
1610	2
1611	2
1612	2
1613	2
1614	2
1615	2
1616	2
1617	2
1618	2
1619	2
1620	2
1621	2
1622	2
1623	2
1624	2
1625	2
1626	2
1627	2
1628	2
1629	2
1630	2
1631	2
1632	2
1633	2
1634	2
1635	2
1636	4
1637	4
1638	4
1639	5
1640	4
1641	4
1642	4
1643	4
1644	4
1645	5
1646	3
1647	5
1648	5
1649	5
1650	5
1651	5
1652	5
1653	5
1654	5
1655	5
1656	4
1657	4
1658	2
1659	2
1660	5
1661	2
1662	2
1663	5
1664	2
1665	2
1666	5
1667	2
1668	5
1669	2
1670	2
1671	2
1672	2
1673	2
1674	2
1675	2
1676	2
1677	2
1678	2
1679	2
1680	2
1681	2
1682	2
1683	2
1684	2
1685	2
1686	2
1687	2
1688	5
1689	5
1690	5
1691	5
1692	3
1693	5
1694	5
1695	5
1696	2
1697	2
1698	2
1699	2
1700	2
1701	2
1702	2
1703	2
1704	2
1705	2
1706	4
1707	2
1708	4
1709	2
1710	2
1711	2
1712	2
1713	4
1714	4
1715	3
1716	3
1717	3
1718	3
1719	3
1720	3
1721	3
1722	3
1723	3
1724	3
1725	3
1726	3
1727	3
1728	3
1729	3
1730	6
1731	4
1732	3
1733	3
1734	3
1735	3
1736	3
1737	4
1738	4
1739	4
1740	4
1741	4
1742	4
1743	4
1744	4
1745	4
1746	4
1747	4
1748	4
1749	4
1750	4
1751	4
1752	4
1753	4
1754	4
1755	4
1756	4
1757	4
1758	4
1759	4
1760	4
1761	4
1762	4
1763	4
1764	2
1765	2
1766	2
1767	2
1769	2
1770	2
1771	2
1772	2
1773	2
1774	2
1775	2
1776	2
1777	2
1778	2
1779	2
1780	2
1781	2
1782	2
1783	2
1784	4
1785	2
1786	4
1787	4
1788	4
1789	4
1790	4
1791	4
1792	2
1793	2
1795	4
1796	4
1797	2
1798	4
1799	2
1800	2
1801	5
1802	5
1803	4
1804	4
1805	4
1806	4
1807	4
1808	5
1809	4
1810	4
1811	4
1812	4
1813	4
1814	4
1815	4
1816	4
1817	4
1818	4
1819	4
1820	4
1821	5
1822	2
1823	2
1824	2
1825	2
1826	2
1827	2
1828	5
1829	5
1830	5
1831	5
1832	5
1833	2
1834	2
1835	2
1836	2
1837	2
1838	2
1839	2
1840	2
1841	2
1842	2
1843	2
1844	2
1845	2
1846	2
1847	2
1848	2
1849	2
1850	5
1851	5
1852	3
1853	5
1854	5
1855	5
1856	5
1857	4
1858	4
1859	4
1860	4
1861	4
1862	4
1863	4
1864	4
1865	4
1866	3
1867	3
1868	3
1869	4
1870	3
1871	3
1872	3
1873	3
1874	3
1875	3
1876	6
1877	3
1878	3
1879	6
1880	3
1881	6
1882	6
1883	3
1884	3
1885	3
1886	3
1887	3
1888	3
1889	4
1890	3
1891	3
1892	3
1893	3
1894	3
1895	3
1896	4
1897	4
1898	4
1899	4
1900	4
1901	4
1902	4
1903	4
1904	4
1905	4
1906	4
1907	4
1908	4
1909	4
1910	4
1911	4
1912	4
1913	4
1914	4
1915	4
1916	4
1917	4
1918	4
1919	4
1920	4
1921	4
1922	4
1923	4
1924	4
1925	2
1926	2
1927	4
1928	2
1929	2
1930	2
1931	2
1932	2
1933	2
1934	2
1935	2
1936	2
1937	4
1938	2
1939	2
1940	2
1941	2
1942	2
1943	2
1944	2
1945	4
1946	2
1947	2
1948	2
1949	2
1950	2
1951	2
1952	2
1953	2
1954	2
1955	2
1956	2
1957	2
1958	2
1959	2
1960	2
1961	2
1962	2
1963	2
1964	2
1965	5
1966	4
1967	4
1968	5
1969	5
1970	4
1971	4
1972	4
1973	4
1974	5
1975	3
1976	5
1977	3
1978	3
1979	5
1980	5
1981	2
1982	2
1983	5
1984	5
1985	2
1986	2
1987	2
1988	2
1989	2
1990	5
1991	2
1992	2
1993	2
1994	2
1995	2
1996	2
1997	2
1998	2
1999	2
2000	2
2001	2
2002	2
2003	2
2004	2
2005	2
2006	2
2007	2
2008	2
2009	2
2010	2
2011	3
2012	3
2013	5
2014	5
2015	3
2016	5
2017	5
2018	3
2019	5
2020	5
2021	5
2022	3
2023	3
2024	3
2025	4
2026	3
2027	3
2028	3
2029	3
2030	3
2031	3
2032	3
2033	3
2034	3
2035	3
2036	3
2037	3
2038	3
2039	3
2040	3
2041	3
2042	3
2043	5
2044	3
2045	3
2046	4
2047	3
2048	3
2049	3
2050	3
2051	4
2052	4
2053	4
2054	4
2055	4
2056	4
2057	4
2058	4
2059	4
2060	4
2061	4
2062	4
2063	4
2064	4
2065	4
2066	4
2067	4
2068	4
2069	4
2070	4
2071	4
2072	4
2073	4
2074	4
2075	4
2076	4
2077	4
2078	2
2079	4
2080	2
2081	4
2082	4
2083	2
2084	4
2085	4
2086	4
2087	4
2088	4
2089	2
2090	2
2091	4
2092	2
2093	2
2094	4
2095	2
2096	2
2097	2
2098	2
2099	2
2100	2
2101	2
2102	2
2103	2
2104	2
2105	4
2106	4
2107	4
2108	2
2109	2
2110	4
2111	2
2112	4
2113	4
2114	4
2115	4
2116	4
2117	4
2118	4
2119	4
2120	4
2121	4
2122	5
2123	4
2124	3
2125	5
2126	3
2127	3
2128	4
2129	4
2130	2
2131	2
2132	2
2133	5
2134	2
2135	2
2136	5
2137	5
2138	5
2139	5
2140	2
2141	2
2142	2
2143	2
2144	2
2145	2
2146	2
2147	2
2148	2
2149	2
2150	2
2151	2
2152	5
2153	4
2154	4
2155	3
2156	2
2157	2
2158	4
2161	4
2162	4
2163	3
2164	5
2165	3
2166	3
2167	5
2168	5
2169	5
2170	5
2171	5
2172	5
2173	3
2174	3
2175	3
2176	5
2177	5
2178	5
2179	5
2180	5
2181	5
2182	3
2183	3
2184	3
2185	5
2186	3
2187	3
2188	3
2189	5
2190	3
2191	3
2192	3
2193	4
2194	3
2195	4
2196	3
2197	6
2198	4
2199	4
2200	3
2201	3
2202	4
2203	6
2204	3
2205	4
2206	3
2207	4
2208	4
2209	4
2210	4
2211	4
2212	4
2213	4
2215	4
2216	4
2217	4
2218	4
2219	4
2220	4
2221	4
2222	4
2223	4
2224	4
2225	4
2226	4
2227	4
2228	4
2229	4
2230	4
2231	4
2232	4
2233	4
2234	2
2235	4
2236	2
2237	2
2238	2
2239	2
2240	2
2241	2
2242	2
2243	2
2244	2
2245	2
2246	4
2247	4
2248	4
2249	4
2250	2
2251	2
2252	2
2253	2
2254	2
2255	2
2256	2
2257	4
2258	4
2259	4
2260	4
2261	5
2262	5
2263	4
2264	4
2265	5
2266	5
2267	5
2268	5
2269	4
2270	4
2271	4
2272	4
2273	3
2274	3
2275	3
2276	5
2277	5
2278	2
2279	5
2280	2
2281	5
2282	2
2283	2
2284	5
2285	5
2286	2
2287	5
2288	2
2289	2
2290	2
2291	2
2292	2
2293	2
2294	2
2295	2
2296	2
2297	2
2298	2
2299	2
2300	2
2301	2
2302	2
2303	5
2304	5
2305	5
2306	5
2307	5
2308	5
2309	5
2310	5
2311	5
2312	5
2313	5
2314	5
2315	5
2316	5
2317	5
2318	5
2319	5
2320	5
2321	5
2322	5
2323	5
2324	5
2325	5
2326	5
2327	5
2328	5
2329	3
2330	5
2331	3
2332	3
2333	3
2334	3
2335	3
2336	3
2337	3
2338	3
2339	5
2340	5
2341	5
2342	3
2343	3
2344	3
2345	3
2346	3
2347	3
2348	3
2349	3
2350	3
2351	3
2352	3
2353	3
2354	6
2355	4
2356	4
2357	4
2358	3
2359	3
2360	3
2361	3
2362	3
2363	3
2364	3
2365	3
2366	3
2367	3
2368	3
2369	3
2370	4
2371	4
2372	4
2373	4
2374	4
2375	4
2376	4
2377	4
2378	4
2379	4
2380	4
2381	4
2382	4
2383	4
2384	4
2385	4
2386	4
2387	4
2388	4
2389	4
2390	4
2391	4
2392	4
2393	4
2394	4
2395	4
2396	4
2397	4
2398	4
2399	4
2400	4
2401	4
2402	4
2403	2
2404	2
2405	2
2406	4
2407	4
2408	4
2409	4
2410	2
2411	4
2412	4
2413	2
2414	2
2415	2
2416	2
2417	4
2418	2
2419	2
2420	4
2421	2
2422	4
2423	2
2424	4
2425	4
2426	5
2427	5
2428	5
2429	5
2430	3
2431	3
2432	3
2433	3
2434	5
2435	5
2436	5
2437	5
2438	4
2439	3
2440	5
2441	5
2442	5
2443	3
2444	5
2445	5
2446	5
2447	5
2448	5
2449	5
2450	5
2451	5
2452	5
2453	5
2454	5
2455	2
2456	5
2457	5
2458	2
2459	5
2460	2
2461	5
2462	5
2463	2
2464	2
2465	5
2466	3
2467	6
2468	5
2469	5
2470	3
2471	3
2472	5
2473	5
2474	5
2475	5
2476	5
2477	5
2478	5
2479	5
2480	5
2481	5
2482	5
2483	5
2484	5
2485	2
2486	5
2487	5
2488	2
2489	5
2490	3
2491	3
2492	3
2493	3
2494	5
2495	5
2496	5
2497	5
2498	3
2499	3
2500	3
2501	3
2502	3
2503	3
2504	3
2505	3
2506	5
2507	5
2508	3
2509	3
2510	4
2511	4
2512	4
2513	4
2514	4
2515	4
2516	4
2517	4
2518	4
2520	4
2521	4
2522	4
2523	4
2524	4
2525	4
2526	3
2527	3
2528	3
2529	3
2530	3
2531	3
2532	4
2533	3
2534	4
2535	4
2536	4
2537	4
2538	4
2539	4
2540	4
2541	4
2542	4
2543	4
2544	4
2545	4
2546	4
2547	4
2548	4
2549	4
2550	4
2551	4
2552	4
2553	4
2554	4
2555	4
2556	4
2557	4
2558	4
2559	4
2560	4
2561	4
2562	4
2563	4
2564	4
2565	4
2566	4
2567	4
2568	4
2569	2
2570	2
2571	4
2572	4
2573	4
2574	4
2575	4
2576	4
2577	4
2578	4
2579	4
2580	4
2581	4
2582	4
2583	4
2584	4
2585	2
2586	2
2587	2
2588	2
2589	4
2590	3
2591	3
2592	5
2593	5
2594	4
2595	4
2596	4
2597	4
2598	3
2599	5
2600	3
2601	5
2602	5
2603	5
2604	5
2605	5
2606	5
2607	5
2608	5
2609	5
2610	5
2611	5
2612	5
2613	5
2614	5
2615	5
2616	5
2617	2
2618	2
2619	2
2620	2
2621	2
2622	2
2623	5
2624	5
2625	5
2626	5
2627	3
2628	5
2629	3
2630	5
2631	5
2632	5
2633	3
2634	4
2635	5
2636	5
2637	5
2638	5
2639	5
2640	5
2641	5
2642	5
2643	5
2644	2
2645	5
2646	2
2647	5
2648	5
2649	5
2650	5
2651	5
2652	3
2653	3
2654	4
2655	4
2656	5
2657	3
2658	3
2659	3
2660	3
2661	3
2662	3
2663	3
2664	4
2665	3
2666	3
2667	5
2668	4
2669	4
2670	4
2671	4
2672	4
2673	4
2674	2
2675	2
2676	4
2677	4
2678	4
2679	2
2680	2
2681	4
2682	4
2683	4
2684	4
2685	4
2686	3
2687	4
2688	4
2689	4
2690	3
2691	3
2692	4
2693	4
2694	4
2695	4
2696	4
2697	4
2698	4
2699	4
2700	4
2701	4
2702	4
2703	4
2704	4
2705	4
2706	4
2707	4
2708	4
2710	4
2711	4
2712	4
2713	2
2714	2
2715	2
2716	4
2717	4
2718	4
2719	2
2720	4
2721	4
2722	4
2723	4
2724	4
2725	4
2726	4
2727	4
2728	4
2729	2
2730	4
2731	4
2732	2
2733	2
2734	2
2735	2
2736	2
2737	2
2738	2
2739	2
2740	2
2741	4
2742	5
2743	4
2744	5
2745	4
2746	4
2747	4
2748	4
2749	4
2750	5
2751	4
2752	4
2753	4
2754	5
2755	5
2756	5
2757	3
2758	5
2759	5
2760	5
2761	5
2762	5
2763	5
2764	5
2765	2
2766	4
2767	4
2768	4
2769	2
2770	2
2771	5
2772	5
2773	5
2774	5
2775	5
2776	5
2777	5
2778	2
2779	2
2780	2
2781	2
2782	2
2783	2
2784	2
2785	2
2786	2
2787	2
2788	2
2789	2
2790	2
2791	2
2792	2
2793	2
2794	2
2795	2
2796	3
2797	2
2798	4
2799	4
2800	4
2801	5
2802	2
2803	5
2804	5
2805	5
2806	5
2807	5
2808	5
2809	5
2810	5
2811	5
2812	5
2813	5
2814	5
2815	5
2816	5
2817	5
2818	3
2819	4
2820	3
2821	4
2822	5
2823	5
2824	5
2825	3
2826	3
2827	3
2828	5
2829	3
2830	6
2831	6
2832	6
2833	6
2834	6
2835	4
2836	2
2837	4
2838	2
2839	4
2840	4
2841	2
2842	4
2843	2
2844	2
2845	2
2846	2
2847	2
2848	5
2849	5
2850	5
2851	5
2852	5
2853	5
2854	4
2855	4
2856	4
2857	4
2858	4
2859	4
2860	4
2861	4
2862	4
2863	4
2864	4
2865	4
2866	4
2867	4
2868	4
2869	4
2870	4
2871	4
2872	4
2873	4
2874	4
2875	4
2876	4
2877	4
2878	2
2879	2
2880	2
2881	2
2882	4
2883	4
2884	4
2885	4
2886	4
2887	2
2888	2
2889	2
2890	2
2891	2
2892	4
2893	2
2894	2
2895	2
2896	2
2897	4
2898	2
2899	4
2900	4
2901	2
2902	4
2903	2
2904	4
2905	4
2906	2
2907	2
2908	2
2909	2
2910	2
2911	2
2912	2
2913	4
2914	4
2915	4
2916	4
2917	4
2918	4
2919	4
2920	4
2921	3
2922	4
2923	4
2924	5
2925	5
2926	3
2927	3
2928	3
2929	5
2930	5
2931	5
2932	5
2933	5
2934	5
2935	2
2936	4
2937	2
2938	4
2939	2
2940	2
2941	4
2942	2
2943	5
2944	4
2945	5
2946	5
2947	4
2948	5
2949	2
2950	2
2951	2
2952	2
2953	5
2954	5
2955	5
2956	5
2957	5
2958	5
2959	4
2960	2
2961	3
2962	3
2964	3
2965	3
2966	5
2967	5
2968	5
2969	5
2970	5
2971	5
2972	5
2973	5
2974	5
2975	5
2976	5
2977	5
2978	5
2979	5
2980	5
2981	5
2982	5
2983	4
2984	5
2985	6
2986	6
2987	3
2988	3
2989	3
2990	3
2991	3
2992	3
2993	3
2994	3
2995	3
2996	5
2997	5
2998	5
2999	5
3000	5
3001	5
3002	5
3003	5
3004	5
3005	5
3006	5
3007	4
3008	4
3009	4
3010	4
3011	4
3012	4
3013	4
3014	4
3015	4
3016	4
3017	4
3018	4
3019	4
3020	4
3021	4
3022	4
3023	4
3024	4
3025	4
3026	4
3027	4
3028	4
3029	4
3030	4
3031	4
3032	4
3033	4
3034	4
3035	4
3036	4
3037	4
3038	4
3039	4
3040	4
3041	4
3042	4
3043	4
3044	4
3045	4
3046	4
3047	4
3048	4
3049	4
3050	4
3051	4
3052	4
3053	4
3054	4
3055	4
3056	4
3057	4
3058	4
3059	4
3060	4
3061	4
3062	4
3063	4
3064	2
3065	2
3066	2
3067	2
3068	2
3069	2
3070	2
3071	2
3072	2
3073	2
3074	2
3075	2
3076	2
3077	2
3078	2
3079	2
3080	2
3081	4
3082	4
3083	4
3084	3
3085	3
3086	4
3087	4
3088	4
3089	3
3090	4
3091	4
3092	4
3093	5
3094	3
3095	5
3096	5
3097	5
3098	3
3099	4
3100	4
3101	4
3102	4
3103	4
3104	4
3105	4
3106	4
3107	4
3108	4
3109	5
3110	5
3111	5
3112	5
3113	2
3114	5
3115	2
3116	5
3117	5
3118	5
3119	5
3120	5
3121	5
3122	5
3123	2
3124	3
3125	4
3126	4
3127	3
3128	4
3129	5
3130	5
3131	3
3132	5
3133	3
3135	2
3136	5
3137	5
3138	5
3139	3
3140	3
3141	5
3142	5
3143	5
3144	5
3145	2
3146	5
3147	5
3148	5
3149	5
3150	6
3151	5
3152	5
3153	5
3154	3
3155	3
3156	3
3157	3
3158	3
3159	3
3160	3
3161	3
3162	3
3163	5
3164	2
3165	5
3166	5
3167	5
3168	2
3169	2
3170	2
3171	2
3172	4
3173	4
3174	4
3175	4
3176	4
3177	4
3178	4
3179	2
3180	2
3181	2
3184	2
3185	2
3186	2
3187	2
3188	2
3189	4
3190	4
3191	4
3192	4
3193	4
3194	4
3195	4
3196	4
3197	4
3198	4
3199	4
3200	4
3201	4
3202	4
3203	4
3204	4
3205	4
3206	4
3212	4
3213	4
3214	4
3215	4
3216	4
3217	4
3218	4
3219	4
3220	4
3221	4
3222	2
3223	2
3224	2
3225	2
3226	2
3227	4
3228	2
3229	2
3230	2
3231	2
3232	4
3233	2
3234	2
3235	4
3236	2
3237	2
3238	2
3239	2
3240	4
3241	4
3242	4
3243	4
3244	4
3245	4
3246	4
3247	4
3248	4
3249	4
3250	4
3251	4
3252	4
3253	4
3254	4
3255	4
3256	4
3257	4
3258	4
3259	4
3260	4
3261	4
3262	4
3263	2
3264	2
3265	2
3266	5
3267	5
3268	5
3269	5
3270	2
3271	2
3272	5
3273	2
3274	2
3275	5
3276	5
3277	5
3278	2
3279	2
3280	2
3281	5
3282	3
3284	3
3285	4
3286	2
3287	3
3288	5
3289	5
3292	4
3293	5
3294	5
3295	5
3296	5
3297	5
3298	5
3299	5
3300	5
3301	5
3302	5
3303	5
3304	5
3305	3
3306	5
3307	5
3308	5
3309	3
3310	3
3311	3
3312	3
3313	3
3314	3
3315	3
3316	3
3317	6
3318	6
3319	3
3320	3
3321	3
3322	2
3323	5
3324	2
3325	2
3326	5
3327	2
3328	2
3329	5
3330	5
3331	3
3332	3
3333	4
3334	2
3335	2
3336	2
3337	4
3338	3
3339	4
3340	4
3341	4
3342	4
3343	4
3344	4
3345	4
3346	4
3347	4
3348	4
3350	4
3351	4
3352	4
3353	4
3355	4
3356	4
3357	4
3358	4
3359	4
3360	2
3361	4
3362	2
3363	2
3364	2
3365	2
3366	4
3367	4
3368	4
3369	4
3370	4
3371	4
3372	4
3373	4
3374	2
3375	2
3376	2
3377	2
3378	4
3379	2
3380	2
3381	2
3382	2
3383	2
3384	2
3385	4
3386	2
3387	2
3388	2
3389	2
3390	2
3391	2
3392	2
3393	2
3394	2
3395	2
3396	4
3397	2
3398	2
3399	4
3400	4
3401	5
3402	4
3403	4
3404	4
3405	4
3406	4
3407	4
3408	4
3409	4
3410	4
3411	5
3412	5
3413	5
3414	5
3415	4
3416	4
3417	5
3418	5
3419	5
3420	5
3421	5
3422	5
3423	5
3424	5
3425	5
3426	5
3427	5
3428	5
3429	5
3430	5
3431	5
3432	2
3433	2
3434	2
3435	2
3436	5
3437	2
3438	5
3439	3
3440	6
3441	4
3442	2
3443	4
3444	4
3445	2
3446	4
3447	3
3448	4
3449	5
3450	4
3451	5
3452	5
3453	5
3454	5
3455	5
3456	5
3457	5
3458	5
3459	5
3460	4
3461	5
3462	3
3463	6
3464	5
3465	5
3466	3
3467	6
3468	6
3469	5
3470	3
3471	3
3472	3
3473	6
3474	3
3475	6
3476	6
3477	6
3478	3
3479	3
3480	3
3481	6
3482	3
3483	3
3484	3
3485	3
3486	3
3487	3
3488	3
3489	3
3490	3
3491	3
3492	3
3493	3
3494	3
3495	3
3496	3
3497	3
3498	4
3499	4
3500	4
3501	5
3502	3
3503	5
3504	4
3505	4
3506	4
3507	4
3508	4
3509	4
3510	4
3513	4
3514	4
3515	4
3516	4
3517	4
3518	4
3519	4
3520	4
3521	4
3522	4
3523	4
3524	4
3525	4
3526	4
3527	4
3528	4
3529	4
3530	4
3531	4
3533	4
3534	4
3535	4
3536	4
3537	4
3538	4
3539	4
3540	4
3541	4
3542	4
3543	4
3544	4
3545	2
3546	4
3547	2
3548	2
3549	2
3550	2
3551	2
3552	2
3553	2
3554	2
3555	2
3556	2
3557	2
3558	2
3559	2
3560	2
3561	2
3562	2
3563	2
3564	2
3565	2
3566	2
3567	2
3568	5
3569	4
3570	4
3571	4
3572	4
3573	4
3574	4
3575	4
3576	4
3577	4
3578	5
3579	5
3580	4
3581	5
3582	5
3583	5
3584	4
3585	5
3586	2
3587	2
3588	2
3589	2
3590	2
3591	5
3592	2
3593	5
3594	2
3595	2
3596	2
3597	2
3598	2
3599	2
3600	2
3601	2
3602	2
3603	5
3604	5
3605	4
3606	5
3607	5
3608	5
3609	4
3610	4
3611	4
3612	4
3614	5
3615	2
3616	5
3617	2
3618	5
3619	5
3620	5
3621	5
3622	3
3623	6
3624	6
3625	6
3626	3
3627	3
3628	3
3629	3
3630	3
3631	3
3632	3
3633	5
3634	3
3635	3
3636	5
3637	5
3638	3
3639	3
3640	5
3641	3
3642	3
3643	3
3644	6
3645	6
3646	6
3647	6
3648	3
3649	3
3650	6
3651	3
3652	3
3653	3
3654	3
3655	3
3656	3
3657	3
3658	5
3659	4
3660	4
3661	4
3662	3
3663	5
3664	5
3665	4
3666	3
3667	5
3668	4
3669	4
3670	4
3671	4
3672	4
3673	4
3674	4
3675	4
3676	4
3677	4
3678	4
3679	4
3680	4
3681	4
3682	4
3684	4
3685	4
3686	4
3687	4
3688	4
3689	4
3690	4
3691	4
3692	4
3693	4
3694	4
3695	4
3696	4
3697	4
3698	4
3699	4
3700	4
3701	4
3702	4
3703	4
3704	4
3705	4
3706	4
3707	4
3708	4
3709	4
3710	4
3711	2
3712	2
3713	2
3715	2
3717	2
3718	2
3719	2
3720	2
3721	2
3722	2
3723	2
3724	2
3725	2
3726	4
3727	4
3728	4
3729	4
3730	4
3731	4
3732	4
3733	4
3734	4
3735	5
3736	5
3737	4
3738	5
3739	5
3740	5
3741	5
3742	2
3743	2
3744	2
3745	2
3746	2
3747	2
3748	2
3749	2
3750	2
3751	2
3752	2
3753	5
3754	2
3755	2
3756	2
3757	2
3758	2
3759	2
3760	2
3761	2
3762	2
3763	2
3764	2
3768	4
3769	4
3770	2
3771	5
3772	5
3773	5
3774	5
3775	5
3776	5
3777	6
3778	3
3779	3
3780	3
3781	3
3782	3
3783	3
3784	3
3785	3
3786	3
3787	3
3788	3
3789	3
3790	9
3791	9
3792	8
3793	9
3794	8
3795	8
3796	8
3797	9
3798	8
3799	8
3800	8
3801	8
3802	8
3803	9
3804	9
3805	8
3806	8
3807	8
3808	8
3809	8
3810	8
3811	8
3812	8
3813	8
3814	8
3815	8
3816	8
3817	8
3818	9
3819	8
3820	9
3821	8
3822	8
3823	8
3824	8
3825	8
3826	8
3827	8
3828	8
3829	8
3830	8
3831	8
3832	8
3833	9
3834	9
3835	9
3836	9
3837	9
3838	8
3839	8
3840	8
3841	8
3842	8
3843	8
3844	8
3845	8
3846	8
3847	8
3848	8
3849	8
3850	8
3851	8
3852	8
3853	8
3854	8
3855	8
3856	8
3857	8
3858	8
3859	8
3860	8
3861	8
3862	8
3863	8
3864	8
3865	8
3866	8
3867	8
3868	8
3869	9
3870	8
3871	8
3872	8
3873	8
3874	8
3875	8
3876	8
3877	8
3878	8
3879	8
3880	8
3883	8
3884	8
3885	8
3886	8
3887	8
3888	8
3889	8
3890	8
3892	8
3893	8
3894	8
3897	8
3898	8
3899	8
3900	8
3901	8
3902	8
3903	8
3904	8
3905	8
3906	8
3907	8
3908	8
3909	8
3910	8
3911	8
3912	8
3913	8
3914	9
3915	8
3916	8
3917	8
3918	8
3919	8
3920	8
3921	8
3922	8
3923	8
3924	8
3925	8
3926	8
3927	8
3928	8
3929	8
3930	8
3931	8
3932	8
3933	8
3934	8
3935	8
3936	9
3937	8
3938	8
3939	8
3940	8
3941	8
3942	8
3943	9
3944	8
3945	8
3946	8
3947	8
3948	9
3949	8
3950	8
3951	8
3952	9
3953	8
3954	9
3955	8
3956	8
3957	8
3958	8
3959	9
3960	8
3961	8
3962	8
3963	8
3964	8
3965	8
3966	8
3967	8
3968	8
3969	8
3970	8
3971	8
3972	8
3973	8
3974	8
3975	9
3976	8
3977	8
3978	8
3979	9
3980	8
3981	9
3982	8
3983	9
3985	8
3986	8
3987	1
3988	3
3989	1
3990	1
3991	7
3992	1
3993	3
3994	1
3995	1
3996	1
3997	1
3998	1
3999	1
4000	5
4001	1
4002	1
4003	1
4004	1
4005	1
4006	1
4007	5
4008	7
4009	1
4010	1
4011	1
4012	1
4013	1
4014	1
4015	1
4016	1
4017	1
4018	5
4019	1
4020	1
4021	1
4022	1
4023	1
4024	5
4025	3
4026	1
4027	5
4028	1
4029	1
4030	1
4031	1
4032	1
4033	1
4034	1
4035	1
4036	1
4037	1
4038	1
4039	1
4040	1
4041	1
4042	1
4043	1
4044	1
4045	1
4046	1
4047	1
4048	1
4049	1
4050	5
4051	0
4052	0
4053	5
4054	5
4055	5
4056	5
4057	1
4058	5
4059	1
4060	1
4061	5
4062	1
4063	1
4064	5
4065	1
4066	1
4067	1
4068	1
4069	1
4070	1
4071	1
4072	1
4073	1
4074	1
4075	1
4076	1
4077	1
4078	6
4079	6
4080	0
4081	0
4082	0
4083	6
4084	6
4085	6
4086	6
4087	6
4088	6
4089	6
4090	6
4091	0
4092	6
4093	6
4094	6
4095	6
4096	6
4097	6
4098	0
4099	0
4100	0
4101	0
4102	6
4103	6
4104	0
4105	6
4106	0
4107	6
4108	0
4109	0
4110	0
4111	0
4112	6
4113	0
4114	0
4115	6
4116	0
4117	6
4118	6
4119	6
4120	0
4121	0
4122	0
4123	0
4124	6
4125	6
4126	1
4127	6
4128	6
4129	3
4130	6
4131	0
4132	6
4133	6
4134	0
4135	0
4136	6
4137	0
4138	0
4139	0
4140	0
4141	6
4142	6
4143	0
4144	0
4145	6
4146	6
4147	6
4148	0
4149	0
4150	0
4151	6
4152	0
4153	6
4154	6
4155	0
4156	0
4157	0
4158	6
4159	6
4160	0
4161	7
4162	7
4163	7
4164	7
4165	7
4166	7
4167	7
4168	7
4169	7
4170	7
4171	1
4172	1
4173	7
4174	7
4175	1
4176	7
4177	7
4178	7
4179	7
4180	1
4181	7
4182	7
4183	1
4184	1
4185	7
4186	1
4187	1
4188	7
4189	7
4190	7
4191	7
4192	7
4193	7
4194	7
4195	7
4196	7
4197	7
4198	7
4199	7
4200	7
4201	7
4202	7
4203	9
4204	1
4205	7
4206	7
4207	7
4208	7
4209	8
4210	8
4211	9
4212	8
4213	9
4214	9
4215	9
4216	1
4217	1
4218	1
4219	9
4220	8
4221	9
4222	9
4223	9
4224	1
4225	1
4226	9
4227	1
4228	1
4229	9
4230	8
4231	1
4232	9
4233	9
4234	8
4235	9
4236	9
4237	9
4238	8
4239	9
4240	8
4241	8
4242	8
4243	8
4244	8
4245	8
4246	8
4247	8
4248	9
4249	9
4250	8
4251	9
4252	8
4253	9
4254	8
4255	1
4256	1
4257	8
4258	9
4259	9
4260	9
4261	9
4262	8
4263	8
4264	8
4265	9
4266	7
4267	7
4268	7
4269	1
4270	7
4271	7
4272	1
4273	7
4274	7
4275	7
4276	7
4277	7
4278	7
4279	1
4280	7
4281	7
4282	7
4283	7
4284	7
4285	7
4286	7
4287	1
4288	7
4289	7
4290	7
4291	7
4292	7
4293	7
4294	7
4295	7
4296	7
4297	7
4298	7
4299	7
4300	7
4301	7
4302	7
4303	7
4304	7
4305	7
4306	7
4307	7
4308	7
4309	7
4310	7
4311	7
4312	7
4313	7
4314	1
4315	7
4316	7
4317	7
4318	7
4319	7
4320	1
4321	7
4322	7
4323	7
4324	7
4325	7
4326	7
4327	7
4328	7
4329	7
4330	7
4331	7
4332	7
4333	7
4334	7
4335	7
4336	7
4337	7
4338	1
4339	7
4340	7
4341	7
4342	7
4343	7
4344	7
4345	7
4346	1
4347	7
4348	7
4349	7
4350	7
4351	7
4352	1
4353	7
4354	7
4355	1
4356	7
4357	1
4358	7
4359	7
4360	1
4361	7
4362	7
4363	7
4364	7
4365	7
4366	7
4367	7
4368	7
4369	7
4370	1
4371	7
4372	1
4373	7
4374	7
4375	7
4376	7
4377	7
4378	1
4379	7
4380	7
4381	7
4382	7
4383	7
4384	7
4385	7
4386	7
4387	1
4388	1
4389	7
4390	7
4391	1
4392	7
4393	1
4394	7
4395	7
4396	7
4397	7
4398	7
4399	7
4400	7
4401	1
4402	7
4403	1
4404	7
4405	7
4406	7
4407	7
4408	7
4409	7
4410	1
4411	7
4412	7
4413	7
4414	7
4415	7
4416	7
4417	7
4418	7
4419	7
4420	1
4421	7
4422	7
4423	7
4424	7
4425	7
4426	7
4427	7
4428	7
4429	7
4430	7
4431	7
4432	1
4433	7
4434	7
4435	1
4436	1
4437	7
4438	1
4439	1
4440	7
4441	7
4442	7
4443	7
4444	7
4445	7
4446	7
4447	1
4448	7
4449	1
4450	7
4451	7
4452	7
4453	7
4454	7
4455	7
4456	7
4457	7
4458	7
4459	7
4460	1
4461	7
4462	7
4463	1
4464	1
4465	1
4466	7
4467	7
4468	7
4469	7
4470	7
4471	7
4472	7
4473	7
4474	7
4475	7
4476	7
4477	7
4478	7
4479	7
4480	1
4481	1
4482	1
4483	7
4484	1
4485	1
4486	1
4487	7
4488	7
4489	7
4490	0
4496	0
4497	0
4498	0
4499	0
4500	0
4501	0
4502	0
4503	0
4504	0
4510	0
4511	0
4512	0
4513	0
4514	0
4515	0
4516	0
4517	0
4518	0
4519	8
4520	0
4521	0
4522	0
4523	0
4524	0
4525	0
4526	8
4527	7
4528	7
4529	7
4530	7
4531	7
4532	7
4533	7
4534	7
4535	7
4536	7
4537	7
4538	7
4539	7
4540	7
4541	7
4542	7
4543	7
4544	7
4545	7
4546	7
4547	7
4548	7
4549	7
4550	7
4551	7
4552	7
4553	7
4554	3
4555	3
4556	3
4557	3
4558	6
4559	6
4560	6
4561	6
4562	6
4563	6
4564	6
4565	6
4566	6
4567	6
4568	6
4569	6
4570	1
4571	1
4572	1
4573	3
4574	3
4575	3
4576	3
4577	3
4578	3
4579	3
4580	3
4581	3
4582	3
4583	6
4584	6
4585	6
4586	8
4587	8
4588	3
4589	3
4590	3
4591	5
4592	8
4596	6
4597	8
4599	8
4600	8
4601	8
4602	8
4603	9
4607	8
4608	5
4609	3
4610	3
4611	5
4612	8
4613	6
4614	6
4615	8
4616	6
4617	8
4618	8
4619	8
4620	8
4621	1
4622	3
4623	3
4624	3
4625	3
4626	3
4627	3
4628	3
4629	3
4630	3
4631	3
4632	1
4633	1
4634	6
4635	3
4636	6
4637	6
4638	8
4639	9
4640	9
4641	9
4642	3
4643	3
4644	3
4645	3
4646	3
4647	6
4648	6
4649	6
4650	6
4651	6
4652	3
4653	9
4654	9
4655	9
4656	8
4657	3
4658	3
4659	3
4660	1
4661	3
4662	3
4663	3
4664	6
4665	6
4666	6
4667	6
4668	6
4669	6
4670	6
4671	6
4672	3
4673	6
4674	3
4675	3
4676	3
4677	5
4678	5
4679	3
4680	3
4681	3
4682	3
4683	3
4684	3
4685	3
4686	6
4687	6
4688	6
4689	6
4690	6
4691	6
4692	3
4693	6
4694	6
4695	6
4696	6
4697	6
4698	3
4699	3
4700	3
4701	3
4702	3
4703	3
4704	3
4705	3
4706	6
4707	1
4708	6
4709	1
4710	1
4711	3
4712	6
4713	3
4714	6
4715	6
4716	3
4717	3
4718	3
4719	1
4720	3
4721	6
4722	6
4723	3
4724	3
4725	6
4726	6
4727	6
4728	6
4729	1
4730	3
4731	3
4732	1
4733	3
4734	6
4735	6
4736	3
4737	3
4738	1
4739	1
4740	6
4741	6
4742	6
4743	1
4744	1
4745	1
4746	6
4747	6
4748	3
4749	3
4750	3
4751	3
4752	6
4753	3
4754	3
4755	3
4756	3
4757	3
4758	6
4759	6
4760	6
4761	6
4762	6
4763	6
4764	6
4765	6
4766	1
4767	3
4768	6
4769	6
4770	3
4771	3
4772	3
4773	6
4774	6
4775	6
4776	6
4777	6
4778	3
4779	3
4780	3
4781	6
4782	6
4783	6
4784	8
4785	6
4786	3
4787	6
4788	3
4789	6
4790	6
4791	6
4792	6
4793	3
4794	3
4795	3
4796	3
4797	3
4798	3
4799	3
4800	3
4801	6
4802	3
4803	3
4804	3
4805	3
4806	3
4807	3
4808	3
4809	6
4810	3
4811	3
4812	3
4813	3
4815	8
4816	8
4817	8
4818	8
4819	9
4820	9
4821	9
4822	9
4823	9
4826	6
4827	6
4828	3
4829	6
4830	6
4831	6
4832	6
4833	6
4834	3
4835	6
4836	6
4837	3
4838	1
4839	6
4840	6
4841	1
4842	6
4843	6
4844	3
4845	3
4846	3
4847	3
4848	6
4849	3
4850	6
4851	6
4852	6
4853	6
4854	6
4855	6
4856	6
4857	6
4858	6
4859	6
4860	4
4861	3
4862	4
4863	3
4864	3
4865	6
4866	1
4867	3
4868	3
4869	6
4870	6
4871	6
4872	5
4873	3
4874	3
4875	3
4876	3
4877	6
4878	6
4879	3
4880	8
4881	6
4882	6
4883	6
4884	6
4885	6
4886	6
4887	6
4888	6
4889	6
4890	6
4891	6
4892	3
4893	1
4894	1
4895	3
4896	3
4897	3
4898	3
4899	3
4900	3
4901	1
4902	1
4903	6
4904	6
4905	3
4906	3
4907	6
4908	6
4909	3
4910	3
4911	3
4912	6
4913	6
4914	3
4915	3
4916	3
4917	3
4918	6
4919	3
4920	6
4921	1
4922	1
4923	6
4924	6
4925	6
4926	6
4927	6
4928	1
4929	1
4930	1
4931	6
4932	1
4933	6
4934	1
4935	3
4936	3
4937	3
4938	6
4939	6
4940	1
4941	8
4942	1
4943	3
4944	6
4945	3
4946	1
4947	3
4948	9
4949	9
4950	8
4951	9
4953	9
4954	9
4955	9
4956	9
4958	9
4959	9
4961	9
4966	9
4968	1
4969	1
4970	3
4971	3
4972	1
4973	3
4974	1
4975	3
4976	3
4977	3
4978	8
4979	1
4980	8
4981	3
4982	3
4983	1
4984	3
4985	3
4986	3
4987	1
4988	1
4989	8
4990	1
4991	1
4992	1
4993	1
4994	1
4995	1
4996	3
4997	3
4998	3
4999	1
5000	1
5001	3
5002	1
5003	3
5004	3
5005	3
5006	3
5007	3
5008	1
5009	3
5010	3
5011	3
5012	3
5013	3
5014	3
5015	1
5016	1
5017	1
5018	1
5019	3
5020	8
5021	1
5022	3
5023	3
5024	1
5025	1
5026	3
5027	3
5028	3
5029	3
5030	1
5031	8
5032	3
5033	9
5034	8
5035	3
5036	8
5037	3
5038	8
5039	8
5040	8
5041	8
5042	8
5043	8
5044	8
5045	8
5046	8
5047	8
5048	8
5049	8
5050	8
5051	8
5052	8
5053	3
5054	1
5055	1
5058	3
5059	8
5063	8
5066	1
5067	8
5068	1
5069	8
5070	1
5071	1
5072	3
5073	3
5074	3
5075	1
5076	1
5077	1
5078	1
5079	1
5080	1
5081	3
5082	3
5083	8
5084	3
5085	3
5086	3
5087	3
5088	1
5089	3
5090	1
5091	1
5092	0
5093	1
5094	5
5095	1
5096	1
5097	1
5098	1
5099	0
5100	1
5101	0
5102	0
5103	0
5104	0
5105	1
5106	9
5107	5
5108	0
5109	5
5110	5
5111	0
5112	1
5113	1
5114	1
5115	0
5116	5
5117	1
5118	9
5119	3
5120	3
5121	2
5122	2
5123	2
5124	3
5125	2
5126	2
5127	2
5128	2
5129	5
5130	2
5131	2
5132	8
5133	2
5134	8
5135	1
5136	1
5137	1
5138	1
5139	1
5140	2
5141	3
5142	3
5143	3
5144	2
5145	2
5146	2
5147	1
5148	1
5149	9
5150	9
5151	9
5152	2
5153	1
5154	1
5155	3
5156	8
5157	1
5158	8
5159	8
5160	1
5161	3
5162	5
5163	3
5164	5
5165	2
5166	2
5167	2
5168	3
5169	2
5170	2
5171	2
5172	3
5173	3
5174	5
5175	2
5176	3
5177	2
5178	8
5179	5
5180	5
5181	1
5182	1
5183	5
5184	1
5185	2
5186	5
5187	3
5188	1
5189	1
5190	8
5191	2
5192	9
5193	9
5194	9
5195	9
5196	9
5197	9
5198	9
5199	2
5200	2
5201	8
5202	3
5203	1
5204	8
5205	2
5206	1
5207	8
5208	2
5209	2
5210	2
5211	1
5212	3
5213	3
5214	1
5215	1
5216	3
5217	1
5218	2
5219	3
5220	2
5221	3
5222	3
5223	3
5224	3
5225	1
5226	2
5227	2
5228	3
5229	3
5230	2
5231	2
5232	2
5233	1
5234	2
5235	2
5236	3
5237	2
5238	3
5239	3
5240	5
5241	2
5242	9
5243	2
5244	2
5245	1
5246	2
5247	3
5248	2
5249	1
5250	2
5251	2
5252	3
5253	1
5254	3
5255	2
5256	2
5257	3
5258	9
5259	3
5260	8
5261	8
5262	8
5263	8
5264	8
5265	2
5266	8
5267	3
5268	2
5269	2
5270	2
5271	2
5272	5
5273	3
5274	2
5275	1
5276	1
5277	8
5278	3
5279	2
5280	1
5281	8
5282	2
5283	2
5284	2
5285	2
5286	2
5287	2
5288	2
5289	5
5290	2
5291	2
5292	1
5293	2
5294	2
5295	2
5296	3
5297	2
5298	2
5299	1
5300	5
5301	5
5302	3
5303	2
5304	8
5305	8
5306	9
5307	8
5308	8
5309	8
5310	8
5311	2
5312	2
5313	2
5314	2
5315	3
5316	5
5317	5
5318	1
5319	1
5320	3
5321	1
5322	3
5324	1
5325	1
5326	8
5327	2
5328	9
5329	2
5330	3
5331	9
5332	3
5333	1
5334	1
5335	2
5336	2
5337	2
5338	2
5339	2
5340	2
5341	2
5342	5
5343	2
5344	2
5345	2
5346	2
5347	2
5348	1
5349	5
5350	1
5351	5
5352	2
5353	3
5354	2
5355	2
5356	9
5357	1
5358	8
5359	8
5360	8
5361	8
5362	2
5363	2
5364	2
5365	2
5366	2
5367	2
5368	2
5369	2
5370	2
5371	2
5372	2
5373	3
5374	2
5375	2
5376	5
5377	3
5378	2
5379	3
5380	2
5381	1
5382	3
5383	8
5384	3
5385	1
5386	2
5387	2
5388	2
5389	2
5390	2
5391	2
5392	2
5393	2
5394	2
5395	2
5396	2
5397	2
5398	2
5399	2
5400	1
5401	1
5402	1
5403	2
5404	2
5405	2
5406	2
5407	2
5408	2
5409	2
5410	5
5411	2
5412	2
5413	5
5414	2
5415	5
5416	2
5417	5
5418	3
5419	9
5420	3
5421	2
5422	2
5423	3
5424	2
5425	2
5426	2
5427	2
5428	1
5429	2
5430	2
5431	2
5432	2
5433	2
5434	3
5435	5
5436	2
5437	2
5438	2
5439	2
5440	2
5441	2
5442	2
5443	1
5444	1
5445	2
5446	2
5447	2
5448	2
5449	2
5450	2
5451	2
5452	2
5453	2
5454	2
5455	5
5456	1
5457	5
5458	1
5459	3
5460	9
5461	5
5462	5
5463	2
5464	1
5465	5
5466	8
5467	1
5468	5
5469	3
5470	5
5471	2
5472	3
5473	1
5474	2
5475	2
5476	2
5477	8
5478	2
5479	3
5480	3
5481	5
5482	5
5483	1
5484	5
5485	5
5486	2
5487	2
5488	2
5489	2
5490	2
5491	2
5492	2
5493	8
5494	3
5495	2
5496	2
5497	2
5498	8
5499	1
5500	3
5501	3
5502	2
5503	2
5504	2
5505	2
5506	2
5507	2
5508	2
5509	3
5510	2
5511	2
5512	3
5513	1
5514	1
5515	1
5516	2
5517	2
5518	1
5519	1
5520	2
5521	8
5522	3
5523	2
5524	3
5525	5
5526	2
5527	5
5528	2
5529	3
5530	3
5531	2
5532	5
5533	5
5534	3
5535	3
5536	3
5537	3
5538	2
5539	5
5540	2
5541	2
5542	2
5543	2
5544	2
5545	3
5546	2
5547	9
5548	2
5549	3
5550	1
5551	2
5552	2
5553	2
5554	2
5555	2
5556	1
5557	1
5558	1
5559	8
5560	1
5561	2
5562	5
5563	8
5564	1
5565	8
5566	1
5567	8
5568	1
5569	3
5570	1
5571	2
5572	9
5573	5
5574	2
5575	1
5576	2
5577	3
5578	3
5579	3
5580	3
5581	2
5582	2
5583	2
5584	2
5585	2
5586	5
5587	2
5588	2
5589	3
5590	9
5591	2
5592	3
5593	3
5594	2
5595	2
5596	2
5597	2
5598	2
5599	2
5600	2
5601	1
5602	8
5603	1
5604	3
5605	3
5606	1
5607	3
5608	5
5609	5
5610	3
5611	3
5612	1
5613	2
5614	1
5615	3
5616	3
5617	1
5618	2
5619	2
5620	3
5621	1
5622	2
5623	2
5624	2
5625	8
5626	2
5627	2
5628	2
5629	2
5630	3
5631	2
5632	2
5633	3
5634	2
5635	2
5636	2
5637	2
5638	2
5639	2
5640	2
5641	3
5642	5
5643	2
5644	3
5645	2
5646	8
5647	3
5648	3
5649	3
5650	2
5651	2
5652	2
5653	2
5654	2
5655	2
5656	2
5657	2
5658	1
5659	2
5660	2
5661	2
5662	1
5663	9
5664	1
5665	2
5666	2
5667	2
5668	1
5669	2
5670	3
5671	3
5672	2
5673	2
5674	2
5675	3
5676	2
5677	8
5678	2
5679	2
5680	2
5681	2
5682	2
5683	2
5684	2
5685	3
5686	1
5687	1
5688	2
5689	1
5690	2
5691	2
5692	2
5693	9
5694	2
5695	1
5696	2
5697	9
5698	2
5699	2
5700	2
5701	2
5702	2
5703	2
5704	2
5705	8
5706	2
5707	2
5708	2
5709	2
5710	2
5711	2
5712	5
5713	3
5714	1
5715	2
5716	3
5717	3
5718	9
5719	3
5720	2
5721	3
5722	2
5723	3
5725	2
5726	5
5727	2
5728	2
5729	2
5730	2
5731	1
5732	2
5733	2
5734	2
5735	3
5736	2
5737	5
5738	1
5739	2
5740	5
5741	2
5742	3
5743	2
5744	3
5745	5
5746	2
5747	3
5748	2
5749	2
5750	2
5751	2
5752	2
5753	2
5754	2
5755	2
5756	3
5757	3
5758	8
5759	2
5766	1
5767	1
5768	2
5769	1
5770	3
5771	5
5772	2
5773	1
5774	2
5775	3
5776	1
5777	1
5778	3
5779	2
5780	1
5781	2
5782	2
5783	3
5784	1
5785	1
5786	1
5787	1
5788	8
5789	2
5790	1
5791	2
5792	1
5793	1
5794	2
5795	3
5796	9
5797	2
5798	2
5799	2
5800	3
5801	2
5802	2
5803	2
5804	2
5805	1
5806	3
5807	2
5810	2
5811	3
5812	2
5813	1
5814	3
5815	3
5816	3
5817	8
5818	8
5819	2
5820	2
5821	8
5822	1
5823	2
5824	5
5825	3
5826	3
5827	2
5828	3
5829	5
5830	2
5831	1
5832	1
5833	8
5834	1
5835	3
5836	1
5837	2
5838	1
5839	1
5840	1
5841	2
5842	1
5843	2
5844	3
5845	9
5846	2
5847	2
5848	2
5849	9
5850	3
5851	2
5852	2
5853	3
5854	2
5855	1
5856	8
5857	1
5858	1
5859	2
5860	1
5861	1
5862	8
5863	5
5864	2
5865	2
5866	2
5867	2
5868	3
5869	2
5870	3
5871	1
5872	9
5873	2
5874	2
5875	1
5876	8
5877	2
5878	8
5879	2
5880	1
5881	2
5882	2
5883	1
5884	3
5885	9
5886	9
5887	3
5888	2
5889	3
5890	3
5891	7
5892	7
5893	7
5894	7
5895	7
5896	7
5897	7
5898	7
5899	7
5900	7
5901	7
5902	7
5903	7
5904	7
5905	7
5906	7
5907	7
5908	7
5909	7
5910	7
5911	7
5912	7
5913	7
5914	7
5915	7
5916	7
5917	7
5918	7
5919	7
5920	7
5921	7
5922	7
5923	7
5924	7
5925	7
5926	7
5927	7
5928	7
5929	7
5930	7
5931	7
5932	7
5933	7
5934	7
5935	7
5936	7
5937	7
5938	7
5939	7
5940	7
5941	7
5942	7
5943	7
5944	7
5945	7
5946	7
5947	7
5948	7
5949	7
5950	1
5951	7
5952	7
5953	7
5954	7
5955	7
5956	7
5957	7
5958	7
5959	7
5960	7
5961	7
5962	7
5963	7
5964	7
5965	7
5966	7
5967	7
5968	7
5969	7
5970	7
5971	7
5972	7
5973	7
5974	7
5975	7
5976	7
5977	7
5978	7
5979	7
5980	7
5981	7
5982	7
5983	7
5984	7
5985	7
5986	7
5987	7
5988	7
5989	7
5990	7
5991	7
5992	7
5993	7
5994	7
5995	7
5996	7
5997	7
5998	7
5999	7
6000	7
6001	7
6002	7
6003	7
6004	7
6005	7
6006	7
6007	7
6008	7
6009	7
6010	7
6011	7
6012	7
6013	7
6014	7
6015	7
6016	7
6017	7
6018	7
6019	7
6020	7
6021	7
6022	7
6023	7
6024	7
6025	7
6026	7
6027	7
6028	7
6029	7
6030	7
6031	7
6032	7
6033	7
6034	7
6035	7
6036	7
6037	7
6038	7
6039	7
6040	7
6041	7
6042	7
6043	7
6044	7
6045	7
6046	7
6047	7
6048	7
6049	7
6050	7
6051	7
6052	7
6053	7
6054	7
6055	7
6056	7
6057	7
6058	7
6059	7
6060	7
6061	7
6062	7
6063	7
6064	7
6065	7
6066	7
6067	7
6068	7
6069	7
6070	7
6071	7
6072	7
6073	7
6074	7
6075	7
6076	7
6077	7
6078	7
6079	7
6080	7
6081	7
6082	7
6083	7
6084	7
6085	7
6086	7
6087	7
6088	7
6089	7
6090	7
6091	7
6092	7
6093	7
6094	7
6095	7
6096	7
6097	7
6098	7
6099	7
6100	7
6101	7
6102	7
6103	7
6104	7
6105	7
6106	7
6107	7
6108	7
6109	7
6110	7
6111	7
6112	7
6113	7
6114	7
6115	7
6116	7
6117	7
6118	7
6119	7
6120	7
6121	7
6122	7
6123	7
6124	7
6125	7
6126	7
6127	7
6128	7
6129	7
6130	7
6131	7
6132	7
6133	7
6134	7
6135	7
6136	7
6137	7
6138	1
6139	7
6140	7
6141	7
6142	7
6143	7
6144	7
6145	7
6146	7
6147	7
6148	7
6149	7
6150	7
6151	7
6152	7
6153	7
6154	7
6155	7
6156	7
6157	7
6158	7
6159	7
6160	7
6161	7
6162	7
6163	7
6164	7
6165	7
6166	7
6167	7
6168	7
6169	7
6170	7
6171	7
6172	7
6173	7
6174	7
6175	7
6176	7
6177	7
6178	7
6179	7
6180	7
6181	7
6182	7
6183	7
6184	7
6185	1
6186	7
6187	1
6188	1
6189	7
6190	1
6191	7
6192	7
6193	7
6194	7
6195	7
6196	7
6197	7
6198	7
6199	7
6200	7
6201	7
6202	1
6203	1
6204	7
6205	7
6206	7
6207	7
6208	7
6209	7
6210	1
6211	7
6212	7
6213	1
6214	7
6215	7
6216	1
6217	7
6218	7
6219	7
6220	1
6221	7
6222	7
6223	7
6224	7
6225	7
6226	7
6227	7
6228	7
6229	7
6230	7
6231	7
6232	7
6233	7
6234	7
6235	7
6236	7
6237	1
6238	1
6239	6
6240	9
6241	8
6242	8
6243	8
6244	6
6245	6
6246	6
6247	6
6248	8
6249	6
6250	6
6251	6
6252	0
6253	8
6254	8
6255	6
6256	6
6257	6
6258	8
6259	8
6260	8
6261	8
6262	6
6263	6
6264	6
6265	6
6266	8
6267	8
6268	8
6269	8
6270	6
6271	8
6272	8
6273	6
6274	9
6275	6
6276	8
6277	8
6278	8
6279	8
6280	9
6281	9
6282	9
6283	9
6284	9
6285	6
6286	8
6287	8
6288	9
6289	9
6290	6
6291	8
6292	6
6293	6
6294	6
6295	0
6296	1
6297	0
6298	0
6299	8
6300	9
6301	9
6302	9
6303	9
6304	8
6305	9
6306	9
6307	9
6308	9
6309	0
6310	9
6311	9
6312	8
6313	9
6314	8
6315	8
6316	9
6317	9
6318	9
6319	9
6320	9
6321	8
6322	9
6323	9
6324	6
6325	9
6326	6
6327	6
6328	6
6329	8
6330	0
6331	6
6332	8
6333	8
6334	8
6335	6
6336	6
6337	8
6338	9
6339	9
6340	9
6341	9
6342	6
6343	9
6344	8
6345	9
6346	9
6347	9
6348	9
6349	9
6350	6
6351	6
6352	9
6353	9
6354	6
6355	9
6356	6
6357	0
6358	0
6359	0
6360	6
6361	6
6362	0
6363	0
6364	9
6365	9
6366	6
6367	6
6368	0
6369	8
6370	6
6371	0
6372	0
6373	0
6374	6
6375	0
6376	9
6377	9
6378	9
6379	9
6380	9
6381	9
6382	6
6383	6
6384	8
6385	6
6386	6
6387	8
6388	8
6389	6
6390	9
6391	9
6392	6
6393	6
6394	6
6395	8
6396	9
6397	0
6398	9
6399	0
6400	6
6401	9
6402	6
6403	8
6404	9
6405	8
6406	8
6407	6
6408	0
6409	6
6410	8
6411	1
6412	9
6413	6
6414	8
6415	6
6416	8
6417	6
6418	6
6419	0
6420	9
6421	8
6422	6
6423	9
6424	9
6425	9
6426	9
6427	6
6428	9
6429	9
6430	9
6431	8
6432	9
6433	8
6435	9
6436	6
6437	6
6438	9
6439	9
6440	9
6441	6
6442	9
6443	9
6444	9
6445	0
6446	8
6447	0
6448	0
6449	8
6450	6
6451	6
6452	9
6453	9
6454	8
6455	8
6456	6
6457	0
6458	6
6459	8
6460	8
6461	8
6462	6
6463	6
6464	9
6465	6
6466	9
6467	8
6468	6
6469	6
6470	6
6471	0
6472	6
6474	6
6475	9
6476	6
6477	6
6478	0
6479	0
6480	9
6481	0
6482	0
6483	0
6484	0
6485	0
6486	0
6487	9
6488	9
6489	9
6490	9
6491	9
6492	6
6493	9
6494	9
6495	8
6496	8
6497	6
6498	9
6499	9
6500	6
6501	0
6502	9
6503	0
6504	6
6505	8
6506	0
6507	0
6508	9
6509	6
6510	8
6511	9
6512	8
6513	6
6514	6
6515	0
6516	9
6517	6
6518	9
6519	8
6520	0
6521	6
6522	9
6523	9
6524	9
6525	9
6526	9
6527	9
6528	0
6529	9
6530	9
6531	9
6532	8
6533	6
6534	6
6535	9
6536	8
6537	9
6538	6
6539	0
6540	9
6541	9
6542	6
6543	0
6544	0
6545	0
6546	8
6547	8
6548	0
6549	8
6550	9
6551	6
6552	0
6553	9
6554	0
6555	0
6556	0
6557	0
6558	0
6559	0
6560	0
6561	0
6562	0
6563	0
6564	0
6565	1
6566	1
6567	1
6568	1
6569	1
6570	1
6571	1
6572	1
6573	1
6574	1
6575	1
6576	1
6577	1
6578	1
6579	1
6580	1
6581	1
6582	1
6583	1
6584	1
6585	0
6586	1
6587	1
6588	1
6589	1
6590	1
6591	1
6592	1
6593	1
6594	1
6595	0
6596	1
6597	1
6598	1
6599	1
6600	1
6601	1
6602	0
6603	1
6604	1
6605	1
6606	1
6607	1
6608	1
6609	1
6610	1
6611	1
6612	9
6613	1
6614	1
6615	7
6616	7
6617	1
6618	1
6619	1
6620	1
6621	1
6622	0
6623	1
6624	1
6625	8
6626	8
6627	1
6628	1
6629	1
6630	8
6631	1
6632	1
6633	1
6634	1
6635	1
6636	1
6637	1
6638	1
6639	1
6640	1
6641	1
6642	1
6643	1
6644	1
6645	1
6646	1
6647	1
6648	1
6650	1
6651	1
6652	1
6653	1
6654	1
6655	1
6656	1
6657	1
6658	1
6659	1
6660	1
6661	1
6662	1
6663	1
6664	1
6665	1
6666	8
6667	8
6668	1
6669	1
6671	1
6672	1
6679	1
6683	1
6684	1
6685	1
6686	1
6687	1
6688	1
6689	1
6690	8
6691	8
6692	1
6693	8
6694	3
6695	1
6696	3
6697	3
6698	1
6699	1
6700	1
6701	8
6702	8
6703	8
6704	8
6705	1
6706	8
6707	8
6708	8
6709	8
6710	8
6711	8
6712	8
6713	8
6714	8
6715	8
6716	8
6717	8
6718	1
6719	8
6720	8
6721	8
6722	8
6723	8
6724	8
6725	8
6726	1
6727	1
6728	1
6729	8
6730	1
6731	1
6732	1
6733	1
6734	1
6735	1
6736	1
6737	1
6738	1
6739	1
6740	1
6741	1
6742	1
6743	1
6744	1
6745	1
6746	8
6747	1
6748	1
6749	1
6750	1
6751	1
6752	1
6753	1
6754	1
6755	1
6756	1
6757	8
6758	3
6759	8
6760	1
6761	3
6762	8
6763	1
6764	7
6765	7
6766	7
6767	1
6768	7
6769	9
6770	1
6771	7
6772	9
6773	1
6774	7
6775	7
6776	7
6777	7
6778	7
6779	1
6780	7
6781	7
6782	7
6783	7
6784	7
6785	7
6786	7
6787	7
6788	7
6789	7
6790	7
6791	7
6792	7
6793	7
6794	7
6795	7
6796	7
6797	7
6798	7
6799	7
6800	7
6801	7
6802	7
6803	7
6804	7
6805	7
6806	7
6807	1
6808	1
6809	1
6810	1
6811	7
6812	7
6813	7
6814	9
6815	7
6816	7
6817	7
6818	7
6819	7
6820	0
6821	5
6822	1
6823	0
6824	5
6825	5
6826	5
6827	5
6828	5
6829	5
6830	5
6831	0
6832	1
6833	1
6834	0
6835	0
6836	0
6837	1
6838	0
6839	1
6840	0
6841	0
6842	0
6843	1
6844	0
6845	0
6846	1
6847	0
6848	0
6849	0
6850	1
6851	0
6852	0
6853	0
6854	1
6855	5
6856	0
6857	5
6858	1
6859	5
6860	1
6861	0
6862	0
6863	5
6864	5
6865	5
6866	5
6867	5
6868	0
6869	0
6870	1
6871	0
6872	0
6873	0
6874	0
6875	0
6876	0
6877	0
6878	1
6879	1
6880	0
6881	1
6882	1
6883	1
6884	1
6885	0
6886	0
6887	5
6888	1
6889	1
6890	1
6891	1
6892	1
6893	1
6894	1
6895	1
6896	1
6897	1
6898	1
6899	1
6900	1
6901	1
6902	5
6903	1
6904	0
6905	1
6906	1
6907	1
6908	1
6909	1
6910	3
6911	3
6912	0
6913	1
6914	0
6915	5
6916	0
6917	0
6918	0
6919	0
6920	0
6921	0
6922	0
6923	0
6924	0
6925	5
6926	5
6927	5
6928	0
6929	5
6930	0
6931	0
6932	5
6933	0
6934	0
6935	0
6936	0
6937	0
6938	0
6939	0
6940	0
6941	0
6942	0
6943	0
6944	0
6945	0
6946	0
6947	1
6948	1
6949	1
6950	0
6951	5
6952	1
6953	1
6954	0
6955	0
6956	0
6957	1
6958	0
6959	0
6960	0
6961	1
6962	0
6963	1
6964	1
6965	1
6966	1
