1	7
2	1
3	7
4	1
5	7
6	7
7	1
8	1
9	1
10	1
11	1
12	1
13	1
14	7
15	1
16	7
17	1
18	1
19	1
20	1
21	1
22	1
23	1
24	1
25	7
26	1
27	1
28	1
29	1
30	1
31	1
32	1
33	7
34	7
35	7
36	7
37	7
38	7
39	7
40	7
41	7
42	7
43	7
44	7
45	7
46	7
47	7
48	7
49	7
50	7
51	7
52	7
53	7
54	7
55	7
56	7
57	7
58	7
59	7
60	7
61	7
62	7
63	7
64	1
65	7
66	1
67	7
68	0
69	7
70	7
71	1
72	1
73	1
74	1
75	1
76	1
77	1
78	7
79	7
80	1
81	1
82	7
83	1
84	1
85	1
86	1
87	1
88	1
89	0
90	1
91	1
92	1
93	1
94	1
95	1
96	1
97	0
98	1
99	1
100	1
101	1
102	1
103	1
104	1
105	1
106	7
107	1
108	0
109	0
110	1
111	0
112	7
113	1
114	1
115	1
116	1
117	7
118	1
119	7
120	7
121	7
122	1
123	1
124	1
125	1
126	1
127	1
128	1
129	1
130	1
131	1
132	1
133	1
134	1
135	1
136	7
137	7
138	0
139	1
140	1
141	1
142	1
143	1
144	1
145	1
146	7
147	1
148	1
149	1
150	1
151	0
152	1
153	0
154	0
155	0
156	1
157	1
158	7
159	7
160	7
161	0
162	1
163	1
164	1
165	1
166	1
167	1
168	1
169	1
170	1
171	1
172	1
173	7
174	7
175	7
176	7
177	7
178	7
179	7
180	7
181	1
182	1
183	0
184	1
185	1
186	0
187	1
188	1
189	1
190	1
191	1
192	1
193	1
194	7
195	7
196	0
197	7
198	7
199	1
200	1
201	7
202	1
203	7
204	1
205	1
206	1
207	1
208	0
209	7
210	1
211	1
212	0
213	1
214	1
215	1
216	0
217	1
218	1
219	7
220	7
221	0
222	7
223	0
224	0
225	0
226	0
227	0
228	1
229	0
230	7
231	1
232	1
233	7
234	1
235	1
236	1
237	1
238	1
239	7
240	7
241	1
242	1
243	1
244	0
245	0
246	1
247	1
248	0
249	1
250	1
251	1
252	7
253	7
254	7
255	1
256	7
257	0
258	0
259	7
260	0
261	6
262	0
263	0
264	0
265	7
266	0
267	0
268	0
269	7
270	0
271	0
272	7
273	7
274	6
275	0
276	7
277	0
278	0
279	0
280	0
281	0
282	7
283	7
284	0
285	7
286	7
287	7
288	0
289	0
290	0
291	0
292	0
293	6
294	1
295	0
296	7
297	7
298	6
299	6
300	7
301	7
302	0
303	0
304	0
305	0
306	1
307	1
308	6
309	7
310	7
311	7
312	1
313	1
314	1
315	0
316	1
317	1
318	1
319	1
320	0
321	1
322	1
323	0
324	1
325	0
326	0
327	0
328	7
329	7
330	1
331	0
332	0
333	0
334	0
335	0
336	0
337	7
338	7
339	7
340	7
341	0
342	0
343	9
344	9
345	9
346	9
347	8
348	9
349	9
350	9
351	9
352	9
353	9
354	9
355	9
357	9
358	9
359	9
360	9
361	9
362	9
363	9
365	9
366	9
367	9
368	9
369	9
370	9
372	9
373	9
374	9
375	9
376	9
377	9
378	9
379	9
380	9
381	9
382	9
383	9
384	9
385	9
386	9
387	9
388	9
389	9
390	9
391	9
392	9
393	9
394	9
395	9
396	9
397	9
398	9
399	9
400	9
401	9
402	9
403	9
404	9
405	9
406	9
407	9
408	9
409	9
410	9
411	9
412	9
413	9
414	9
415	9
416	9
417	9
418	9
419	9
420	9
421	9
422	9
423	9
424	9
425	9
426	9
427	9
428	9
429	9
430	9
431	9
432	9
434	9
435	9
436	9
438	9
439	0
440	0
441	0
442	0
443	0
444	0
445	0
446	0
447	0
448	0
449	0
450	0
451	0
452	0
453	0
454	0
455	0
456	0
457	0
458	0
459	0
460	0
461	0
462	0
463	0
464	0
465	0
466	0
467	0
468	0
469	0
470	0
471	0
472	0
473	0
474	0
475	0
476	0
477	0
478	0
479	0
480	0
481	0
482	0
483	0
484	0
485	0
486	0
487	0
488	0
489	0
490	0
491	0
492	0
493	0
494	0
495	0
496	0
497	0
498	0
499	0
500	0
501	0
502	0
503	0
504	0
505	0
506	0
507	0
508	0
509	0
510	0
511	0
512	0
513	0
514	0
515	0
516	0
517	0
518	0
519	0
520	0
521	0
522	0
523	0
524	0
525	0
526	0
527	0
528	0
529	0
530	0
531	0
532	0
533	0
534	0
535	0
536	0
538	0
539	0
540	0
541	0
542	0
543	0
544	0
545	0
546	0
547	0
548	0
549	0
550	0
551	0
552	0
553	0
554	0
555	0
556	0
557	0
558	0
559	0
560	0
561	0
562	0
563	0
564	0
565	0
566	0
567	0
568	0
569	0
570	0
571	0
572	0
573	0
574	0
575	0
576	0
577	0
578	0
579	0
580	0
581	0
582	0
583	0
584	0
585	0
586	0
587	0
588	0
589	0
590	0
591	0
592	0
593	0
594	0
595	0
596	0
597	0
598	0
599	0
600	0
601	0
602	0
603	0
604	0
605	0
606	0
607	0
608	0
609	0
610	0
611	0
612	0
613	0
614	0
615	0
616	0
617	0
618	0
619	0
620	0
621	0
622	0
623	0
624	0
625	0
626	0
627	0
628	0
629	0
630	0
631	0
632	0
633	0
634	0
635	0
636	0
637	0
638	0
639	0
640	0
641	0
642	0
643	0
644	0
645	0
646	1
647	1
648	1
649	1
650	1
651	7
652	1
653	1
654	1
655	1
656	1
657	1
658	1
659	1
660	0
661	0
662	0
663	6
664	0
665	6
666	6
667	6
668	0
669	6
670	0
671	6
672	6
673	6
674	0
675	0
676	0
677	0
678	0
679	0
680	0
681	0
682	0
683	0
684	0
685	0
686	0
687	0
688	0
689	0
690	0
691	0
692	6
693	6
694	0
695	0
696	0
697	0
698	0
699	0
700	0
701	0
702	0
703	0
704	0
705	0
706	0
707	0
708	0
709	0
710	0
711	0
712	0
713	0
714	6
715	0
716	6
717	0
718	6
719	0
720	0
721	0
722	8
723	0
724	8
725	8
726	8
727	0
728	0
729	0
730	0
731	0
732	0
733	0
734	0
735	0
736	0
737	0
738	0
739	0
740	0
741	0
742	0
743	0
744	0
745	6
746	0
747	8
748	6
749	0
750	0
751	0
752	7
753	1
754	1
755	1
756	0
757	1
758	7
759	1
760	1
761	1
762	1
763	0
764	1
765	1
766	1
767	9
768	9
769	0
770	1
771	0
772	0
773	0
774	1
775	0
776	0
777	7
778	7
779	7
780	0
781	0
782	0
783	7
784	7
785	0
786	0
787	0
788	0
789	7
790	7
791	9
792	0
793	0
794	0
795	7
796	7
797	7
798	7
799	7
800	1
801	7
802	7
803	7
804	7
805	7
806	7
807	7
808	1
809	1
810	7
811	7
812	7
813	7
814	1
815	1
816	7
817	7
818	7
819	7
820	7
821	7
822	7
823	7
824	7
825	7
826	7
827	1
828	7
829	1
830	7
831	7
832	7
833	1
834	1
835	1
836	1
837	0
838	1
839	0
840	0
841	0
842	1
843	0
844	0
845	0
846	0
847	1
848	1
849	1
850	1
851	1
852	1
853	1
854	1
855	1
856	1
857	1
858	1
859	1
860	1
861	1
862	1
863	1
864	1
865	1
866	1
867	1
868	1
869	1
870	1
871	1
872	1
873	1
874	1
875	1
876	7
877	0
878	1
879	1
880	7
881	1
882	1
883	7
884	1
885	7
886	7
887	1
888	1
889	0
890	1
891	7
892	0
893	1
894	7
895	7
896	7
897	7
898	7
899	7
900	1
901	1
902	1
903	1
904	0
905	1
906	0
907	0
908	1
909	0
910	0
911	0
912	1
913	1
914	1
915	7
916	1
917	1
918	1
919	1
920	1
921	1
922	1
923	1
924	1
925	7
926	7
927	7
928	7
929	7
930	1
931	1
932	1
933	1
934	7
935	1
936	1
937	1
938	0
939	0
940	0
941	0
942	0
943	0
944	0
945	1
946	0
947	7
948	7
949	7
950	7
951	0
952	0
953	0
954	0
955	0
956	1
957	7
958	0
959	1
960	1
961	7
962	1
963	1
964	9
965	7
966	0
967	1
968	9
969	1
970	1
971	1
972	0
973	1
974	1
975	0
976	1
977	0
978	0
979	0
980	0
981	7
982	7
983	1
984	0
985	1
986	0
987	0
988	0
989	0
990	1
991	1
992	7
993	1
994	1
995	1
996	0
997	0
998	0
999	1
1000	1
1001	1
1002	1
1003	1
1004	1
1005	0
1006	0
1007	0
1008	1
1009	8
1010	8
1011	8
1012	8
1013	8
1014	8
1015	8
1016	8
1017	8
1018	8
1019	8
1020	8
1021	8
1022	8
1023	8
1024	8
1025	8
1026	8
1027	8
1028	8
1029	8
1030	8
1031	8
1032	8
1033	8
1034	8
1035	8
1036	8
1037	8
1038	8
1039	8
1040	8
1041	8
1042	8
1043	8
1044	8
1045	8
1046	8
1051	8
1052	8
1053	8
1054	8
1055	8
1056	8
1057	8
1058	8
1059	8
1060	8
1061	8
1062	8
1063	8
1064	8
1065	8
1066	8
1068	8
1069	8
1070	8
1071	8
1072	8
1073	8
1074	8
1075	8
1076	8
1077	8
1078	8
1079	8
1080	8
1081	8
1082	8
1084	8
1085	8
1087	8
1088	8
1089	8
1090	8
1091	8
1092	8
1093	8
1094	8
1095	8
1096	8
1097	8
1099	8
1101	8
1102	8
1103	8
1104	8
1105	8
1106	8
1107	8
1108	8
1109	8
1110	8
1111	8
1112	8
1113	8
1114	8
1115	8
1116	8
1117	8
1118	8
1120	8
1121	8
1122	8
1123	8
1124	8
1125	8
1126	8
1127	8
1128	8
1129	8
1130	8
1131	8
1132	8
1133	8
1134	8
1135	8
1136	8
1137	8
1138	8
1139	8
1140	8
1141	8
1142	8
1143	8
1144	8
1145	8
1146	8
1147	8
1149	8
1151	8
1157	8
1160	8
1161	8
1162	8
1163	8
1164	8
1165	8
1167	8
1168	8
1169	8
1170	8
1171	8
1172	8
1173	8
1174	8
1175	8
1176	8
1177	9
1178	9
1179	9
1181	8
1182	8
1185	9
1189	8
1190	8
1191	9
1192	9
1193	9
1194	9
1195	9
1196	9
1197	9
1198	9
1199	9
1200	9
1201	8
1202	8
1203	9
1204	9
1205	9
1206	9
1207	9
1208	9
1209	9
1210	9
1211	9
1212	9
1213	9
1214	9
1215	9
1216	9
1217	5
1218	6
1219	6
1220	6
1221	6
1222	6
1223	3
1224	5
1225	6
1226	5
1227	6
1228	6
1229	6
1230	6
1231	5
1232	6
1233	9
1234	9
1235	9
1236	5
1237	4
1238	6
1239	5
1240	5
1241	5
1242	4
1243	4
1244	4
1245	4
1246	4
1247	4
1249	4
1250	4
1251	4
1252	3
1253	3
1254	4
1255	3
1256	3
1257	4
1258	4
1259	3
1260	4
1261	3
1263	4
1264	4
1265	4
1266	3
1267	4
1268	4
1269	3
1270	3
1271	4
1272	4
1273	4
1274	4
1275	4
1276	4
1277	4
1278	4
1279	4
1280	4
1281	4
1282	4
1283	4
1284	4
1285	4
1286	4
1287	4
1288	4
1289	4
1290	4
1291	4
1292	4
1293	4
1294	4
1295	2
1296	2
1297	2
1298	2
1299	2
1300	2
1301	2
1302	2
1303	2
1304	2
1305	2
1306	2
1307	4
1308	2
1309	2
1310	2
1311	2
1312	2
1313	3
1314	4
1315	3
1316	3
1317	3
1318	3
1319	3
1320	3
1321	3
1322	3
1323	4
1324	3
1325	5
1326	4
1327	3
1328	3
1329	4
1330	9
1331	3
1332	3
1333	3
1334	3
1335	3
1336	3
1337	3
1338	9
1339	3
1340	3
1341	3
1342	4
1343	4
1344	4
1345	4
1346	4
1347	4
1348	4
1349	5
1350	7
1351	1
1352	5
1353	5
1354	5
1355	5
1356	5
1357	5
1358	5
1359	6
1360	2
1361	2
1362	4
1363	2
1364	4
1365	4
1366	2
1367	5
1368	5
1369	2
1370	5
1371	5
1372	4
1374	3
1375	3
1376	3
1377	5
1378	5
1379	5
1380	5
1381	5
1382	5
1383	5
1384	3
1385	5
1386	5
1387	5
1388	5
1389	6
1390	6
1391	6
1392	5
1393	5
1394	8
1395	8
1396	8
1397	9
1398	9
1399	9
1400	9
1401	9
1402	9
1403	9
1404	9
1405	9
1406	9
1407	9
1408	4
1409	4
1410	5
1411	6
1412	5
1413	6
1414	5
1415	3
1416	3
1417	3
1418	3
1419	4
1420	3
1421	3
1422	4
1423	4
1424	3
1425	3
1426	4
1427	4
1429	3
1432	4
1433	3
1434	4
1435	4
1436	4
1437	4
1438	4
1439	4
1440	4
1441	2
1442	9
1443	4
1444	4
1445	4
1446	4
1447	4
1448	4
1449	4
1450	4
1451	2
1452	2
1453	2
1454	2
1455	2
1456	2
1457	2
1458	2
1459	4
1460	2
1461	4
1462	2
1463	2
1464	2
1465	2
1466	1
1467	3
1468	1
1469	3
1470	3
1471	3
1472	3
1473	3
1474	3
1475	3
1476	4
1477	4
1478	7
1479	4
1480	4
1481	7
1482	7
1483	7
1484	7
1485	7
1486	4
1487	4
1488	4
1489	4
1490	3
1491	3
1492	3
1493	9
1494	3
1495	3
1496	3
1497	9
1498	4
1499	9
1500	9
1501	4
1502	7
1503	3
1504	7
1505	4
1506	4
1507	2
1508	2
1509	2
1510	2
1511	4
1512	4
1513	4
1514	4
1515	4
1516	2
1517	5
1518	5
1519	5
1520	5
1521	5
1522	5
1523	5
1524	5
1525	5
1526	4
1527	4
1528	3
1529	3
1530	3
1531	3
1533	3
1534	3
1535	2
1536	2
1537	2
1538	9
1539	2
1540	2
1541	2
1542	2
1543	2
1544	5
1545	5
1546	5
1547	1
1548	1
1549	5
1550	1
1551	1
1552	5
1553	8
1554	8
1555	8
1556	6
1557	6
1558	6
1559	6
1560	6
1561	6
1562	3
1563	9
1564	9
1565	9
1566	9
1567	9
1568	5
1569	5
1570	6
1571	5
1572	6
1573	6
1574	4
1575	3
1576	6
1577	6
1578	4
1579	4
1580	4
1581	4
1582	3
1584	4
1585	4
1586	4
1587	4
1588	4
1589	4
1590	4
1591	4
1592	4
1593	4
1594	4
1596	4
1597	4
1598	4
1599	4
1600	4
1601	4
1602	4
1603	4
1604	4
1605	4
1606	2
1607	4
1608	2
1609	4
1610	2
1611	4
1612	2
1613	4
1614	2
1615	4
1616	4
1617	2
1618	4
1619	2
1620	4
1621	2
1622	2
1623	4
1624	4
1625	2
1626	4
1627	4
1628	4
1629	4
1630	2
1631	2
1632	2
1633	4
1634	4
1635	2
1636	3
1637	3
1638	3
1639	3
1640	3
1641	3
1642	1
1643	3
1644	3
1645	3
1646	4
1647	4
1648	3
1649	4
1650	4
1651	4
1652	4
1653	4
1654	4
1655	4
1656	4
1657	3
1658	3
1659	3
1660	3
1661	7
1662	3
1663	3
1664	3
1665	3
1666	9
1667	4
1668	3
1669	4
1670	4
1671	3
1672	4
1673	4
1674	2
1675	2
1676	2
1677	2
1678	2
1679	2
1680	2
1681	2
1682	2
1683	4
1684	2
1685	2
1686	2
1687	2
1688	5
1689	5
1690	5
1691	5
1692	5
1693	5
1694	5
1695	5
1696	4
1697	2
1698	4
1699	4
1700	2
1701	2
1702	2
1703	5
1704	2
1705	2
1706	2
1707	2
1708	2
1709	2
1710	2
1711	2
1712	2
1713	9
1714	4
1715	1
1716	1
1717	1
1718	1
1719	1
1720	1
1721	1
1722	5
1723	6
1724	6
1725	6
1726	6
1727	6
1728	3
1729	6
1730	5
1731	6
1732	6
1733	5
1734	5
1735	5
1736	5
1737	4
1738	4
1739	4
1740	4
1741	4
1742	4
1743	4
1744	4
1745	4
1746	4
1747	4
1748	4
1749	4
1750	4
1751	4
1752	4
1753	4
1754	9
1755	4
1756	9
1757	4
1758	4
1759	4
1760	4
1761	9
1762	9
1763	4
1764	2
1765	4
1766	4
1767	2
1769	2
1770	4
1771	4
1772	2
1773	4
1774	4
1775	2
1776	4
1777	2
1778	2
1779	4
1780	2
1781	2
1782	4
1783	4
1784	2
1785	2
1786	2
1787	2
1788	2
1789	2
1790	2
1791	2
1792	2
1793	2
1795	2
1796	2
1797	2
1798	2
1799	2
1800	2
1801	3
1802	3
1803	3
1804	3
1805	3
1806	3
1807	3
1808	3
1809	3
1810	3
1811	3
1812	3
1813	3
1814	4
1815	3
1816	3
1817	3
1818	4
1819	9
1820	3
1821	3
1822	3
1823	3
1824	3
1825	3
1826	3
1827	3
1828	3
1829	9
1830	3
1831	4
1832	4
1833	2
1834	2
1835	2
1836	2
1837	2
1838	4
1839	2
1840	4
1841	4
1842	2
1843	2
1844	2
1845	2
1846	2
1847	2
1848	2
1849	2
1850	5
1851	5
1852	5
1853	5
1854	5
1855	5
1856	5
1857	3
1858	9
1859	9
1860	9
1861	3
1862	9
1863	9
1864	9
1865	9
1866	1
1867	3
1868	6
1869	5
1870	5
1871	1
1872	5
1873	5
1874	5
1875	5
1876	8
1877	6
1878	3
1879	3
1880	6
1881	6
1882	6
1883	6
1884	6
1885	5
1886	5
1887	6
1888	5
1889	6
1890	6
1891	6
1892	6
1893	6
1894	5
1895	3
1896	4
1897	6
1898	4
1899	4
1900	4
1901	4
1902	4
1903	4
1904	4
1905	4
1906	9
1907	9
1908	4
1909	4
1910	4
1911	4
1912	4
1913	4
1914	4
1915	4
1916	9
1917	4
1918	4
1919	4
1920	4
1921	4
1922	4
1923	4
1924	4
1925	4
1926	4
1927	4
1928	4
1929	4
1930	4
1931	4
1932	4
1933	4
1934	4
1935	4
1936	2
1937	4
1938	4
1939	4
1940	4
1941	4
1942	2
1943	4
1944	4
1945	4
1946	2
1947	2
1948	4
1949	4
1950	2
1951	2
1952	2
1953	2
1954	2
1955	4
1956	2
1957	2
1958	4
1959	4
1960	2
1961	4
1962	2
1963	2
1964	2
1965	9
1966	3
1967	3
1968	3
1969	5
1970	3
1971	3
1972	3
1973	3
1974	3
1975	3
1976	3
1977	4
1978	3
1979	4
1980	4
1981	4
1982	4
1983	4
1984	4
1985	4
1986	4
1987	3
1988	4
1989	4
1990	4
1991	4
1992	2
1993	2
1994	4
1995	2
1996	2
1997	2
1998	2
1999	4
2000	4
2001	2
2002	4
2003	4
2004	4
2005	4
2006	2
2007	4
2008	2
2009	2
2010	4
2011	5
2012	5
2013	1
2014	1
2015	3
2016	3
2017	7
2018	6
2019	6
2020	6
2021	7
2022	7
2023	1
2024	1
2025	5
2026	6
2027	5
2028	5
2029	5
2030	5
2031	5
2032	6
2033	6
2034	6
2035	6
2036	6
2037	6
2038	6
2039	6
2040	6
2041	3
2042	6
2043	5
2044	5
2045	1
2046	3
2047	6
2048	6
2049	6
2050	5
2051	3
2052	4
2053	4
2054	4
2055	4
2056	4
2057	4
2058	4
2059	4
2060	4
2061	4
2062	4
2063	4
2064	4
2065	4
2066	4
2067	4
2068	4
2069	4
2070	4
2071	4
2072	4
2073	4
2074	4
2075	4
2076	4
2077	4
2078	4
2079	4
2080	4
2081	4
2082	4
2083	2
2084	2
2085	4
2086	4
2087	4
2088	4
2089	4
2090	4
2091	4
2092	4
2093	4
2094	4
2095	4
2096	4
2097	2
2098	4
2099	2
2100	2
2101	2
2102	2
2103	2
2104	2
2105	2
2106	2
2107	2
2108	2
2109	2
2110	2
2111	2
2112	2
2113	9
2114	3
2115	3
2116	9
2117	3
2118	9
2119	3
2120	3
2121	3
2122	4
2123	9
2124	4
2125	4
2126	9
2127	4
2128	9
2129	3
2130	4
2131	4
2132	4
2133	4
2134	9
2135	4
2136	3
2137	3
2138	4
2139	4
2140	4
2141	4
2142	4
2143	3
2144	3
2145	2
2146	2
2147	9
2148	9
2149	4
2150	4
2151	4
2152	5
2153	4
2154	9
2155	9
2156	9
2157	4
2158	9
2161	1
2162	1
2163	7
2164	7
2165	7
2166	7
2167	7
2168	1
2169	1
2170	1
2171	1
2172	1
2173	7
2174	7
2175	6
2176	6
2177	7
2178	7
2179	7
2180	7
2181	6
2182	5
2183	5
2184	5
2185	1
2186	6
2187	1
2188	6
2189	6
2190	5
2191	5
2192	5
2193	6
2194	6
2195	6
2196	6
2197	6
2198	6
2199	6
2200	6
2201	6
2202	5
2203	5
2204	5
2205	6
2206	5
2207	3
2208	4
2209	4
2210	4
2211	4
2212	4
2213	4
2215	4
2216	4
2217	5
2218	4
2219	4
2220	4
2221	4
2222	4
2223	4
2224	4
2225	4
2226	4
2227	4
2228	4
2229	4
2230	9
2231	4
2232	4
2233	4
2234	4
2235	4
2236	4
2237	4
2238	4
2239	4
2240	4
2241	4
2242	4
2243	4
2244	4
2245	4
2246	4
2247	4
2248	4
2249	5
2250	4
2251	4
2252	4
2253	6
2254	5
2255	6
2256	5
2257	3
2258	5
2259	1
2260	1
2261	3
2262	3
2263	1
2264	1
2265	9
2266	9
2267	5
2268	9
2269	4
2270	3
2271	3
2272	3
2273	3
2274	4
2275	9
2276	9
2277	4
2278	4
2279	4
2280	4
2281	4
2282	4
2283	4
2284	4
2285	7
2286	4
2287	4
2288	4
2289	4
2290	2
2291	2
2292	2
2293	2
2294	2
2295	4
2296	4
2297	2
2298	2
2299	2
2300	2
2301	2
2302	9
2303	5
2304	5
2305	5
2306	0
2307	5
2308	2
2309	2
2310	7
2311	1
2312	7
2313	1
2314	1
2315	1
2316	7
2317	1
2318	2
2319	2
2320	2
2321	2
2322	2
2323	2
2324	6
2325	6
2326	7
2327	6
2328	6
2329	7
2330	7
2331	1
2332	5
2333	5
2334	5
2335	3
2336	5
2337	6
2338	3
2339	6
2340	6
2341	1
2342	1
2343	6
2344	6
2345	6
2346	6
2347	6
2348	6
2349	6
2350	6
2351	6
2352	6
2353	6
2354	6
2355	4
2356	4
2357	4
2358	6
2359	6
2360	6
2361	5
2362	5
2363	5
2364	6
2365	6
2366	4
2367	4
2368	6
2369	4
2370	4
2371	4
2372	4
2373	4
2374	4
2375	4
2376	4
2377	4
2378	4
2379	4
2380	4
2381	4
2382	4
2383	4
2384	4
2385	4
2386	4
2387	4
2388	4
2389	4
2390	4
2391	4
2392	4
2393	4
2394	4
2395	9
2396	9
2397	4
2398	4
2399	4
2400	4
2401	4
2402	4
2403	5
2404	5
2405	5
2406	6
2407	5
2408	5
2409	5
2410	5
2411	5
2412	5
2413	4
2414	4
2415	5
2416	5
2417	5
2418	4
2419	4
2420	5
2421	5
2422	5
2423	5
2424	5
2425	1
2426	1
2427	3
2428	3
2429	3
2430	3
2431	3
2432	3
2433	3
2434	3
2435	9
2436	3
2437	9
2438	3
2439	5
2440	5
2441	3
2442	3
2443	9
2444	7
2445	7
2446	5
2447	4
2448	4
2449	4
2450	4
2451	5
2452	7
2453	4
2454	7
2455	2
2456	4
2457	4
2458	4
2459	4
2460	4
2461	4
2462	4
2463	4
2464	4
2465	3
2466	1
2467	6
2468	1
2469	7
2470	1
2471	1
2472	7
2473	7
2474	1
2475	1
2476	7
2477	1
2478	1
2479	1
2480	2
2481	2
2482	2
2483	1
2484	1
2485	1
2486	1
2487	1
2488	1
2489	1
2490	1
2491	1
2492	1
2493	5
2494	7
2495	3
2496	5
2497	5
2498	6
2499	6
2500	6
2501	6
2502	6
2503	6
2504	6
2505	5
2506	6
2507	5
2508	5
2509	5
2510	4
2511	4
2512	9
2513	9
2514	9
2515	9
2516	9
2517	3
2518	4
2520	3
2521	4
2522	4
2523	4
2524	4
2525	4
2526	6
2527	6
2528	6
2529	4
2530	6
2531	4
2532	6
2533	6
2534	6
2535	6
2536	4
2537	4
2538	4
2539	4
2540	4
2541	4
2542	4
2543	4
2544	4
2545	3
2546	4
2547	4
2548	4
2549	4
2550	4
2551	4
2552	4
2553	4
2554	4
2555	4
2556	4
2557	4
2558	4
2559	4
2560	4
2561	4
2562	4
2563	4
2564	4
2565	4
2566	4
2567	4
2568	4
2569	5
2570	6
2571	5
2572	5
2573	4
2574	4
2575	4
2576	5
2577	4
2578	2
2579	2
2580	5
2581	5
2582	4
2583	4
2584	4
2585	5
2586	2
2587	2
2588	5
2589	5
2590	3
2591	1
2592	3
2593	1
2594	1
2595	3
2596	1
2597	3
2598	1
2599	1
2600	3
2601	3
2602	3
2603	3
2604	3
2605	3
2606	5
2607	7
2608	4
2609	3
2610	4
2611	7
2612	3
2613	7
2614	7
2615	3
2616	4
2617	4
2618	4
2619	4
2620	4
2621	4
2622	4
2623	4
2624	2
2625	4
2626	9
2627	1
2628	4
2629	5
2630	9
2631	3
2632	1
2633	6
2634	3
2635	7
2636	1
2637	1
2638	1
2639	1
2640	1
2641	2
2642	2
2643	2
2644	2
2645	2
2646	2
2647	2
2648	2
2649	3
2650	5
2651	5
2652	5
2653	5
2654	5
2655	3
2656	3
2657	1
2658	5
2659	6
2660	6
2661	5
2662	6
2663	6
2664	6
2665	6
2666	6
2667	3
2668	4
2669	4
2670	4
2671	4
2672	4
2673	5
2674	2
2675	5
2676	2
2677	2
2678	2
2679	2
2680	4
2681	4
2682	4
2683	4
2684	6
2685	4
2686	4
2687	6
2688	6
2689	5
2690	4
2691	5
2692	5
2693	5
2694	5
2695	5
2696	6
2697	4
2698	4
2699	4
2700	4
2701	4
2702	4
2703	3
2704	4
2705	4
2706	4
2707	4
2708	4
2710	2
2711	4
2712	2
2713	4
2714	2
2715	2
2716	2
2717	4
2718	4
2719	4
2720	4
2721	4
2722	5
2723	4
2724	5
2725	5
2726	2
2727	5
2728	4
2729	5
2730	5
2731	5
2732	4
2733	2
2734	2
2735	4
2736	9
2737	9
2738	9
2739	2
2740	2
2741	1
2742	3
2743	3
2744	5
2745	6
2746	1
2747	1
2748	3
2749	3
2750	1
2751	1
2752	3
2753	3
2754	3
2755	5
2756	3
2757	5
2758	5
2759	5
2760	7
2761	3
2762	5
2763	3
2764	3
2765	3
2766	3
2767	7
2768	3
2769	3
2770	3
2771	3
2772	3
2773	4
2774	3
2775	3
2776	3
2777	1
2778	4
2779	4
2780	2
2781	2
2782	4
2783	4
2784	2
2785	2
2786	2
2787	2
2788	4
2789	4
2790	4
2791	4
2792	4
2793	4
2794	4
2795	4
2796	5
2797	4
2798	1
2799	1
2800	1
2801	1
2802	2
2803	1
2804	1
2805	1
2806	1
2807	1
2808	1
2809	1
2810	2
2811	9
2812	2
2813	9
2814	7
2815	3
2816	4
2817	7
2818	5
2819	1
2820	3
2821	1
2822	3
2823	3
2824	1
2825	8
2826	3
2827	3
2828	3
2829	3
2830	6
2831	6
2832	6
2833	3
2834	6
2835	4
2836	4
2837	4
2838	4
2839	4
2840	5
2841	5
2842	4
2843	5
2844	4
2845	2
2846	2
2847	4
2848	4
2849	7
2850	7
2851	7
2852	7
2853	5
2854	4
2855	4
2856	4
2857	4
2858	3
2859	4
2860	4
2861	4
2862	4
2863	4
2864	3
2865	3
2866	4
2867	4
2868	4
2869	4
2870	4
2871	3
2872	4
2873	3
2874	4
2875	4
2876	4
2877	4
2878	2
2879	4
2880	4
2881	4
2882	4
2883	4
2884	4
2885	4
2886	4
2887	4
2888	4
2889	4
2890	4
2891	4
2892	4
2893	2
2894	2
2895	2
2896	2
2897	9
2898	4
2899	4
2900	2
2901	2
2902	4
2903	2
2904	2
2905	5
2906	2
2907	2
2908	2
2909	5
2910	2
2911	4
2912	2
2913	3
2914	3
2915	3
2916	3
2917	1
2918	3
2919	3
2920	3
2921	3
2922	3
2923	1
2924	5
2925	5
2926	5
2927	3
2928	5
2929	5
2930	5
2931	5
2932	5
2933	3
2934	3
2935	7
2936	3
2937	3
2938	3
2939	9
2940	3
2941	9
2942	3
2943	3
2944	4
2945	3
2946	4
2947	4
2948	4
2949	4
2950	4
2951	4
2952	4
2953	4
2954	7
2955	2
2956	2
2957	2
2958	4
2959	3
2960	9
2961	5
2962	5
2964	5
2965	8
2966	4
2967	1
2968	1
2969	1
2970	1
2971	1
2972	0
2973	7
2974	4
2975	2
2976	7
2977	4
2978	1
2979	9
2980	3
2981	1
2982	3
2983	1
2984	1
2985	6
2986	5
2987	5
2988	3
2989	3
2990	5
2991	3
2992	3
2993	3
2994	3
2995	3
2996	5
2997	4
2998	4
2999	4
3000	4
3001	3
3002	3
3003	3
3004	3
3005	3
3006	3
3007	4
3008	3
3009	3
3010	3
3011	3
3012	4
3013	4
3014	4
3015	4
3016	4
3017	3
3018	4
3019	4
3020	4
3021	3
3022	9
3023	4
3024	4
3025	4
3026	4
3027	4
3028	3
3029	4
3030	3
3031	3
3032	3
3033	9
3034	9
3035	9
3036	4
3037	4
3038	4
3039	4
3040	3
3041	4
3042	4
3043	4
3044	4
3045	4
3046	4
3047	4
3048	4
3049	4
3050	4
3051	4
3052	4
3053	4
3054	4
3055	4
3056	4
3057	4
3058	4
3059	4
3060	4
3061	4
3062	4
3063	4
3064	2
3065	4
3066	4
3067	2
3068	5
3069	2
3070	2
3071	2
3072	5
3073	2
3074	2
3075	6
3076	2
3077	6
3078	2
3079	2
3080	2
3081	3
3082	3
3083	3
3084	1
3085	1
3086	3
3087	1
3088	1
3089	3
3090	1
3091	1
3092	1
3093	5
3094	5
3095	5
3096	5
3097	3
3098	9
3099	3
3100	9
3101	9
3102	4
3103	9
3104	3
3105	4
3106	4
3107	4
3108	4
3109	4
3110	4
3111	4
3112	9
3113	9
3114	9
3115	1
3116	1
3117	7
3118	7
3119	4
3120	2
3121	4
3122	4
3123	4
3124	6
3125	6
3126	1
3127	6
3128	4
3129	5
3130	3
3131	6
3132	1
3133	5
3135	4
3136	0
3137	1
3138	1
3139	0
3140	0
3141	0
3142	7
3143	7
3144	7
3145	4
3146	2
3147	4
3148	1
3149	3
3150	6
3151	5
3152	3
3153	3
3154	3
3155	3
3156	3
3157	3
3158	3
3159	3
3160	3
3161	3
3162	3
3163	3
3164	9
3165	9
3166	3
3167	3
3168	9
3169	4
3170	4
3171	4
3172	9
3173	4
3174	4
3175	4
3176	4
3177	4
3178	4
3179	2
3180	4
3181	2
3184	4
3185	4
3186	2
3187	2
3188	4
3189	3
3190	3
3191	4
3192	2
3193	2
3194	2
3195	2
3196	9
3197	9
3198	9
3199	4
3200	4
3201	4
3202	4
3203	4
3204	4
3205	4
3206	4
3212	4
3213	4
3214	4
3215	4
3216	4
3217	4
3218	4
3219	4
3220	4
3221	4
3222	2
3223	4
3224	2
3225	2
3226	2
3227	6
3228	6
3229	2
3230	2
3231	2
3232	4
3233	6
3234	2
3235	2
3236	2
3237	2
3238	2
3239	2
3240	2
3241	3
3242	3
3243	3
3244	3
3245	3
3246	3
3247	3
3248	3
3249	3
3250	3
3251	4
3252	9
3253	9
3254	9
3255	9
3256	9
3257	4
3258	9
3259	9
3260	4
3261	4
3262	3
3263	3
3264	9
3265	3
3266	9
3267	9
3268	7
3269	3
3270	3
3271	1
3272	1
3273	2
3274	2
3275	2
3276	4
3277	4
3278	2
3279	2
3280	4
3281	6
3282	5
3284	1
3285	4
3286	2
3287	6
3288	9
3289	5
3292	4
3293	0
3294	0
3295	0
3296	5
3297	5
3298	7
3299	4
3300	4
3301	3
3302	3
3303	3
3304	1
3305	3
3306	6
3307	1
3308	5
3309	3
3310	6
3311	6
3312	6
3313	3
3314	3
3315	6
3316	6
3317	6
3318	6
3319	3
3320	3
3321	3
3322	4
3323	7
3324	2
3325	4
3326	4
3327	4
3328	4
3329	4
3330	4
3331	6
3332	6
3333	2
3334	4
3335	4
3336	2
3337	4
3338	9
3339	4
3340	9
3341	9
3342	9
3343	9
3344	4
3345	4
3346	4
3347	4
3348	4
3350	4
3351	4
3352	4
3353	4
3355	4
3356	4
3357	4
3358	4
3359	4
3360	4
3361	4
3362	4
3363	4
3364	4
3365	4
3366	4
3367	4
3368	4
3369	4
3370	4
3371	4
3372	4
3373	4
3374	2
3375	2
3376	5
3377	2
3378	2
3379	2
3380	5
3381	5
3382	2
3383	5
3384	5
3385	2
3386	2
3387	2
3388	5
3389	4
3390	2
3391	4
3392	5
3393	2
3394	4
3395	4
3396	4
3397	4
3398	2
3399	4
3400	3
3401	3
3402	3
3403	3
3404	3
3405	3
3406	3
3407	3
3408	4
3409	4
3410	4
3411	5
3412	5
3413	3
3414	5
3415	3
3416	3
3417	3
3418	7
3419	3
3420	3
3421	7
3422	3
3423	3
3424	5
3425	4
3426	4
3427	5
3428	5
3429	7
3430	7
3431	4
3432	4
3433	4
3434	4
3435	4
3436	4
3437	4
3438	4
3439	6
3440	5
3441	4
3442	2
3443	4
3444	4
3445	4
3446	4
3447	5
3448	4
3449	1
3450	3
3451	1
3452	7
3453	7
3454	7
3455	5
3456	5
3457	7
3458	5
3459	5
3460	3
3461	3
3462	5
3463	6
3464	6
3465	3
3466	6
3467	5
3468	5
3469	5
3470	5
3471	5
3472	3
3473	3
3474	6
3475	5
3476	8
3477	3
3478	8
3479	3
3480	3
3481	3
3482	6
3483	6
3484	6
3485	6
3486	6
3487	6
3488	6
3489	6
3490	6
3491	6
3492	6
3493	6
3494	6
3495	6
3496	9
3497	3
3498	9
3499	3
3500	4
3501	3
3502	9
3503	9
3504	4
3505	4
3506	4
3507	3
3508	4
3509	3
3510	3
3513	3
3514	3
3515	4
3516	4
3517	4
3518	4
3519	4
3520	4
3521	4
3522	4
3523	4
3524	4
3525	4
3526	4
3527	4
3528	4
3529	4
3530	4
3531	4
3533	4
3534	4
3535	4
3536	4
3537	4
3538	4
3539	4
3540	4
3541	4
3542	4
3543	4
3544	4
3545	4
3546	2
3547	2
3548	4
3549	4
3550	2
3551	2
3552	4
3553	4
3554	4
3555	4
3556	4
3557	4
3558	2
3559	2
3560	4
3561	2
3562	2
3563	2
3564	2
3565	2
3566	2
3567	2
3568	3
3569	3
3570	3
3571	3
3572	3
3573	3
3574	3
3575	3
3576	9
3577	4
3578	3
3579	9
3580	3
3581	3
3582	5
3583	3
3584	3
3585	3
3586	1
3587	1
3588	9
3589	3
3590	3
3591	3
3592	7
3593	3
3594	4
3595	4
3596	4
3597	9
3598	4
3599	4
3600	4
3601	4
3602	4
3603	3
3604	1
3605	3
3606	1
3607	1
3608	3
3609	3
3610	1
3611	1
3612	4
3614	5
3615	4
3616	1
3617	1
3618	3
3619	3
3620	7
3621	7
3622	6
3623	6
3624	6
3625	6
3626	6
3627	3
3628	5
3629	3
3630	3
3631	5
3632	5
3633	1
3634	1
3635	5
3636	1
3637	5
3638	3
3639	1
3640	5
3641	3
3642	8
3643	8
3644	5
3645	3
3646	5
3647	3
3648	6
3649	6
3650	5
3651	5
3652	6
3653	6
3654	6
3655	6
3656	6
3657	9
3658	3
3659	3
3660	3
3661	3
3662	3
3663	3
3664	9
3665	3
3666	3
3667	5
3668	5
3669	4
3670	4
3671	4
3672	4
3673	4
3674	4
3675	4
3676	4
3677	4
3678	3
3679	3
3680	4
3681	3
3682	3
3684	4
3685	4
3686	4
3687	4
3688	4
3689	4
3690	4
3691	4
3692	4
3693	4
3694	4
3695	4
3696	4
3697	4
3698	4
3699	4
3700	4
3701	4
3702	4
3703	4
3704	4
3705	4
3706	4
3707	4
3708	4
3709	4
3710	4
3711	2
3712	2
3713	2
3715	4
3717	2
3718	2
3719	2
3720	2
3721	2
3722	2
3723	2
3724	2
3725	2
3726	3
3727	4
3728	9
3729	9
3730	4
3731	9
3732	3
3733	9
3734	3
3735	3
3736	3
3737	3
3738	3
3739	3
3740	3
3741	3
3742	3
3743	7
3744	7
3745	4
3746	4
3747	7
3748	7
3749	7
3750	7
3751	3
3752	9
3753	9
3754	3
3755	9
3756	4
3757	4
3758	4
3759	2
3760	2
3761	3
3762	2
3763	4
3764	4
3768	4
3769	3
3770	4
3771	7
3772	5
3773	5
3774	7
3775	3
3776	5
3777	5
3778	3
3779	6
3780	6
3781	6
3782	6
3783	6
3784	6
3785	6
3786	6
3787	6
3788	6
3789	6
3790	8
3791	8
3792	8
3793	8
3794	8
3795	8
3796	8
3797	8
3798	8
3799	8
3800	8
3801	8
3802	8
3803	8
3804	8
3805	8
3806	8
3807	8
3808	8
3809	8
3810	8
3811	8
3812	8
3813	8
3814	8
3815	8
3816	8
3817	8
3818	8
3819	8
3820	8
3821	8
3822	8
3823	8
3824	8
3825	8
3826	8
3827	8
3828	8
3829	8
3830	8
3831	8
3832	8
3833	8
3834	8
3835	8
3836	8
3837	8
3838	8
3839	8
3840	8
3841	8
3842	8
3843	8
3844	8
3845	8
3846	8
3847	8
3848	8
3849	8
3850	8
3851	8
3852	8
3853	8
3854	8
3855	8
3856	8
3857	8
3858	8
3859	8
3860	8
3861	8
3862	8
3863	8
3864	8
3865	8
3866	8
3867	8
3868	8
3869	8
3870	8
3871	8
3872	8
3873	8
3874	8
3875	8
3876	8
3877	8
3878	8
3879	8
3880	8
3883	8
3884	8
3885	8
3886	8
3887	8
3888	8
3889	8
3890	8
3892	8
3893	8
3894	8
3897	8
3898	8
3899	8
3900	8
3901	8
3902	8
3903	8
3904	8
3905	8
3906	8
3907	8
3908	8
3909	8
3910	8
3911	8
3912	8
3913	8
3914	8
3915	8
3916	8
3917	8
3918	8
3919	8
3920	8
3921	8
3922	8
3923	8
3924	8
3925	8
3926	8
3927	8
3928	8
3929	8
3930	8
3931	8
3932	8
3933	8
3934	8
3935	8
3936	8
3937	8
3938	8
3939	8
3940	8
3941	8
3942	8
3943	8
3944	8
3945	8
3946	8
3947	8
3948	8
3949	8
3950	8
3951	8
3952	8
3953	8
3954	8
3955	8
3956	8
3957	8
3958	8
3959	8
3960	8
3961	8
3962	8
3963	8
3964	8
3965	8
3966	8
3967	8
3968	8
3969	8
3970	8
3971	8
3972	8
3973	8
3974	8
3975	8
3976	8
3977	8
3978	8
3979	8
3980	8
3981	8
3982	8
3983	8
3985	8
3986	8
3987	7
3988	7
3989	1
3990	0
3991	7
3992	1
3993	7
3994	0
3995	0
3996	7
3997	7
3998	7
3999	0
4000	7
4001	1
4002	1
4003	0
4004	0
4005	7
4006	0
4007	0
4008	1
4009	7
4010	1
4011	7
4012	7
4013	0
4014	0
4015	7
4016	0
4017	6
4018	0
4019	7
4020	0
4021	1
4022	7
4023	7
4024	0
4025	7
4026	1
4027	7
4028	7
4029	7
4030	7
4031	7
4032	7
4033	7
4034	7
4035	7
4036	0
4037	0
4038	7
4039	0
4040	0
4041	7
4042	7
4043	7
4044	7
4045	7
4046	7
4047	7
4048	0
4049	7
4050	0
4051	7
4052	7
4053	7
4054	7
4055	7
4056	7
4057	1
4058	0
4059	1
4060	7
4061	0
4062	7
4063	7
4064	7
4065	7
4066	0
4067	0
4068	0
4069	0
4070	0
4071	0
4072	0
4073	0
4074	0
4075	7
4076	0
4077	7
4078	8
4079	8
4080	8
4081	0
4082	0
4083	8
4084	8
4085	0
4086	0
4087	8
4088	8
4089	8
4090	8
4091	8
4092	8
4093	8
4094	8
4095	8
4096	8
4097	8
4098	8
4099	8
4100	8
4101	8
4102	8
4103	8
4104	8
4105	8
4106	0
4107	0
4108	8
4109	8
4110	0
4111	8
4112	0
4113	8
4114	0
4115	8
4116	8
4117	8
4118	8
4119	8
4120	0
4121	0
4122	0
4123	0
4124	8
4125	0
4126	0
4127	8
4128	8
4129	0
4130	0
4131	8
4132	0
4133	0
4134	0
4135	0
4136	8
4137	0
4138	0
4139	8
4140	8
4141	8
4142	0
4143	8
4144	0
4145	8
4146	8
4147	8
4148	8
4149	8
4150	0
4151	8
4152	8
4153	8
4154	0
4155	0
4156	0
4157	8
4158	8
4159	8
4160	8
4161	7
4162	1
4163	7
4164	7
4165	1
4166	1
4167	1
4168	1
4169	7
4170	1
4171	7
4172	7
4173	1
4174	7
4175	7
4176	7
4177	7
4178	7
4179	1
4180	7
4181	1
4182	1
4183	7
4184	7
4185	7
4186	1
4187	7
4188	7
4189	1
4190	1
4191	1
4192	1
4193	1
4194	1
4195	1
4196	1
4197	1
4198	1
4199	1
4200	1
4201	1
4202	7
4203	1
4204	1
4205	1
4206	9
4207	1
4208	1
4209	8
4210	8
4211	8
4212	8
4213	8
4214	8
4215	8
4216	8
4217	8
4218	8
4219	8
4220	8
4221	8
4222	8
4223	8
4224	8
4225	8
4226	8
4227	8
4228	8
4229	8
4230	8
4231	8
4232	8
4233	8
4234	8
4235	8
4236	8
4237	8
4238	8
4239	8
4240	8
4241	8
4242	8
4243	8
4244	8
4245	8
4246	8
4247	8
4248	8
4249	8
4250	8
4251	8
4252	8
4253	8
4254	8
4255	8
4256	8
4257	8
4258	8
4259	8
4260	8
4261	8
4262	8
4263	8
4264	8
4265	8
4266	9
4267	1
4268	7
4269	7
4270	7
4271	9
4272	7
4273	1
4274	7
4275	7
4276	7
4277	7
4278	7
4279	0
4280	0
4281	1
4282	1
4283	7
4284	7
4285	1
4286	1
4287	1
4288	7
4289	1
4290	7
4291	7
4292	7
4293	7
4294	7
4295	7
4296	7
4297	1
4298	1
4299	7
4300	7
4301	1
4302	1
4303	7
4304	1
4305	1
4306	9
4307	1
4308	7
4309	7
4310	7
4311	1
4312	1
4313	7
4314	7
4315	7
4316	7
4317	7
4318	7
4319	7
4320	7
4321	1
4322	7
4323	1
4324	7
4325	7
4326	7
4327	9
4328	7
4329	1
4330	7
4331	1
4332	1
4333	1
4334	0
4335	0
4336	0
4337	0
4338	0
4339	0
4340	9
4341	7
4342	7
4343	7
4344	7
4345	7
4346	1
4347	7
4348	7
4349	1
4350	0
4351	7
4352	1
4353	7
4354	9
4355	9
4356	9
4357	9
4358	9
4359	9
4360	9
4361	7
4362	7
4363	9
4364	9
4365	7
4366	1
4367	1
4368	1
4369	0
4370	7
4371	7
4372	1
4373	1
4374	0
4375	9
4376	1
4377	9
4378	1
4379	7
4380	0
4381	7
4382	1
4383	7
4384	7
4385	9
4386	1
4387	7
4388	1
4389	1
4390	1
4391	7
4392	1
4393	7
4394	1
4395	0
4396	0
4397	0
4398	7
4399	7
4400	7
4401	7
4402	7
4403	7
4404	0
4405	7
4406	9
4407	9
4408	7
4409	7
4410	9
4411	7
4412	7
4413	7
4414	1
4415	7
4416	7
4417	1
4418	9
4419	9
4420	7
4421	7
4422	7
4423	1
4424	7
4425	7
4426	1
4427	1
4428	9
4429	7
4430	1
4431	7
4432	9
4433	1
4434	1
4435	1
4436	1
4437	1
4438	7
4439	1
4440	0
4441	7
4442	7
4443	1
4444	1
4445	7
4446	1
4447	7
4448	7
4449	7
4450	7
4451	7
4452	7
4453	1
4454	7
4455	1
4456	7
4457	1
4458	0
4459	1
4460	7
4461	7
4462	1
4463	1
4464	1
4465	0
4466	9
4467	0
4468	1
4469	7
4470	7
4471	0
4472	1
4473	7
4474	7
4475	7
4476	7
4477	7
4478	7
4479	7
4480	7
4481	7
4482	7
4483	1
4484	1
4485	1
4486	7
4487	0
4488	9
4489	7
4490	8
4496	8
4497	8
4498	8
4499	8
4500	8
4501	8
4502	8
4503	8
4504	8
4510	8
4511	8
4512	8
4513	8
4514	8
4515	8
4516	8
4517	8
4518	8
4519	8
4520	8
4521	8
4522	8
4523	8
4524	8
4525	8
4526	8
4527	7
4528	1
4529	1
4530	7
4531	7
4532	1
4533	1
4534	1
4535	1
4536	1
4537	1
4538	1
4539	1
4540	1
4541	7
4542	1
4543	7
4544	1
4545	7
4546	1
4547	1
4548	7
4549	7
4550	7
4551	1
4552	1
4553	1
4554	5
4555	5
4556	5
4557	5
4558	6
4559	6
4560	8
4561	6
4562	8
4563	6
4564	8
4565	8
4566	6
4567	6
4568	8
4569	6
4570	5
4571	8
4572	3
4573	8
4574	6
4575	5
4576	5
4577	5
4578	5
4579	5
4580	5
4581	5
4582	5
4583	6
4584	6
4585	6
4586	8
4587	8
4588	5
4589	5
4590	5
4591	5
4592	6
4596	6
4597	8
4599	8
4600	8
4601	8
4602	8
4603	8
4607	8
4608	6
4609	5
4610	6
4611	3
4612	6
4613	6
4614	6
4615	6
4616	6
4617	8
4618	8
4619	8
4620	8
4621	6
4622	6
4623	5
4624	6
4625	6
4626	6
4627	5
4628	5
4629	5
4630	5
4631	5
4632	5
4633	5
4634	6
4635	6
4636	5
4637	6
4638	8
4639	8
4640	8
4641	8
4642	3
4643	6
4644	5
4645	5
4646	6
4647	6
4648	6
4649	6
4650	6
4651	6
4652	3
4653	8
4654	8
4655	8
4656	8
4657	3
4658	3
4659	8
4660	3
4661	6
4662	6
4663	7
4664	6
4665	6
4666	6
4667	6
4668	6
4669	6
4670	6
4671	6
4672	6
4673	5
4674	5
4675	0
4676	0
4677	0
4678	5
4679	3
4680	5
4681	5
4682	5
4683	5
4684	3
4685	5
4686	6
4687	6
4688	6
4689	6
4690	6
4691	6
4692	3
4693	5
4694	5
4695	5
4696	5
4697	5
4698	3
4699	5
4700	3
4701	3
4702	3
4703	8
4704	3
4705	3
4706	8
4707	6
4708	3
4709	3
4710	5
4711	3
4712	3
4713	5
4714	5
4715	5
4716	5
4717	5
4718	5
4719	5
4720	3
4721	6
4722	3
4723	3
4724	5
4725	3
4726	5
4727	5
4728	3
4729	3
4730	3
4731	5
4732	5
4733	3
4734	6
4735	6
4736	3
4737	3
4738	5
4739	5
4740	5
4741	5
4742	5
4743	3
4744	3
4745	6
4746	5
4747	3
4748	3
4749	3
4750	3
4751	3
4752	3
4753	3
4754	3
4755	3
4756	3
4757	6
4758	6
4759	6
4760	6
4761	6
4762	6
4763	8
4764	6
4765	6
4766	5
4767	5
4768	6
4769	5
4770	8
4771	3
4772	3
4773	6
4774	6
4775	6
4776	5
4777	5
4778	6
4779	5
4780	5
4781	8
4782	8
4783	8
4784	8
4785	3
4786	3
4787	3
4788	6
4789	5
4790	6
4791	5
4792	6
4793	3
4794	6
4795	6
4796	3
4797	6
4798	3
4799	8
4800	3
4801	8
4802	6
4803	6
4804	6
4805	6
4806	8
4807	8
4808	8
4809	6
4810	3
4811	3
4812	6
4813	3
4815	8
4816	8
4817	8
4818	8
4819	8
4820	8
4821	8
4822	8
4823	8
4826	3
4827	6
4828	6
4829	6
4830	6
4831	6
4832	5
4833	8
4834	6
4835	6
4836	6
4837	6
4838	6
4839	6
4840	3
4841	6
4842	8
4843	6
4844	6
4845	8
4846	8
4847	8
4848	8
4849	3
4850	8
4851	6
4852	6
4853	6
4854	6
4855	6
4856	6
4857	6
4858	6
4859	6
4860	6
4861	6
4862	6
4863	3
4864	3
4865	6
4866	3
4867	5
4868	8
4869	5
4870	5
4871	5
4872	7
4873	7
4874	7
4875	7
4876	5
4877	6
4878	5
4879	3
4880	6
4881	6
4882	6
4883	6
4884	6
4885	6
4886	8
4887	6
4888	8
4889	8
4890	8
4891	6
4892	5
4893	8
4894	5
4895	5
4896	8
4897	5
4898	5
4899	6
4900	5
4901	8
4902	5
4903	8
4904	6
4905	6
4906	5
4907	6
4908	6
4909	6
4910	6
4911	6
4912	6
4913	6
4914	5
4915	6
4916	6
4917	6
4918	5
4919	5
4920	6
4921	5
4922	5
4923	6
4924	6
4925	3
4926	6
4927	5
4928	3
4929	3
4930	3
4931	3
4932	5
4933	5
4934	0
4935	6
4936	6
4937	5
4938	6
4939	6
4940	0
4941	6
4942	0
4943	6
4944	5
4945	3
4946	5
4947	3
4948	8
4949	8
4950	8
4951	9
4953	9
4954	9
4955	9
4956	9
4958	9
4959	9
4961	9
4966	9
4968	5
4969	5
4970	5
4971	5
4972	5
4973	5
4974	5
4975	5
4976	5
4977	5
4978	1
4979	4
4980	4
4981	1
4982	4
4983	4
4984	1
4985	1
4986	1
4987	1
4988	1
4989	4
4990	4
4991	4
4992	1
4993	1
4994	1
4995	1
4996	1
4997	5
4998	1
4999	1
5000	1
5001	5
5002	5
5003	4
5004	5
5005	1
5006	4
5007	1
5008	1
5009	1
5010	1
5011	5
5012	5
5013	4
5014	4
5015	5
5016	1
5017	5
5018	5
5019	5
5020	1
5021	8
5022	5
5023	1
5024	1
5025	4
5026	1
5027	1
5028	1
5029	1
5030	1
5031	1
5032	8
5033	8
5034	1
5035	1
5036	1
5037	8
5038	8
5039	8
5040	8
5041	8
5042	8
5043	8
5044	8
5045	8
5046	8
5047	8
5048	8
5049	8
5050	8
5051	8
5052	8
5053	1
5054	1
5055	1
5058	4
5059	1
5063	8
5066	1
5067	1
5068	1
5069	1
5070	7
5071	1
5072	4
5073	4
5074	1
5075	1
5076	1
5077	1
5078	4
5079	5
5080	1
5081	1
5082	4
5083	4
5084	4
5085	4
5086	4
5087	4
5088	5
5089	4
5090	1
5091	5
5092	0
5093	0
5094	0
5095	0
5096	0
5097	0
5098	0
5099	0
5100	0
5101	0
5102	0
5103	0
5104	0
5105	0
5106	0
5107	0
5108	0
5109	0
5110	0
5111	0
5112	7
5113	7
5114	7
5115	0
5116	0
5117	0
5118	0
5119	9
5120	3
5121	9
5122	9
5123	3
5124	3
5125	4
5126	4
5127	4
5128	9
5129	9
5130	2
5131	4
5132	5
5133	9
5134	9
5135	1
5136	9
5137	9
5138	1
5139	9
5140	9
5141	9
5142	9
5143	9
5144	2
5145	9
5146	9
5147	4
5148	1
5149	9
5150	2
5151	2
5152	9
5153	9
5154	5
5155	9
5156	9
5157	1
5158	9
5159	5
5160	1
5161	7
5162	2
5163	4
5164	2
5165	9
5166	2
5167	3
5168	3
5169	3
5170	3
5171	9
5172	3
5173	4
5174	4
5175	2
5176	2
5177	9
5178	1
5179	1
5180	4
5181	1
5182	1
5183	5
5184	1
5185	9
5186	9
5187	9
5188	9
5189	2
5190	9
5191	3
5192	9
5193	2
5194	9
5195	9
5196	9
5197	9
5198	2
5199	9
5200	9
5201	9
5202	9
5203	9
5204	9
5205	5
5206	5
5207	5
5208	9
5209	4
5210	2
5211	1
5212	4
5213	1
5214	9
5215	9
5216	9
5217	9
5218	9
5219	9
5220	3
5221	9
5222	9
5223	9
5224	9
5225	9
5226	9
5227	3
5228	9
5229	9
5230	9
5231	9
5232	9
5233	5
5234	5
5235	9
5236	9
5237	3
5238	1
5239	1
5240	2
5241	9
5242	9
5243	9
5244	9
5245	9
5246	5
5247	9
5248	5
5249	5
5250	3
5251	9
5252	1
5253	2
5254	9
5255	2
5256	9
5257	9
5258	9
5259	9
5260	9
5261	3
5262	9
5263	3
5264	5
5265	3
5266	9
5267	1
5268	2
5269	2
5270	2
5271	2
5272	9
5273	9
5274	9
5275	1
5276	9
5277	9
5278	9
5279	2
5280	5
5281	5
5282	9
5283	9
5284	9
5285	2
5286	9
5287	9
5288	2
5289	4
5290	9
5291	2
5292	1
5293	4
5294	3
5295	2
5296	9
5297	2
5298	2
5299	1
5300	2
5301	1
5302	1
5303	9
5304	9
5305	3
5306	3
5307	5
5308	3
5309	3
5310	5
5311	3
5312	2
5313	3
5314	3
5315	1
5316	2
5317	4
5318	9
5319	9
5320	2
5321	5
5322	1
5324	9
5325	5
5326	1
5327	9
5328	2
5329	2
5330	9
5331	9
5332	9
5333	4
5334	4
5335	2
5336	3
5337	9
5338	2
5339	9
5340	4
5341	3
5342	7
5343	2
5344	3
5345	9
5346	4
5347	2
5348	4
5349	9
5350	1
5351	3
5352	9
5353	5
5354	9
5355	9
5356	2
5357	9
5358	5
5359	3
5360	5
5361	9
5362	2
5363	9
5364	9
5365	3
5366	4
5367	4
5368	2
5369	4
5370	2
5371	2
5372	4
5373	9
5374	2
5375	4
5376	1
5377	1
5378	3
5379	9
5380	3
5381	5
5382	1
5383	5
5384	1
5385	4
5386	2
5387	3
5388	2
5389	2
5390	4
5391	2
5392	2
5393	4
5394	2
5395	4
5396	2
5397	3
5398	5
5399	4
5400	9
5401	4
5402	9
5403	2
5404	2
5405	4
5406	2
5407	2
5408	2
5409	2
5410	2
5411	2
5412	2
5413	4
5414	2
5415	2
5416	2
5417	2
5418	1
5419	2
5420	9
5421	9
5422	9
5423	9
5424	9
5425	9
5426	1
5427	4
5428	1
5429	4
5430	4
5431	3
5432	2
5433	4
5434	9
5435	2
5436	4
5437	2
5438	2
5439	3
5440	2
5441	2
5442	4
5443	1
5444	1
5445	9
5446	2
5447	2
5448	2
5449	4
5450	4
5451	2
5452	2
5453	2
5454	2
5455	4
5456	9
5457	2
5458	1
5459	1
5460	2
5461	9
5462	9
5463	2
5464	1
5465	1
5466	9
5467	1
5468	4
5469	2
5470	9
5471	4
5472	1
5473	9
5474	2
5475	4
5476	2
5477	5
5478	3
5479	5
5480	1
5481	2
5482	2
5483	1
5484	2
5485	2
5486	2
5487	4
5488	2
5489	2
5490	2
5491	4
5492	2
5493	9
5494	9
5495	2
5496	9
5497	9
5498	1
5499	9
5500	9
5501	4
5502	2
5503	2
5504	2
5505	2
5506	2
5507	2
5508	4
5509	1
5510	2
5511	3
5512	9
5513	1
5514	5
5515	5
5516	4
5517	3
5518	0
5519	2
5520	2
5521	5
5522	1
5523	9
5524	9
5525	9
5526	4
5527	4
5528	9
5529	2
5530	4
5531	9
5532	1
5533	2
5534	1
5535	2
5536	1
5537	1
5538	9
5539	4
5540	2
5541	2
5542	2
5543	3
5544	3
5545	9
5546	2
5547	2
5548	9
5549	1
5550	4
5551	2
5552	2
5553	2
5554	2
5555	2
5556	9
5557	5
5558	1
5559	5
5560	5
5561	5
5562	4
5563	5
5564	1
5565	1
5566	1
5567	5
5568	5
5569	4
5570	9
5571	9
5572	2
5573	9
5574	2
5575	5
5576	9
5577	4
5578	9
5579	9
5580	3
5581	2
5582	2
5583	2
5584	2
5585	2
5586	1
5587	3
5588	3
5589	9
5590	9
5591	9
5592	3
5593	3
5594	9
5595	3
5596	2
5597	2
5598	2
5599	2
5600	2
5601	5
5602	1
5603	9
5604	9
5605	9
5606	5
5607	9
5608	9
5609	2
5610	1
5611	2
5612	4
5613	9
5614	4
5615	9
5616	9
5617	5
5618	2
5619	2
5620	1
5621	4
5622	9
5623	9
5624	9
5625	3
5626	3
5627	9
5628	9
5629	5
5630	9
5631	3
5632	9
5633	4
5634	3
5635	2
5636	9
5637	3
5638	2
5639	2
5640	2
5641	1
5642	9
5643	9
5644	9
5645	9
5646	5
5647	9
5648	9
5649	3
5650	9
5651	3
5652	2
5653	2
5654	2
5655	2
5656	2
5657	2
5658	9
5659	2
5660	2
5661	3
5662	9
5663	9
5664	1
5665	9
5666	2
5667	9
5668	5
5669	2
5670	1
5671	1
5672	2
5673	3
5674	2
5675	1
5676	9
5677	1
5678	2
5679	3
5680	3
5681	9
5682	9
5683	9
5684	9
5685	2
5686	9
5687	5
5688	4
5689	9
5690	9
5691	9
5692	3
5693	3
5694	9
5695	5
5696	9
5697	9
5698	3
5699	2
5700	2
5701	3
5702	2
5703	2
5704	2
5705	9
5706	9
5707	9
5708	2
5709	2
5710	2
5711	2
5712	9
5713	1
5714	0
5715	4
5716	1
5717	7
5718	9
5719	9
5720	9
5721	1
5722	9
5723	1
5725	9
5726	2
5727	3
5728	9
5729	9
5730	2
5731	9
5732	2
5733	9
5734	2
5735	9
5736	2
5737	3
5738	1
5739	9
5740	9
5741	9
5742	9
5743	3
5744	3
5745	9
5746	9
5747	9
5748	9
5749	2
5750	2
5751	2
5752	2
5753	2
5754	2
5755	2
5756	1
5757	1
5758	1
5759	2
5766	5
5767	9
5768	3
5769	9
5770	1
5771	2
5772	9
5773	9
5774	9
5775	1
5776	4
5777	4
5778	9
5779	9
5780	2
5781	3
5782	5
5783	5
5784	1
5785	1
5786	2
5787	9
5788	5
5789	9
5790	9
5791	5
5792	9
5793	9
5794	9
5795	9
5796	9
5797	9
5798	3
5799	3
5800	9
5801	2
5802	2
5803	2
5804	2
5805	9
5806	2
5807	5
5810	9
5811	9
5812	2
5813	9
5814	1
5815	1
5816	1
5817	1
5818	1
5819	9
5820	9
5821	5
5822	7
5823	9
5824	2
5825	9
5826	9
5827	2
5828	1
5829	9
5830	2
5831	2
5832	1
5833	5
5834	1
5835	1
5836	1
5837	5
5838	1
5839	5
5840	5
5841	9
5842	5
5843	9
5844	3
5845	9
5846	9
5847	9
5848	3
5849	3
5850	9
5851	2
5852	3
5853	9
5854	4
5855	1
5856	9
5857	1
5858	1
5859	2
5860	1
5861	1
5862	5
5863	9
5864	9
5865	3
5866	9
5867	9
5868	9
5869	2
5870	9
5871	7
5872	9
5873	9
5874	3
5875	9
5876	9
5877	9
5878	9
5879	9
5880	9
5881	5
5882	9
5883	5
5884	1
5885	3
5886	3
5887	3
5888	9
5889	3
5890	3
5891	7
5892	1
5893	1
5894	1
5895	7
5896	7
5897	1
5898	1
5899	1
5900	7
5901	1
5902	7
5903	7
5904	7
5905	7
5906	7
5907	7
5908	7
5909	7
5910	7
5911	7
5912	7
5913	7
5914	7
5915	7
5916	7
5917	7
5918	7
5919	7
5920	7
5921	7
5922	7
5923	7
5924	7
5925	7
5926	7
5927	7
5928	7
5929	7
5930	7
5931	7
5932	7
5933	7
5934	7
5935	7
5936	7
5937	7
5938	7
5939	7
5940	7
5941	7
5942	7
5943	7
5944	7
5945	7
5946	7
5947	7
5948	7
5949	7
5950	7
5951	7
5952	7
5953	7
5954	7
5955	7
5956	7
5957	7
5958	7
5959	7
5960	7
5961	7
5962	7
5963	7
5964	7
5965	7
5966	7
5967	7
5968	7
5969	7
5970	7
5971	7
5972	7
5973	7
5974	7
5975	1
5976	7
5977	1
5978	7
5979	7
5980	7
5981	7
5982	7
5983	7
5984	7
5985	7
5986	7
5987	7
5988	7
5989	7
5990	7
5991	7
5992	7
5993	7
5994	7
5995	1
5996	1
5997	7
5998	7
5999	7
6000	1
6001	7
6002	7
6003	7
6004	7
6005	7
6006	7
6007	7
6008	7
6009	7
6010	7
6011	7
6012	7
6013	7
6014	7
6015	7
6016	7
6017	1
6018	7
6019	7
6020	7
6021	7
6022	7
6023	7
6024	7
6025	7
6026	7
6027	7
6028	7
6029	7
6030	7
6031	7
6032	7
6033	7
6034	7
6035	7
6036	7
6037	7
6038	7
6039	7
6040	7
6041	7
6042	7
6043	7
6044	7
6045	7
6046	7
6047	7
6048	7
6049	7
6050	7
6051	7
6052	7
6053	7
6054	7
6055	1
6056	7
6057	7
6058	1
6059	1
6060	7
6061	7
6062	7
6063	7
6064	7
6065	7
6066	7
6067	7
6068	7
6069	7
6070	7
6071	7
6072	7
6073	7
6074	7
6075	7
6076	7
6077	7
6078	7
6079	7
6080	7
6081	7
6082	7
6083	7
6084	7
6085	7
6086	7
6087	7
6088	7
6089	7
6090	7
6091	7
6092	7
6093	7
6094	7
6095	7
6096	7
6097	7
6098	7
6099	7
6100	7
6101	7
6102	7
6103	7
6104	7
6105	7
6106	7
6107	7
6108	7
6109	7
6110	7
6111	7
6112	7
6113	7
6114	7
6115	1
6116	7
6117	7
6118	7
6119	7
6120	7
6121	7
6122	7
6123	7
6124	7
6125	7
6126	7
6127	1
6128	7
6129	7
6130	7
6131	1
6132	1
6133	1
6134	7
6135	7
6136	7
6137	7
6138	7
6139	7
6140	7
6141	7
6142	7
6143	7
6144	7
6145	7
6146	7
6147	7
6148	7
6149	7
6150	7
6151	7
6152	1
6153	7
6154	1
6155	1
6156	7
6157	7
6158	1
6159	1
6160	1
6161	1
6162	7
6163	1
6164	7
6165	7
6166	7
6167	7
6168	7
6169	7
6170	7
6171	7
6172	7
6173	7
6174	7
6175	7
6176	7
6177	7
6178	7
6179	7
6180	7
6181	7
6182	7
6183	7
6184	7
6185	7
6186	7
6187	7
6188	7
6189	7
6190	7
6191	7
6192	7
6193	7
6194	7
6195	7
6196	7
6197	7
6198	7
6199	7
6200	7
6201	7
6202	1
6203	7
6204	7
6205	7
6206	7
6207	1
6208	7
6209	7
6210	7
6211	7
6212	7
6213	7
6214	1
6215	1
6216	7
6217	1
6218	1
6219	7
6220	7
6221	7
6222	1
6223	1
6224	7
6225	7
6226	1
6227	1
6228	1
6229	1
6230	1
6231	1
6232	1
6233	7
6234	1
6235	1
6236	1
6237	7
6238	7
6239	8
6240	8
6241	0
6242	0
6243	0
6244	8
6245	9
6246	8
6247	9
6248	0
6249	8
6250	6
6251	9
6252	8
6253	0
6254	0
6255	9
6256	8
6257	9
6258	8
6259	0
6260	8
6261	0
6262	8
6263	9
6264	8
6265	9
6266	8
6267	9
6268	9
6269	9
6270	9
6271	9
6272	9
6273	9
6274	8
6275	8
6276	8
6277	8
6278	8
6279	8
6280	8
6281	8
6282	8
6283	8
6284	8
6285	8
6286	8
6287	8
6288	8
6289	8
6290	8
6291	9
6292	8
6293	9
6294	8
6295	0
6296	8
6297	8
6298	8
6299	8
6300	8
6301	8
6302	8
6303	8
6304	8
6305	8
6306	8
6307	8
6308	8
6309	8
6310	8
6311	8
6312	8
6313	8
6314	8
6315	8
6316	8
6317	8
6318	8
6319	8
6320	8
6321	8
6322	8
6323	8
6324	8
6325	8
6326	9
6327	6
6328	6
6329	6
6330	9
6331	8
6332	6
6333	0
6334	8
6335	9
6336	9
6337	8
6338	8
6339	8
6340	8
6341	8
6342	8
6343	8
6344	8
6345	8
6346	8
6347	8
6348	8
6349	8
6350	8
6351	8
6352	6
6353	8
6354	8
6355	8
6356	8
6357	8
6358	8
6359	0
6360	8
6361	8
6362	6
6363	8
6364	8
6365	9
6366	0
6367	8
6368	0
6369	6
6370	0
6371	8
6372	8
6373	0
6374	0
6375	8
6376	8
6377	8
6378	8
6379	8
6380	8
6381	8
6382	8
6383	8
6384	8
6385	8
6386	8
6387	8
6388	8
6389	8
6390	8
6391	8
6392	8
6393	6
6394	0
6395	6
6396	8
6397	8
6398	8
6399	8
6400	8
6401	8
6402	6
6403	6
6404	8
6405	9
6406	9
6407	0
6408	8
6409	0
6410	8
6411	6
6412	8
6413	8
6414	8
6415	8
6416	8
6417	8
6418	5
6419	8
6420	8
6421	8
6422	8
6423	8
6424	8
6425	8
6426	8
6427	8
6428	8
6429	8
6430	8
6431	8
6432	8
6433	6
6435	8
6436	8
6437	8
6438	8
6439	8
6440	8
6441	8
6442	8
6443	8
6444	8
6445	8
6446	8
6447	8
6448	8
6449	8
6450	8
6451	8
6452	8
6453	8
6454	8
6455	0
6456	8
6457	5
6458	8
6459	9
6460	8
6461	6
6462	6
6463	6
6464	5
6465	6
6466	8
6467	8
6468	0
6469	8
6470	8
6471	8
6472	8
6474	8
6475	0
6476	8
6477	8
6478	8
6479	8
6480	8
6481	8
6482	8
6483	8
6484	8
6485	8
6486	8
6487	8
6488	8
6489	8
6490	8
6491	8
6492	8
6493	8
6494	8
6495	8
6496	8
6497	8
6498	8
6499	8
6500	8
6501	8
6502	8
6503	8
6504	8
6505	8
6506	8
6507	8
6508	8
6509	0
6510	8
6511	8
6512	9
6513	8
6514	8
6515	8
6516	8
6517	6
6518	8
6519	8
6520	8
6521	8
6522	8
6523	8
6524	8
6525	8
6526	8
6527	8
6528	0
6529	8
6530	8
6531	8
6532	6
6533	0
6534	0
6535	8
6536	6
6537	8
6538	8
6539	8
6540	8
6541	8
6542	0
6543	8
6544	8
6545	0
6546	8
6547	9
6548	8
6549	8
6550	8
6551	8
6552	8
6553	6
6554	8
6555	8
6556	8
6557	8
6558	0
6559	0
6560	8
6561	0
6562	8
6563	8
6564	8
6565	1
6566	1
6567	1
6568	1
6569	1
6570	1
6571	1
6572	1
6573	1
6574	1
6575	1
6576	1
6577	1
6578	1
6579	1
6580	1
6581	1
6582	1
6583	1
6584	1
6585	1
6586	1
6587	1
6588	1
6589	1
6590	1
6591	1
6592	1
6593	1
6594	1
6595	1
6596	1
6597	1
6598	1
6599	1
6600	1
6601	1
6602	1
6603	1
6604	1
6605	1
6606	1
6607	1
6608	1
6609	1
6610	1
6611	1
6612	1
6613	1
6614	1
6615	0
6616	1
6617	1
6618	1
6619	7
6620	7
6621	0
6622	7
6623	1
6624	1
6625	1
6626	8
6627	1
6628	1
6629	1
6630	1
6631	1
6632	8
6633	1
6634	1
6635	1
6636	1
6637	1
6638	1
6639	1
6640	1
6641	8
6642	1
6643	8
6644	1
6645	1
6646	1
6647	8
6648	1
6650	7
6651	1
6652	1
6653	8
6654	8
6655	1
6656	8
6657	1
6658	1
6659	1
6660	8
6661	8
6662	8
6663	1
6664	8
6665	8
6666	8
6667	8
6668	8
6669	8
6671	1
6672	8
6679	7
6683	8
6684	8
6685	1
6686	1
6687	1
6688	1
6689	1
6690	1
6691	8
6692	8
6693	8
6694	1
6695	8
6696	8
6697	8
6698	1
6699	8
6700	1
6701	8
6702	1
6703	8
6704	1
6705	8
6706	1
6707	1
6708	8
6709	1
6710	1
6711	1
6712	1
6713	1
6714	1
6715	1
6716	1
6717	1
6718	0
6719	1
6720	8
6721	1
6722	8
6723	1
6724	1
6725	1
6726	1
6727	1
6728	1
6729	1
6730	1
6731	8
6732	1
6733	8
6734	1
6735	1
6736	1
6737	1
6738	8
6739	1
6740	1
6741	1
6742	1
6743	1
6744	8
6745	1
6746	8
6747	1
6748	1
6749	1
6750	8
6751	8
6752	8
6753	1
6754	1
6755	8
6756	8
6757	1
6758	1
6759	1
6760	1
6761	1
6762	1
6763	1
6764	7
6765	7
6766	7
6767	1
6768	1
6769	0
6770	0
6771	7
6772	7
6773	1
6774	7
6775	7
6776	7
6777	7
6778	7
6779	7
6780	7
6781	7
6782	7
6783	7
6784	7
6785	7
6786	7
6787	7
6788	7
6789	7
6790	7
6791	7
6792	7
6793	7
6794	7
6795	7
6796	7
6797	7
6798	7
6799	7
6800	7
6801	7
6802	7
6803	7
6804	7
6805	7
6806	7
6807	7
6808	7
6809	7
6810	7
6811	7
6812	1
6813	7
6814	1
6815	7
6816	7
6817	7
6818	7
6819	7
6820	0
6821	0
6822	0
6823	0
6824	7
6825	0
6826	0
6827	7
6828	7
6829	7
6830	0
6831	0
6832	0
6833	1
6834	0
6835	1
6836	1
6837	0
6838	0
6839	0
6840	0
6841	0
6842	7
6843	0
6844	0
6845	0
6846	0
6847	7
6848	0
6849	0
6850	0
6851	0
6852	0
6853	0
6854	0
6855	0
6856	0
6857	0
6858	7
6859	0
6860	0
6861	0
6862	0
6863	0
6864	0
6865	0
6866	0
6867	7
6868	0
6869	7
6870	0
6871	1
6872	7
6873	7
6874	7
6875	7
6876	7
6877	7
6878	0
6879	0
6880	0
6881	0
6882	0
6883	0
6884	0
6885	0
6886	0
6887	0
6888	0
6889	0
6890	0
6891	0
6892	0
6893	0
6894	1
6895	1
6896	0
6897	0
6898	0
6899	0
6900	0
6901	0
6902	7
6903	7
6904	0
6905	1
6906	1
6907	1
6908	7
6909	0
6910	0
6911	0
6912	1
6913	0
6914	0
6915	0
6916	7
6917	0
6918	0
6919	7
6920	7
6921	7
6922	7
6923	7
6924	7
6925	7
6926	7
6927	7
6928	7
6929	7
6930	7
6931	0
6932	7
6933	7
6934	7
6935	0
6936	0
6937	7
6938	0
6939	0
6940	7
6941	7
6942	0
6943	0
6944	0
6945	0
6946	0
6947	0
6948	0
6949	0
6950	0
6951	0
6952	0
6953	0
6954	0
6955	0
6956	0
6957	0
6958	0
6959	0
6960	0
6961	0
6962	0
6963	0
6964	0
6965	0
6966	0
