1	7
2	1
3	7
4	1
5	7
6	7
7	1
8	1
9	1
10	1
11	1
12	7
13	1
14	7
15	7
16	7
17	7
18	1
19	1
20	7
21	1
22	1
23	1
24	1
25	7
26	1
27	1
28	1
29	1
30	1
31	1
32	7
33	7
34	7
35	7
36	7
37	7
38	7
39	7
40	7
41	7
42	7
43	7
44	7
45	7
46	7
47	7
48	7
49	7
50	7
51	7
52	7
53	7
54	7
55	7
56	7
57	7
58	7
59	7
60	7
61	7
62	7
63	1
64	7
65	1
66	7
67	7
68	0
69	0
70	7
71	7
72	1
73	7
74	1
75	1
76	7
77	1
78	1
79	7
80	1
81	7
82	1
83	7
84	1
85	1
86	1
87	1
88	1
89	1
90	1
91	1
92	1
93	1
94	1
95	1
96	1
97	1
98	1
99	1
100	1
101	1
102	1
103	1
104	1
105	1
106	7
107	7
108	1
109	0
110	1
111	1
112	7
113	1
114	7
115	7
116	1
117	0
118	7
119	7
120	7
121	7
122	7
123	1
124	1
125	1
126	1
127	1
128	1
129	1
130	1
131	1
132	1
133	1
134	1
135	1
136	7
137	7
138	7
139	1
140	1
141	1
142	1
143	1
144	1
145	1
146	7
147	1
148	1
149	1
150	1
151	7
152	0
153	0
154	1
155	1
156	7
157	7
158	7
159	7
160	1
161	7
162	1
163	1
164	1
165	1
166	1
167	1
168	1
169	1
170	1
171	7
172	1
173	1
174	1
175	1
176	7
177	7
178	7
179	7
180	7
181	7
182	0
183	7
184	1
185	0
186	1
187	1
188	1
189	1
190	1
191	1
192	1
193	1
194	7
195	7
196	1
197	7
198	0
199	1
200	1
201	0
202	0
203	0
204	1
205	7
206	7
207	1
208	1
209	1
210	1
211	1
212	1
213	1
214	1
215	1
216	0
217	1
218	1
219	7
220	7
221	7
222	7
223	0
224	1
225	1
226	1
227	1
228	1
229	0
230	7
231	7
232	7
233	7
234	1
235	1
236	1
237	1
238	1
239	7
240	7
241	7
242	7
243	7
244	0
245	0
246	0
247	1
248	1
249	1
250	1
251	1
252	7
253	7
254	7
255	0
256	7
257	7
258	0
259	1
260	0
261	0
262	0
263	0
264	0
265	0
266	0
267	0
268	0
269	7
270	6
271	0
272	0
273	7
274	6
275	0
276	0
277	0
278	7
279	1
280	1
281	7
282	7
283	7
284	7
285	7
286	7
287	7
288	0
289	0
290	0
291	7
292	0
293	7
294	0
295	0
296	7
297	0
298	0
299	0
300	0
301	7
302	7
303	7
304	0
305	1
306	0
307	0
308	0
309	7
310	7
311	4
312	1
313	4
314	1
315	0
316	0
317	4
318	1
319	0
320	0
321	0
322	1
323	7
324	1
325	1
326	1
327	1
328	0
329	1
330	0
331	0
332	0
333	7
334	7
335	0
336	0
337	7
338	0
339	7
340	1
341	0
342	0
343	9
344	9
345	9
346	9
347	9
348	9
349	9
350	9
351	9
352	9
353	9
354	9
355	9
357	9
358	9
359	9
360	9
361	9
362	9
363	9
365	9
366	9
367	9
368	9
369	9
370	9
372	9
373	9
374	9
375	9
376	9
377	9
378	9
379	9
380	9
381	9
382	9
383	9
384	9
385	9
386	9
387	9
388	9
389	9
390	9
391	9
392	9
393	9
394	9
395	9
396	9
397	9
398	9
399	9
400	9
401	9
402	9
403	9
404	9
405	9
406	9
407	9
408	9
409	9
410	9
411	9
412	9
413	9
414	9
415	9
416	9
417	9
418	9
419	9
420	9
421	9
422	9
423	9
424	9
425	9
426	9
427	9
428	9
429	9
430	9
431	9
432	9
434	9
435	9
436	9
438	9
439	0
440	0
441	0
442	0
443	0
444	0
445	0
446	0
447	0
448	0
449	0
450	0
451	0
452	0
453	0
454	0
455	0
456	0
457	0
458	0
459	0
460	0
461	0
462	0
463	0
464	0
465	0
466	0
467	0
468	0
469	0
470	0
471	0
472	0
473	0
474	0
475	0
476	0
477	0
478	0
479	0
480	0
481	0
482	0
483	0
484	0
485	0
486	0
487	0
488	0
489	0
490	0
491	0
492	0
493	0
494	0
495	0
496	0
497	0
498	0
499	0
500	0
501	0
502	0
503	0
504	0
505	0
506	0
507	0
508	0
509	0
510	0
511	0
512	0
513	0
514	0
515	0
516	0
517	0
518	0
519	0
520	0
521	0
522	0
523	0
524	0
525	0
526	0
527	0
528	0
529	0
530	0
531	0
532	0
533	0
534	0
535	0
536	0
538	0
539	0
540	0
541	0
542	0
543	0
544	0
545	0
546	0
547	0
548	0
549	0
550	0
551	0
552	0
553	0
554	0
555	0
556	0
557	0
558	0
559	0
560	0
561	0
562	0
563	0
564	0
565	0
566	0
567	0
568	0
569	0
570	0
571	0
572	0
573	0
574	0
575	0
576	0
577	0
578	0
579	0
580	0
581	0
582	0
583	0
584	0
585	0
586	0
587	0
588	0
589	0
590	0
591	0
592	0
593	0
594	0
595	0
596	0
597	0
598	0
599	0
600	0
601	0
602	0
603	0
604	0
605	0
606	0
607	0
608	0
609	0
610	0
611	0
612	0
613	0
614	0
615	0
616	0
617	0
618	0
619	0
620	0
621	0
622	0
623	0
624	0
625	0
626	0
627	0
628	0
629	0
630	0
631	0
632	0
633	0
634	0
635	0
636	0
637	0
638	0
639	0
640	0
641	0
642	0
643	0
644	0
645	0
646	1
647	1
648	1
649	1
650	1
651	1
652	1
653	1
654	1
655	7
656	1
657	0
658	7
659	1
660	0
661	0
662	0
663	0
664	0
665	0
666	6
667	0
668	0
669	6
670	0
671	0
672	0
673	0
674	0
675	0
676	0
677	0
678	0
679	0
680	0
681	0
682	0
683	0
684	0
685	0
686	0
687	0
688	0
689	6
690	0
691	6
692	6
693	6
694	0
695	0
696	0
697	0
698	0
699	6
700	0
701	0
702	0
703	0
704	0
705	0
706	0
707	6
708	0
709	0
710	0
711	0
712	0
713	0
714	0
715	0
716	0
717	6
718	8
719	0
720	8
721	0
722	8
723	8
724	8
725	0
726	0
727	0
728	0
729	0
730	0
731	0
732	0
733	0
734	0
735	0
736	0
737	0
738	0
739	0
740	0
741	0
742	0
743	0
744	0
745	6
746	6
747	0
748	0
749	0
750	0
751	6
752	1
753	1
754	1
755	1
756	0
757	0
758	1
759	1
760	1
761	1
762	7
763	0
764	1
765	1
766	1
767	1
768	1
769	0
770	9
771	0
772	0
773	0
774	0
775	0
776	7
777	0
778	7
779	7
780	0
781	7
782	7
783	7
784	7
785	0
786	0
787	0
788	0
789	7
790	0
791	0
792	0
793	9
794	0
795	1
796	7
797	7
798	7
799	9
800	7
801	7
802	1
803	7
804	7
805	7
806	7
807	7
808	7
809	7
810	7
811	7
812	7
813	7
814	7
815	7
816	7
817	7
818	7
819	7
820	7
821	7
822	7
823	7
824	7
825	7
826	7
827	7
828	7
829	7
830	7
831	1
832	7
833	0
834	0
835	0
836	1
837	0
838	0
839	0
840	0
841	0
842	1
843	0
844	7
845	0
846	1
847	1
848	1
849	1
850	1
851	1
852	1
853	1
854	1
855	1
856	1
857	1
858	1
859	1
860	1
861	1
862	1
863	1
864	1
865	1
866	1
867	1
868	1
869	1
870	1
871	1
872	0
873	7
874	7
875	0
876	0
877	7
878	0
879	0
880	7
881	1
882	1
883	1
884	1
885	7
886	7
887	1
888	1
889	1
890	1
891	0
892	7
893	7
894	1
895	1
896	1
897	1
898	1
899	1
900	1
901	1
902	1
903	1
904	1
905	0
906	0
907	0
908	0
909	1
910	1
911	0
912	1
913	1
914	1
915	7
916	7
917	1
918	1
919	1
920	1
921	7
922	7
923	7
924	1
925	7
926	7
927	7
928	1
929	7
930	1
931	1
932	1
933	1
934	7
935	7
936	1
937	1
938	0
939	0
940	0
941	0
942	0
943	0
944	0
945	1
946	0
947	7
948	7
949	7
950	7
951	0
952	0
953	0
954	0
955	0
956	0
957	1
958	1
959	1
960	1
961	1
962	1
963	1
964	1
965	7
966	0
967	1
968	7
969	7
970	7
971	7
972	0
973	0
974	1
975	0
976	1
977	0
978	0
979	0
980	7
981	7
982	7
983	0
984	0
985	0
986	0
987	7
988	0
989	1
990	1
991	0
992	7
993	7
994	1
995	1
996	1
997	1
998	0
999	0
1000	1
1001	1
1002	1
1003	1
1004	7
1005	0
1006	7
1007	0
1008	1
1009	8
1010	8
1011	8
1012	8
1013	8
1014	8
1015	8
1016	8
1017	8
1018	8
1019	8
1020	8
1021	8
1022	8
1023	8
1024	8
1025	8
1026	8
1027	8
1028	8
1029	8
1030	8
1031	8
1032	8
1033	8
1034	8
1035	8
1036	8
1037	8
1038	8
1039	8
1040	8
1041	8
1042	8
1043	8
1044	8
1045	8
1046	8
1051	8
1052	8
1053	8
1054	8
1055	8
1056	8
1057	8
1058	8
1059	8
1060	8
1061	8
1062	8
1063	8
1064	8
1065	8
1066	8
1068	8
1069	8
1070	8
1071	8
1072	8
1073	8
1074	8
1075	8
1076	8
1077	8
1078	8
1079	8
1080	8
1081	8
1082	8
1084	8
1085	8
1087	8
1088	8
1089	8
1090	8
1091	8
1092	8
1093	8
1094	8
1095	8
1096	8
1097	8
1099	8
1101	8
1102	8
1103	8
1104	8
1105	8
1106	8
1107	8
1108	8
1109	8
1110	8
1111	1
1112	1
1113	8
1114	8
1115	8
1116	8
1117	8
1118	8
1120	8
1121	8
1122	8
1123	8
1124	8
1125	8
1126	8
1127	8
1128	8
1129	8
1130	8
1131	8
1132	8
1133	8
1134	8
1135	8
1136	8
1137	8
1138	8
1139	8
1140	8
1141	8
1142	8
1143	8
1144	8
1145	8
1146	8
1147	8
1149	8
1151	8
1157	8
1160	8
1161	8
1162	8
1163	8
1164	8
1165	8
1167	8
1168	8
1169	8
1170	8
1171	8
1172	8
1173	8
1174	8
1175	8
1176	8
1177	9
1178	9
1179	9
1181	8
1182	9
1185	9
1189	8
1190	9
1191	9
1192	9
1193	9
1194	9
1195	9
1196	9
1197	9
1198	9
1199	9
1200	9
1201	9
1202	8
1203	9
1204	8
1205	9
1206	9
1207	9
1208	9
1209	9
1210	9
1211	9
1212	9
1213	9
1214	9
1215	9
1216	9
1217	5
1218	6
1219	5
1220	5
1221	6
1222	5
1223	5
1224	6
1225	5
1226	6
1227	5
1228	5
1229	6
1230	6
1231	6
1232	5
1233	9
1234	9
1235	9
1236	4
1237	4
1238	5
1239	5
1240	6
1241	4
1242	4
1243	4
1244	4
1245	4
1246	4
1247	4
1249	4
1250	4
1251	4
1252	3
1253	3
1254	4
1255	3
1256	3
1257	3
1258	3
1259	3
1260	3
1261	3
1263	4
1264	4
1265	4
1266	4
1267	3
1268	3
1269	3
1270	3
1271	4
1272	4
1273	4
1274	4
1275	4
1276	4
1277	4
1278	4
1279	4
1280	4
1281	4
1282	4
1283	4
1284	4
1285	4
1286	4
1287	4
1288	4
1289	4
1290	4
1291	4
1292	4
1293	5
1294	4
1295	2
1296	2
1297	2
1298	2
1299	2
1300	2
1301	2
1302	2
1303	2
1304	2
1305	2
1306	2
1307	4
1308	2
1309	2
1310	2
1311	2
1312	2
1313	9
1314	9
1315	3
1316	9
1317	3
1318	3
1319	3
1320	3
1321	3
1322	3
1323	3
1324	3
1325	1
1326	4
1327	4
1328	3
1329	3
1330	4
1331	3
1332	3
1333	3
1334	9
1335	3
1336	3
1337	3
1338	3
1339	3
1340	3
1341	4
1342	4
1343	4
1344	4
1345	2
1346	4
1347	2
1348	4
1349	5
1350	5
1351	1
1352	5
1353	5
1354	5
1355	5
1356	5
1357	5
1358	5
1359	6
1360	4
1361	2
1362	4
1363	4
1364	4
1365	2
1366	2
1367	2
1368	4
1369	2
1370	5
1371	5
1372	2
1374	3
1375	3
1376	4
1377	6
1378	5
1379	5
1380	5
1381	5
1382	5
1383	5
1384	5
1385	5
1386	5
1387	5
1388	6
1389	5
1390	5
1391	5
1392	8
1393	8
1394	8
1395	8
1396	5
1397	9
1398	9
1399	9
1400	9
1401	9
1402	9
1403	9
1404	9
1405	9
1406	9
1407	9
1408	4
1409	4
1410	3
1411	6
1412	3
1413	6
1414	6
1415	3
1416	3
1417	3
1418	3
1419	4
1420	4
1421	4
1422	4
1423	4
1424	4
1425	3
1426	3
1427	3
1429	4
1432	3
1433	4
1434	4
1435	2
1436	4
1437	4
1438	4
1439	4
1440	2
1441	2
1442	9
1443	9
1444	4
1445	4
1446	4
1447	4
1448	2
1449	2
1450	2
1451	2
1452	4
1453	2
1454	4
1455	2
1456	2
1457	2
1458	2
1459	2
1460	2
1461	4
1462	4
1463	2
1464	4
1465	4
1466	3
1467	3
1468	1
1469	1
1470	3
1471	1
1472	3
1473	3
1474	3
1475	3
1476	7
1477	7
1478	7
1479	7
1480	7
1481	7
1482	7
1483	4
1484	7
1485	7
1486	3
1487	4
1488	3
1489	4
1490	3
1491	3
1492	4
1493	4
1494	4
1495	4
1496	4
1497	3
1498	4
1499	4
1500	3
1501	4
1502	4
1503	4
1504	4
1505	4
1506	2
1507	4
1508	4
1509	4
1510	2
1511	2
1512	2
1513	4
1514	4
1515	4
1516	2
1517	5
1518	5
1519	5
1520	5
1521	5
1522	5
1523	5
1524	5
1525	5
1526	4
1527	4
1528	3
1529	3
1530	3
1531	3
1533	3
1534	3
1535	4
1536	5
1537	2
1538	4
1539	4
1540	2
1541	2
1542	2
1543	2
1544	5
1545	5
1546	5
1547	5
1548	1
1549	5
1550	5
1551	1
1552	5
1553	8
1554	8
1555	8
1556	6
1557	6
1558	6
1559	6
1560	6
1561	3
1562	3
1563	9
1564	9
1565	9
1566	9
1567	9
1568	5
1569	5
1570	3
1571	3
1572	6
1573	3
1574	4
1575	4
1576	3
1577	6
1578	4
1579	4
1580	4
1581	4
1582	3
1584	4
1585	4
1586	4
1587	4
1588	4
1589	4
1590	4
1591	4
1592	4
1593	4
1594	4
1596	4
1597	4
1598	4
1599	4
1600	4
1601	4
1602	4
1603	4
1604	4
1605	2
1606	4
1607	4
1608	4
1609	4
1610	4
1611	4
1612	2
1613	4
1614	4
1615	4
1616	2
1617	4
1618	4
1619	4
1620	4
1621	4
1622	2
1623	2
1624	2
1625	2
1626	2
1627	2
1628	4
1629	4
1630	2
1631	4
1632	4
1633	4
1634	2
1635	4
1636	3
1637	3
1638	3
1639	9
1640	3
1641	3
1642	3
1643	3
1644	3
1645	3
1646	4
1647	3
1648	4
1649	4
1650	4
1651	4
1652	4
1653	4
1654	4
1655	4
1656	3
1657	3
1658	3
1659	3
1660	3
1661	3
1662	4
1663	3
1664	3
1665	3
1666	4
1667	4
1668	3
1669	3
1670	3
1671	3
1672	2
1673	2
1674	2
1675	2
1676	2
1677	2
1678	2
1679	2
1680	2
1681	2
1682	4
1683	2
1684	2
1685	4
1686	4
1687	4
1688	5
1689	5
1690	5
1691	5
1692	5
1693	5
1694	5
1695	5
1696	2
1697	2
1698	4
1699	9
1700	2
1701	2
1702	5
1703	5
1704	2
1705	2
1706	2
1707	4
1708	4
1709	4
1710	4
1711	4
1712	4
1713	9
1714	9
1715	1
1716	1
1717	1
1718	1
1719	1
1720	1
1721	5
1722	5
1723	6
1724	3
1725	6
1726	3
1727	3
1728	3
1729	3
1730	5
1731	6
1732	5
1733	5
1734	6
1735	5
1736	5
1737	4
1738	4
1739	3
1740	4
1741	4
1742	3
1743	3
1744	3
1745	3
1746	4
1747	4
1748	4
1749	4
1750	4
1751	4
1752	4
1753	4
1754	2
1755	9
1756	4
1757	9
1758	9
1759	4
1760	9
1761	4
1762	9
1763	4
1764	4
1765	2
1766	4
1767	4
1769	4
1770	4
1771	4
1772	2
1773	2
1774	2
1775	2
1776	4
1777	2
1778	2
1779	2
1780	4
1781	4
1782	4
1783	4
1784	2
1785	2
1786	2
1787	2
1788	2
1789	2
1790	2
1791	2
1792	2
1793	2
1795	2
1796	2
1797	2
1798	2
1799	2
1800	2
1801	3
1802	3
1803	3
1804	3
1805	3
1806	3
1807	3
1808	3
1809	3
1810	3
1811	3
1812	3
1813	3
1814	3
1815	5
1816	3
1817	3
1818	3
1819	3
1820	9
1821	3
1822	3
1823	3
1824	3
1825	3
1826	3
1827	3
1828	3
1829	4
1830	4
1831	4
1832	4
1833	4
1834	4
1835	2
1836	2
1837	2
1838	2
1839	4
1840	4
1841	4
1842	4
1843	4
1844	4
1845	2
1846	4
1847	4
1848	4
1849	4
1850	5
1851	5
1852	5
1853	5
1854	5
1855	5
1856	5
1857	3
1858	9
1859	3
1860	9
1861	3
1862	3
1863	9
1864	9
1865	4
1866	7
1867	5
1868	5
1869	5
1870	5
1871	5
1872	5
1873	5
1874	5
1875	5
1876	3
1877	3
1878	3
1879	6
1880	6
1881	6
1882	6
1883	6
1884	6
1885	5
1886	6
1887	5
1888	6
1889	6
1890	6
1891	6
1892	5
1893	5
1894	5
1895	5
1896	4
1897	4
1898	3
1899	4
1900	4
1901	3
1902	3
1903	3
1904	4
1905	4
1906	4
1907	4
1908	4
1909	4
1910	4
1911	4
1912	4
1913	4
1914	4
1915	4
1916	4
1917	4
1918	4
1919	4
1920	4
1921	4
1922	4
1923	9
1924	4
1925	4
1926	4
1927	4
1928	4
1929	4
1930	4
1931	4
1932	4
1933	4
1934	2
1935	4
1936	4
1937	2
1938	4
1939	5
1940	4
1941	4
1942	4
1943	4
1944	4
1945	4
1946	4
1947	2
1948	2
1949	2
1950	2
1951	4
1952	4
1953	4
1954	2
1955	4
1956	4
1957	2
1958	2
1959	4
1960	4
1961	4
1962	4
1963	4
1964	4
1965	3
1966	9
1967	3
1968	3
1969	3
1970	3
1971	3
1972	3
1973	3
1974	9
1975	3
1976	3
1977	4
1978	3
1979	4
1980	4
1981	4
1982	4
1983	4
1984	4
1985	3
1986	4
1987	4
1988	4
1989	4
1990	3
1991	3
1992	4
1993	2
1994	2
1995	2
1996	2
1997	4
1998	4
1999	2
2000	2
2001	4
2002	4
2003	4
2004	4
2005	4
2006	4
2007	2
2008	4
2009	2
2010	4
2011	5
2012	5
2013	7
2014	1
2015	6
2016	7
2017	5
2018	5
2019	5
2020	7
2021	6
2022	7
2023	5
2024	5
2025	6
2026	5
2027	5
2028	5
2029	5
2030	5
2031	5
2032	5
2033	6
2034	6
2035	6
2036	6
2037	6
2038	6
2039	6
2040	6
2041	5
2042	5
2043	5
2044	5
2045	5
2046	3
2047	6
2048	6
2049	6
2050	6
2051	6
2052	4
2053	4
2054	4
2055	4
2056	4
2057	4
2058	4
2059	4
2060	4
2061	4
2062	4
2063	4
2064	4
2065	4
2066	4
2067	4
2068	4
2069	4
2070	4
2071	4
2072	4
2073	4
2074	4
2075	4
2076	4
2077	4
2078	4
2079	5
2080	5
2081	5
2082	5
2083	5
2084	5
2085	4
2086	4
2087	4
2088	4
2089	4
2090	4
2091	4
2092	4
2093	4
2094	2
2095	6
2096	6
2097	4
2098	2
2099	2
2100	2
2101	2
2102	2
2103	2
2104	2
2105	2
2106	2
2107	2
2108	2
2109	2
2110	2
2111	2
2112	2
2113	3
2114	3
2115	3
2116	3
2117	3
2118	3
2119	3
2120	3
2121	3
2122	4
2123	9
2124	4
2125	3
2126	9
2127	3
2128	3
2129	3
2130	4
2131	4
2132	4
2133	4
2134	4
2135	4
2136	4
2137	4
2138	4
2139	4
2140	4
2141	4
2142	4
2143	2
2144	2
2145	2
2146	4
2147	9
2148	9
2149	9
2150	4
2151	4
2152	5
2153	9
2154	5
2155	3
2156	4
2157	3
2158	5
2161	1
2162	1
2163	6
2164	5
2165	7
2166	7
2167	1
2168	1
2169	1
2170	3
2171	1
2172	1
2173	6
2174	7
2175	6
2176	6
2177	6
2178	7
2179	7
2180	7
2181	7
2182	5
2183	5
2184	1
2185	5
2186	5
2187	5
2188	5
2189	5
2190	6
2191	5
2192	5
2193	6
2194	6
2195	6
2196	6
2197	6
2198	6
2199	6
2200	6
2201	6
2202	6
2203	5
2204	6
2205	6
2206	6
2207	3
2208	4
2209	4
2210	4
2211	3
2212	4
2213	4
2215	4
2216	4
2217	6
2218	6
2219	3
2220	4
2221	4
2222	4
2223	4
2224	4
2225	4
2226	4
2227	4
2228	4
2229	4
2230	4
2231	4
2232	4
2233	4
2234	4
2235	4
2236	4
2237	4
2238	4
2239	6
2240	6
2241	4
2242	4
2243	4
2244	4
2245	4
2246	4
2247	4
2248	4
2249	4
2250	4
2251	4
2252	4
2253	4
2254	4
2255	6
2256	6
2257	1
2258	5
2259	3
2260	3
2261	1
2262	1
2263	1
2264	1
2265	3
2266	9
2267	9
2268	3
2269	3
2270	3
2271	3
2272	3
2273	4
2274	3
2275	3
2276	3
2277	3
2278	4
2279	4
2280	4
2281	4
2282	4
2283	4
2284	4
2285	4
2286	4
2287	4
2288	4
2289	4
2290	4
2291	2
2292	2
2293	4
2294	2
2295	2
2296	4
2297	4
2298	2
2299	2
2300	4
2301	2
2302	3
2303	5
2304	5
2305	2
2306	0
2307	1
2308	1
2309	2
2310	7
2311	1
2312	7
2313	1
2314	1
2315	1
2316	7
2317	1
2318	2
2319	2
2320	2
2321	2
2322	2
2323	2
2324	6
2325	6
2326	6
2327	6
2328	6
2329	6
2330	6
2331	1
2332	5
2333	5
2334	5
2335	5
2336	3
2337	3
2338	3
2339	6
2340	3
2341	3
2342	6
2343	3
2344	6
2345	6
2346	6
2347	6
2348	6
2349	6
2350	6
2351	6
2352	6
2353	6
2354	6
2355	4
2356	3
2357	9
2358	6
2359	6
2360	6
2361	5
2362	5
2363	5
2364	6
2365	6
2366	4
2367	6
2368	6
2369	4
2370	4
2371	4
2372	3
2373	3
2374	4
2375	4
2376	4
2377	4
2378	4
2379	4
2380	4
2381	4
2382	4
2383	4
2384	4
2385	4
2386	4
2387	4
2388	4
2389	4
2390	4
2391	4
2392	4
2393	4
2394	9
2395	9
2396	4
2397	4
2398	4
2399	4
2400	4
2401	4
2402	4
2403	5
2404	6
2405	6
2406	5
2407	5
2408	6
2409	6
2410	6
2411	5
2412	4
2413	4
2414	4
2415	4
2416	5
2417	4
2418	5
2419	5
2420	6
2421	5
2422	5
2423	5
2424	6
2425	1
2426	3
2427	3
2428	3
2429	3
2430	3
2431	3
2432	3
2433	3
2434	3
2435	3
2436	3
2437	3
2438	9
2439	5
2440	5
2441	5
2442	5
2443	3
2444	7
2445	3
2446	7
2447	7
2448	4
2449	4
2450	7
2451	7
2452	7
2453	4
2454	7
2455	4
2456	4
2457	4
2458	4
2459	4
2460	4
2461	4
2462	4
2463	4
2464	4
2465	5
2466	5
2467	6
2468	1
2469	5
2470	1
2471	5
2472	7
2473	1
2474	1
2475	1
2476	1
2477	1
2478	1
2479	1
2480	2
2481	2
2482	2
2483	2
2484	1
2485	9
2486	1
2487	1
2488	9
2489	1
2490	1
2491	1
2492	1
2493	1
2494	1
2495	1
2496	3
2497	5
2498	6
2499	6
2500	6
2501	6
2502	6
2503	5
2504	6
2505	3
2506	3
2507	6
2508	5
2509	5
2510	4
2511	4
2512	4
2513	4
2514	9
2515	9
2516	4
2517	3
2518	4
2520	4
2521	4
2522	3
2523	4
2524	4
2525	4
2526	6
2527	6
2528	6
2529	4
2530	6
2531	6
2532	6
2533	6
2534	6
2535	6
2536	4
2537	4
2538	4
2539	4
2540	4
2541	4
2542	4
2543	4
2544	4
2545	3
2546	4
2547	4
2548	4
2549	4
2550	4
2551	4
2552	4
2553	4
2554	4
2555	4
2556	4
2557	4
2558	4
2559	4
2560	4
2561	4
2562	4
2563	4
2564	4
2565	4
2566	4
2567	4
2568	4
2569	5
2570	2
2571	5
2572	5
2573	5
2574	5
2575	5
2576	4
2577	2
2578	2
2579	4
2580	5
2581	5
2582	5
2583	5
2584	5
2585	5
2586	2
2587	5
2588	5
2589	5
2590	3
2591	1
2592	3
2593	3
2594	3
2595	1
2596	3
2597	3
2598	1
2599	1
2600	1
2601	5
2602	3
2603	5
2604	3
2605	3
2606	5
2607	4
2608	4
2609	3
2610	3
2611	7
2612	3
2613	3
2614	3
2615	3
2616	4
2617	4
2618	4
2619	4
2620	4
2621	4
2622	4
2623	4
2624	4
2625	4
2626	3
2627	5
2628	4
2629	5
2630	3
2631	3
2632	1
2633	3
2634	1
2635	1
2636	1
2637	5
2638	1
2639	1
2640	7
2641	1
2642	2
2643	2
2644	2
2645	2
2646	9
2647	2
2648	2
2649	3
2650	1
2651	1
2652	1
2653	1
2654	5
2655	1
2656	3
2657	3
2658	5
2659	6
2660	5
2661	6
2662	6
2663	5
2664	5
2665	5
2666	6
2667	3
2668	4
2669	4
2670	4
2671	4
2672	4
2673	5
2674	2
2675	5
2676	4
2677	2
2678	2
2679	5
2680	2
2681	5
2682	5
2683	4
2684	5
2685	6
2686	6
2687	6
2688	6
2689	5
2690	6
2691	5
2692	5
2693	5
2694	5
2695	6
2696	6
2697	4
2698	4
2699	4
2700	4
2701	3
2702	3
2703	4
2704	4
2705	4
2706	4
2707	3
2708	4
2710	4
2711	4
2712	4
2713	4
2714	4
2715	4
2716	4
2717	4
2718	4
2719	4
2720	4
2721	4
2722	4
2723	4
2724	5
2725	5
2726	5
2727	5
2728	2
2729	5
2730	5
2731	5
2732	2
2733	2
2734	2
2735	9
2736	4
2737	2
2738	2
2739	4
2740	2
2741	1
2742	1
2743	1
2744	1
2745	1
2746	1
2747	3
2748	1
2749	1
2750	1
2751	1
2752	1
2753	1
2754	5
2755	5
2756	3
2757	5
2758	3
2759	7
2760	7
2761	5
2762	5
2763	3
2764	3
2765	3
2766	9
2767	9
2768	3
2769	3
2770	3
2771	3
2772	3
2773	4
2774	4
2775	3
2776	7
2777	1
2778	4
2779	2
2780	2
2781	4
2782	4
2783	4
2784	2
2785	2
2786	2
2787	2
2788	2
2789	2
2790	2
2791	4
2792	2
2793	4
2794	4
2795	4
2796	6
2797	4
2798	3
2799	3
2800	3
2801	2
2802	4
2803	1
2804	1
2805	1
2806	7
2807	1
2808	1
2809	1
2810	2
2811	2
2812	1
2813	2
2814	2
2815	2
2816	2
2817	2
2818	1
2819	1
2820	3
2821	3
2822	3
2823	3
2824	3
2825	5
2826	3
2827	3
2828	3
2829	3
2830	6
2831	6
2832	6
2833	3
2834	5
2835	5
2836	5
2837	5
2838	5
2839	5
2840	5
2841	5
2842	5
2843	5
2844	5
2845	2
2846	5
2847	5
2848	3
2849	7
2850	7
2851	7
2852	4
2853	5
2854	4
2855	4
2856	3
2857	4
2858	4
2859	4
2860	4
2861	4
2862	4
2863	3
2864	4
2865	4
2866	4
2867	4
2868	4
2869	4
2870	4
2871	3
2872	4
2873	4
2874	4
2875	4
2876	4
2877	4
2878	4
2879	4
2880	4
2881	4
2882	4
2883	4
2884	4
2885	4
2886	4
2887	4
2888	4
2889	4
2890	4
2891	4
2892	4
2893	2
2894	2
2895	5
2896	5
2897	2
2898	4
2899	2
2900	2
2901	2
2902	4
2903	2
2904	4
2905	2
2906	2
2907	2
2908	4
2909	2
2910	4
2911	4
2912	4
2913	1
2914	1
2915	1
2916	1
2917	5
2918	1
2919	3
2920	5
2921	5
2922	5
2923	3
2924	5
2925	5
2926	5
2927	5
2928	5
2929	5
2930	5
2931	5
2932	5
2933	3
2934	3
2935	3
2936	3
2937	3
2938	3
2939	9
2940	3
2941	9
2942	9
2943	3
2944	9
2945	9
2946	2
2947	4
2948	4
2949	4
2950	4
2951	4
2952	4
2953	4
2954	4
2955	2
2956	2
2957	4
2958	3
2959	3
2960	3
2961	5
2962	5
2964	5
2965	3
2966	4
2967	1
2968	1
2969	0
2970	0
2971	1
2972	1
2973	2
2974	4
2975	7
2976	2
2977	2
2978	7
2979	7
2980	3
2981	3
2982	3
2983	3
2984	3
2985	6
2986	6
2987	3
2988	3
2989	6
2990	3
2991	3
2992	5
2993	6
2994	3
2995	3
2996	5
2997	7
2998	7
2999	4
3000	3
3001	9
3002	9
3003	3
3004	3
3005	3
3006	3
3007	3
3008	4
3009	4
3010	4
3011	4
3012	4
3013	4
3014	4
3015	4
3016	4
3017	3
3018	4
3019	4
3020	4
3021	3
3022	9
3023	4
3024	4
3025	4
3026	4
3027	4
3028	3
3029	4
3030	3
3031	4
3032	3
3033	4
3034	3
3035	3
3036	4
3037	3
3038	3
3039	9
3040	9
3041	4
3042	4
3043	4
3044	4
3045	4
3046	4
3047	4
3048	4
3049	4
3050	4
3051	4
3052	4
3053	4
3054	4
3055	4
3056	4
3057	4
3058	4
3059	4
3060	4
3061	4
3062	4
3063	4
3064	4
3065	2
3066	4
3067	2
3068	5
3069	5
3070	5
3071	5
3072	2
3073	2
3074	2
3075	2
3076	2
3077	6
3078	2
3079	2
3080	4
3081	1
3082	3
3083	3
3084	1
3085	3
3086	1
3087	1
3088	1
3089	3
3090	3
3091	1
3092	1
3093	5
3094	5
3095	5
3096	3
3097	5
3098	9
3099	4
3100	9
3101	9
3102	9
3103	9
3104	9
3105	9
3106	2
3107	5
3108	2
3109	2
3110	4
3111	3
3112	3
3113	9
3114	3
3115	3
3116	7
3117	3
3118	4
3119	4
3120	4
3121	4
3122	4
3123	2
3124	6
3125	6
3126	3
3127	3
3128	4
3129	5
3130	3
3131	5
3132	5
3133	6
3135	4
3136	1
3137	1
3138	0
3139	1
3140	5
3141	0
3142	7
3143	2
3144	2
3145	4
3146	4
3147	4
3148	3
3149	3
3150	3
3151	5
3152	3
3153	5
3154	3
3155	3
3156	3
3157	3
3158	3
3159	3
3160	3
3161	3
3162	5
3163	4
3164	7
3165	9
3166	9
3167	9
3168	9
3169	4
3170	4
3171	4
3172	4
3173	4
3174	4
3175	4
3176	4
3177	4
3178	4
3179	2
3180	2
3181	2
3184	4
3185	2
3186	4
3187	2
3188	9
3189	4
3190	4
3191	4
3192	5
3193	4
3194	4
3195	4
3196	9
3197	4
3198	4
3199	4
3200	4
3201	4
3202	4
3203	4
3204	4
3205	4
3206	4
3212	4
3213	4
3214	4
3215	4
3216	4
3217	4
3218	4
3219	4
3220	4
3221	4
3222	4
3223	2
3224	2
3225	2
3226	2
3227	6
3228	2
3229	4
3230	4
3231	4
3232	4
3233	6
3234	5
3235	5
3236	4
3237	2
3238	2
3239	2
3240	5
3241	1
3242	3
3243	3
3244	3
3245	1
3246	3
3247	1
3248	3
3249	3
3250	3
3251	9
3252	9
3253	9
3254	3
3255	9
3256	9
3257	9
3258	3
3259	9
3260	9
3261	5
3262	3
3263	3
3264	3
3265	3
3266	9
3267	9
3268	3
3269	3
3270	3
3271	3
3272	9
3273	2
3274	2
3275	7
3276	2
3277	4
3278	2
3279	2
3280	4
3281	3
3282	5
3284	5
3285	4
3286	4
3287	6
3288	9
3289	9
3292	4
3293	0
3294	0
3295	0
3296	5
3297	5
3298	5
3299	4
3300	4
3301	3
3302	3
3303	3
3304	6
3305	6
3306	5
3307	5
3308	5
3309	6
3310	3
3311	3
3312	5
3313	3
3314	3
3315	6
3316	6
3317	6
3318	5
3319	6
3320	3
3321	3
3322	4
3323	7
3324	2
3325	4
3326	4
3327	4
3328	4
3329	4
3330	4
3331	6
3332	6
3333	2
3334	2
3335	9
3336	4
3337	9
3338	4
3339	4
3340	9
3341	9
3342	4
3343	9
3344	4
3345	4
3346	4
3347	4
3348	4
3350	4
3351	4
3352	4
3353	4
3355	4
3356	4
3357	4
3358	4
3359	4
3360	4
3361	4
3362	4
3363	4
3364	2
3365	4
3366	4
3367	4
3368	4
3369	4
3370	9
3371	9
3372	4
3373	4
3374	2
3375	2
3376	2
3377	2
3378	5
3379	5
3380	5
3381	5
3382	5
3383	5
3384	2
3385	5
3386	5
3387	2
3388	5
3389	5
3390	5
3391	2
3392	2
3393	2
3394	2
3395	4
3396	4
3397	2
3398	2
3399	4
3400	3
3401	3
3402	3
3403	3
3404	5
3405	3
3406	3
3407	3
3408	9
3409	9
3410	9
3411	3
3412	3
3413	5
3414	3
3415	3
3416	3
3417	3
3418	3
3419	3
3420	3
3421	3
3422	3
3423	3
3424	4
3425	4
3426	4
3427	4
3428	4
3429	4
3430	0
3431	2
3432	4
3433	4
3434	4
3435	4
3436	4
3437	4
3438	4
3439	6
3440	5
3441	4
3442	2
3443	4
3444	4
3445	4
3446	4
3447	5
3448	4
3449	1
3450	3
3451	7
3452	7
3453	7
3454	7
3455	7
3456	7
3457	5
3458	7
3459	5
3460	5
3461	5
3462	3
3463	6
3464	3
3465	3
3466	6
3467	5
3468	3
3469	5
3470	5
3471	1
3472	3
3473	3
3474	3
3475	5
3476	6
3477	8
3478	8
3479	3
3480	3
3481	3
3482	6
3483	5
3484	6
3485	5
3486	6
3487	6
3488	6
3489	6
3490	6
3491	6
3492	6
3493	6
3494	6
3495	6
3496	9
3497	9
3498	9
3499	9
3500	9
3501	9
3502	9
3503	9
3504	4
3505	4
3506	4
3507	3
3508	4
3509	4
3510	4
3513	3
3514	3
3515	3
3516	4
3517	4
3518	4
3519	4
3520	4
3521	4
3522	4
3523	4
3524	9
3525	4
3526	4
3527	4
3528	4
3529	4
3530	4
3531	4
3533	4
3534	4
3535	4
3536	4
3537	4
3538	4
3539	4
3540	4
3541	4
3542	4
3543	4
3544	4
3545	4
3546	2
3547	2
3548	4
3549	4
3550	4
3551	2
3552	4
3553	4
3554	4
3555	4
3556	2
3557	4
3558	4
3559	2
3560	2
3561	4
3562	2
3563	2
3564	2
3565	2
3566	2
3567	2
3568	3
3569	3
3570	3
3571	3
3572	3
3573	3
3574	3
3575	4
3576	4
3577	3
3578	3
3579	3
3580	3
3581	5
3582	5
3583	3
3584	3
3585	3
3586	7
3587	3
3588	3
3589	9
3590	9
3591	9
3592	3
3593	9
3594	4
3595	4
3596	4
3597	4
3598	4
3599	4
3600	4
3601	4
3602	4
3603	3
3604	1
3605	5
3606	1
3607	2
3608	3
3609	1
3610	3
3611	1
3612	3
3614	1
3615	9
3616	5
3617	1
3618	7
3619	1
3620	7
3621	7
3622	6
3623	6
3624	6
3625	6
3626	6
3627	5
3628	5
3629	5
3630	5
3631	5
3632	1
3633	1
3634	5
3635	5
3636	1
3637	1
3638	5
3639	1
3640	3
3641	3
3642	8
3643	5
3644	5
3645	6
3646	3
3647	5
3648	6
3649	6
3650	3
3651	6
3652	6
3653	6
3654	6
3655	5
3656	5
3657	9
3658	9
3659	9
3660	3
3661	9
3662	3
3663	3
3664	3
3665	9
3666	5
3667	5
3668	6
3669	4
3670	4
3671	4
3672	4
3673	4
3674	4
3675	4
3676	4
3677	4
3678	4
3679	3
3680	4
3681	3
3682	3
3684	4
3685	4
3686	4
3687	4
3688	4
3689	4
3690	4
3691	4
3692	4
3693	4
3694	4
3695	4
3696	4
3697	4
3698	4
3699	4
3700	4
3701	4
3702	4
3703	4
3704	4
3705	4
3706	4
3707	4
3708	4
3709	4
3710	4
3711	2
3712	2
3713	4
3715	2
3717	2
3718	2
3719	4
3720	2
3721	2
3722	2
3723	2
3724	2
3725	2
3726	3
3727	3
3728	9
3729	3
3730	9
3731	3
3732	9
3733	9
3734	3
3735	3
3736	9
3737	9
3738	9
3739	9
3740	3
3741	3
3742	9
3743	9
3744	7
3745	7
3746	4
3747	3
3748	9
3749	3
3750	4
3751	3
3752	3
3753	3
3754	3
3755	3
3756	2
3757	4
3758	2
3759	2
3760	2
3761	4
3762	4
3763	4
3764	4
3768	4
3769	5
3770	4
3771	1
3772	7
3773	7
3774	7
3775	5
3776	3
3777	3
3778	5
3779	6
3780	6
3781	6
3782	6
3783	6
3784	6
3785	6
3786	6
3787	6
3788	6
3789	6
3790	8
3791	8
3792	8
3793	8
3794	8
3795	8
3796	8
3797	8
3798	8
3799	8
3800	8
3801	8
3802	8
3803	8
3804	8
3805	8
3806	8
3807	8
3808	8
3809	8
3810	8
3811	8
3812	8
3813	8
3814	8
3815	8
3816	8
3817	8
3818	8
3819	8
3820	8
3821	8
3822	8
3823	8
3824	8
3825	8
3826	8
3827	8
3828	8
3829	8
3830	8
3831	8
3832	8
3833	8
3834	8
3835	8
3836	8
3837	8
3838	8
3839	8
3840	8
3841	8
3842	8
3843	8
3844	8
3845	8
3846	8
3847	8
3848	8
3849	8
3850	8
3851	8
3852	8
3853	8
3854	8
3855	8
3856	8
3857	8
3858	8
3859	8
3860	8
3861	8
3862	8
3863	8
3864	8
3865	8
3866	8
3867	8
3868	8
3869	8
3870	8
3871	8
3872	8
3873	8
3874	8
3875	8
3876	8
3877	8
3878	8
3879	8
3880	8
3883	8
3884	8
3885	8
3886	8
3887	8
3888	8
3889	8
3890	8
3892	8
3893	8
3894	8
3897	8
3898	8
3899	8
3900	8
3901	8
3902	8
3903	8
3904	8
3905	8
3906	8
3907	8
3908	8
3909	8
3910	8
3911	8
3912	8
3913	8
3914	8
3915	8
3916	8
3917	8
3918	8
3919	8
3920	8
3921	8
3922	8
3923	8
3924	8
3925	8
3926	8
3927	8
3928	8
3929	8
3930	8
3931	8
3932	8
3933	8
3934	8
3935	8
3936	8
3937	8
3938	8
3939	8
3940	8
3941	8
3942	8
3943	8
3944	8
3945	8
3946	8
3947	8
3948	8
3949	8
3950	8
3951	8
3952	8
3953	8
3954	8
3955	8
3956	8
3957	8
3958	8
3959	8
3960	8
3961	8
3962	8
3963	8
3964	8
3965	8
3966	8
3967	8
3968	8
3969	8
3970	8
3971	8
3972	8
3973	8
3974	8
3975	8
3976	8
3977	8
3978	8
3979	8
3980	8
3981	8
3982	8
3983	8
3985	8
3986	8
3987	7
3988	6
3989	0
3990	1
3991	1
3992	1
3993	0
3994	0
3995	0
3996	0
3997	0
3998	7
3999	0
4000	7
4001	1
4002	1
4003	7
4004	0
4005	0
4006	7
4007	7
4008	1
4009	7
4010	7
4011	7
4012	0
4013	0
4014	0
4015	0
4016	0
4017	0
4018	0
4019	7
4020	7
4021	1
4022	7
4023	7
4024	0
4025	7
4026	1
4027	7
4028	7
4029	7
4030	7
4031	0
4032	7
4033	7
4034	7
4035	7
4036	0
4037	0
4038	7
4039	1
4040	1
4041	7
4042	7
4043	0
4044	7
4045	0
4046	0
4047	0
4048	0
4049	7
4050	7
4051	7
4052	7
4053	7
4054	7
4055	7
4056	7
4057	0
4058	0
4059	0
4060	0
4061	0
4062	0
4063	7
4064	0
4065	0
4066	7
4067	7
4068	0
4069	0
4070	0
4071	0
4072	0
4073	0
4074	7
4075	7
4076	7
4077	0
4078	8
4079	8
4080	8
4081	0
4082	8
4083	8
4084	8
4085	8
4086	8
4087	8
4088	8
4089	8
4090	8
4091	8
4092	8
4093	8
4094	0
4095	8
4096	8
4097	8
4098	8
4099	8
4100	8
4101	8
4102	8
4103	8
4104	8
4105	8
4106	7
4107	8
4108	8
4109	8
4110	0
4111	0
4112	8
4113	0
4114	0
4115	0
4116	0
4117	8
4118	8
4119	8
4120	0
4121	0
4122	0
4123	0
4124	0
4125	8
4126	0
4127	8
4128	8
4129	0
4130	0
4131	8
4132	8
4133	8
4134	0
4135	0
4136	8
4137	8
4138	0
4139	0
4140	8
4141	8
4142	0
4143	8
4144	0
4145	8
4146	0
4147	0
4148	0
4149	8
4150	7
4151	8
4152	0
4153	8
4154	8
4155	0
4156	0
4157	8
4158	8
4159	8
4160	8
4161	1
4162	1
4163	7
4164	7
4165	1
4166	1
4167	1
4168	1
4169	1
4170	7
4171	7
4172	1
4173	1
4174	7
4175	7
4176	1
4177	7
4178	1
4179	7
4180	7
4181	7
4182	7
4183	7
4184	7
4185	7
4186	1
4187	1
4188	1
4189	1
4190	1
4191	1
4192	1
4193	1
4194	1
4195	1
4196	1
4197	7
4198	7
4199	1
4200	1
4201	1
4202	1
4203	1
4204	1
4205	7
4206	7
4207	7
4208	1
4209	8
4210	8
4211	8
4212	8
4213	8
4214	8
4215	8
4216	8
4217	8
4218	8
4219	8
4220	8
4221	8
4222	8
4223	8
4224	8
4225	8
4226	8
4227	8
4228	8
4229	9
4230	8
4231	8
4232	8
4233	8
4234	8
4235	8
4236	8
4237	8
4238	8
4239	8
4240	8
4241	8
4242	8
4243	8
4244	8
4245	8
4246	8
4247	9
4248	8
4249	8
4250	9
4251	9
4252	8
4253	8
4254	8
4255	8
4256	8
4257	8
4258	8
4259	8
4260	8
4261	8
4262	8
4263	8
4264	8
4265	8
4266	1
4267	7
4268	7
4269	9
4270	7
4271	7
4272	7
4273	7
4274	7
4275	7
4276	7
4277	1
4278	7
4279	1
4280	0
4281	1
4282	1
4283	7
4284	7
4285	1
4286	1
4287	7
4288	7
4289	1
4290	7
4291	7
4292	1
4293	7
4294	1
4295	7
4296	7
4297	7
4298	7
4299	1
4300	7
4301	1
4302	1
4303	7
4304	1
4305	0
4306	9
4307	7
4308	7
4309	7
4310	1
4311	7
4312	9
4313	7
4314	1
4315	7
4316	1
4317	1
4318	7
4319	7
4320	7
4321	1
4322	7
4323	1
4324	1
4325	7
4326	7
4327	7
4328	1
4329	7
4330	1
4331	0
4332	0
4333	7
4334	0
4335	0
4336	0
4337	0
4338	0
4339	0
4340	9
4341	1
4342	7
4343	1
4344	7
4345	7
4346	1
4347	9
4348	7
4349	1
4350	0
4351	1
4352	7
4353	7
4354	9
4355	1
4356	9
4357	1
4358	1
4359	9
4360	7
4361	9
4362	9
4363	9
4364	9
4365	7
4366	7
4367	0
4368	1
4369	7
4370	7
4371	4
4372	7
4373	7
4374	7
4375	1
4376	0
4377	7
4378	1
4379	0
4380	7
4381	7
4382	1
4383	1
4384	1
4385	9
4386	7
4387	9
4388	9
4389	1
4390	7
4391	7
4392	9
4393	7
4394	9
4395	1
4396	1
4397	7
4398	0
4399	1
4400	7
4401	7
4402	1
4403	1
4404	7
4405	9
4406	7
4407	9
4408	9
4409	9
4410	9
4411	9
4412	7
4413	7
4414	1
4415	7
4416	7
4417	7
4418	7
4419	9
4420	1
4421	1
4422	1
4423	9
4424	9
4425	9
4426	9
4427	0
4428	9
4429	1
4430	7
4431	7
4432	9
4433	1
4434	0
4435	1
4436	1
4437	1
4438	7
4439	1
4440	0
4441	7
4442	1
4443	7
4444	1
4445	7
4446	7
4447	7
4448	1
4449	7
4450	7
4451	7
4452	1
4453	7
4454	7
4455	0
4456	7
4457	7
4458	0
4459	7
4460	7
4461	7
4462	7
4463	7
4464	7
4465	1
4466	1
4467	1
4468	7
4469	7
4470	7
4471	7
4472	1
4473	1
4474	1
4475	7
4476	1
4477	0
4478	7
4479	7
4480	7
4481	7
4482	7
4483	7
4484	1
4485	1
4486	1
4487	0
4488	9
4489	7
4490	8
4496	8
4497	8
4498	8
4499	8
4500	8
4501	8
4502	8
4503	8
4504	8
4510	8
4511	8
4512	8
4513	8
4514	8
4515	8
4516	8
4517	8
4518	8
4519	8
4520	8
4521	8
4522	8
4523	8
4524	8
4525	8
4526	8
4527	7
4528	7
4529	1
4530	7
4531	1
4532	1
4533	7
4534	1
4535	7
4536	7
4537	1
4538	7
4539	1
4540	7
4541	1
4542	7
4543	1
4544	1
4545	7
4546	1
4547	1
4548	7
4549	7
4550	1
4551	7
4552	7
4553	7
4554	6
4555	6
4556	6
4557	5
4558	6
4559	6
4560	6
4561	8
4562	6
4563	6
4564	8
4565	8
4566	6
4567	8
4568	8
4569	6
4570	8
4571	3
4572	3
4573	8
4574	6
4575	6
4576	5
4577	5
4578	5
4579	5
4580	5
4581	5
4582	5
4583	6
4584	6
4585	6
4586	8
4587	8
4588	6
4589	5
4590	5
4591	6
4592	6
4596	8
4597	8
4599	8
4600	8
4601	8
4602	8
4603	8
4607	8
4608	6
4609	6
4610	6
4611	3
4612	6
4613	6
4614	6
4615	6
4616	6
4617	8
4618	8
4619	8
4620	8
4621	0
4622	8
4623	6
4624	6
4625	6
4626	6
4627	3
4628	5
4629	5
4630	5
4631	5
4632	5
4633	5
4634	5
4635	6
4636	6
4637	6
4638	8
4639	8
4640	8
4641	8
4642	5
4643	5
4644	5
4645	3
4646	6
4647	5
4648	6
4649	6
4650	6
4651	6
4652	5
4653	8
4654	8
4655	8
4656	8
4657	3
4658	6
4659	8
4660	8
4661	5
4662	6
4663	7
4664	6
4665	6
4666	6
4667	6
4668	6
4669	6
4670	6
4671	5
4672	6
4673	5
4674	6
4675	0
4676	0
4677	0
4678	7
4679	5
4680	6
4681	5
4682	5
4683	6
4684	3
4685	5
4686	6
4687	6
4688	6
4689	6
4690	6
4691	6
4692	3
4693	5
4694	5
4695	5
4696	5
4697	5
4698	3
4699	8
4700	8
4701	3
4702	3
4703	3
4704	8
4705	3
4706	8
4707	3
4708	5
4709	3
4710	5
4711	6
4712	6
4713	5
4714	5
4715	5
4716	5
4717	5
4718	6
4719	6
4720	3
4721	3
4722	5
4723	8
4724	5
4725	3
4726	5
4727	5
4728	5
4729	3
4730	6
4731	5
4732	5
4733	6
4734	3
4735	6
4736	3
4737	3
4738	6
4739	5
4740	6
4741	5
4742	5
4743	3
4744	3
4745	3
4746	5
4747	5
4748	3
4749	3
4750	3
4751	3
4752	3
4753	6
4754	6
4755	3
4756	3
4757	8
4758	6
4759	8
4760	6
4761	8
4762	8
4763	6
4764	8
4765	3
4766	3
4767	3
4768	6
4769	3
4770	8
4771	3
4772	6
4773	6
4774	6
4775	6
4776	6
4777	6
4778	6
4779	5
4780	5
4781	8
4782	8
4783	8
4784	8
4785	3
4786	6
4787	8
4788	6
4789	6
4790	6
4791	6
4792	6
4793	3
4794	3
4795	6
4796	8
4797	6
4798	3
4799	8
4800	3
4801	6
4802	6
4803	8
4804	8
4805	6
4806	8
4807	3
4808	6
4809	8
4810	3
4811	3
4812	8
4813	8
4815	8
4816	8
4817	8
4818	8
4819	8
4820	8
4821	8
4822	8
4823	8
4826	3
4827	6
4828	8
4829	6
4830	6
4831	6
4832	6
4833	8
4834	8
4835	8
4836	6
4837	8
4838	8
4839	8
4840	6
4841	8
4842	6
4843	6
4844	6
4845	8
4846	6
4847	6
4848	8
4849	8
4850	8
4851	6
4852	6
4853	8
4854	3
4855	6
4856	6
4857	8
4858	6
4859	6
4860	6
4861	6
4862	3
4863	6
4864	6
4865	6
4866	6
4867	5
4868	8
4869	5
4870	5
4871	5
4872	6
4873	6
4874	6
4875	6
4876	5
4877	9
4878	6
4879	5
4880	6
4881	6
4882	6
4883	6
4884	6
4885	6
4886	6
4887	6
4888	6
4889	6
4890	6
4891	6
4892	5
4893	8
4894	5
4895	5
4896	8
4897	6
4898	6
4899	6
4900	5
4901	8
4902	8
4903	8
4904	0
4905	6
4906	6
4907	8
4908	8
4909	6
4910	6
4911	6
4912	6
4913	6
4914	5
4915	6
4916	6
4917	6
4918	5
4919	5
4920	5
4921	5
4922	5
4923	5
4924	3
4925	6
4926	6
4927	3
4928	3
4929	6
4930	3
4931	3
4932	5
4933	3
4934	0
4935	6
4936	6
4937	5
4938	6
4939	6
4940	0
4941	6
4942	8
4943	6
4944	5
4945	6
4946	5
4947	6
4948	8
4949	8
4950	8
4951	9
4953	9
4954	9
4955	9
4956	9
4958	9
4959	9
4961	9
4966	9
4968	1
4969	1
4970	5
4971	5
4972	1
4973	5
4974	1
4975	1
4976	1
4977	1
4978	8
4979	4
4980	4
4981	4
4982	1
4983	1
4984	1
4985	1
4986	1
4987	1
4988	1
4989	4
4990	4
4991	1
4992	4
4993	1
4994	1
4995	4
4996	1
4997	1
4998	1
4999	1
5000	4
5001	4
5002	1
5003	1
5004	1
5005	1
5006	1
5007	1
5008	1
5009	1
5010	5
5011	1
5012	1
5013	1
5014	8
5015	1
5016	1
5017	1
5018	1
5019	1
5020	1
5021	8
5022	1
5023	1
5024	1
5025	1
5026	4
5027	1
5028	4
5029	1
5030	8
5031	1
5032	1
5033	8
5034	1
5035	8
5036	1
5037	8
5038	8
5039	8
5040	8
5041	8
5042	8
5043	8
5044	8
5045	8
5046	8
5047	8
5048	8
5049	8
5050	8
5051	8
5052	8
5053	1
5054	1
5055	1
5058	1
5059	1
5063	8
5066	1
5067	1
5068	1
5069	1
5070	0
5071	9
5072	1
5073	5
5074	1
5075	1
5076	1
5077	1
5078	1
5079	1
5080	5
5081	1
5082	1
5083	1
5084	1
5085	1
5086	1
5087	1
5088	1
5089	1
5090	1
5091	1
5092	0
5093	7
5094	0
5095	0
5096	0
5097	0
5098	0
5099	0
5100	0
5101	0
5102	0
5103	0
5104	0
5105	0
5106	0
5107	0
5108	0
5109	0
5110	0
5111	0
5112	7
5113	0
5114	7
5115	0
5116	0
5117	0
5118	0
5119	9
5120	3
5121	3
5122	3
5123	3
5124	3
5125	4
5126	3
5127	2
5128	4
5129	2
5130	9
5131	2
5132	5
5133	9
5134	9
5135	1
5136	9
5137	9
5138	1
5139	9
5140	9
5141	9
5142	9
5143	9
5144	3
5145	9
5146	2
5147	4
5148	9
5149	9
5150	2
5151	2
5152	9
5153	9
5154	9
5155	9
5156	5
5157	9
5158	9
5159	9
5160	1
5161	9
5162	2
5163	4
5164	2
5165	9
5166	4
5167	3
5168	9
5169	3
5170	3
5171	9
5172	9
5173	1
5174	4
5175	2
5176	1
5177	9
5178	1
5179	9
5180	2
5181	9
5182	1
5183	5
5184	1
5185	9
5186	9
5187	9
5188	4
5189	9
5190	9
5191	2
5192	2
5193	9
5194	9
5195	9
5196	9
5197	9
5198	9
5199	9
5200	9
5201	9
5202	9
5203	9
5204	9
5205	5
5206	9
5207	9
5208	9
5209	2
5210	2
5211	5
5212	4
5213	1
5214	9
5215	4
5216	3
5217	9
5218	3
5219	3
5220	3
5221	3
5222	9
5223	9
5224	9
5225	9
5226	9
5227	3
5228	9
5229	1
5230	9
5231	5
5232	9
5233	9
5234	9
5235	5
5236	9
5237	3
5238	1
5239	1
5240	1
5241	9
5242	9
5243	9
5244	9
5245	9
5246	5
5247	9
5248	9
5249	5
5250	9
5251	3
5252	2
5253	2
5254	9
5255	2
5256	3
5257	9
5258	9
5259	9
5260	9
5261	9
5262	5
5263	5
5264	5
5265	3
5266	9
5267	1
5268	2
5269	2
5270	2
5271	2
5272	9
5273	9
5274	9
5275	1
5276	9
5277	9
5278	1
5279	9
5280	1
5281	5
5282	9
5283	9
5284	9
5285	4
5286	9
5287	9
5288	9
5289	2
5290	9
5291	9
5292	1
5293	3
5294	1
5295	3
5296	9
5297	9
5298	9
5299	1
5300	1
5301	1
5302	1
5303	9
5304	9
5305	5
5306	3
5307	5
5308	5
5309	5
5310	5
5311	2
5312	4
5313	2
5314	2
5315	1
5316	2
5317	4
5318	9
5319	9
5320	2
5321	5
5322	1
5324	5
5325	5
5326	1
5327	9
5328	9
5329	2
5330	9
5331	9
5332	9
5333	4
5334	4
5335	2
5336	2
5337	4
5338	4
5339	4
5340	2
5341	2
5342	1
5343	4
5344	3
5345	9
5346	2
5347	2
5348	4
5349	9
5350	4
5351	9
5352	9
5353	1
5354	9
5355	2
5356	2
5357	9
5358	9
5359	3
5360	3
5361	9
5362	2
5363	9
5364	9
5365	3
5366	4
5367	4
5368	2
5369	2
5370	4
5371	2
5372	2
5373	2
5374	2
5375	2
5376	1
5377	1
5378	9
5379	3
5380	3
5381	5
5382	1
5383	5
5384	1
5385	4
5386	2
5387	4
5388	2
5389	2
5390	2
5391	2
5392	2
5393	2
5394	2
5395	2
5396	2
5397	2
5398	9
5399	2
5400	9
5401	4
5402	4
5403	4
5404	2
5405	4
5406	2
5407	2
5408	4
5409	2
5410	4
5411	4
5412	2
5413	4
5414	7
5415	7
5416	2
5417	2
5418	1
5419	9
5420	4
5421	4
5422	5
5423	3
5424	9
5425	2
5426	1
5427	2
5428	9
5429	2
5430	2
5431	9
5432	2
5433	4
5434	4
5435	1
5436	2
5437	2
5438	2
5439	3
5440	2
5441	4
5442	9
5443	9
5444	1
5445	9
5446	2
5447	2
5448	2
5449	2
5450	4
5451	2
5452	2
5453	2
5454	2
5455	4
5456	4
5457	7
5458	1
5459	1
5460	2
5461	3
5462	1
5463	2
5464	5
5465	4
5466	5
5467	1
5468	2
5469	1
5470	9
5471	2
5472	5
5473	9
5474	2
5475	4
5476	9
5477	5
5478	2
5479	1
5480	1
5481	1
5482	2
5483	2
5484	1
5485	1
5486	2
5487	2
5488	2
5489	2
5490	2
5491	2
5492	2
5493	9
5494	2
5495	2
5496	2
5497	9
5498	1
5499	4
5500	3
5501	9
5502	2
5503	2
5504	2
5505	2
5506	2
5507	2
5508	2
5509	1
5510	2
5511	3
5512	4
5513	1
5514	1
5515	5
5516	4
5517	2
5518	1
5519	2
5520	3
5521	9
5522	1
5523	1
5524	1
5525	2
5526	2
5527	4
5528	9
5529	1
5530	4
5531	2
5532	1
5533	1
5534	1
5535	1
5536	1
5537	2
5538	9
5539	4
5540	2
5541	2
5542	2
5543	2
5544	2
5545	9
5546	2
5547	9
5548	9
5549	1
5550	1
5551	9
5552	2
5553	2
5554	2
5555	2
5556	9
5557	9
5558	5
5559	1
5560	9
5561	5
5562	7
5563	5
5564	5
5565	5
5566	5
5567	5
5568	5
5569	4
5570	9
5571	9
5572	9
5573	9
5574	9
5575	1
5576	9
5577	9
5578	9
5579	9
5580	4
5581	2
5582	2
5583	2
5584	2
5585	2
5586	1
5587	9
5588	9
5589	2
5590	9
5591	9
5592	3
5593	3
5594	3
5595	3
5596	2
5597	2
5598	2
5599	2
5600	2
5601	1
5602	1
5603	9
5604	9
5605	9
5606	5
5607	9
5608	1
5609	1
5610	5
5611	1
5612	4
5613	5
5614	9
5615	9
5616	2
5617	1
5618	2
5619	4
5620	5
5621	4
5622	9
5623	3
5624	3
5625	3
5626	3
5627	9
5628	9
5629	5
5630	9
5631	2
5632	2
5633	4
5634	2
5635	2
5636	2
5637	2
5638	2
5639	2
5640	2
5641	1
5642	9
5643	3
5644	9
5645	3
5646	5
5647	9
5648	9
5649	3
5650	9
5651	3
5652	2
5653	2
5654	2
5655	2
5656	2
5657	2
5658	9
5659	2
5660	2
5661	9
5662	9
5663	9
5664	1
5665	9
5666	4
5667	3
5668	5
5669	2
5670	1
5671	1
5672	9
5673	2
5674	2
5675	1
5676	9
5677	1
5678	2
5679	2
5680	3
5681	2
5682	9
5683	9
5684	2
5685	1
5686	9
5687	5
5688	2
5689	9
5690	3
5691	3
5692	3
5693	3
5694	9
5695	5
5696	9
5697	9
5698	3
5699	2
5700	2
5701	3
5702	2
5703	2
5704	2
5705	5
5706	9
5707	2
5708	2
5709	3
5710	2
5711	2
5712	9
5713	1
5714	1
5715	9
5716	1
5717	9
5718	3
5719	9
5720	9
5721	4
5722	5
5723	1
5725	9
5726	2
5727	9
5728	9
5729	4
5730	2
5731	9
5732	2
5733	3
5734	4
5735	9
5736	2
5737	1
5738	5
5739	9
5740	9
5741	3
5742	9
5743	3
5744	3
5745	9
5746	9
5747	3
5748	3
5749	2
5750	2
5751	2
5752	2
5753	2
5754	2
5755	2
5756	1
5757	1
5758	1
5759	9
5766	5
5767	4
5768	9
5769	9
5770	1
5771	2
5772	2
5773	9
5774	2
5775	1
5776	4
5777	4
5778	4
5779	9
5780	1
5781	2
5782	9
5783	1
5784	1
5785	5
5786	9
5787	9
5788	5
5789	5
5790	9
5791	5
5792	9
5793	9
5794	3
5795	3
5796	9
5797	9
5798	3
5799	9
5800	3
5801	2
5802	2
5803	2
5804	2
5805	1
5806	2
5807	9
5810	5
5811	9
5812	9
5813	5
5814	1
5815	1
5816	1
5817	1
5818	1
5819	2
5820	9
5821	9
5822	1
5823	3
5824	2
5825	9
5826	9
5827	2
5828	1
5829	9
5830	2
5831	1
5832	1
5833	9
5834	1
5835	1
5836	1
5837	9
5838	1
5839	5
5840	9
5841	9
5842	5
5843	9
5844	3
5845	9
5846	3
5847	9
5848	3
5849	3
5850	3
5851	2
5852	3
5853	9
5854	9
5855	1
5856	9
5857	9
5858	9
5859	2
5860	1
5861	1
5862	9
5863	5
5864	9
5865	2
5866	9
5867	9
5868	9
5869	2
5870	1
5871	1
5872	9
5873	9
5874	2
5875	9
5876	9
5877	9
5878	5
5879	9
5880	9
5881	5
5882	5
5883	5
5884	5
5885	3
5886	3
5887	3
5888	3
5889	3
5890	3
5891	7
5892	1
5893	1
5894	1
5895	7
5896	7
5897	1
5898	1
5899	1
5900	7
5901	1
5902	7
5903	7
5904	7
5905	7
5906	7
5907	7
5908	7
5909	7
5910	7
5911	7
5912	7
5913	7
5914	7
5915	7
5916	7
5917	1
5918	7
5919	7
5920	7
5921	7
5922	7
5923	7
5924	7
5925	7
5926	7
5927	7
5928	7
5929	7
5930	7
5931	7
5932	7
5933	7
5934	7
5935	7
5936	7
5937	7
5938	7
5939	7
5940	7
5941	7
5942	7
5943	7
5944	7
5945	7
5946	7
5947	7
5948	7
5949	7
5950	7
5951	7
5952	7
5953	7
5954	7
5955	7
5956	7
5957	7
5958	7
5959	7
5960	7
5961	7
5962	7
5963	7
5964	7
5965	7
5966	7
5967	7
5968	7
5969	7
5970	7
5971	7
5972	7
5973	7
5974	7
5975	7
5976	7
5977	7
5978	7
5979	7
5980	7
5981	7
5982	7
5983	7
5984	7
5985	7
5986	7
5987	7
5988	7
5989	7
5990	7
5991	7
5992	7
5993	7
5994	7
5995	7
5996	7
5997	7
5998	1
5999	7
6000	7
6001	7
6002	7
6003	7
6004	7
6005	7
6006	7
6007	7
6008	7
6009	7
6010	7
6011	7
6012	7
6013	7
6014	7
6015	1
6016	1
6017	7
6018	7
6019	7
6020	7
6021	7
6022	7
6023	7
6024	7
6025	7
6026	7
6027	7
6028	7
6029	7
6030	7
6031	7
6032	7
6033	7
6034	7
6035	7
6036	7
6037	7
6038	7
6039	7
6040	7
6041	7
6042	7
6043	7
6044	7
6045	7
6046	7
6047	7
6048	7
6049	7
6050	7
6051	7
6052	7
6053	7
6054	7
6055	7
6056	7
6057	7
6058	7
6059	7
6060	7
6061	7
6062	7
6063	7
6064	7
6065	7
6066	7
6067	7
6068	7
6069	7
6070	7
6071	7
6072	7
6073	7
6074	7
6075	7
6076	7
6077	7
6078	7
6079	7
6080	7
6081	7
6082	7
6083	7
6084	7
6085	7
6086	7
6087	7
6088	7
6089	7
6090	7
6091	7
6092	7
6093	7
6094	7
6095	7
6096	7
6097	7
6098	7
6099	7
6100	7
6101	7
6102	7
6103	7
6104	7
6105	7
6106	7
6107	7
6108	7
6109	7
6110	7
6111	7
6112	7
6113	7
6114	7
6115	1
6116	1
6117	1
6118	7
6119	7
6120	7
6121	7
6122	7
6123	7
6124	7
6125	7
6126	7
6127	7
6128	7
6129	7
6130	7
6131	7
6132	1
6133	1
6134	7
6135	7
6136	7
6137	7
6138	7
6139	7
6140	7
6141	7
6142	7
6143	7
6144	7
6145	7
6146	7
6147	7
6148	7
6149	7
6150	7
6151	7
6152	7
6153	7
6154	7
6155	1
6156	7
6157	1
6158	1
6159	1
6160	1
6161	1
6162	7
6163	7
6164	7
6165	7
6166	7
6167	7
6168	7
6169	7
6170	7
6171	7
6172	7
6173	7
6174	7
6175	7
6176	7
6177	7
6178	7
6179	7
6180	7
6181	7
6182	7
6183	7
6184	7
6185	7
6186	7
6187	1
6188	7
6189	7
6190	7
6191	7
6192	7
6193	1
6194	1
6195	7
6196	7
6197	7
6198	1
6199	7
6200	7
6201	7
6202	7
6203	7
6204	1
6205	7
6206	1
6207	7
6208	7
6209	7
6210	7
6211	7
6212	7
6213	7
6214	7
6215	1
6216	1
6217	7
6218	7
6219	7
6220	1
6221	7
6222	1
6223	7
6224	7
6225	7
6226	1
6227	1
6228	1
6229	1
6230	1
6231	1
6232	1
6233	7
6234	7
6235	1
6236	1
6237	7
6238	7
6239	8
6240	8
6241	9
6242	9
6243	9
6244	8
6245	8
6246	8
6247	9
6248	9
6249	9
6250	9
6251	8
6252	8
6253	9
6254	9
6255	9
6256	0
6257	9
6258	8
6259	9
6260	9
6261	9
6262	8
6263	9
6264	8
6265	9
6266	8
6267	8
6268	9
6269	8
6270	9
6271	9
6272	9
6273	9
6274	8
6275	8
6276	8
6277	8
6278	8
6279	8
6280	8
6281	8
6282	8
6283	8
6284	8
6285	8
6286	8
6287	8
6288	8
6289	8
6290	8
6291	8
6292	8
6293	8
6294	8
6295	0
6296	0
6297	8
6298	8
6299	8
6300	8
6301	8
6302	8
6303	8
6304	8
6305	8
6306	8
6307	8
6308	8
6309	8
6310	8
6311	8
6312	8
6313	8
6314	8
6315	8
6316	8
6317	8
6318	8
6319	8
6320	8
6321	8
6322	8
6323	8
6324	8
6325	8
6326	9
6327	9
6328	9
6329	5
6330	8
6331	8
6332	9
6333	0
6334	9
6335	9
6336	8
6337	8
6338	8
6339	8
6340	8
6341	8
6342	8
6343	8
6344	8
6345	8
6346	8
6347	8
6348	8
6349	8
6350	8
6351	8
6352	6
6353	8
6354	8
6355	8
6356	8
6357	8
6358	0
6359	8
6360	0
6361	8
6362	8
6363	8
6364	8
6365	8
6366	8
6367	8
6368	8
6369	6
6370	0
6371	8
6372	8
6373	6
6374	8
6375	8
6376	8
6377	8
6378	8
6379	8
6380	8
6381	8
6382	8
6383	8
6384	8
6385	8
6386	8
6387	8
6388	8
6389	8
6390	8
6391	8
6392	0
6393	6
6394	9
6395	8
6396	8
6397	8
6398	8
6399	8
6400	0
6401	8
6402	6
6403	6
6404	8
6405	0
6406	0
6407	0
6408	8
6409	6
6410	8
6411	6
6412	8
6413	8
6414	8
6415	8
6416	8
6417	8
6418	9
6419	8
6420	8
6421	8
6422	8
6423	8
6424	8
6425	8
6426	8
6427	8
6428	8
6429	8
6430	8
6431	8
6432	8
6433	5
6435	8
6436	8
6437	8
6438	8
6439	8
6440	8
6441	8
6442	8
6443	8
6444	8
6445	8
6446	8
6447	8
6448	8
6449	0
6450	8
6451	8
6452	8
6453	8
6454	8
6455	9
6456	8
6457	8
6458	0
6459	9
6460	8
6461	5
6462	6
6463	6
6464	0
6465	6
6466	8
6467	8
6468	8
6469	0
6470	8
6471	8
6472	6
6474	8
6475	8
6476	8
6477	8
6478	8
6479	8
6480	8
6481	8
6482	8
6483	8
6484	8
6485	8
6486	8
6487	8
6488	8
6489	8
6490	8
6491	8
6492	0
6493	8
6494	6
6495	8
6496	8
6497	8
6498	8
6499	8
6500	8
6501	8
6502	8
6503	8
6504	0
6505	8
6506	8
6507	8
6508	8
6509	0
6510	8
6511	8
6512	8
6513	8
6514	8
6515	8
6516	8
6517	5
6518	8
6519	8
6520	8
6521	0
6522	8
6523	8
6524	8
6525	8
6526	8
6527	8
6528	0
6529	8
6530	8
6531	8
6532	0
6533	0
6534	0
6535	8
6536	5
6537	8
6538	8
6539	8
6540	8
6541	8
6542	6
6543	0
6544	8
6545	8
6546	8
6547	6
6548	8
6549	8
6550	8
6551	9
6552	8
6553	9
6554	8
6555	8
6556	8
6557	8
6558	8
6559	8
6560	8
6561	0
6562	8
6563	8
6564	8
6565	1
6566	1
6567	1
6568	1
6569	1
6570	1
6571	1
6572	1
6573	1
6574	1
6575	1
6576	1
6577	1
6578	1
6579	1
6580	1
6581	1
6582	1
6583	1
6584	1
6585	1
6586	1
6587	1
6588	1
6589	1
6590	1
6591	1
6592	1
6593	1
6594	1
6595	1
6596	1
6597	1
6598	1
6599	1
6600	1
6601	1
6602	1
6603	1
6604	1
6605	1
6606	1
6607	1
6608	1
6609	1
6610	1
6611	1
6612	1
6613	1
6614	7
6615	7
6616	7
6617	0
6618	1
6619	7
6620	0
6621	1
6622	0
6623	1
6624	1
6625	1
6626	1
6627	1
6628	5
6629	1
6630	8
6631	1
6632	1
6633	1
6634	1
6635	1
6636	1
6637	1
6638	1
6639	1
6640	8
6641	8
6642	1
6643	1
6644	1
6645	1
6646	1
6647	1
6648	1
6650	7
6651	7
6652	1
6653	8
6654	8
6655	8
6656	8
6657	7
6658	1
6659	8
6660	8
6661	8
6662	8
6663	8
6664	8
6665	8
6666	8
6667	8
6668	8
6669	1
6671	1
6672	8
6679	7
6683	1
6684	1
6685	1
6686	1
6687	1
6688	1
6689	1
6690	8
6691	8
6692	8
6693	1
6694	1
6695	1
6696	1
6697	8
6698	1
6699	1
6700	8
6701	8
6702	8
6703	8
6704	8
6705	1
6706	1
6707	8
6708	1
6709	1
6710	1
6711	1
6712	8
6713	1
6714	8
6715	8
6716	8
6717	1
6718	1
6719	1
6720	1
6721	1
6722	1
6723	1
6724	1
6725	8
6726	1
6727	8
6728	1
6729	8
6730	8
6731	1
6732	1
6733	1
6734	1
6735	1
6736	1
6737	1
6738	1
6739	1
6740	8
6741	1
6742	1
6743	8
6744	8
6745	8
6746	8
6747	8
6748	8
6749	1
6750	8
6751	8
6752	1
6753	1
6754	1
6755	8
6756	8
6757	1
6758	1
6759	1
6760	1
6761	1
6762	1
6763	1
6764	7
6765	7
6766	7
6767	1
6768	1
6769	1
6770	1
6771	7
6772	7
6773	7
6774	7
6775	7
6776	1
6777	1
6778	7
6779	7
6780	7
6781	7
6782	7
6783	7
6784	7
6785	7
6786	7
6787	7
6788	7
6789	7
6790	7
6791	7
6792	7
6793	7
6794	7
6795	7
6796	7
6797	7
6798	7
6799	7
6800	7
6801	7
6802	7
6803	7
6804	7
6805	7
6806	7
6807	7
6808	7
6809	7
6810	7
6811	7
6812	7
6813	7
6814	7
6815	7
6816	7
6817	7
6818	7
6819	7
6820	0
6821	0
6822	7
6823	0
6824	7
6825	7
6826	7
6827	7
6828	7
6829	7
6830	7
6831	0
6832	0
6833	0
6834	0
6835	1
6836	1
6837	0
6838	0
6839	0
6840	0
6841	0
6842	0
6843	0
6844	0
6845	0
6846	0
6847	7
6848	0
6849	0
6850	0
6851	0
6852	7
6853	7
6854	7
6855	7
6856	0
6857	7
6858	0
6859	7
6860	0
6861	0
6862	0
6863	0
6864	7
6865	0
6866	0
6867	0
6868	0
6869	1
6870	0
6871	7
6872	1
6873	1
6874	7
6875	0
6876	0
6877	1
6878	0
6879	0
6880	0
6881	0
6882	7
6883	0
6884	0
6885	7
6886	7
6887	7
6888	0
6889	0
6890	0
6891	1
6892	0
6893	0
6894	0
6895	1
6896	0
6897	1
6898	0
6899	7
6900	7
6901	7
6902	1
6903	1
6904	1
6905	1
6906	1
6907	1
6908	1
6909	7
6910	0
6911	6
6912	7
6913	0
6914	0
6915	0
6916	0
6917	0
6918	0
6919	0
6920	7
6921	7
6922	7
6923	0
6924	0
6925	7
6926	7
6927	7
6928	0
6929	7
6930	0
6931	0
6932	7
6933	7
6934	0
6935	0
6936	0
6937	7
6938	0
6939	7
6940	0
6941	0
6942	0
6943	0
6944	0
6945	0
6946	0
6947	0
6948	0
6949	0
6950	0
6951	0
6952	7
6953	7
6954	0
6955	0
6956	7
6957	0
6958	0
6959	0
6960	0
6961	0
6962	0
6963	7
6964	0
6965	7
6966	0
