1	1
2	1
3	1
4	1
5	7
6	7
7	1
8	1
9	1
10	1
11	1
12	1
13	1
14	7
15	7
16	7
17	7
18	1
19	1
20	1
21	1
22	1
23	1
24	1
25	7
26	1
27	1
28	1
29	1
30	1
31	1
32	0
33	7
34	7
35	7
36	7
37	7
38	7
39	7
40	7
41	7
42	7
43	7
44	7
45	7
46	7
47	7
48	7
49	7
50	7
51	7
52	7
53	7
54	7
55	7
56	7
57	7
58	7
59	7
60	7
61	7
62	7
63	1
64	7
65	7
66	7
67	0
68	0
69	0
70	7
71	0
72	1
73	1
74	1
75	1
76	1
77	0
78	1
79	7
80	0
81	7
82	7
83	7
84	1
85	7
86	1
87	7
88	0
89	1
90	0
91	0
92	1
93	0
94	1
95	0
96	1
97	1
98	1
99	1
100	7
101	7
102	7
103	1
104	1
105	1
106	7
107	7
108	7
109	0
110	1
111	1
112	1
113	7
114	7
115	7
116	7
117	7
118	7
119	7
120	0
121	0
122	0
123	1
124	1
125	1
126	1
127	1
128	1
129	0
130	0
131	1
132	1
133	1
134	1
135	1
136	7
137	7
138	0
139	1
140	1
141	1
142	1
143	1
144	1
145	7
146	7
147	1
148	1
149	1
150	7
151	7
152	1
153	0
154	7
155	1
156	7
157	7
158	1
159	1
160	1
161	1
162	7
163	1
164	1
165	1
166	1
167	1
168	1
169	1
170	1
171	7
172	1
173	7
174	7
175	7
176	7
177	0
178	7
179	7
180	7
181	7
182	0
183	1
184	7
185	1
186	1
187	7
188	7
189	1
190	1
191	0
192	7
193	7
194	7
195	7
196	7
197	0
198	1
199	1
200	1
201	7
202	0
203	0
204	0
205	0
206	0
207	7
208	7
209	7
210	7
211	0
212	0
213	0
214	1
215	1
216	0
217	1
218	7
219	7
220	7
221	0
222	7
223	7
224	0
225	1
226	1
227	1
228	1
229	0
230	0
231	0
232	0
233	0
234	1
235	1
236	1
237	1
238	1
239	1
240	1
241	1
242	0
243	1
244	1
245	0
246	0
247	7
248	0
249	0
250	1
251	7
252	0
253	1
254	0
255	0
256	0
257	1
258	0
259	7
260	0
261	0
262	0
263	0
264	0
265	0
266	0
267	0
268	0
269	0
270	0
271	7
272	0
273	0
274	0
275	0
276	0
277	0
278	1
279	1
280	0
281	7
282	0
283	7
284	7
285	7
286	7
287	7
288	0
289	1
290	0
291	0
292	7
293	7
294	1
295	0
296	7
297	7
298	0
299	0
300	0
301	7
302	7
303	1
304	0
305	7
306	0
307	1
308	0
309	0
310	0
311	0
312	1
313	7
314	0
315	7
316	1
317	4
318	7
319	7
320	0
321	0
322	0
323	0
324	1
325	1
326	1
327	0
328	0
329	0
330	7
331	0
332	7
333	7
334	7
335	1
336	7
337	7
338	7
339	7
340	7
341	0
342	0
343	9
344	9
345	9
346	9
347	9
348	9
349	9
350	9
351	9
352	9
353	9
354	9
355	9
357	9
358	9
359	9
360	9
361	9
362	9
363	9
365	9
366	9
367	9
368	9
369	9
370	9
372	9
373	9
374	9
375	9
376	9
377	9
378	9
379	9
380	9
381	9
382	9
383	9
384	9
385	9
386	9
387	9
388	9
389	9
390	9
391	9
392	9
393	9
394	9
395	9
396	9
397	9
398	9
399	9
400	9
401	9
402	9
403	9
404	9
405	9
406	9
407	9
408	9
409	9
410	9
411	9
412	9
413	9
414	9
415	9
416	9
417	9
418	9
419	9
420	9
421	9
422	9
423	9
424	9
425	9
426	9
427	9
428	9
429	9
430	9
431	9
432	9
434	9
435	9
436	9
438	9
439	0
440	0
441	0
442	0
443	0
444	0
445	0
446	0
447	0
448	0
449	0
450	0
451	0
452	0
453	0
454	0
455	0
456	0
457	0
458	0
459	0
460	0
461	0
462	0
463	0
464	0
465	0
466	0
467	0
468	0
469	0
470	0
471	0
472	0
473	0
474	0
475	0
476	0
477	0
478	0
479	0
480	0
481	0
482	0
483	0
484	0
485	0
486	0
487	0
488	0
489	0
490	0
491	0
492	0
493	0
494	0
495	0
496	0
497	0
498	0
499	0
500	0
501	0
502	0
503	0
504	0
505	0
506	0
507	0
508	0
509	0
510	0
511	0
512	0
513	0
514	0
515	0
516	0
517	0
518	0
519	0
520	0
521	0
522	0
523	0
524	0
525	0
526	0
527	0
528	0
529	0
530	0
531	0
532	0
533	0
534	0
535	0
536	0
538	0
539	0
540	0
541	0
542	0
543	0
544	0
545	0
546	0
547	0
548	0
549	0
550	0
551	0
552	0
553	0
554	0
555	0
556	0
557	0
558	0
559	0
560	0
561	0
562	0
563	0
564	0
565	0
566	0
567	0
568	0
569	0
570	0
571	0
572	0
573	0
574	0
575	0
576	0
577	0
578	0
579	0
580	0
581	0
582	0
583	0
584	0
585	0
586	0
587	0
588	0
589	0
590	0
591	0
592	0
593	0
594	0
595	0
596	0
597	0
598	0
599	0
600	0
601	0
602	0
603	0
604	0
605	0
606	0
607	0
608	0
609	0
610	0
611	0
612	0
613	0
614	0
615	0
616	0
617	0
618	0
619	0
620	0
621	0
622	0
623	0
624	0
625	0
626	0
627	0
628	0
629	0
630	0
631	0
632	0
633	0
634	0
635	0
636	0
637	0
638	0
639	0
640	0
641	0
642	0
643	0
644	0
645	0
646	1
647	1
648	1
649	1
650	1
651	1
652	1
653	1
654	1
655	1
656	1
657	1
658	1
659	1
660	0
661	0
662	0
663	0
664	0
665	0
666	0
667	0
668	0
669	0
670	0
671	0
672	0
673	0
674	0
675	0
676	0
677	0
678	0
679	0
680	0
681	0
682	0
683	0
684	0
685	0
686	0
687	0
688	0
689	0
690	0
691	0
692	6
693	0
694	0
695	0
696	0
697	0
698	0
699	0
700	0
701	6
702	0
703	0
704	0
705	0
706	6
707	0
708	0
709	0
710	0
711	6
712	0
713	0
714	0
715	0
716	6
717	0
718	0
719	0
720	0
721	0
722	0
723	8
724	0
725	0
726	0
727	0
728	0
729	0
730	0
731	0
732	0
733	0
734	0
735	0
736	0
737	0
738	0
739	0
740	0
741	0
742	0
743	0
744	0
745	0
746	0
747	0
748	0
749	0
750	6
751	6
752	0
753	7
754	1
755	1
756	0
757	1
758	0
759	1
760	0
761	7
762	1
763	7
764	0
765	0
766	0
767	7
768	7
769	0
770	0
771	0
772	7
773	0
774	0
775	0
776	7
777	0
778	0
779	7
780	0
781	0
782	7
783	7
784	0
785	7
786	7
787	7
788	7
789	0
790	7
791	7
792	7
793	9
794	0
795	0
796	7
797	1
798	1
799	1
800	1
801	7
802	1
803	7
804	7
805	7
806	7
807	7
808	7
809	7
810	7
811	7
812	7
813	7
814	7
815	7
816	7
817	7
818	7
819	7
820	7
821	7
822	1
823	1
824	0
825	1
826	7
827	7
828	1
829	1
830	7
831	1
832	7
833	1
834	0
835	1
836	0
837	1
838	0
839	0
840	1
841	1
842	0
843	1
844	1
845	1
846	1
847	1
848	1
849	1
850	1
851	1
852	7
853	7
854	1
855	1
856	1
857	1
858	1
859	1
860	1
861	1
862	1
863	1
864	1
865	7
866	1
867	1
868	1
869	7
870	1
871	1
872	0
873	1
874	1
875	1
876	1
877	1
878	7
879	7
880	1
881	7
882	7
883	1
884	7
885	7
886	7
887	7
888	7
889	7
890	7
891	1
892	1
893	1
894	7
895	7
896	7
897	7
898	7
899	7
900	7
901	1
902	7
903	0
904	1
905	1
906	7
907	7
908	7
909	1
910	1
911	1
912	1
913	1
914	1
915	1
916	7
917	1
918	1
919	1
920	1
921	1
922	7
923	1
924	1
925	7
926	1
927	1
928	7
929	1
930	1
931	1
932	1
933	1
934	1
935	7
936	1
937	1
938	0
939	7
940	0
941	1
942	1
943	1
944	0
945	7
946	1
947	7
948	7
949	7
950	0
951	7
952	7
953	0
954	7
955	7
956	0
957	1
958	1
959	1
960	1
961	1
962	1
963	1
964	7
965	7
966	1
967	1
968	7
969	7
970	7
971	0
972	1
973	7
974	7
975	0
976	7
977	1
978	1
979	1
980	7
981	7
982	1
983	7
984	0
985	1
986	7
987	7
988	1
989	1
990	1
991	1
992	7
993	7
994	1
995	1
996	0
997	1
998	1
999	1
1000	1
1001	1
1002	1
1003	1
1004	7
1005	7
1006	7
1007	1
1008	7
1009	8
1010	8
1011	8
1012	8
1013	8
1014	8
1015	8
1016	8
1017	8
1018	8
1019	8
1020	8
1021	8
1022	8
1023	8
1024	8
1025	8
1026	8
1027	8
1028	8
1029	8
1030	8
1031	8
1032	8
1033	8
1034	8
1035	8
1036	8
1037	8
1038	8
1039	8
1040	8
1041	8
1042	8
1043	8
1044	8
1045	8
1046	8
1051	8
1052	8
1053	8
1054	8
1055	8
1056	8
1057	8
1058	8
1059	8
1060	8
1061	8
1062	8
1063	8
1064	8
1065	8
1066	8
1068	8
1069	8
1070	8
1071	8
1072	8
1073	8
1074	8
1075	8
1076	8
1077	8
1078	8
1079	8
1080	8
1081	8
1082	8
1084	8
1085	8
1087	8
1088	8
1089	8
1090	8
1091	8
1092	8
1093	8
1094	8
1095	8
1096	8
1097	8
1099	8
1101	8
1102	8
1103	8
1104	8
1105	8
1106	8
1107	8
1108	8
1109	8
1110	8
1111	8
1112	4
1113	8
1114	8
1115	8
1116	8
1117	8
1118	8
1120	8
1121	8
1122	8
1123	8
1124	8
1125	8
1126	8
1127	8
1128	8
1129	8
1130	8
1131	8
1132	8
1133	8
1134	8
1135	8
1136	8
1137	8
1138	8
1139	8
1140	8
1141	8
1142	8
1143	8
1144	8
1145	8
1146	8
1147	8
1149	8
1151	8
1157	8
1160	8
1161	8
1162	8
1163	8
1164	8
1165	8
1167	8
1168	8
1169	8
1170	8
1171	8
1172	8
1173	8
1174	8
1175	8
1176	8
1177	9
1178	9
1179	9
1181	8
1182	8
1185	9
1189	9
1190	9
1191	8
1192	9
1193	9
1194	9
1195	9
1196	9
1197	9
1198	9
1199	9
1200	8
1201	9
1202	8
1203	9
1204	8
1205	9
1206	9
1207	9
1208	9
1209	9
1210	9
1211	9
1212	9
1213	9
1214	9
1215	9
1216	9
1217	5
1218	5
1219	5
1220	6
1221	6
1222	6
1223	6
1224	5
1225	6
1226	5
1227	6
1228	6
1229	6
1230	6
1231	5
1232	6
1233	9
1234	9
1235	9
1236	4
1237	6
1238	6
1239	4
1240	4
1241	4
1242	4
1243	4
1244	4
1245	4
1246	4
1247	4
1249	3
1250	4
1251	4
1252	4
1253	4
1254	4
1255	4
1256	3
1257	3
1258	3
1259	3
1260	4
1261	4
1263	3
1264	4
1265	4
1266	3
1267	3
1268	3
1269	3
1270	4
1271	4
1272	4
1273	4
1274	4
1275	4
1276	4
1277	4
1278	4
1279	4
1280	4
1281	4
1282	4
1283	4
1284	4
1285	4
1286	4
1287	4
1288	4
1289	4
1290	4
1291	4
1292	4
1293	4
1294	4
1295	2
1296	2
1297	2
1298	2
1299	2
1300	2
1301	2
1302	2
1303	2
1304	2
1305	2
1306	2
1307	4
1308	2
1309	4
1310	2
1311	2
1312	2
1313	3
1314	3
1315	3
1316	4
1317	3
1318	4
1319	4
1320	3
1321	3
1322	3
1323	4
1324	4
1325	4
1326	4
1327	4
1328	4
1329	4
1330	9
1331	3
1332	3
1333	3
1334	4
1335	4
1336	4
1337	4
1338	3
1339	4
1340	4
1341	2
1342	2
1343	9
1344	2
1345	4
1346	2
1347	9
1348	2
1349	5
1350	1
1351	5
1352	5
1353	5
1354	5
1355	1
1356	1
1357	5
1358	5
1359	6
1360	4
1361	4
1362	4
1363	4
1364	4
1365	5
1366	2
1367	2
1368	2
1369	2
1370	2
1371	2
1372	4
1374	3
1375	4
1376	3
1377	6
1378	5
1379	5
1380	5
1381	5
1382	5
1383	5
1384	5
1385	1
1386	1
1387	6
1388	5
1389	5
1390	5
1391	5
1392	8
1393	8
1394	8
1395	8
1396	8
1397	9
1398	9
1399	9
1400	9
1401	9
1402	9
1403	9
1404	9
1405	9
1406	9
1407	9
1408	4
1409	4
1410	6
1411	6
1412	6
1413	6
1414	6
1415	4
1416	4
1417	3
1418	3
1419	3
1420	3
1421	3
1422	3
1423	3
1424	3
1425	3
1426	4
1427	3
1429	3
1432	3
1433	4
1434	4
1435	5
1436	5
1437	5
1438	4
1439	4
1440	5
1441	5
1442	4
1443	4
1444	4
1445	4
1446	4
1447	4
1448	4
1449	2
1450	2
1451	2
1452	2
1453	2
1454	2
1455	2
1456	2
1457	2
1458	2
1459	2
1460	2
1461	2
1462	2
1463	2
1464	2
1465	2
1466	3
1467	3
1468	3
1469	3
1470	3
1471	3
1472	3
1473	3
1474	3
1475	3
1476	4
1477	4
1478	7
1479	7
1480	7
1481	7
1482	7
1483	7
1484	7
1485	4
1486	7
1487	7
1488	7
1489	7
1490	3
1491	4
1492	4
1493	4
1494	4
1495	4
1496	4
1497	4
1498	4
1499	4
1500	3
1501	4
1502	3
1503	3
1504	9
1505	4
1506	4
1507	2
1508	4
1509	2
1510	3
1511	2
1512	2
1513	2
1514	4
1515	4
1516	2
1517	5
1518	5
1519	1
1520	1
1521	1
1522	1
1523	5
1524	5
1525	5
1526	4
1527	3
1528	4
1529	3
1530	3
1531	3
1533	3
1534	3
1535	4
1536	4
1537	4
1538	2
1539	4
1540	2
1541	4
1542	4
1543	4
1544	5
1545	5
1546	5
1547	1
1548	1
1549	1
1550	1
1551	5
1552	1
1553	8
1554	8
1555	8
1556	6
1557	6
1558	6
1559	6
1560	6
1561	6
1562	6
1563	9
1564	9
1565	9
1566	9
1567	9
1568	6
1569	6
1570	3
1571	6
1572	3
1573	6
1574	6
1575	6
1576	6
1577	6
1578	6
1579	6
1580	6
1581	6
1582	3
1584	3
1585	4
1586	4
1587	4
1588	4
1589	4
1590	4
1591	3
1592	4
1593	4
1594	4
1596	4
1597	4
1598	4
1599	4
1600	2
1601	2
1602	4
1603	2
1604	2
1605	2
1606	2
1607	2
1608	4
1609	4
1610	4
1611	4
1612	4
1613	4
1614	4
1615	4
1616	2
1617	2
1618	4
1619	2
1620	4
1621	2
1622	2
1623	4
1624	2
1625	4
1626	2
1627	2
1628	4
1629	4
1630	4
1631	4
1632	2
1633	2
1634	2
1635	2
1636	3
1637	3
1638	3
1639	3
1640	3
1641	4
1642	3
1643	3
1644	3
1645	3
1646	3
1647	7
1648	4
1649	4
1650	7
1651	4
1652	4
1653	7
1654	7
1655	4
1656	4
1657	3
1658	3
1659	3
1660	3
1661	3
1662	3
1663	3
1664	3
1665	3
1666	3
1667	3
1668	3
1669	3
1670	3
1671	3
1672	2
1673	2
1674	2
1675	2
1676	2
1677	2
1678	2
1679	2
1680	2
1681	2
1682	4
1683	2
1684	4
1685	4
1686	4
1687	2
1688	5
1689	5
1690	5
1691	5
1692	5
1693	5
1694	5
1695	5
1696	2
1697	2
1698	2
1699	2
1700	2
1701	2
1702	2
1703	2
1704	2
1705	2
1706	2
1707	2
1708	4
1709	4
1710	2
1711	2
1712	2
1713	3
1714	9
1715	1
1716	1
1717	1
1718	1
1719	1
1720	1
1721	1
1722	5
1723	6
1724	3
1725	3
1726	5
1727	6
1728	3
1729	6
1730	5
1731	3
1732	3
1733	6
1734	6
1735	6
1736	6
1737	3
1738	4
1739	6
1740	3
1741	3
1742	3
1743	3
1744	3
1745	3
1746	4
1747	4
1748	4
1749	4
1750	4
1751	4
1752	4
1753	4
1754	4
1755	4
1756	4
1757	4
1758	4
1759	9
1760	9
1761	9
1762	9
1763	9
1764	2
1765	2
1766	4
1767	4
1769	4
1770	4
1771	4
1772	4
1773	4
1774	4
1775	4
1776	4
1777	4
1778	4
1779	4
1780	4
1781	4
1782	4
1783	4
1784	2
1785	2
1786	2
1787	2
1788	2
1789	2
1790	2
1791	2
1792	2
1793	2
1795	2
1796	2
1797	2
1798	2
1799	4
1800	4
1801	3
1802	3
1803	3
1804	3
1805	3
1806	3
1807	3
1808	3
1809	3
1810	3
1811	3
1812	3
1813	9
1814	3
1815	3
1816	3
1817	9
1818	9
1819	3
1820	3
1821	3
1822	3
1823	3
1824	3
1825	3
1826	3
1827	3
1828	3
1829	4
1830	3
1831	4
1832	4
1833	4
1834	4
1835	2
1836	4
1837	4
1838	4
1839	4
1840	4
1841	4
1842	2
1843	4
1844	4
1845	4
1846	4
1847	4
1848	4
1849	4
1850	5
1851	5
1852	5
1853	5
1854	5
1855	5
1856	5
1857	3
1858	3
1859	9
1860	4
1861	3
1862	3
1863	9
1864	9
1865	9
1866	1
1867	5
1868	5
1869	5
1870	3
1871	5
1872	5
1873	5
1874	5
1875	5
1876	8
1877	3
1878	3
1879	6
1880	3
1881	5
1882	5
1883	3
1884	6
1885	6
1886	5
1887	6
1888	6
1889	6
1890	6
1891	3
1892	3
1893	5
1894	5
1895	5
1896	4
1897	4
1898	4
1899	4
1900	4
1901	4
1902	3
1903	4
1904	4
1905	4
1906	4
1907	9
1908	9
1909	4
1910	9
1911	9
1912	4
1913	4
1914	4
1915	4
1916	4
1917	4
1918	4
1919	9
1920	9
1921	4
1922	4
1923	4
1924	4
1925	4
1926	4
1927	4
1928	4
1929	4
1930	4
1931	4
1932	4
1933	4
1934	4
1935	4
1936	4
1937	4
1938	4
1939	4
1940	2
1941	4
1942	4
1943	4
1944	4
1945	4
1946	4
1947	2
1948	2
1949	2
1950	2
1951	4
1952	4
1953	2
1954	2
1955	4
1956	4
1957	4
1958	2
1959	4
1960	2
1961	4
1962	4
1963	4
1964	4
1965	3
1966	3
1967	3
1968	3
1969	3
1970	4
1971	3
1972	4
1973	3
1974	3
1975	5
1976	3
1977	4
1978	4
1979	4
1980	4
1981	4
1982	4
1983	4
1984	4
1985	4
1986	4
1987	4
1988	4
1989	4
1990	4
1991	3
1992	4
1993	4
1994	4
1995	4
1996	2
1997	4
1998	4
1999	4
2000	4
2001	4
2002	2
2003	2
2004	2
2005	4
2006	4
2007	2
2008	2
2009	2
2010	4
2011	5
2012	5
2013	1
2014	1
2015	5
2016	5
2017	6
2018	6
2019	5
2020	6
2021	6
2022	7
2023	5
2024	5
2025	6
2026	5
2027	5
2028	5
2029	5
2030	1
2031	5
2032	5
2033	6
2034	6
2035	6
2036	6
2037	6
2038	6
2039	6
2040	6
2041	5
2042	6
2043	5
2044	5
2045	6
2046	5
2047	6
2048	6
2049	6
2050	6
2051	5
2052	4
2053	4
2054	4
2055	4
2056	4
2057	4
2058	4
2059	6
2060	4
2061	4
2062	4
2063	4
2064	4
2065	4
2066	4
2067	4
2068	4
2069	9
2070	9
2071	4
2072	4
2073	4
2074	4
2075	4
2076	4
2077	4
2078	6
2079	6
2080	6
2081	5
2082	5
2083	2
2084	6
2085	4
2086	4
2087	4
2088	4
2089	6
2090	6
2091	4
2092	6
2093	6
2094	6
2095	6
2096	6
2097	2
2098	2
2099	2
2100	4
2101	2
2102	2
2103	2
2104	2
2105	2
2106	2
2107	2
2108	2
2109	4
2110	4
2111	2
2112	2
2113	3
2114	3
2115	3
2116	3
2117	4
2118	3
2119	3
2120	9
2121	3
2122	4
2123	4
2124	4
2125	3
2126	3
2127	9
2128	3
2129	4
2130	4
2131	4
2132	4
2133	4
2134	4
2135	4
2136	4
2137	4
2138	4
2139	4
2140	4
2141	2
2142	2
2143	2
2144	2
2145	2
2146	9
2147	9
2148	9
2149	9
2150	4
2151	2
2152	5
2153	9
2154	4
2155	3
2156	3
2157	3
2158	4
2161	3
2162	3
2163	6
2164	5
2165	1
2166	1
2167	7
2168	5
2169	1
2170	1
2171	9
2172	1
2173	5
2174	6
2175	5
2176	6
2177	6
2178	6
2179	6
2180	6
2181	6
2182	5
2183	1
2184	5
2185	5
2186	1
2187	5
2188	6
2189	6
2190	6
2191	5
2192	6
2193	6
2194	6
2195	6
2196	6
2197	6
2198	6
2199	6
2200	6
2201	6
2202	6
2203	6
2204	6
2205	6
2206	3
2207	3
2208	4
2209	4
2210	4
2211	4
2212	3
2213	4
2215	4
2216	4
2217	4
2218	4
2219	4
2220	4
2221	4
2222	4
2223	4
2224	4
2225	4
2226	4
2227	4
2228	4
2229	4
2230	4
2231	4
2232	4
2233	4
2234	4
2235	4
2236	4
2237	6
2238	6
2239	4
2240	4
2241	4
2242	4
2243	6
2244	4
2245	4
2246	4
2247	4
2248	4
2249	4
2250	4
2251	6
2252	6
2253	6
2254	5
2255	6
2256	6
2257	3
2258	5
2259	5
2260	3
2261	3
2262	3
2263	1
2264	1
2265	3
2266	3
2267	3
2268	3
2269	9
2270	9
2271	9
2272	3
2273	3
2274	3
2275	3
2276	3
2277	4
2278	4
2279	4
2280	4
2281	4
2282	4
2283	4
2284	4
2285	4
2286	4
2287	4
2288	2
2289	2
2290	2
2291	4
2292	4
2293	2
2294	4
2295	2
2296	2
2297	4
2298	2
2299	2
2300	2
2301	2
2302	4
2303	1
2304	5
2305	1
2306	1
2307	1
2308	1
2309	1
2310	1
2311	1
2312	0
2313	7
2314	1
2315	1
2316	1
2317	9
2318	1
2319	2
2320	1
2321	1
2322	1
2323	1
2324	6
2325	6
2326	5
2327	5
2328	5
2329	5
2330	6
2331	1
2332	1
2333	5
2334	1
2335	5
2336	6
2337	5
2338	5
2339	6
2340	1
2341	5
2342	5
2343	5
2344	6
2345	6
2346	6
2347	6
2348	6
2349	6
2350	6
2351	6
2352	6
2353	6
2354	6
2355	4
2356	3
2357	4
2358	6
2359	6
2360	6
2361	5
2362	6
2363	5
2364	6
2365	6
2366	6
2367	6
2368	6
2369	6
2370	3
2371	3
2372	3
2373	4
2374	4
2375	3
2376	4
2377	3
2378	4
2379	4
2380	4
2381	4
2382	4
2383	4
2384	4
2385	4
2386	4
2387	4
2388	4
2389	4
2390	4
2391	4
2392	4
2393	4
2394	4
2395	4
2396	9
2397	4
2398	4
2399	4
2400	4
2401	4
2402	4
2403	6
2404	6
2405	6
2406	5
2407	5
2408	5
2409	5
2410	5
2411	5
2412	5
2413	5
2414	4
2415	4
2416	5
2417	6
2418	5
2419	5
2420	5
2421	5
2422	5
2423	5
2424	6
2425	1
2426	1
2427	5
2428	5
2429	5
2430	3
2431	3
2432	1
2433	5
2434	1
2435	3
2436	9
2437	9
2438	9
2439	5
2440	1
2441	5
2442	7
2443	4
2444	4
2445	4
2446	7
2447	7
2448	7
2449	4
2450	7
2451	7
2452	7
2453	7
2454	7
2455	4
2456	2
2457	2
2458	2
2459	4
2460	4
2461	4
2462	4
2463	4
2464	4
2465	4
2466	5
2467	6
2468	1
2469	1
2470	1
2471	5
2472	1
2473	1
2474	1
2475	7
2476	1
2477	1
2478	1
2479	1
2480	1
2481	1
2482	1
2483	1
2484	1
2485	4
2486	9
2487	9
2488	7
2489	4
2490	1
2491	1
2492	1
2493	1
2494	1
2495	1
2496	3
2497	3
2498	6
2499	5
2500	6
2501	6
2502	6
2503	3
2504	6
2505	3
2506	5
2507	3
2508	3
2509	1
2510	4
2511	3
2512	9
2513	9
2514	3
2515	9
2516	3
2517	3
2518	3
2520	4
2521	4
2522	4
2523	4
2524	4
2525	4
2526	6
2527	6
2528	6
2529	6
2530	6
2531	6
2532	6
2533	6
2534	6
2535	6
2536	4
2537	4
2538	4
2539	4
2540	4
2541	4
2542	4
2543	4
2544	4
2545	4
2546	4
2547	3
2548	4
2549	4
2550	4
2551	4
2552	4
2553	4
2554	4
2555	4
2556	4
2557	4
2558	4
2559	4
2560	4
2561	4
2562	4
2563	4
2564	4
2565	4
2566	4
2567	4
2568	4
2569	5
2570	5
2571	5
2572	5
2573	2
2574	5
2575	5
2576	5
2577	4
2578	2
2579	2
2580	5
2581	2
2582	2
2583	4
2584	2
2585	5
2586	2
2587	2
2588	5
2589	2
2590	3
2591	1
2592	3
2593	3
2594	1
2595	3
2596	1
2597	1
2598	3
2599	3
2600	3
2601	7
2602	7
2603	5
2604	5
2605	5
2606	5
2607	7
2608	7
2609	4
2610	4
2611	4
2612	3
2613	3
2614	3
2615	3
2616	4
2617	4
2618	4
2619	4
2620	4
2621	4
2622	4
2623	4
2624	4
2625	4
2626	4
2627	5
2628	3
2629	5
2630	3
2631	3
2632	1
2633	1
2634	1
2635	9
2636	1
2637	1
2638	1
2639	1
2640	9
2641	1
2642	1
2643	4
2644	4
2645	4
2646	4
2647	9
2648	1
2649	3
2650	5
2651	1
2652	1
2653	1
2654	3
2655	3
2656	5
2657	5
2658	5
2659	5
2660	5
2661	5
2662	5
2663	5
2664	5
2665	5
2666	6
2667	3
2668	4
2669	4
2670	4
2671	4
2672	4
2673	4
2674	4
2675	5
2676	4
2677	5
2678	2
2679	5
2680	5
2681	5
2682	4
2683	4
2684	6
2685	6
2686	6
2687	6
2688	6
2689	6
2690	6
2691	6
2692	6
2693	3
2694	3
2695	3
2696	3
2697	4
2698	4
2699	3
2700	4
2701	3
2702	3
2703	3
2704	3
2705	4
2706	3
2707	3
2708	4
2710	4
2711	4
2712	4
2713	4
2714	4
2715	4
2716	4
2717	4
2718	4
2719	4
2720	4
2721	4
2722	2
2723	2
2724	4
2725	4
2726	4
2727	4
2728	5
2729	5
2730	2
2731	4
2732	4
2733	4
2734	4
2735	4
2736	4
2737	4
2738	4
2739	3
2740	4
2741	3
2742	3
2743	3
2744	5
2745	5
2746	1
2747	5
2748	5
2749	5
2750	3
2751	1
2752	5
2753	5
2754	3
2755	5
2756	3
2757	3
2758	3
2759	7
2760	7
2761	5
2762	1
2763	3
2764	3
2765	3
2766	3
2767	3
2768	4
2769	3
2770	3
2771	4
2772	3
2773	4
2774	4
2775	4
2776	3
2777	1
2778	4
2779	2
2780	4
2781	2
2782	2
2783	2
2784	2
2785	2
2786	2
2787	2
2788	2
2789	2
2790	2
2791	2
2792	2
2793	4
2794	4
2795	2
2796	6
2797	4
2798	1
2799	1
2800	1
2801	1
2802	4
2803	7
2804	1
2805	7
2806	1
2807	1
2808	7
2809	1
2810	7
2811	2
2812	2
2813	2
2814	2
2815	2
2816	4
2817	7
2818	1
2819	3
2820	3
2821	3
2822	1
2823	3
2824	3
2825	3
2826	5
2827	5
2828	5
2829	3
2830	6
2831	6
2832	6
2833	6
2834	6
2835	4
2836	4
2837	2
2838	2
2839	2
2840	2
2841	2
2842	4
2843	6
2844	4
2845	6
2846	6
2847	6
2848	7
2849	7
2850	7
2851	7
2852	7
2853	5
2854	4
2855	4
2856	3
2857	3
2858	3
2859	4
2860	4
2861	4
2862	4
2863	4
2864	4
2865	4
2866	4
2867	3
2868	3
2869	3
2870	3
2871	3
2872	4
2873	3
2874	4
2875	4
2876	4
2877	4
2878	4
2879	4
2880	4
2881	4
2882	4
2883	4
2884	4
2885	4
2886	4
2887	4
2888	4
2889	4
2890	4
2891	4
2892	4
2893	3
2894	4
2895	4
2896	4
2897	4
2898	2
2899	2
2900	4
2901	4
2902	2
2903	2
2904	2
2905	2
2906	2
2907	4
2908	4
2909	2
2910	4
2911	4
2912	2
2913	5
2914	5
2915	5
2916	3
2917	5
2918	5
2919	5
2920	5
2921	5
2922	3
2923	1
2924	5
2925	5
2926	5
2927	5
2928	5
2929	5
2930	5
2931	5
2932	5
2933	7
2934	3
2935	3
2936	3
2937	3
2938	3
2939	3
2940	3
2941	3
2942	3
2943	2
2944	2
2945	2
2946	2
2947	3
2948	4
2949	4
2950	4
2951	4
2952	4
2953	4
2954	2
2955	2
2956	2
2957	2
2958	2
2959	3
2960	4
2961	5
2962	1
2964	5
2965	8
2966	4
2967	1
2968	1
2969	1
2970	1
2971	1
2972	1
2973	4
2974	2
2975	2
2976	4
2977	7
2978	9
2979	4
2980	3
2981	3
2982	3
2983	3
2984	3
2985	6
2986	6
2987	3
2988	6
2989	3
2990	3
2991	3
2992	3
2993	3
2994	6
2995	3
2996	5
2997	7
2998	7
2999	4
3000	7
3001	3
3002	7
3003	9
3004	9
3005	9
3006	9
3007	4
3008	3
3009	4
3010	3
3011	4
3012	4
3013	3
3014	4
3015	4
3016	4
3017	3
3018	4
3019	4
3020	4
3021	4
3022	4
3023	4
3024	4
3025	4
3026	4
3027	4
3028	4
3029	4
3030	4
3031	4
3032	4
3033	4
3034	4
3035	4
3036	4
3037	4
3038	4
3039	4
3040	4
3041	4
3042	4
3043	4
3044	4
3045	4
3046	4
3047	4
3048	4
3049	4
3050	4
3051	4
3052	4
3053	4
3054	4
3055	4
3056	4
3057	4
3058	4
3059	4
3060	4
3061	4
3062	4
3063	4
3064	2
3065	2
3066	2
3067	2
3068	2
3069	2
3070	2
3071	2
3072	2
3073	5
3074	2
3075	2
3076	4
3077	2
3078	4
3079	2
3080	2
3081	1
3082	3
3083	3
3084	1
3085	3
3086	1
3087	1
3088	3
3089	1
3090	3
3091	1
3092	3
3093	3
3094	5
3095	5
3096	5
3097	5
3098	4
3099	4
3100	9
3101	9
3102	9
3103	3
3104	3
3105	3
3106	3
3107	3
3108	2
3109	3
3110	2
3111	2
3112	2
3113	3
3114	3
3115	3
3116	3
3117	3
3118	2
3119	4
3120	4
3121	2
3122	4
3123	2
3124	3
3125	6
3126	1
3127	5
3128	4
3129	5
3130	3
3131	1
3132	5
3133	5
3135	2
3136	1
3137	1
3138	1
3139	1
3140	1
3141	1
3142	4
3143	4
3144	9
3145	4
3146	4
3147	2
3148	3
3149	3
3150	6
3151	5
3152	1
3153	6
3154	3
3155	3
3156	3
3157	3
3158	3
3159	3
3160	3
3161	3
3162	3
3163	9
3164	9
3165	4
3166	4
3167	4
3168	4
3169	4
3170	4
3171	4
3172	4
3173	4
3174	4
3175	4
3176	4
3177	4
3178	4
3179	2
3180	2
3181	2
3184	2
3185	2
3186	2
3187	2
3188	2
3189	4
3190	4
3191	4
3192	4
3193	4
3194	4
3195	4
3196	9
3197	4
3198	4
3199	4
3200	4
3201	4
3202	4
3203	4
3204	4
3205	4
3206	4
3212	4
3213	4
3214	4
3215	4
3216	4
3217	4
3218	4
3219	4
3220	4
3221	4
3222	4
3223	2
3224	2
3225	2
3226	3
3227	4
3228	4
3229	6
3230	2
3231	2
3232	4
3233	2
3234	4
3235	4
3236	4
3237	2
3238	2
3239	6
3240	2
3241	3
3242	3
3243	3
3244	3
3245	3
3246	3
3247	3
3248	3
3249	3
3250	3
3251	9
3252	9
3253	9
3254	9
3255	9
3256	9
3257	9
3258	4
3259	9
3260	9
3261	9
3262	4
3263	3
3264	3
3265	3
3266	3
3267	3
3268	3
3269	4
3270	4
3271	1
3272	7
3273	2
3274	2
3275	4
3276	4
3277	2
3278	4
3279	2
3280	2
3281	6
3282	5
3284	1
3285	4
3286	4
3287	5
3288	4
3289	3
3292	4
3293	0
3294	0
3295	1
3296	5
3297	5
3298	1
3299	2
3300	2
3301	1
3302	1
3303	1
3304	5
3305	5
3306	5
3307	5
3308	5
3309	3
3310	3
3311	3
3312	3
3313	3
3314	6
3315	6
3316	6
3317	6
3318	6
3319	3
3320	3
3321	3
3322	4
3323	7
3324	2
3325	4
3326	4
3327	2
3328	4
3329	4
3330	4
3331	6
3332	5
3333	4
3334	2
3335	2
3336	2
3337	4
3338	4
3339	4
3340	4
3341	4
3342	9
3343	9
3344	3
3345	3
3346	3
3347	3
3348	4
3350	4
3351	4
3352	4
3353	3
3355	4
3356	4
3357	4
3358	4
3359	4
3360	4
3361	4
3362	4
3363	4
3364	4
3365	4
3366	4
3367	4
3368	4
3369	4
3370	4
3371	4
3372	4
3373	4
3374	2
3375	4
3376	2
3377	2
3378	2
3379	2
3380	2
3381	2
3382	2
3383	2
3384	2
3385	2
3386	2
3387	2
3388	2
3389	2
3390	2
3391	2
3392	2
3393	2
3394	2
3395	4
3396	4
3397	2
3398	2
3399	4
3400	3
3401	3
3402	3
3403	5
3404	5
3405	5
3406	5
3407	5
3408	9
3409	9
3410	9
3411	3
3412	5
3413	4
3414	4
3415	5
3416	3
3417	3
3418	7
3419	3
3420	4
3421	4
3422	4
3423	4
3424	4
3425	4
3426	4
3427	7
3428	7
3429	4
3430	7
3431	4
3432	4
3433	4
3434	4
3435	4
3436	4
3437	2
3438	4
3439	6
3440	5
3441	4
3442	2
3443	4
3444	4
3445	2
3446	4
3447	1
3448	4
3449	9
3450	3
3451	5
3452	1
3453	5
3454	5
3455	7
3456	7
3457	5
3458	5
3459	5
3460	3
3461	1
3462	6
3463	6
3464	6
3465	6
3466	5
3467	5
3468	6
3469	5
3470	5
3471	1
3472	3
3473	3
3474	3
3475	3
3476	8
3477	3
3478	3
3479	8
3480	3
3481	3
3482	5
3483	5
3484	5
3485	5
3486	6
3487	6
3488	6
3489	6
3490	6
3491	6
3492	6
3493	6
3494	6
3495	6
3496	9
3497	4
3498	4
3499	4
3500	4
3501	3
3502	9
3503	9
3504	3
3505	3
3506	4
3507	4
3508	4
3509	4
3510	4
3513	4
3514	3
3515	3
3516	3
3517	3
3518	3
3519	3
3520	3
3521	3
3522	4
3523	4
3524	4
3525	4
3526	4
3527	4
3528	4
3529	4
3530	4
3531	4
3533	4
3534	4
3535	4
3536	4
3537	4
3538	4
3539	4
3540	4
3541	4
3542	4
3543	4
3544	4
3545	4
3546	4
3547	2
3548	4
3549	4
3550	4
3551	4
3552	4
3553	4
3554	4
3555	4
3556	4
3557	4
3558	2
3559	2
3560	2
3561	2
3562	2
3563	2
3564	2
3565	2
3566	2
3567	2
3568	3
3569	4
3570	3
3571	4
3572	3
3573	3
3574	3
3575	3
3576	4
3577	9
3578	3
3579	3
3580	3
3581	3
3582	3
3583	3
3584	3
3585	3
3586	9
3587	3
3588	3
3589	3
3590	7
3591	3
3592	3
3593	9
3594	4
3595	2
3596	2
3597	2
3598	4
3599	2
3600	4
3601	2
3602	2
3603	3
3604	9
3605	5
3606	1
3607	1
3608	9
3609	3
3610	1
3611	1
3612	9
3614	5
3615	3
3616	5
3617	5
3618	7
3619	7
3620	5
3621	5
3622	6
3623	6
3624	6
3625	6
3626	6
3627	6
3628	5
3629	5
3630	5
3631	5
3632	1
3633	1
3634	5
3635	5
3636	5
3637	5
3638	5
3639	5
3640	5
3641	3
3642	3
3643	3
3644	8
3645	3
3646	3
3647	3
3648	6
3649	6
3650	6
3651	5
3652	6
3653	6
3654	5
3655	6
3656	6
3657	3
3658	9
3659	9
3660	9
3661	4
3662	4
3663	4
3664	9
3665	9
3666	3
3667	3
3668	6
3669	3
3670	3
3671	3
3672	3
3673	4
3674	3
3675	4
3676	3
3677	3
3678	3
3679	4
3680	4
3681	4
3682	4
3684	4
3685	4
3686	4
3687	4
3688	4
3689	4
3690	4
3691	4
3692	4
3693	4
3694	4
3695	4
3696	4
3697	4
3698	4
3699	4
3700	4
3701	4
3702	4
3703	4
3704	4
3705	4
3706	4
3707	4
3708	4
3709	4
3710	4
3711	2
3712	2
3713	2
3715	4
3717	4
3718	2
3719	2
3720	4
3721	2
3722	2
3723	2
3724	2
3725	2
3726	9
3727	9
3728	3
3729	4
3730	4
3731	9
3732	4
3733	9
3734	3
3735	3
3736	9
3737	9
3738	9
3739	9
3740	3
3741	3
3742	3
3743	3
3744	3
3745	3
3746	3
3747	3
3748	3
3749	9
3750	4
3751	3
3752	3
3753	9
3754	9
3755	9
3756	2
3757	2
3758	2
3759	4
3760	2
3761	2
3762	2
3763	2
3764	2
3768	3
3769	4
3770	4
3771	5
3772	7
3773	5
3774	5
3775	5
3776	5
3777	6
3778	5
3779	6
3780	6
3781	6
3782	6
3783	6
3784	6
3785	6
3786	6
3787	6
3788	3
3789	6
3790	8
3791	8
3792	8
3793	8
3794	8
3795	8
3796	8
3797	8
3798	8
3799	8
3800	8
3801	8
3802	8
3803	8
3804	8
3805	8
3806	8
3807	8
3808	8
3809	8
3810	8
3811	8
3812	8
3813	8
3814	8
3815	8
3816	8
3817	8
3818	8
3819	8
3820	8
3821	8
3822	8
3823	8
3824	8
3825	8
3826	8
3827	8
3828	8
3829	8
3830	8
3831	8
3832	8
3833	8
3834	8
3835	8
3836	8
3837	8
3838	8
3839	8
3840	8
3841	8
3842	8
3843	8
3844	8
3845	8
3846	8
3847	8
3848	8
3849	8
3850	8
3851	8
3852	8
3853	8
3854	8
3855	8
3856	8
3857	8
3858	8
3859	8
3860	8
3861	8
3862	8
3863	8
3864	8
3865	8
3866	8
3867	8
3868	8
3869	8
3870	8
3871	8
3872	8
3873	8
3874	8
3875	8
3876	8
3877	8
3878	8
3879	8
3880	8
3883	8
3884	8
3885	8
3886	8
3887	8
3888	8
3889	8
3890	8
3892	8
3893	8
3894	8
3897	8
3898	8
3899	8
3900	8
3901	8
3902	8
3903	8
3904	8
3905	8
3906	8
3907	8
3908	8
3909	8
3910	8
3911	8
3912	8
3913	8
3914	8
3915	8
3916	8
3917	8
3918	8
3919	8
3920	8
3921	8
3922	8
3923	8
3924	8
3925	8
3926	8
3927	8
3928	8
3929	8
3930	8
3931	8
3932	8
3933	8
3934	8
3935	8
3936	8
3937	8
3938	8
3939	8
3940	8
3941	8
3942	8
3943	8
3944	8
3945	8
3946	8
3947	8
3948	8
3949	8
3950	8
3951	8
3952	8
3953	8
3954	8
3955	8
3956	8
3957	8
3958	8
3959	8
3960	8
3961	8
3962	8
3963	8
3964	8
3965	8
3966	8
3967	8
3968	8
3969	8
3970	8
3971	8
3972	8
3973	8
3974	8
3975	8
3976	8
3977	8
3978	8
3979	8
3980	8
3981	8
3982	8
3983	8
3985	8
3986	8
3987	0
3988	0
3989	1
3990	7
3991	0
3992	1
3993	7
3994	0
3995	0
3996	0
3997	0
3998	7
3999	7
4000	0
4001	1
4002	1
4003	0
4004	7
4005	7
4006	7
4007	7
4008	1
4009	0
4010	0
4011	0
4012	7
4013	0
4014	0
4015	0
4016	0
4017	0
4018	0
4019	0
4020	7
4021	1
4022	7
4023	0
4024	0
4025	0
4026	1
4027	7
4028	7
4029	7
4030	7
4031	7
4032	7
4033	7
4034	7
4035	0
4036	7
4037	7
4038	0
4039	0
4040	0
4041	7
4042	7
4043	7
4044	0
4045	7
4046	7
4047	7
4048	7
4049	0
4050	7
4051	7
4052	7
4053	0
4054	7
4055	0
4056	7
4057	0
4058	0
4059	0
4060	0
4061	0
4062	0
4063	0
4064	0
4065	0
4066	0
4067	0
4068	7
4069	0
4070	7
4071	7
4072	7
4073	0
4074	0
4075	0
4076	0
4077	0
4078	8
4079	8
4080	8
4081	8
4082	8
4083	8
4084	0
4085	8
4086	8
4087	8
4088	8
4089	0
4090	8
4091	8
4092	8
4093	8
4094	8
4095	8
4096	8
4097	8
4098	8
4099	8
4100	8
4101	8
4102	8
4103	8
4104	8
4105	8
4106	7
4107	8
4108	8
4109	8
4110	0
4111	8
4112	8
4113	8
4114	0
4115	8
4116	0
4117	8
4118	8
4119	8
4120	0
4121	0
4122	0
4123	0
4124	0
4125	8
4126	0
4127	0
4128	0
4129	8
4130	8
4131	0
4132	8
4133	0
4134	0
4135	8
4136	8
4137	8
4138	8
4139	0
4140	8
4141	8
4142	0
4143	0
4144	0
4145	8
4146	8
4147	8
4148	8
4149	8
4150	0
4151	0
4152	0
4153	8
4154	0
4155	8
4156	0
4157	0
4158	8
4159	8
4160	0
4161	1
4162	1
4163	7
4164	7
4165	7
4166	1
4167	1
4168	7
4169	7
4170	1
4171	1
4172	7
4173	7
4174	7
4175	7
4176	7
4177	7
4178	1
4179	1
4180	7
4181	7
4182	7
4183	7
4184	7
4185	7
4186	1
4187	7
4188	1
4189	1
4190	1
4191	7
4192	1
4193	1
4194	7
4195	1
4196	7
4197	7
4198	7
4199	7
4200	7
4201	7
4202	1
4203	1
4204	1
4205	7
4206	7
4207	1
4208	1
4209	8
4210	8
4211	8
4212	8
4213	8
4214	8
4215	8
4216	8
4217	8
4218	8
4219	8
4220	8
4221	8
4222	8
4223	8
4224	8
4225	8
4226	8
4227	8
4228	8
4229	8
4230	8
4231	8
4232	8
4233	8
4234	8
4235	8
4236	8
4237	8
4238	8
4239	8
4240	8
4241	8
4242	8
4243	8
4244	9
4245	9
4246	8
4247	8
4248	8
4249	9
4250	8
4251	8
4252	8
4253	8
4254	8
4255	8
4256	8
4257	8
4258	8
4259	8
4260	8
4261	8
4262	8
4263	8
4264	8
4265	8
4266	1
4267	7
4268	1
4269	9
4270	9
4271	7
4272	9
4273	7
4274	7
4275	7
4276	7
4277	1
4278	7
4279	0
4280	0
4281	0
4282	0
4283	7
4284	7
4285	1
4286	9
4287	7
4288	7
4289	7
4290	7
4291	7
4292	7
4293	7
4294	0
4295	7
4296	1
4297	7
4298	7
4299	7
4300	7
4301	7
4302	7
4303	7
4304	1
4305	0
4306	9
4307	7
4308	7
4309	1
4310	7
4311	7
4312	7
4313	7
4314	1
4315	9
4316	1
4317	7
4318	7
4319	7
4320	7
4321	7
4322	7
4323	7
4324	0
4325	7
4326	7
4327	7
4328	1
4329	0
4330	7
4331	0
4332	0
4333	0
4334	0
4335	0
4336	0
4337	0
4338	0
4339	0
4340	7
4341	7
4342	7
4343	7
4344	0
4345	7
4346	1
4347	1
4348	1
4349	1
4350	7
4351	1
4352	7
4353	1
4354	9
4355	1
4356	1
4357	1
4358	9
4359	9
4360	7
4361	7
4362	1
4363	9
4364	1
4365	0
4366	9
4367	1
4368	0
4369	7
4370	7
4371	7
4372	7
4373	7
4374	0
4375	1
4376	1
4377	9
4378	7
4379	7
4380	7
4381	7
4382	7
4383	7
4384	9
4385	9
4386	7
4387	7
4388	1
4389	7
4390	7
4391	7
4392	9
4393	0
4394	7
4395	1
4396	0
4397	7
4398	1
4399	7
4400	7
4401	7
4402	1
4403	7
4404	1
4405	1
4406	1
4407	1
4408	9
4409	9
4410	9
4411	9
4412	9
4413	1
4414	1
4415	1
4416	7
4417	7
4418	1
4419	7
4420	7
4421	7
4422	7
4423	0
4424	7
4425	7
4426	9
4427	0
4428	9
4429	1
4430	0
4431	0
4432	7
4433	7
4434	7
4435	1
4436	1
4437	1
4438	1
4439	1
4440	7
4441	7
4442	7
4443	0
4444	1
4445	7
4446	9
4447	7
4448	1
4449	7
4450	7
4451	0
4452	1
4453	0
4454	9
4455	7
4456	7
4457	0
4458	0
4459	7
4460	7
4461	7
4462	9
4463	7
4464	7
4465	7
4466	9
4467	1
4468	7
4469	7
4470	1
4471	7
4472	1
4473	7
4474	1
4475	7
4476	1
4477	1
4478	7
4479	7
4480	7
4481	7
4482	7
4483	7
4484	1
4485	1
4486	1
4487	1
4488	1
4489	7
4490	8
4496	8
4497	8
4498	8
4499	8
4500	8
4501	8
4502	8
4503	8
4504	8
4510	8
4511	8
4512	8
4513	8
4514	8
4515	8
4516	8
4517	8
4518	8
4519	8
4520	8
4521	8
4522	8
4523	8
4524	8
4525	8
4526	8
4527	7
4528	7
4529	7
4530	7
4531	7
4532	7
4533	7
4534	7
4535	7
4536	7
4537	7
4538	7
4539	7
4540	7
4541	7
4542	7
4543	7
4544	1
4545	7
4546	7
4547	7
4548	7
4549	7
4550	7
4551	7
4552	7
4553	7
4554	6
4555	5
4556	6
4557	6
4558	8
4559	6
4560	6
4561	8
4562	8
4563	8
4564	8
4565	8
4566	6
4567	8
4568	8
4569	8
4570	3
4571	3
4572	3
4573	3
4574	6
4575	6
4576	6
4577	6
4578	5
4579	5
4580	6
4581	6
4582	6
4583	8
4584	8
4585	6
4586	8
4587	8
4588	6
4589	6
4590	5
4591	3
4592	6
4596	6
4597	8
4599	8
4600	8
4601	8
4602	8
4603	8
4607	8
4608	5
4609	5
4610	3
4611	3
4612	9
4613	6
4614	6
4615	6
4616	6
4617	8
4618	8
4619	8
4620	8
4621	0
4622	6
4623	6
4624	6
4625	6
4626	6
4627	3
4628	6
4629	6
4630	6
4631	6
4632	5
4633	5
4634	6
4635	6
4636	6
4637	6
4638	8
4639	8
4640	8
4641	8
4642	5
4643	5
4644	6
4645	6
4646	6
4647	6
4648	6
4649	6
4650	6
4651	6
4652	3
4653	8
4654	8
4655	8
4656	8
4657	3
4658	3
4659	8
4660	5
4661	6
4662	6
4663	6
4664	6
4665	6
4666	6
4667	6
4668	6
4669	6
4670	6
4671	6
4672	5
4673	5
4674	5
4675	0
4676	8
4677	8
4678	6
4679	5
4680	6
4681	6
4682	6
4683	3
4684	3
4685	6
4686	6
4687	6
4688	6
4689	6
4690	6
4691	6
4692	3
4693	5
4694	5
4695	5
4696	5
4697	5
4698	5
4699	5
4700	8
4701	3
4702	8
4703	3
4704	3
4705	8
4706	6
4707	3
4708	8
4709	5
4710	6
4711	6
4712	8
4713	5
4714	5
4715	5
4716	5
4717	5
4718	5
4719	6
4720	3
4721	3
4722	3
4723	8
4724	8
4725	6
4726	5
4727	3
4728	3
4729	3
4730	8
4731	6
4732	6
4733	6
4734	6
4735	3
4736	8
4737	8
4738	5
4739	5
4740	5
4741	5
4742	6
4743	3
4744	5
4745	6
4746	3
4747	5
4748	8
4749	8
4750	8
4751	8
4752	8
4753	8
4754	8
4755	8
4756	8
4757	8
4758	6
4759	6
4760	6
4761	6
4762	6
4763	6
4764	6
4765	5
4766	6
4767	3
4768	3
4769	3
4770	3
4771	8
4772	6
4773	6
4774	6
4775	6
4776	6
4777	6
4778	6
4779	6
4780	6
4781	8
4782	6
4783	8
4784	8
4785	3
4786	3
4787	3
4788	6
4789	6
4790	6
4791	6
4792	6
4793	8
4794	3
4795	3
4796	3
4797	6
4798	3
4799	3
4800	3
4801	6
4802	6
4803	6
4804	8
4805	6
4806	3
4807	3
4808	3
4809	5
4810	5
4811	5
4812	6
4813	3
4815	8
4816	8
4817	8
4818	8
4819	8
4820	8
4821	8
4822	8
4823	8
4826	6
4827	6
4828	8
4829	6
4830	6
4831	6
4832	6
4833	3
4834	8
4835	6
4836	6
4837	3
4838	3
4839	6
4840	6
4841	3
4842	8
4843	6
4844	6
4845	3
4846	3
4847	3
4848	3
4849	3
4850	3
4851	6
4852	6
4853	6
4854	6
4855	6
4856	6
4857	6
4858	6
4859	6
4860	6
4861	6
4862	6
4863	3
4864	3
4865	6
4866	3
4867	5
4868	3
4869	5
4870	5
4871	3
4872	6
4873	6
4874	6
4875	6
4876	6
4877	8
4878	9
4879	6
4880	9
4881	6
4882	6
4883	6
4884	6
4885	6
4886	6
4887	6
4888	6
4889	6
4890	8
4891	6
4892	6
4893	5
4894	3
4895	6
4896	3
4897	6
4898	5
4899	6
4900	5
4901	8
4902	6
4903	8
4904	8
4905	6
4906	6
4907	6
4908	6
4909	5
4910	8
4911	6
4912	5
4913	8
4914	6
4915	8
4916	5
4917	6
4918	5
4919	5
4920	5
4921	5
4922	5
4923	6
4924	5
4925	5
4926	6
4927	6
4928	6
4929	9
4930	9
4931	8
4932	9
4933	9
4934	0
4935	6
4936	6
4937	6
4938	6
4939	6
4940	8
4941	9
4942	6
4943	8
4944	5
4945	3
4946	3
4947	3
4948	8
4949	8
4950	8
4951	9
4953	9
4954	9
4955	9
4956	9
4958	9
4959	9
4961	9
4966	9
4968	1
4969	1
4970	5
4971	5
4972	1
4973	1
4974	1
4975	1
4976	5
4977	1
4978	1
4979	1
4980	1
4981	1
4982	1
4983	1
4984	1
4985	1
4986	1
4987	1
4988	1
4989	4
4990	4
4991	4
4992	1
4993	1
4994	1
4995	1
4996	1
4997	1
4998	1
4999	1
5000	1
5001	1
5002	1
5003	1
5004	1
5005	5
5006	5
5007	5
5008	5
5009	5
5010	5
5011	5
5012	1
5013	5
5014	5
5015	1
5016	1
5017	1
5018	1
5019	1
5020	1
5021	1
5022	1
5023	1
5024	1
5025	1
5026	1
5027	1
5028	1
5029	5
5030	1
5031	1
5032	4
5033	1
5034	4
5035	4
5036	4
5037	8
5038	8
5039	8
5040	8
5041	8
5042	8
5043	8
5044	8
5045	8
5046	8
5047	8
5048	8
5049	8
5050	5
5051	8
5052	8
5053	5
5054	5
5055	1
5058	1
5059	1
5063	8
5066	0
5067	1
5068	1
5069	1
5070	0
5071	1
5072	9
5073	1
5074	1
5075	0
5076	1
5077	1
5078	1
5079	1
5080	1
5081	1
5082	1
5083	1
5084	1
5085	1
5086	1
5087	1
5088	1
5089	1
5090	1
5091	1
5092	0
5093	0
5094	7
5095	7
5096	0
5097	0
5098	7
5099	0
5100	7
5101	0
5102	0
5103	7
5104	7
5105	7
5106	0
5107	0
5108	0
5109	0
5110	0
5111	0
5112	7
5113	7
5114	7
5115	0
5116	0
5117	0
5118	8
5119	9
5120	3
5121	9
5122	3
5123	3
5124	3
5125	2
5126	2
5127	2
5128	9
5129	1
5130	2
5131	2
5132	9
5133	2
5134	9
5135	1
5136	9
5137	9
5138	9
5139	9
5140	4
5141	4
5142	4
5143	4
5144	2
5145	5
5146	2
5147	1
5148	9
5149	9
5150	9
5151	9
5152	9
5153	9
5154	9
5155	9
5156	9
5157	1
5158	9
5159	9
5160	5
5161	2
5162	4
5163	4
5164	7
5165	4
5166	2
5167	3
5168	5
5169	3
5170	3
5171	3
5172	3
5173	1
5174	1
5175	2
5176	2
5177	9
5178	1
5179	4
5180	1
5181	1
5182	9
5183	5
5184	9
5185	5
5186	9
5187	9
5188	4
5189	7
5190	9
5191	3
5192	2
5193	9
5194	9
5195	9
5196	9
5197	9
5198	9
5199	9
5200	9
5201	9
5202	9
5203	9
5204	9
5205	9
5206	1
5207	9
5208	5
5209	2
5210	2
5211	5
5212	9
5213	1
5214	9
5215	9
5216	3
5217	9
5218	3
5219	5
5220	3
5221	3
5222	9
5223	5
5224	5
5225	9
5226	9
5227	9
5228	9
5229	4
5230	2
5231	5
5232	5
5233	5
5234	5
5235	5
5236	9
5237	4
5238	1
5239	1
5240	2
5241	9
5242	9
5243	9
5244	9
5245	9
5246	9
5247	9
5248	5
5249	9
5250	2
5251	3
5252	2
5253	7
5254	4
5255	2
5256	3
5257	9
5258	2
5259	3
5260	3
5261	3
5262	5
5263	5
5264	5
5265	3
5266	3
5267	1
5268	2
5269	2
5270	2
5271	4
5272	5
5273	5
5274	5
5275	9
5276	9
5277	9
5278	1
5279	2
5280	5
5281	5
5282	9
5283	9
5284	3
5285	2
5286	5
5287	9
5288	9
5289	7
5290	3
5291	2
5292	1
5293	2
5294	4
5295	2
5296	2
5297	9
5298	2
5299	1
5300	1
5301	1
5302	1
5303	3
5304	3
5305	3
5306	3
5307	5
5308	5
5309	3
5310	5
5311	2
5312	4
5313	4
5314	2
5315	1
5316	1
5317	4
5318	9
5319	9
5320	2
5321	5
5322	1
5324	5
5325	9
5326	1
5327	1
5328	9
5329	2
5330	2
5331	2
5332	9
5333	0
5334	4
5335	2
5336	4
5337	4
5338	4
5339	2
5340	4
5341	9
5342	2
5343	2
5344	2
5345	9
5346	2
5347	2
5348	4
5349	4
5350	4
5351	4
5352	9
5353	1
5354	9
5355	2
5356	2
5357	9
5358	9
5359	3
5360	3
5361	3
5362	9
5363	9
5364	2
5365	3
5366	4
5367	4
5368	2
5369	2
5370	4
5371	2
5372	2
5373	9
5374	2
5375	2
5376	4
5377	1
5378	4
5379	4
5380	9
5381	5
5382	1
5383	9
5384	1
5385	4
5386	2
5387	4
5388	9
5389	2
5390	4
5391	4
5392	2
5393	2
5394	2
5395	2
5396	2
5397	2
5398	9
5399	2
5400	9
5401	9
5402	9
5403	4
5404	2
5405	2
5406	2
5407	2
5408	2
5409	2
5410	2
5411	2
5412	7
5413	4
5414	7
5415	2
5416	2
5417	7
5418	1
5419	9
5420	4
5421	9
5422	9
5423	9
5424	2
5425	9
5426	1
5427	2
5428	4
5429	9
5430	4
5431	4
5432	4
5433	2
5434	4
5435	1
5436	2
5437	2
5438	2
5439	2
5440	2
5441	2
5442	9
5443	9
5444	9
5445	5
5446	2
5447	2
5448	2
5449	2
5450	2
5451	2
5452	4
5453	2
5454	7
5455	7
5456	9
5457	4
5458	1
5459	1
5460	2
5461	9
5462	4
5463	2
5464	5
5465	4
5466	9
5467	5
5468	4
5469	1
5470	5
5471	2
5472	5
5473	9
5474	2
5475	4
5476	9
5477	5
5478	9
5479	4
5480	1
5481	1
5482	1
5483	1
5484	1
5485	1
5486	2
5487	2
5488	2
5489	2
5490	2
5491	2
5492	9
5493	9
5494	9
5495	2
5496	9
5497	9
5498	1
5499	9
5500	9
5501	4
5502	2
5503	2
5504	2
5505	2
5506	2
5507	2
5508	7
5509	4
5510	2
5511	2
5512	4
5513	1
5514	4
5515	9
5516	2
5517	2
5518	9
5519	1
5520	2
5521	5
5522	1
5523	1
5524	9
5525	1
5526	2
5527	1
5528	3
5529	2
5530	4
5531	9
5532	1
5533	1
5534	1
5535	1
5536	1
5537	1
5538	4
5539	4
5540	2
5541	2
5542	2
5543	4
5544	2
5545	9
5546	2
5547	9
5548	4
5549	1
5550	2
5551	9
5552	2
5553	2
5554	2
5555	2
5556	1
5557	9
5558	5
5559	5
5560	1
5561	9
5562	4
5563	1
5564	1
5565	5
5566	1
5567	1
5568	5
5569	4
5570	9
5571	9
5572	9
5573	9
5574	9
5575	1
5576	9
5577	9
5578	9
5579	9
5580	2
5581	2
5582	2
5583	2
5584	2
5585	3
5586	1
5587	2
5588	9
5589	3
5590	9
5591	9
5592	3
5593	9
5594	9
5595	3
5596	2
5597	2
5598	2
5599	2
5600	2
5601	5
5602	5
5603	9
5604	1
5605	9
5606	5
5607	9
5608	4
5609	1
5610	1
5611	1
5612	1
5613	5
5614	4
5615	3
5616	1
5617	9
5618	2
5619	9
5620	1
5621	9
5622	5
5623	4
5624	3
5625	5
5626	3
5627	9
5628	2
5629	5
5630	9
5631	9
5632	3
5633	2
5634	3
5635	2
5636	3
5637	2
5638	2
5639	2
5640	2
5641	1
5642	5
5643	9
5644	9
5645	3
5646	5
5647	9
5648	9
5649	3
5650	3
5651	3
5652	2
5653	2
5654	2
5655	2
5656	2
5657	4
5658	9
5659	2
5660	4
5661	2
5662	9
5663	3
5664	5
5665	9
5666	1
5667	4
5668	5
5669	4
5670	1
5671	1
5672	2
5673	2
5674	2
5675	1
5676	9
5677	1
5678	9
5679	9
5680	2
5681	9
5682	2
5683	9
5684	3
5685	1
5686	4
5687	1
5688	2
5689	9
5690	9
5691	3
5692	3
5693	3
5694	9
5695	9
5696	3
5697	9
5698	3
5699	4
5700	2
5701	3
5702	2
5703	3
5704	2
5705	5
5706	4
5707	9
5708	3
5709	9
5710	2
5711	2
5712	2
5713	1
5714	1
5715	9
5716	1
5717	2
5718	9
5719	9
5720	5
5721	1
5722	9
5723	1
5725	2
5726	1
5727	2
5728	2
5729	1
5730	2
5731	9
5732	2
5733	9
5734	2
5735	9
5736	2
5737	9
5738	1
5739	5
5740	4
5741	9
5742	9
5743	3
5744	3
5745	9
5746	9
5747	9
5748	9
5749	2
5750	2
5751	2
5752	2
5753	2
5754	2
5755	2
5756	1
5757	1
5758	1
5759	9
5766	1
5767	9
5768	3
5769	4
5770	1
5771	1
5772	9
5773	1
5774	2
5775	9
5776	9
5777	4
5778	4
5779	2
5780	9
5781	2
5782	5
5783	1
5784	1
5785	5
5786	1
5787	9
5788	5
5789	5
5790	5
5791	5
5792	5
5793	5
5794	9
5795	9
5796	9
5797	3
5798	3
5799	9
5800	3
5801	2
5802	2
5803	2
5804	2
5805	9
5806	1
5807	5
5810	5
5811	4
5812	2
5813	5
5814	1
5815	1
5816	1
5817	1
5818	1
5819	2
5820	9
5821	9
5822	1
5823	9
5824	1
5825	9
5826	9
5827	2
5828	1
5829	5
5830	4
5831	1
5832	1
5833	5
5834	1
5835	1
5836	1
5837	9
5838	1
5839	9
5840	9
5841	5
5842	5
5843	9
5844	3
5845	9
5846	3
5847	9
5848	3
5849	3
5850	9
5851	9
5852	9
5853	4
5854	4
5855	1
5856	9
5857	9
5858	9
5859	2
5860	1
5861	9
5862	1
5863	5
5864	9
5865	2
5866	4
5867	9
5868	4
5869	2
5870	1
5871	2
5872	2
5873	2
5874	9
5875	9
5876	9
5877	9
5878	5
5879	9
5880	5
5881	9
5882	5
5883	5
5884	1
5885	3
5886	3
5887	3
5888	3
5889	3
5890	3
5891	7
5892	7
5893	7
5894	7
5895	7
5896	7
5897	7
5898	7
5899	1
5900	7
5901	7
5902	7
5903	7
5904	7
5905	7
5906	7
5907	7
5908	7
5909	7
5910	7
5911	7
5912	7
5913	7
5914	7
5915	7
5916	1
5917	7
5918	7
5919	7
5920	7
5921	7
5922	7
5923	7
5924	7
5925	7
5926	7
5927	7
5928	1
5929	7
5930	7
5931	7
5932	7
5933	7
5934	7
5935	7
5936	7
5937	7
5938	7
5939	7
5940	7
5941	7
5942	7
5943	7
5944	7
5945	7
5946	7
5947	7
5948	7
5949	7
5950	7
5951	7
5952	7
5953	7
5954	7
5955	7
5956	7
5957	7
5958	7
5959	7
5960	7
5961	7
5962	7
5963	7
5964	7
5965	7
5966	7
5967	7
5968	7
5969	7
5970	7
5971	7
5972	7
5973	7
5974	7
5975	7
5976	7
5977	7
5978	7
5979	7
5980	7
5981	7
5982	7
5983	1
5984	1
5985	1
5986	7
5987	7
5988	7
5989	7
5990	7
5991	7
5992	7
5993	7
5994	7
5995	7
5996	7
5997	7
5998	7
5999	7
6000	7
6001	7
6002	7
6003	7
6004	7
6005	7
6006	7
6007	7
6008	7
6009	7
6010	7
6011	7
6012	7
6013	7
6014	1
6015	7
6016	7
6017	7
6018	7
6019	7
6020	7
6021	7
6022	7
6023	7
6024	1
6025	7
6026	7
6027	7
6028	7
6029	7
6030	7
6031	7
6032	7
6033	7
6034	7
6035	7
6036	7
6037	7
6038	7
6039	7
6040	7
6041	7
6042	7
6043	7
6044	7
6045	7
6046	7
6047	7
6048	7
6049	7
6050	7
6051	7
6052	7
6053	7
6054	7
6055	7
6056	7
6057	7
6058	7
6059	7
6060	7
6061	7
6062	7
6063	7
6064	7
6065	7
6066	7
6067	7
6068	7
6069	7
6070	7
6071	7
6072	7
6073	7
6074	7
6075	7
6076	7
6077	7
6078	7
6079	7
6080	7
6081	7
6082	7
6083	7
6084	7
6085	7
6086	7
6087	7
6088	7
6089	7
6090	7
6091	7
6092	7
6093	7
6094	7
6095	7
6096	7
6097	7
6098	7
6099	7
6100	7
6101	7
6102	7
6103	7
6104	7
6105	7
6106	7
6107	7
6108	7
6109	7
6110	7
6111	7
6112	7
6113	7
6114	7
6115	7
6116	7
6117	7
6118	7
6119	7
6120	7
6121	7
6122	7
6123	7
6124	7
6125	7
6126	7
6127	7
6128	7
6129	7
6130	7
6131	7
6132	7
6133	7
6134	7
6135	7
6136	7
6137	7
6138	7
6139	7
6140	7
6141	7
6142	7
6143	7
6144	7
6145	7
6146	7
6147	7
6148	7
6149	7
6150	7
6151	7
6152	7
6153	7
6154	7
6155	7
6156	7
6157	7
6158	7
6159	7
6160	7
6161	7
6162	7
6163	7
6164	7
6165	7
6166	7
6167	7
6168	7
6169	7
6170	7
6171	7
6172	7
6173	7
6174	7
6175	7
6176	7
6177	7
6178	7
6179	7
6180	7
6181	7
6182	7
6183	7
6184	7
6185	7
6186	7
6187	7
6188	7
6189	7
6190	7
6191	7
6192	7
6193	7
6194	1
6195	7
6196	7
6197	7
6198	7
6199	7
6200	7
6201	7
6202	7
6203	7
6204	1
6205	7
6206	1
6207	7
6208	7
6209	7
6210	7
6211	7
6212	1
6213	7
6214	7
6215	1
6216	7
6217	1
6218	7
6219	7
6220	7
6221	7
6222	7
6223	7
6224	7
6225	7
6226	7
6227	1
6228	1
6229	7
6230	1
6231	1
6232	1
6233	7
6234	1
6235	7
6236	7
6237	7
6238	7
6239	9
6240	8
6241	9
6242	9
6243	9
6244	8
6245	0
6246	8
6247	8
6248	0
6249	8
6250	6
6251	8
6252	9
6253	8
6254	0
6255	8
6256	0
6257	8
6258	9
6259	8
6260	0
6261	8
6262	8
6263	9
6264	9
6265	9
6266	5
6267	8
6268	9
6269	8
6270	8
6271	8
6272	9
6273	0
6274	8
6275	8
6276	8
6277	8
6278	8
6279	9
6280	8
6281	8
6282	8
6283	8
6284	8
6285	8
6286	5
6287	8
6288	8
6289	8
6290	8
6291	5
6292	8
6293	8
6294	8
6295	0
6296	8
6297	8
6298	8
6299	8
6300	8
6301	8
6302	8
6303	8
6304	8
6305	8
6306	8
6307	8
6308	8
6309	8
6310	8
6311	8
6312	8
6313	8
6314	8
6315	8
6316	8
6317	8
6318	8
6319	8
6320	8
6321	8
6322	8
6323	8
6324	8
6325	8
6326	8
6327	6
6328	6
6329	6
6330	8
6331	9
6332	6
6333	9
6334	8
6335	8
6336	8
6337	8
6338	8
6339	8
6340	8
6341	8
6342	8
6343	8
6344	8
6345	8
6346	8
6347	8
6348	8
6349	8
6350	8
6351	8
6352	5
6353	8
6354	8
6355	8
6356	8
6357	8
6358	8
6359	8
6360	8
6361	8
6362	8
6363	8
6364	8
6365	9
6366	8
6367	8
6368	8
6369	5
6370	0
6371	8
6372	8
6373	8
6374	8
6375	8
6376	8
6377	8
6378	8
6379	8
6380	8
6381	8
6382	8
6383	8
6384	8
6385	9
6386	8
6387	8
6388	8
6389	8
6390	8
6391	8
6392	8
6393	6
6394	0
6395	8
6396	8
6397	8
6398	8
6399	9
6400	9
6401	8
6402	6
6403	6
6404	9
6405	0
6406	0
6407	0
6408	8
6409	8
6410	9
6411	3
6412	8
6413	8
6414	8
6415	8
6416	8
6417	6
6418	6
6419	8
6420	8
6421	8
6422	6
6423	8
6424	8
6425	8
6426	8
6427	8
6428	8
6429	8
6430	8
6431	8
6432	8
6433	5
6435	8
6436	8
6437	8
6438	8
6439	8
6440	8
6441	8
6442	8
6443	8
6444	8
6445	8
6446	8
6447	8
6448	8
6449	8
6450	8
6451	0
6452	8
6453	8
6454	8
6455	0
6456	5
6457	6
6458	9
6459	5
6460	8
6461	5
6462	8
6463	8
6464	8
6465	8
6466	8
6467	8
6468	8
6469	8
6470	8
6471	8
6472	8
6474	8
6475	8
6476	8
6477	0
6478	8
6479	8
6480	8
6481	8
6482	8
6483	8
6484	8
6485	8
6486	8
6487	8
6488	8
6489	8
6490	8
6491	8
6492	8
6493	8
6494	8
6495	8
6496	8
6497	8
6498	8
6499	8
6500	8
6501	8
6502	8
6503	8
6504	8
6505	8
6506	8
6507	8
6508	8
6509	8
6510	8
6511	8
6512	8
6513	8
6514	8
6515	8
6516	8
6517	6
6518	8
6519	8
6520	8
6521	6
6522	8
6523	8
6524	8
6525	8
6526	8
6527	8
6528	6
6529	8
6530	8
6531	8
6532	6
6533	9
6534	8
6535	8
6536	5
6537	8
6538	5
6539	8
6540	8
6541	8
6542	0
6543	8
6544	0
6545	0
6546	8
6547	8
6548	8
6549	8
6550	8
6551	0
6552	8
6553	5
6554	8
6555	8
6556	8
6557	8
6558	8
6559	8
6560	8
6561	8
6562	8
6563	8
6564	8
6565	1
6566	1
6567	1
6568	1
6569	1
6570	1
6571	1
6572	1
6573	1
6574	1
6575	1
6576	1
6577	1
6578	1
6579	1
6580	1
6581	1
6582	1
6583	1
6584	1
6585	1
6586	1
6587	1
6588	1
6589	1
6590	1
6591	1
6592	1
6593	1
6594	1
6595	1
6596	1
6597	1
6598	1
6599	1
6600	1
6601	1
6602	1
6603	1
6604	1
6605	1
6606	1
6607	1
6608	1
6609	1
6610	1
6611	1
6612	1
6613	0
6614	7
6615	1
6616	7
6617	1
6618	1
6619	1
6620	7
6621	1
6622	1
6623	1
6624	1
6625	1
6626	1
6627	1
6628	1
6629	1
6630	1
6631	1
6632	1
6633	1
6634	1
6635	1
6636	1
6637	1
6638	1
6639	1
6640	1
6641	1
6642	1
6643	1
6644	1
6645	1
6646	1
6647	1
6648	1
6650	1
6651	1
6652	1
6653	8
6654	8
6655	1
6656	8
6657	1
6658	1
6659	8
6660	8
6661	1
6662	1
6663	1
6664	1
6665	1
6666	8
6667	8
6668	1
6669	1
6671	1
6672	1
6679	7
6683	1
6684	1
6685	1
6686	1
6687	1
6688	1
6689	1
6690	1
6691	1
6692	8
6693	1
6694	1
6695	1
6696	1
6697	8
6698	1
6699	1
6700	8
6701	1
6702	8
6703	8
6704	8
6705	1
6706	1
6707	8
6708	1
6709	8
6710	8
6711	1
6712	1
6713	1
6714	1
6715	1
6716	1
6717	1
6718	1
6719	1
6720	1
6721	1
6722	1
6723	1
6724	1
6725	1
6726	1
6727	1
6728	1
6729	1
6730	1
6731	1
6732	1
6733	1
6734	1
6735	1
6736	1
6737	1
6738	1
6739	1
6740	1
6741	1
6742	1
6743	8
6744	1
6745	8
6746	8
6747	1
6748	1
6749	8
6750	8
6751	8
6752	8
6753	1
6754	1
6755	1
6756	8
6757	1
6758	1
6759	1
6760	1
6761	1
6762	1
6763	1
6764	7
6765	7
6766	7
6767	7
6768	7
6769	1
6770	1
6771	7
6772	7
6773	7
6774	7
6775	7
6776	7
6777	7
6778	7
6779	1
6780	7
6781	7
6782	7
6783	7
6784	7
6785	7
6786	7
6787	7
6788	7
6789	7
6790	7
6791	7
6792	7
6793	7
6794	7
6795	7
6796	7
6797	7
6798	7
6799	7
6800	7
6801	7
6802	7
6803	7
6804	7
6805	7
6806	7
6807	7
6808	7
6809	7
6810	7
6811	7
6812	7
6813	7
6814	7
6815	7
6816	7
6817	7
6818	7
6819	7
6820	0
6821	0
6822	0
6823	0
6824	0
6825	0
6826	0
6827	0
6828	7
6829	0
6830	0
6831	7
6832	0
6833	7
6834	7
6835	1
6836	1
6837	0
6838	0
6839	0
6840	0
6841	0
6842	0
6843	0
6844	0
6845	0
6846	0
6847	0
6848	7
6849	7
6850	7
6851	7
6852	7
6853	7
6854	7
6855	0
6856	0
6857	0
6858	0
6859	0
6860	7
6861	0
6862	0
6863	0
6864	0
6865	0
6866	0
6867	0
6868	7
6869	1
6870	7
6871	7
6872	1
6873	1
6874	1
6875	1
6876	1
6877	0
6878	0
6879	0
6880	7
6881	7
6882	0
6883	0
6884	0
6885	0
6886	7
6887	0
6888	7
6889	0
6890	7
6891	0
6892	0
6893	0
6894	0
6895	0
6896	0
6897	1
6898	0
6899	7
6900	0
6901	7
6902	1
6903	1
6904	0
6905	1
6906	1
6907	1
6908	0
6909	0
6910	0
6911	6
6912	0
6913	0
6914	7
6915	0
6916	0
6917	0
6918	0
6919	0
6920	0
6921	0
6922	0
6923	0
6924	7
6925	7
6926	7
6927	0
6928	7
6929	0
6930	0
6931	0
6932	1
6933	1
6934	1
6935	0
6936	0
6937	1
6938	0
6939	0
6940	0
6941	0
6942	0
6943	0
6944	0
6945	0
6946	0
6947	0
6948	0
6949	0
6950	0
6951	0
6952	0
6953	0
6954	0
6955	0
6956	0
6957	7
6958	7
6959	0
6960	0
6961	0
6962	0
6963	0
6964	7
6965	7
6966	7
