1	7
2	7
3	1
4	7
5	1
6	7
7	7
8	1
9	7
10	7
11	7
12	7
13	7
14	7
15	7
16	7
17	7
18	7
19	1
20	7
21	1
22	1
23	7
24	7
25	7
26	7
27	7
28	1
29	1
30	7
31	1
32	7
33	7
34	7
35	7
36	7
37	7
38	7
39	7
40	7
41	7
42	7
43	7
44	7
45	7
46	7
47	7
48	7
49	7
50	7
51	7
52	7
53	7
54	7
55	7
56	7
57	7
58	7
59	7
60	7
61	7
62	7
63	0
64	0
65	7
66	7
67	7
68	1
69	7
70	1
71	1
72	1
73	1
74	7
75	7
76	1
77	1
78	0
79	0
80	7
81	0
82	0
83	7
84	0
85	7
86	7
87	7
88	1
89	0
90	0
91	0
92	0
93	0
94	1
95	1
96	0
97	0
98	7
99	7
100	7
101	7
102	7
103	7
104	7
105	1
106	0
107	0
108	0
109	1
110	1
111	1
112	1
113	7
114	7
115	0
116	7
117	7
118	7
119	7
120	7
121	0
122	1
123	7
124	7
125	1
126	7
127	7
128	1
129	7
130	7
131	1
132	1
133	7
134	7
135	1
136	1
137	0
138	0
139	1
140	1
141	1
142	7
143	7
144	7
145	1
146	1
147	1
148	1
149	1
150	1
151	1
152	1
153	0
154	1
155	1
156	1
157	1
158	1
159	1
160	1
161	1
162	1
163	1
164	1
165	1
166	1
167	7
168	1
169	7
170	7
171	1
172	1
173	1
174	7
175	0
176	1
177	0
178	7
179	7
180	7
181	7
182	7
183	7
184	7
185	7
186	0
187	7
188	7
189	1
190	7
191	7
192	0
193	0
194	1
195	1
196	1
197	0
198	7
199	7
200	0
201	7
202	7
203	7
204	0
205	7
206	0
207	0
208	7
209	0
210	0
211	0
212	7
213	1
214	7
215	7
216	1
217	0
218	7
219	0
220	1
221	7
222	7
223	7
224	1
225	1
226	1
227	7
228	1
229	7
230	7
231	7
232	7
233	7
234	1
235	1
236	1
237	1
238	1
239	1
240	1
241	1
242	0
243	0
244	0
245	0
246	0
247	0
248	0
249	7
250	7
251	1
252	1
253	1
254	1
255	7
256	1
257	0
258	7
259	0
260	0
261	0
262	0
263	0
264	0
265	0
266	0
267	0
268	1
269	0
270	0
271	7
272	0
273	0
274	0
275	0
276	0
277	1
278	7
279	0
280	0
281	7
282	7
283	7
284	7
285	7
286	7
287	7
288	9
289	9
290	0
291	1
292	9
293	1
294	1
295	7
296	7
297	7
298	0
299	0
300	7
301	7
302	0
303	0
304	0
305	0
306	0
307	0
308	0
309	1
310	0
311	1
312	0
313	1
314	0
315	0
316	0
317	0
318	0
319	0
320	0
321	0
322	0
323	0
324	0
325	7
326	0
327	7
328	7
329	0
330	0
331	0
332	7
333	7
334	0
335	0
336	7
337	7
338	0
339	7
340	0
341	0
342	7
343	9
344	8
345	8
346	8
347	8
348	9
349	9
350	9
351	9
352	9
353	9
354	9
355	9
357	9
358	9
359	9
360	9
361	9
362	9
363	9
365	9
366	9
367	9
368	9
369	9
370	9
372	9
373	9
374	9
375	9
376	9
377	9
378	9
379	9
380	9
381	9
382	9
383	9
384	9
385	9
386	9
387	9
388	9
389	8
390	8
391	9
392	9
393	9
394	9
395	9
396	9
397	9
398	9
399	9
400	9
401	9
402	9
403	9
404	9
405	9
406	9
407	9
408	9
409	9
410	9
411	9
412	9
413	9
414	9
415	9
416	9
417	9
418	9
419	9
420	9
421	9
422	9
423	9
424	9
425	9
426	9
427	9
428	9
429	9
430	8
431	8
432	9
434	9
435	9
436	9
438	9
439	0
440	0
441	0
442	0
443	0
444	0
445	0
446	0
447	0
448	0
449	0
450	0
451	0
452	0
453	0
454	0
455	0
456	0
457	0
458	0
459	0
460	0
461	0
462	0
463	0
464	0
465	0
466	0
467	0
468	0
469	0
470	0
471	0
472	0
473	0
474	0
475	0
476	0
477	0
478	0
479	0
480	0
481	0
482	0
483	0
484	0
485	0
486	0
487	0
488	0
489	0
490	0
491	0
492	0
493	0
494	0
495	0
496	0
497	0
498	0
499	0
500	0
501	0
502	0
503	0
504	0
505	0
506	0
507	0
508	0
509	0
510	0
511	0
512	0
513	0
514	0
515	0
516	0
517	0
518	0
519	0
520	0
521	0
522	0
523	0
524	0
525	0
526	0
527	0
528	0
529	0
530	0
531	0
532	0
533	0
534	0
535	0
536	0
538	0
539	0
540	0
541	0
542	0
543	0
544	0
545	0
546	0
547	0
548	0
549	0
550	0
551	0
552	0
553	0
554	0
555	0
556	0
557	0
558	0
559	0
560	0
561	0
562	0
563	0
564	0
565	0
566	0
567	0
568	0
569	0
570	0
571	0
572	0
573	0
574	0
575	0
576	0
577	0
578	0
579	0
580	0
581	0
582	0
583	0
584	0
585	0
586	0
587	0
588	0
589	0
590	0
591	0
592	0
593	0
594	0
595	0
596	0
597	0
598	0
599	0
600	0
601	0
602	0
603	0
604	0
605	0
606	0
607	0
608	0
609	0
610	0
611	0
612	0
613	0
614	0
615	0
616	0
617	0
618	0
619	0
620	0
621	0
622	0
623	0
624	0
625	0
626	0
627	0
628	0
629	0
630	0
631	0
632	0
633	0
634	0
635	0
636	0
637	0
638	0
639	0
640	0
641	0
642	0
643	0
644	0
645	0
646	1
647	1
648	1
649	1
650	1
651	7
652	1
653	1
654	1
655	7
656	1
657	1
658	1
659	1
660	0
661	0
662	0
663	0
664	0
665	0
666	0
667	0
668	0
669	0
670	0
671	0
672	0
673	0
674	8
675	8
676	0
677	0
678	0
679	6
680	0
681	0
682	0
683	0
684	6
685	6
686	0
687	6
688	6
689	6
690	6
691	6
692	6
693	6
694	6
695	6
696	6
697	8
698	6
699	6
700	6
701	6
702	6
703	6
704	8
705	6
706	8
707	8
708	8
709	8
710	0
711	8
712	8
713	0
714	0
715	8
716	0
717	8
718	0
719	0
720	0
721	8
722	0
723	8
724	8
725	0
726	0
727	0
728	0
729	0
730	0
731	0
732	0
733	0
734	0
735	0
736	0
737	0
738	0
739	0
740	0
741	0
742	0
743	0
744	0
745	0
746	0
747	0
748	0
749	0
750	0
751	0
752	0
753	0
754	7
755	7
756	0
757	7
758	0
759	0
760	1
761	0
762	0
763	7
764	0
765	0
766	0
767	0
768	0
769	0
770	0
771	0
772	7
773	0
774	0
775	7
776	7
777	7
778	7
779	7
780	7
781	0
782	0
783	0
784	7
785	7
786	7
787	7
788	0
789	0
790	0
791	0
792	7
793	7
794	7
795	7
796	7
797	7
798	7
799	7
800	7
801	7
802	7
803	7
804	7
805	7
806	7
807	7
808	7
809	7
810	7
811	7
812	7
813	7
814	7
815	7
816	7
817	7
818	7
819	7
820	7
821	7
822	0
823	7
824	1
825	0
826	7
827	7
828	7
829	7
830	7
831	7
832	7
833	0
834	0
835	1
836	1
837	1
838	1
839	1
840	1
841	0
842	0
843	1
844	7
845	7
846	1
847	7
848	1
849	1
850	7
851	1
852	1
853	1
854	1
855	1
856	1
857	1
858	1
859	7
860	1
861	7
862	7
863	1
864	1
865	1
866	7
867	7
868	7
869	1
870	7
871	7
872	1
873	1
874	7
875	1
876	7
877	7
878	7
879	7
880	1
881	7
882	7
883	7
884	7
885	1
886	1
887	1
888	1
889	1
890	7
891	7
892	1
893	1
894	1
895	1
896	1
897	1
898	1
899	1
900	7
901	7
902	1
903	1
904	1
905	1
906	1
907	7
908	0
909	1
910	1
911	1
912	1
913	1
914	0
915	1
916	1
917	7
918	1
919	7
920	1
921	1
922	7
923	0
924	1
925	1
926	7
927	7
928	7
929	7
930	1
931	7
932	7
933	7
934	7
935	7
936	7
937	7
938	1
939	1
940	1
941	1
942	1
943	1
944	7
945	7
946	7
947	7
948	7
949	0
950	0
951	0
952	1
953	0
954	1
955	1
956	1
957	7
958	7
959	7
960	7
961	0
962	7
963	7
964	7
965	7
966	1
967	0
968	7
969	1
970	7
971	1
972	7
973	7
974	1
975	7
976	7
977	7
978	7
979	0
980	1
981	7
982	1
983	7
984	1
985	7
986	1
987	1
988	1
989	7
990	7
991	1
992	0
993	0
994	0
995	7
996	0
997	0
998	7
999	0
1000	0
1001	0
1002	0
1003	7
1004	7
1005	1
1006	1
1007	1
1008	7
1009	8
1010	8
1011	8
1012	8
1013	8
1014	8
1015	8
1016	8
1017	8
1018	9
1019	8
1020	9
1021	8
1022	8
1023	8
1024	9
1025	8
1026	8
1027	9
1028	8
1029	9
1030	8
1031	8
1032	8
1033	9
1034	8
1035	8
1036	9
1037	9
1038	9
1039	8
1040	8
1041	8
1042	9
1043	8
1044	8
1045	9
1046	9
1051	8
1052	8
1053	8
1054	8
1055	8
1056	8
1057	8
1058	8
1059	8
1060	9
1061	8
1062	9
1063	8
1064	8
1065	8
1066	8
1068	8
1069	8
1070	8
1071	8
1072	8
1073	8
1074	8
1075	8
1076	9
1077	8
1078	8
1079	9
1080	8
1081	8
1082	9
1084	8
1085	8
1087	8
1088	8
1089	8
1090	8
1091	8
1092	1
1093	8
1094	8
1095	8
1096	8
1097	8
1099	8
1101	8
1102	8
1103	8
1104	8
1105	8
1106	1
1107	1
1108	1
1109	8
1110	1
1111	1
1112	5
1113	8
1114	8
1115	8
1116	8
1117	8
1118	8
1120	8
1121	8
1122	1
1123	8
1124	8
1125	8
1126	8
1127	8
1128	8
1129	8
1130	8
1131	8
1132	8
1133	8
1134	8
1135	8
1136	8
1137	8
1138	8
1139	8
1140	8
1141	8
1142	8
1143	8
1144	8
1145	8
1146	8
1147	8
1149	8
1151	8
1157	8
1160	8
1161	8
1162	8
1163	8
1164	8
1165	8
1167	8
1168	8
1169	8
1170	8
1171	8
1172	8
1173	8
1174	8
1175	8
1176	8
1177	8
1178	9
1179	9
1181	9
1182	9
1185	9
1189	9
1190	9
1191	9
1192	9
1193	9
1194	9
1195	9
1196	9
1197	9
1198	9
1199	9
1200	9
1201	8
1202	9
1203	9
1204	9
1205	9
1206	9
1207	9
1208	8
1209	9
1210	9
1211	8
1212	9
1213	9
1214	9
1215	8
1216	9
1217	3
1218	6
1219	8
1220	5
1221	5
1222	6
1223	6
1224	8
1225	8
1226	6
1227	6
1228	5
1229	8
1230	8
1231	6
1232	8
1233	9
1234	9
1235	9
1236	6
1237	4
1238	3
1239	4
1240	4
1241	4
1242	4
1243	4
1244	4
1245	4
1246	4
1247	4
1249	4
1250	4
1251	4
1252	4
1253	4
1254	3
1255	3
1256	4
1257	4
1258	4
1259	4
1260	4
1261	4
1263	4
1264	4
1265	4
1266	4
1267	4
1268	4
1269	3
1270	4
1271	4
1272	4
1273	4
1274	4
1275	4
1276	4
1277	4
1278	4
1279	4
1280	4
1281	4
1282	4
1283	4
1284	4
1285	4
1286	4
1287	4
1288	4
1289	4
1290	4
1291	4
1292	4
1293	4
1294	4
1295	2
1296	2
1297	2
1298	2
1299	2
1300	2
1301	4
1302	2
1303	2
1304	2
1305	2
1306	2
1307	2
1308	4
1309	2
1310	2
1311	2
1312	2
1313	3
1314	3
1315	3
1316	4
1317	1
1318	1
1319	4
1320	3
1321	3
1322	3
1323	4
1324	5
1325	4
1326	4
1327	3
1328	4
1329	4
1330	4
1331	4
1332	4
1333	4
1334	3
1335	3
1336	4
1337	4
1338	4
1339	4
1340	4
1341	4
1342	2
1343	2
1344	2
1345	2
1346	2
1347	2
1348	3
1349	5
1350	4
1351	4
1352	4
1353	5
1354	5
1355	5
1356	5
1357	5
1358	5
1359	3
1360	4
1361	4
1362	4
1363	4
1364	4
1365	4
1366	2
1367	2
1368	5
1369	2
1370	2
1371	2
1372	4
1374	4
1375	3
1376	4
1377	3
1378	5
1379	5
1380	5
1381	1
1382	1
1383	6
1384	1
1385	1
1386	1
1387	6
1388	5
1389	5
1390	8
1391	8
1392	3
1393	3
1394	3
1395	8
1396	8
1397	9
1398	9
1399	9
1400	9
1401	9
1402	9
1403	9
1404	9
1405	9
1406	9
1407	9
1408	4
1409	4
1410	3
1411	3
1412	6
1413	3
1414	3
1415	3
1416	3
1417	3
1418	3
1419	4
1420	4
1421	4
1422	4
1423	4
1424	4
1425	3
1426	3
1427	3
1429	3
1432	4
1433	3
1434	4
1435	5
1436	4
1437	4
1438	4
1439	4
1440	4
1441	4
1442	4
1443	5
1444	4
1445	4
1446	4
1447	2
1448	2
1449	2
1450	2
1451	2
1452	4
1453	2
1454	2
1455	2
1456	2
1457	2
1458	4
1459	4
1460	2
1461	4
1462	5
1463	2
1464	5
1465	4
1466	5
1467	5
1468	1
1469	5
1470	3
1471	3
1472	5
1473	3
1474	5
1475	5
1476	7
1477	4
1478	4
1479	7
1480	4
1481	7
1482	7
1483	4
1484	4
1485	4
1486	3
1487	4
1488	4
1489	3
1490	4
1491	4
1492	4
1493	4
1494	4
1495	4
1496	4
1497	4
1498	4
1499	3
1500	3
1501	4
1502	4
1503	4
1504	4
1505	4
1506	3
1507	3
1508	3
1509	3
1510	2
1511	3
1512	2
1513	2
1514	2
1515	4
1516	2
1517	4
1518	4
1519	5
1520	5
1521	5
1522	5
1523	5
1524	5
1525	5
1526	4
1527	4
1528	3
1529	4
1530	4
1531	3
1533	4
1534	4
1535	2
1536	2
1537	3
1538	3
1539	2
1540	2
1541	2
1542	2
1543	4
1544	1
1545	1
1546	1
1547	1
1548	1
1549	5
1550	5
1551	1
1552	1
1553	8
1554	8
1555	8
1556	6
1557	6
1558	3
1559	6
1560	3
1561	3
1562	8
1563	9
1564	9
1565	9
1566	9
1567	9
1568	6
1569	8
1570	4
1571	4
1572	4
1573	4
1574	4
1575	6
1576	6
1577	4
1578	6
1579	6
1580	4
1581	4
1582	4
1584	3
1585	3
1586	3
1587	3
1588	3
1589	4
1590	3
1591	4
1592	3
1593	3
1594	3
1596	3
1597	3
1598	3
1599	4
1600	2
1601	4
1602	4
1603	4
1604	2
1605	4
1606	4
1607	4
1608	4
1609	4
1610	4
1611	4
1612	4
1613	4
1614	4
1615	4
1616	4
1617	4
1618	2
1619	2
1620	2
1621	2
1622	2
1623	2
1624	2
1625	2
1626	2
1627	2
1628	2
1629	2
1630	2
1631	2
1632	2
1633	2
1634	2
1635	2
1636	3
1637	4
1638	4
1639	4
1640	3
1641	9
1642	5
1643	4
1644	4
1645	3
1646	3
1647	3
1648	3
1649	4
1650	4
1651	4
1652	4
1653	3
1654	4
1655	3
1656	4
1657	4
1658	4
1659	4
1660	4
1661	4
1662	4
1663	4
1664	4
1665	4
1666	4
1667	4
1668	4
1669	4
1670	4
1671	4
1672	2
1673	2
1674	2
1675	2
1676	2
1677	2
1678	2
1679	2
1680	2
1681	4
1682	2
1683	4
1684	4
1685	4
1686	4
1687	4
1688	5
1689	5
1690	5
1691	5
1692	5
1693	5
1694	7
1695	5
1696	4
1697	2
1698	2
1699	2
1700	2
1701	2
1702	2
1703	2
1704	2
1705	2
1706	2
1707	2
1708	2
1709	2
1710	2
1711	2
1712	2
1713	3
1714	3
1715	1
1716	1
1717	1
1718	5
1719	5
1720	5
1721	5
1722	5
1723	6
1724	8
1725	6
1726	6
1727	8
1728	3
1729	8
1730	6
1731	5
1732	6
1733	6
1734	6
1735	6
1736	6
1737	4
1738	4
1739	3
1740	4
1741	4
1742	3
1743	3
1744	3
1745	3
1746	4
1747	4
1748	4
1749	4
1750	3
1751	4
1752	4
1753	4
1754	3
1755	3
1756	3
1757	3
1758	3
1759	9
1760	3
1761	3
1762	4
1763	4
1764	4
1765	4
1766	4
1767	4
1769	4
1770	4
1771	4
1772	4
1773	4
1774	4
1775	4
1776	4
1777	4
1778	4
1779	4
1780	4
1781	4
1782	4
1783	4
1784	2
1785	2
1786	2
1787	2
1788	2
1789	2
1790	2
1791	2
1792	2
1793	2
1795	2
1796	2
1797	2
1798	2
1799	2
1800	2
1801	4
1802	4
1803	4
1804	4
1805	4
1806	3
1807	4
1808	4
1809	4
1810	3
1811	3
1812	9
1813	9
1814	2
1815	2
1816	2
1817	9
1818	4
1819	4
1820	3
1821	4
1822	4
1823	4
1824	4
1825	4
1826	4
1827	4
1828	4
1829	2
1830	4
1831	2
1832	3
1833	4
1834	4
1835	4
1836	2
1837	4
1838	4
1839	4
1840	4
1841	4
1842	4
1843	4
1844	4
1845	4
1846	4
1847	4
1848	4
1849	4
1850	5
1851	5
1852	5
1853	5
1854	5
1855	5
1856	5
1857	4
1858	3
1859	3
1860	3
1861	4
1862	3
1863	3
1864	4
1865	3
1866	1
1867	5
1868	5
1869	1
1870	1
1871	5
1872	1
1873	5
1874	1
1875	5
1876	8
1877	3
1878	8
1879	8
1880	8
1881	6
1882	6
1883	5
1884	6
1885	6
1886	8
1887	6
1888	6
1889	3
1890	6
1891	5
1892	5
1893	5
1894	5
1895	5
1896	4
1897	3
1898	3
1899	4
1900	4
1901	4
1902	3
1903	3
1904	3
1905	4
1906	9
1907	4
1908	4
1909	4
1910	9
1911	4
1912	4
1913	4
1914	4
1915	4
1916	4
1917	4
1918	4
1919	4
1920	4
1921	4
1922	4
1923	4
1924	4
1925	4
1926	4
1927	4
1928	4
1929	4
1930	4
1931	4
1932	4
1933	4
1934	4
1935	4
1936	4
1937	4
1938	4
1939	4
1940	4
1941	4
1942	4
1943	4
1944	4
1945	4
1946	2
1947	2
1948	2
1949	2
1950	2
1951	2
1952	2
1953	2
1954	2
1955	2
1956	2
1957	2
1958	2
1959	2
1960	2
1961	2
1962	2
1963	2
1964	2
1965	3
1966	3
1967	3
1968	3
1969	3
1970	4
1971	4
1972	4
1973	3
1974	4
1975	3
1976	3
1977	4
1978	4
1979	3
1980	2
1981	4
1982	4
1983	4
1984	4
1985	4
1986	4
1987	4
1988	4
1989	4
1990	4
1991	4
1992	4
1993	4
1994	4
1995	4
1996	4
1997	4
1998	4
1999	2
2000	4
2001	2
2002	2
2003	4
2004	2
2005	2
2006	2
2007	2
2008	2
2009	2
2010	2
2011	5
2012	5
2013	7
2014	4
2015	6
2016	6
2017	1
2018	5
2019	5
2020	1
2021	1
2022	6
2023	5
2024	5
2025	6
2026	5
2027	5
2028	1
2029	5
2030	5
2031	1
2032	5
2033	3
2034	6
2035	6
2036	3
2037	6
2038	6
2039	6
2040	6
2041	5
2042	5
2043	5
2044	5
2045	5
2046	5
2047	3
2048	3
2049	3
2050	3
2051	6
2052	4
2053	4
2054	4
2055	4
2056	4
2057	4
2058	4
2059	4
2060	4
2061	4
2062	4
2063	4
2064	4
2065	4
2066	4
2067	4
2068	9
2069	4
2070	4
2071	4
2072	4
2073	4
2074	3
2075	4
2076	4
2077	3
2078	2
2079	4
2080	4
2081	2
2082	2
2083	4
2084	2
2085	6
2086	4
2087	4
2088	6
2089	6
2090	6
2091	4
2092	4
2093	6
2094	4
2095	6
2096	4
2097	2
2098	2
2099	2
2100	2
2101	2
2102	2
2103	2
2104	2
2105	2
2106	2
2107	4
2108	4
2109	4
2110	4
2111	2
2112	4
2113	4
2114	4
2115	4
2116	4
2117	9
2118	4
2119	9
2120	9
2121	9
2122	4
2123	3
2124	3
2125	3
2126	3
2127	3
2128	4
2129	4
2130	4
2131	4
2132	4
2133	4
2134	3
2135	4
2136	3
2137	4
2138	3
2139	4
2140	3
2141	2
2142	3
2143	3
2144	3
2145	2
2146	2
2147	2
2148	2
2149	2
2150	2
2151	2
2152	5
2153	3
2154	4
2155	4
2156	4
2157	3
2158	2
2161	3
2162	3
2163	1
2164	1
2165	1
2166	7
2167	1
2168	4
2169	5
2170	3
2171	7
2172	4
2173	1
2174	1
2175	1
2176	1
2177	1
2178	1
2179	1
2180	1
2181	1
2182	5
2183	1
2184	5
2185	5
2186	5
2187	5
2188	6
2189	6
2190	5
2191	5
2192	5
2193	6
2194	6
2195	6
2196	6
2197	6
2198	6
2199	6
2200	6
2201	6
2202	6
2203	3
2204	3
2205	6
2206	3
2207	3
2208	4
2209	4
2210	4
2211	4
2212	4
2213	4
2215	4
2216	4
2217	4
2218	4
2219	4
2220	4
2221	4
2222	4
2223	4
2224	4
2225	4
2226	4
2227	4
2228	4
2229	4
2230	9
2231	4
2232	4
2233	4
2234	4
2235	4
2236	4
2237	4
2238	6
2239	6
2240	6
2241	6
2242	6
2243	4
2244	4
2245	4
2246	4
2247	4
2248	4
2249	4
2250	5
2251	6
2252	6
2253	2
2254	6
2255	6
2256	6
2257	3
2258	5
2259	5
2260	5
2261	1
2262	1
2263	3
2264	1
2265	3
2266	3
2267	3
2268	4
2269	4
2270	9
2271	2
2272	3
2273	3
2274	4
2275	3
2276	3
2277	7
2278	4
2279	3
2280	3
2281	3
2282	3
2283	4
2284	3
2285	4
2286	4
2287	4
2288	4
2289	2
2290	2
2291	2
2292	2
2293	4
2294	4
2295	4
2296	4
2297	4
2298	4
2299	2
2300	2
2301	2
2302	3
2303	5
2304	1
2305	1
2306	1
2307	7
2308	9
2309	1
2310	5
2311	1
2312	1
2313	1
2314	1
2315	1
2316	1
2317	5
2318	9
2319	1
2320	1
2321	1
2322	9
2323	1
2324	1
2325	1
2326	1
2327	1
2328	5
2329	1
2330	1
2331	5
2332	6
2333	1
2334	5
2335	5
2336	5
2337	5
2338	5
2339	5
2340	5
2341	5
2342	5
2343	5
2344	6
2345	6
2346	6
2347	6
2348	6
2349	8
2350	5
2351	5
2352	8
2353	5
2354	5
2355	4
2356	4
2357	4
2358	8
2359	8
2360	6
2361	6
2362	6
2363	6
2364	6
2365	6
2366	6
2367	6
2368	6
2369	6
2370	4
2371	4
2372	4
2373	4
2374	4
2375	3
2376	3
2377	4
2378	3
2379	4
2380	4
2381	4
2382	4
2383	4
2384	4
2385	4
2386	4
2387	4
2388	4
2389	4
2390	4
2391	4
2392	4
2393	4
2394	4
2395	4
2396	4
2397	4
2398	4
2399	4
2400	4
2401	4
2402	4
2403	6
2404	5
2405	5
2406	2
2407	4
2408	5
2409	2
2410	2
2411	2
2412	6
2413	5
2414	5
2415	5
2416	2
2417	2
2418	2
2419	2
2420	2
2421	5
2422	2
2423	5
2424	5
2425	3
2426	1
2427	1
2428	3
2429	3
2430	1
2431	1
2432	3
2433	3
2434	1
2435	3
2436	3
2437	4
2438	3
2439	5
2440	5
2441	3
2442	3
2443	4
2444	4
2445	4
2446	7
2447	7
2448	7
2449	7
2450	7
2451	5
2452	7
2453	7
2454	3
2455	4
2456	4
2457	4
2458	4
2459	4
2460	4
2461	4
2462	4
2463	4
2464	4
2465	3
2466	5
2467	5
2468	1
2469	5
2470	1
2471	1
2472	1
2473	1
2474	1
2475	1
2476	7
2477	9
2478	1
2479	1
2480	1
2481	9
2482	9
2483	9
2484	7
2485	2
2486	4
2487	2
2488	2
2489	2
2490	1
2491	1
2492	5
2493	5
2494	1
2495	5
2496	5
2497	5
2498	6
2499	6
2500	5
2501	5
2502	5
2503	5
2504	5
2505	5
2506	5
2507	5
2508	5
2509	5
2510	4
2511	4
2512	4
2513	4
2514	4
2515	4
2516	4
2517	4
2518	4
2520	3
2521	3
2522	3
2523	3
2524	4
2525	3
2526	6
2527	6
2528	3
2529	3
2530	3
2531	3
2532	3
2533	6
2534	6
2535	6
2536	4
2537	4
2538	4
2539	4
2540	4
2541	4
2542	4
2543	4
2544	4
2545	4
2546	4
2547	4
2548	4
2549	4
2550	4
2551	4
2552	4
2553	4
2554	4
2555	4
2556	4
2557	4
2558	4
2559	4
2560	4
2561	4
2562	4
2563	4
2564	4
2565	4
2566	4
2567	4
2568	4
2569	2
2570	2
2571	5
2572	5
2573	2
2574	2
2575	2
2576	4
2577	4
2578	4
2579	2
2580	2
2581	2
2582	2
2583	2
2584	2
2585	2
2586	5
2587	5
2588	2
2589	2
2590	3
2591	1
2592	1
2593	3
2594	1
2595	1
2596	3
2597	1
2598	5
2599	5
2600	1
2601	5
2602	5
2603	5
2604	5
2605	5
2606	5
2607	7
2608	7
2609	5
2610	5
2611	4
2612	4
2613	3
2614	3
2615	4
2616	4
2617	4
2618	4
2619	4
2620	4
2621	4
2622	4
2623	4
2624	4
2625	4
2626	4
2627	1
2628	4
2629	1
2630	3
2631	5
2632	1
2633	5
2634	1
2635	5
2636	7
2637	1
2638	7
2639	4
2640	7
2641	7
2642	2
2643	2
2644	2
2645	2
2646	2
2647	2
2648	2
2649	1
2650	5
2651	1
2652	1
2653	1
2654	1
2655	3
2656	5
2657	5
2658	5
2659	5
2660	5
2661	5
2662	5
2663	5
2664	3
2665	3
2666	3
2667	5
2668	3
2669	3
2670	3
2671	3
2672	4
2673	4
2674	4
2675	4
2676	4
2677	4
2678	4
2679	4
2680	4
2681	4
2682	2
2683	4
2684	6
2685	3
2686	3
2687	3
2688	3
2689	3
2690	3
2691	3
2692	4
2693	4
2694	4
2695	6
2696	6
2697	3
2698	3
2699	4
2700	4
2701	4
2702	6
2703	3
2704	3
2705	3
2706	3
2707	3
2708	4
2710	4
2711	4
2712	4
2713	4
2714	4
2715	4
2716	4
2717	4
2718	4
2719	4
2720	4
2721	4
2722	5
2723	2
2724	5
2725	2
2726	2
2727	5
2728	5
2729	2
2730	5
2731	2
2732	2
2733	4
2734	2
2735	2
2736	3
2737	3
2738	3
2739	3
2740	4
2741	1
2742	1
2743	5
2744	5
2745	5
2746	5
2747	5
2748	1
2749	1
2750	1
2751	1
2752	5
2753	1
2754	1
2755	3
2756	4
2757	3
2758	3
2759	1
2760	5
2761	5
2762	5
2763	4
2764	4
2765	4
2766	2
2767	4
2768	4
2769	4
2770	3
2771	3
2772	4
2773	4
2774	4
2775	4
2776	3
2777	1
2778	4
2779	2
2780	2
2781	3
2782	2
2783	2
2784	2
2785	2
2786	2
2787	2
2788	2
2789	2
2790	2
2791	2
2792	2
2793	4
2794	4
2795	4
2796	3
2797	4
2798	1
2799	1
2800	1
2801	2
2802	3
2803	7
2804	1
2805	1
2806	7
2807	1
2808	1
2809	1
2810	2
2811	2
2812	7
2813	2
2814	7
2815	4
2816	4
2817	7
2818	5
2819	3
2820	1
2821	3
2822	5
2823	5
2824	5
2825	3
2826	5
2827	5
2828	5
2829	5
2830	3
2831	3
2832	6
2833	5
2834	6
2835	4
2836	2
2837	4
2838	2
2839	2
2840	4
2841	4
2842	2
2843	4
2844	4
2845	4
2846	2
2847	4
2848	3
2849	3
2850	3
2851	4
2852	4
2853	3
2854	4
2855	3
2856	3
2857	3
2858	3
2859	3
2860	3
2861	9
2862	3
2863	4
2864	3
2865	6
2866	6
2867	3
2868	3
2869	3
2870	3
2871	3
2872	3
2873	3
2874	4
2875	4
2876	4
2877	4
2878	4
2879	4
2880	4
2881	4
2882	4
2883	4
2884	4
2885	4
2886	4
2887	4
2888	4
2889	4
2890	4
2891	4
2892	4
2893	5
2894	3
2895	2
2896	3
2897	3
2898	2
2899	2
2900	2
2901	2
2902	2
2903	2
2904	2
2905	5
2906	4
2907	2
2908	2
2909	2
2910	2
2911	2
2912	2
2913	1
2914	1
2915	1
2916	1
2917	5
2918	1
2919	1
2920	1
2921	5
2922	1
2923	3
2924	1
2925	5
2926	5
2927	3
2928	5
2929	5
2930	1
2931	3
2932	3
2933	3
2934	3
2935	3
2936	2
2937	2
2938	4
2939	4
2940	4
2941	4
2942	2
2943	4
2944	2
2945	3
2946	2
2947	2
2948	4
2949	4
2950	4
2951	4
2952	2
2953	4
2954	7
2955	4
2956	4
2957	4
2958	3
2959	3
2960	4
2961	5
2962	1
2964	5
2965	8
2966	4
2967	1
2968	1
2969	1
2970	1
2971	1
2972	1
2973	4
2974	7
2975	2
2976	2
2977	4
2978	4
2979	4
2980	5
2981	3
2982	5
2983	3
2984	3
2985	6
2986	6
2987	6
2988	5
2989	6
2990	5
2991	5
2992	5
2993	6
2994	3
2995	5
2996	5
2997	7
2998	7
2999	4
3000	4
3001	3
3002	4
3003	3
3004	3
3005	3
3006	3
3007	3
3008	3
3009	3
3010	4
3011	4
3012	4
3013	3
3014	4
3015	4
3016	4
3017	4
3018	3
3019	3
3020	4
3021	3
3022	4
3023	4
3024	4
3025	4
3026	4
3027	4
3028	4
3029	4
3030	3
3031	3
3032	4
3033	4
3034	3
3035	4
3036	4
3037	9
3038	9
3039	9
3040	9
3041	4
3042	4
3043	4
3044	4
3045	4
3046	4
3047	4
3048	4
3049	4
3050	4
3051	4
3052	4
3053	4
3054	4
3055	4
3056	4
3057	4
3058	4
3059	4
3060	4
3061	4
3062	4
3063	4
3064	2
3065	2
3066	2
3067	2
3068	2
3069	2
3070	2
3071	2
3072	2
3073	2
3074	2
3075	2
3076	6
3077	5
3078	2
3079	2
3080	2
3081	3
3082	1
3083	1
3084	3
3085	3
3086	1
3087	1
3088	1
3089	3
3090	1
3091	1
3092	1
3093	3
3094	5
3095	3
3096	5
3097	3
3098	4
3099	4
3100	4
3101	4
3102	4
3103	4
3104	2
3105	2
3106	2
3107	4
3108	2
3109	3
3110	3
3111	3
3112	4
3113	3
3114	3
3115	3
3116	3
3117	3
3118	4
3119	4
3120	3
3121	4
3122	2
3123	4
3124	8
3125	6
3126	1
3127	5
3128	4
3129	5
3130	4
3131	5
3132	4
3133	5
3135	4
3136	1
3137	1
3138	1
3139	1
3140	1
3141	1
3142	4
3143	2
3144	2
3145	4
3146	4
3147	4
3148	3
3149	3
3150	5
3151	5
3152	3
3153	3
3154	3
3155	3
3156	5
3157	5
3158	3
3159	3
3160	3
3161	3
3162	5
3163	4
3164	4
3165	4
3166	3
3167	3
3168	3
3169	9
3170	4
3171	4
3172	4
3173	4
3174	4
3175	4
3176	4
3177	4
3178	4
3179	4
3180	4
3181	4
3184	4
3185	4
3186	4
3187	4
3188	2
3189	4
3190	4
3191	4
3192	4
3193	4
3194	3
3195	3
3196	4
3197	3
3198	4
3199	3
3200	3
3201	3
3202	4
3203	4
3204	4
3205	4
3206	4
3212	4
3213	4
3214	4
3215	4
3216	4
3217	4
3218	4
3219	4
3220	4
3221	4
3222	3
3223	2
3224	2
3225	2
3226	5
3227	2
3228	2
3229	2
3230	2
3231	2
3232	2
3233	2
3234	2
3235	2
3236	2
3237	2
3238	4
3239	4
3240	4
3241	1
3242	1
3243	1
3244	1
3245	1
3246	1
3247	1
3248	1
3249	1
3250	1
3251	4
3252	3
3253	4
3254	4
3255	3
3256	4
3257	3
3258	3
3259	4
3260	2
3261	3
3262	3
3263	3
3264	3
3265	3
3266	4
3267	3
3268	5
3269	5
3270	4
3271	3
3272	3
3273	4
3274	4
3275	2
3276	4
3277	2
3278	4
3279	4
3280	2
3281	5
3282	1
3284	5
3285	4
3286	4
3287	6
3288	4
3289	3
3292	4
3293	1
3294	7
3295	1
3296	5
3297	1
3298	4
3299	4
3300	4
3301	3
3302	3
3303	3
3304	5
3305	5
3306	5
3307	5
3308	5
3309	3
3310	3
3311	3
3312	3
3313	3
3314	6
3315	6
3316	6
3317	3
3318	3
3319	3
3320	5
3321	5
3322	9
3323	1
3324	4
3325	2
3326	4
3327	2
3328	4
3329	4
3330	4
3331	6
3332	8
3333	4
3334	4
3335	3
3336	2
3337	4
3338	4
3339	4
3340	4
3341	4
3342	4
3343	4
3344	4
3345	3
3346	4
3347	4
3348	3
3350	4
3351	4
3352	4
3353	4
3355	4
3356	4
3357	4
3358	4
3359	4
3360	4
3361	4
3362	4
3363	4
3364	4
3365	4
3366	4
3367	4
3368	4
3369	4
3370	4
3371	4
3372	4
3373	4
3374	4
3375	4
3376	2
3377	2
3378	4
3379	2
3380	2
3381	4
3382	2
3383	2
3384	4
3385	4
3386	2
3387	2
3388	2
3389	2
3390	2
3391	2
3392	2
3393	4
3394	4
3395	4
3396	4
3397	2
3398	4
3399	2
3400	6
3401	1
3402	1
3403	1
3404	1
3405	1
3406	1
3407	6
3408	3
3409	2
3410	2
3411	3
3412	3
3413	3
3414	3
3415	3
3416	3
3417	3
3418	3
3419	3
3420	5
3421	5
3422	5
3423	7
3424	5
3425	7
3426	5
3427	7
3428	7
3429	5
3430	1
3431	4
3432	4
3433	4
3434	4
3435	4
3436	4
3437	2
3438	4
3439	5
3440	8
3441	4
3442	2
3443	9
3444	4
3445	2
3446	4
3447	1
3448	4
3449	4
3450	3
3451	4
3452	4
3453	4
3454	4
3455	4
3456	4
3457	5
3458	4
3459	5
3460	1
3461	6
3462	5
3463	3
3464	5
3465	6
3466	6
3467	6
3468	6
3469	6
3470	5
3471	5
3472	3
3473	3
3474	3
3475	3
3476	8
3477	3
3478	3
3479	3
3480	3
3481	3
3482	8
3483	8
3484	8
3485	5
3486	8
3487	6
3488	6
3489	6
3490	8
3491	8
3492	5
3493	8
3494	6
3495	6
3496	4
3497	4
3498	3
3499	3
3500	4
3501	3
3502	3
3503	3
3504	4
3505	4
3506	4
3507	4
3508	4
3509	4
3510	4
3513	4
3514	4
3515	4
3516	3
3517	3
3518	3
3519	3
3520	3
3521	3
3522	3
3523	3
3524	4
3525	4
3526	4
3527	4
3528	4
3529	4
3530	4
3531	4
3533	4
3534	4
3535	4
3536	4
3537	4
3538	4
3539	4
3540	4
3541	4
3542	4
3543	4
3544	4
3545	4
3546	2
3547	4
3548	4
3549	4
3550	2
3551	4
3552	4
3553	4
3554	4
3555	4
3556	4
3557	4
3558	2
3559	2
3560	2
3561	2
3562	2
3563	2
3564	2
3565	2
3566	2
3567	4
3568	6
3569	4
3570	4
3571	3
3572	6
3573	4
3574	3
3575	3
3576	4
3577	9
3578	3
3579	3
3580	9
3581	3
3582	4
3583	4
3584	4
3585	3
3586	3
3587	3
3588	3
3589	3
3590	3
3591	3
3592	3
3593	4
3594	2
3595	2
3596	4
3597	2
3598	4
3599	2
3600	4
3601	4
3602	2
3603	3
3604	2
3605	3
3606	1
3607	2
3608	4
3609	1
3610	3
3611	3
3612	4
3614	5
3615	3
3616	5
3617	3
3618	5
3619	5
3620	4
3621	4
3622	6
3623	5
3624	5
3625	5
3626	5
3627	5
3628	1
3629	1
3630	5
3631	5
3632	1
3633	5
3634	1
3635	5
3636	5
3637	1
3638	5
3639	1
3640	5
3641	3
3642	8
3643	8
3644	3
3645	3
3646	8
3647	3
3648	6
3649	8
3650	5
3651	5
3652	8
3653	8
3654	6
3655	6
3656	5
3657	3
3658	3
3659	3
3660	4
3661	3
3662	3
3663	4
3664	4
3665	4
3666	3
3667	3
3668	3
3669	3
3670	3
3671	3
3672	4
3673	3
3674	3
3675	4
3676	4
3677	3
3678	4
3679	4
3680	4
3681	3
3682	4
3684	3
3685	4
3686	4
3687	4
3688	4
3689	4
3690	4
3691	4
3692	4
3693	4
3694	4
3695	4
3696	4
3697	4
3698	4
3699	4
3700	4
3701	4
3702	4
3703	4
3704	4
3705	4
3706	4
3707	4
3708	4
3709	4
3710	4
3711	4
3712	2
3713	2
3715	4
3717	4
3718	4
3719	4
3720	2
3721	4
3722	4
3723	4
3724	2
3725	2
3726	9
3727	9
3728	3
3729	3
3730	3
3731	9
3732	9
3733	9
3734	1
3735	4
3736	4
3737	3
3738	4
3739	4
3740	4
3741	4
3742	3
3743	3
3744	3
3745	3
3746	4
3747	3
3748	3
3749	4
3750	4
3751	4
3752	4
3753	3
3754	3
3755	4
3756	2
3757	2
3758	2
3759	4
3760	2
3761	4
3762	4
3763	3
3764	3
3768	3
3769	4
3770	4
3771	7
3772	4
3773	4
3774	4
3775	5
3776	5
3777	6
3778	5
3779	5
3780	6
3781	6
3782	6
3783	6
3784	6
3785	6
3786	6
3787	6
3788	6
3789	6
3790	8
3791	8
3792	8
3793	8
3794	8
3795	8
3796	8
3797	8
3798	8
3799	8
3800	8
3801	8
3802	8
3803	8
3804	8
3805	8
3806	8
3807	8
3808	8
3809	8
3810	8
3811	8
3812	8
3813	8
3814	8
3815	8
3816	8
3817	8
3818	8
3819	8
3820	8
3821	8
3822	8
3823	8
3824	8
3825	8
3826	8
3827	8
3828	8
3829	8
3830	8
3831	8
3832	8
3833	8
3834	8
3835	8
3836	8
3837	8
3838	8
3839	8
3840	8
3841	8
3842	8
3843	8
3844	8
3845	8
3846	8
3847	8
3848	8
3849	8
3850	8
3851	8
3852	8
3853	8
3854	8
3855	8
3856	8
3857	8
3858	8
3859	8
3860	8
3861	8
3862	8
3863	8
3864	8
3865	8
3866	8
3867	8
3868	8
3869	8
3870	8
3871	8
3872	8
3873	8
3874	8
3875	8
3876	8
3877	8
3878	8
3879	8
3880	8
3883	8
3884	8
3885	8
3886	8
3887	8
3888	8
3889	8
3890	8
3892	8
3893	8
3894	8
3897	8
3898	8
3899	8
3900	8
3901	8
3902	8
3903	8
3904	8
3905	8
3906	8
3907	8
3908	8
3909	8
3910	8
3911	8
3912	8
3913	8
3914	8
3915	8
3916	8
3917	8
3918	8
3919	8
3920	8
3921	8
3922	8
3923	8
3924	8
3925	8
3926	8
3927	8
3928	8
3929	8
3930	9
3931	9
3932	8
3933	8
3934	8
3935	8
3936	8
3937	8
3938	8
3939	8
3940	8
3941	8
3942	8
3943	8
3944	8
3945	8
3946	8
3947	8
3948	8
3949	8
3950	8
3951	8
3952	8
3953	8
3954	8
3955	8
3956	8
3957	8
3958	8
3959	8
3960	8
3961	8
3962	8
3963	8
3964	8
3965	8
3966	8
3967	8
3968	8
3969	8
3970	8
3971	8
3972	8
3973	8
3974	8
3975	8
3976	8
3977	8
3978	8
3979	8
3980	8
3981	8
3982	8
3983	8
3985	8
3986	8
3987	7
3988	7
3989	7
3990	7
3991	1
3992	1
3993	1
3994	0
3995	1
3996	7
3997	7
3998	7
3999	7
4000	1
4001	1
4002	7
4003	7
4004	1
4005	0
4006	7
4007	1
4008	7
4009	1
4010	7
4011	7
4012	7
4013	0
4014	0
4015	1
4016	0
4017	0
4018	0
4019	7
4020	1
4021	7
4022	1
4023	1
4024	1
4025	7
4026	1
4027	7
4028	7
4029	7
4030	1
4031	1
4032	7
4033	1
4034	7
4035	7
4036	7
4037	7
4038	7
4039	7
4040	7
4041	7
4042	7
4043	7
4044	1
4045	7
4046	7
4047	7
4048	7
4049	7
4050	7
4051	0
4052	1
4053	7
4054	0
4055	7
4056	7
4057	0
4058	7
4059	7
4060	0
4061	0
4062	0
4063	0
4064	0
4065	0
4066	0
4067	0
4068	7
4069	7
4070	7
4071	0
4072	0
4073	0
4074	0
4075	0
4076	0
4077	0
4078	8
4079	8
4080	8
4081	0
4082	8
4083	8
4084	8
4085	8
4086	8
4087	8
4088	8
4089	8
4090	8
4091	8
4092	8
4093	8
4094	8
4095	8
4096	8
4097	8
4098	8
4099	8
4100	8
4101	8
4102	8
4103	8
4104	8
4105	8
4106	0
4107	8
4108	8
4109	8
4110	0
4111	8
4112	8
4113	0
4114	8
4115	8
4116	0
4117	8
4118	8
4119	8
4120	8
4121	0
4122	0
4123	0
4124	8
4125	8
4126	8
4127	8
4128	8
4129	6
4130	8
4131	8
4132	8
4133	8
4134	0
4135	0
4136	8
4137	8
4138	8
4139	8
4140	8
4141	8
4142	0
4143	8
4144	8
4145	8
4146	8
4147	8
4148	8
4149	0
4150	0
4151	8
4152	0
4153	8
4154	8
4155	8
4156	8
4157	0
4158	8
4159	8
4160	0
4161	7
4162	7
4163	7
4164	1
4165	7
4166	7
4167	1
4168	7
4169	7
4170	1
4171	7
4172	1
4173	7
4174	7
4175	1
4176	1
4177	7
4178	7
4179	7
4180	1
4181	7
4182	0
4183	0
4184	1
4185	1
4186	7
4187	1
4188	7
4189	7
4190	7
4191	7
4192	7
4193	7
4194	7
4195	7
4196	7
4197	7
4198	7
4199	7
4200	7
4201	7
4202	7
4203	7
4204	1
4205	0
4206	0
4207	7
4208	1
4209	8
4210	8
4211	8
4212	8
4213	8
4214	8
4215	8
4216	8
4217	8
4218	8
4219	8
4220	8
4221	8
4222	8
4223	8
4224	8
4225	8
4226	8
4227	8
4228	8
4229	8
4230	8
4231	8
4232	8
4233	8
4234	8
4235	8
4236	8
4237	8
4238	8
4239	8
4240	8
4241	8
4242	8
4243	8
4244	8
4245	8
4246	8
4247	8
4248	8
4249	8
4250	8
4251	8
4252	8
4253	8
4254	8
4255	8
4256	8
4257	8
4258	8
4259	8
4260	8
4261	8
4262	8
4263	8
4264	8
4265	8
4266	1
4267	0
4268	0
4269	1
4270	1
4271	1
4272	1
4273	7
4274	7
4275	7
4276	7
4277	7
4278	7
4279	0
4280	0
4281	0
4282	1
4283	1
4284	7
4285	7
4286	7
4287	1
4288	7
4289	7
4290	1
4291	1
4292	7
4293	7
4294	7
4295	7
4296	7
4297	7
4298	7
4299	1
4300	7
4301	1
4302	7
4303	7
4304	1
4305	7
4306	1
4307	1
4308	7
4309	1
4310	7
4311	1
4312	1
4313	7
4314	7
4315	1
4316	7
4317	7
4318	1
4319	1
4320	7
4321	7
4322	7
4323	7
4324	0
4325	7
4326	7
4327	7
4328	7
4329	1
4330	1
4331	1
4332	0
4333	0
4334	0
4335	0
4336	0
4337	0
4338	0
4339	0
4340	7
4341	7
4342	0
4343	0
4344	0
4345	7
4346	1
4347	1
4348	7
4349	0
4350	0
4351	7
4352	7
4353	1
4354	1
4355	7
4356	1
4357	7
4358	1
4359	1
4360	1
4361	0
4362	1
4363	1
4364	1
4365	1
4366	1
4367	7
4368	7
4369	1
4370	1
4371	1
4372	7
4373	7
4374	0
4375	7
4376	7
4377	1
4378	7
4379	1
4380	0
4381	7
4382	1
4383	7
4384	1
4385	1
4386	0
4387	1
4388	7
4389	7
4390	7
4391	0
4392	1
4393	7
4394	7
4395	7
4396	0
4397	0
4398	7
4399	0
4400	7
4401	7
4402	7
4403	0
4404	7
4405	1
4406	1
4407	1
4408	0
4409	1
4410	0
4411	1
4412	0
4413	0
4414	1
4415	1
4416	0
4417	0
4418	1
4419	7
4420	7
4421	7
4422	1
4423	0
4424	1
4425	7
4426	7
4427	0
4428	7
4429	7
4430	7
4431	0
4432	7
4433	1
4434	1
4435	1
4436	1
4437	1
4438	1
4439	7
4440	0
4441	7
4442	1
4443	1
4444	1
4445	7
4446	7
4447	7
4448	7
4449	0
4450	0
4451	0
4452	7
4453	0
4454	1
4455	7
4456	7
4457	0
4458	0
4459	7
4460	1
4461	7
4462	7
4463	1
4464	1
4465	1
4466	7
4467	7
4468	1
4469	1
4470	0
4471	7
4472	0
4473	7
4474	7
4475	7
4476	7
4477	0
4478	0
4479	7
4480	7
4481	1
4482	7
4483	0
4484	7
4485	1
4486	1
4487	1
4488	9
4489	0
4490	8
4496	8
4497	8
4498	8
4499	8
4500	8
4501	8
4502	8
4503	8
4504	8
4510	8
4511	8
4512	8
4513	8
4514	8
4515	8
4516	8
4517	8
4518	8
4519	8
4520	8
4521	8
4522	8
4523	8
4524	8
4525	8
4526	8
4527	7
4528	7
4529	7
4530	7
4531	7
4532	7
4533	7
4534	7
4535	7
4536	7
4537	7
4538	7
4539	7
4540	7
4541	7
4542	7
4543	7
4544	7
4545	7
4546	7
4547	7
4548	7
4549	7
4550	7
4551	7
4552	7
4553	7
4554	5
4555	6
4556	5
4557	6
4558	8
4559	8
4560	8
4561	8
4562	8
4563	8
4564	6
4565	6
4566	8
4567	6
4568	6
4569	6
4570	8
4571	8
4572	8
4573	3
4574	8
4575	5
4576	5
4577	6
4578	6
4579	6
4580	6
4581	6
4582	5
4583	6
4584	6
4585	6
4586	8
4587	8
4588	6
4589	6
4590	5
4591	5
4592	6
4596	6
4597	8
4599	8
4600	8
4601	8
4602	8
4603	8
4607	8
4608	5
4609	5
4610	5
4611	3
4612	9
4613	6
4614	6
4615	6
4616	6
4617	8
4618	8
4619	8
4620	8
4621	0
4622	8
4623	5
4624	0
4625	5
4626	8
4627	3
4628	5
4629	5
4630	6
4631	5
4632	5
4633	5
4634	6
4635	6
4636	6
4637	6
4638	8
4639	8
4640	8
4641	8
4642	3
4643	3
4644	3
4645	5
4646	5
4647	6
4648	6
4649	6
4650	6
4651	6
4652	8
4653	8
4654	8
4655	8
4656	8
4657	6
4658	5
4659	3
4660	8
4661	5
4662	6
4663	5
4664	6
4665	6
4666	6
4667	6
4668	6
4669	6
4670	6
4671	5
4672	5
4673	5
4674	5
4675	0
4676	6
4677	6
4678	5
4679	5
4680	6
4681	5
4682	5
4683	5
4684	5
4685	5
4686	6
4687	6
4688	6
4689	6
4690	6
4691	8
4692	8
4693	5
4694	5
4695	5
4696	5
4697	5
4698	5
4699	5
4700	5
4701	5
4702	5
4703	5
4704	5
4705	8
4706	6
4707	9
4708	3
4709	5
4710	3
4711	5
4712	9
4713	5
4714	3
4715	5
4716	5
4717	5
4718	5
4719	5
4720	8
4721	5
4722	6
4723	3
4724	6
4725	6
4726	6
4727	6
4728	3
4729	3
4730	3
4731	5
4732	3
4733	3
4734	3
4735	5
4736	3
4737	3
4738	5
4739	5
4740	5
4741	5
4742	5
4743	5
4744	5
4745	3
4746	9
4747	6
4748	3
4749	3
4750	3
4751	3
4752	3
4753	6
4754	8
4755	3
4756	8
4757	8
4758	6
4759	6
4760	6
4761	8
4762	6
4763	6
4764	6
4765	8
4766	3
4767	3
4768	8
4769	8
4770	3
4771	3
4772	3
4773	6
4774	6
4775	6
4776	6
4777	6
4778	6
4779	6
4780	6
4781	6
4782	6
4783	6
4784	8
4785	3
4786	8
4787	3
4788	6
4789	6
4790	6
4791	6
4792	6
4793	8
4794	8
4795	8
4796	8
4797	6
4798	3
4799	8
4800	8
4801	6
4802	8
4803	8
4804	8
4805	8
4806	3
4807	3
4808	3
4809	5
4810	6
4811	8
4812	3
4813	8
4815	8
4816	8
4817	8
4818	8
4819	8
4820	8
4821	8
4822	8
4823	8
4826	3
4827	6
4828	8
4829	8
4830	6
4831	6
4832	6
4833	8
4834	8
4835	8
4836	6
4837	5
4838	8
4839	8
4840	8
4841	8
4842	8
4843	8
4844	3
4845	8
4846	3
4847	8
4848	3
4849	3
4850	3
4851	6
4852	6
4853	6
4854	6
4855	8
4856	6
4857	8
4858	6
4859	6
4860	3
4861	6
4862	6
4863	3
4864	3
4865	8
4866	3
4867	5
4868	8
4869	5
4870	5
4871	5
4872	1
4873	5
4874	5
4875	5
4876	5
4877	8
4878	6
4879	8
4880	6
4881	8
4882	8
4883	8
4884	8
4885	8
4886	8
4887	8
4888	8
4889	8
4890	6
4891	8
4892	5
4893	8
4894	3
4895	3
4896	8
4897	5
4898	6
4899	8
4900	5
4901	8
4902	0
4903	8
4904	8
4905	8
4906	8
4907	8
4908	8
4909	8
4910	9
4911	9
4912	8
4913	8
4914	8
4915	9
4916	9
4917	5
4918	8
4919	8
4920	8
4921	5
4922	3
4923	5
4924	5
4925	5
4926	5
4927	8
4928	8
4929	8
4930	8
4931	6
4932	8
4933	6
4934	0
4935	5
4936	5
4937	5
4938	5
4939	8
4940	0
4941	6
4942	0
4943	8
4944	5
4945	8
4946	3
4947	3
4948	8
4949	8
4950	8
4951	9
4953	9
4954	9
4955	9
4956	9
4958	9
4959	9
4961	9
4966	9
4968	1
4969	1
4970	1
4971	1
4972	1
4973	1
4974	1
4975	1
4976	1
4977	1
4978	1
4979	1
4980	1
4981	4
4982	4
4983	1
4984	1
4985	1
4986	4
4987	4
4988	4
4989	1
4990	4
4991	1
4992	1
4993	1
4994	1
4995	4
4996	4
4997	1
4998	1
4999	1
5000	4
5001	1
5002	1
5003	4
5004	1
5005	1
5006	1
5007	1
5008	1
5009	1
5010	1
5011	1
5012	1
5013	1
5014	1
5015	1
5016	1
5017	1
5018	1
5019	1
5020	1
5021	8
5022	1
5023	1
5024	1
5025	1
5026	1
5027	1
5028	1
5029	1
5030	1
5031	1
5032	1
5033	1
5034	1
5035	1
5036	1
5037	8
5038	8
5039	1
5040	1
5041	8
5042	1
5043	8
5044	8
5045	8
5046	1
5047	1
5048	8
5049	1
5050	1
5051	1
5052	1
5053	1
5054	1
5055	1
5058	4
5059	1
5063	1
5066	1
5067	1
5068	1
5069	1
5070	1
5071	0
5072	1
5073	1
5074	1
5075	1
5076	1
5077	1
5078	1
5079	1
5080	1
5081	4
5082	1
5083	1
5084	1
5085	1
5086	1
5087	1
5088	1
5089	4
5090	1
5091	1
5092	0
5093	0
5094	0
5095	0
5096	0
5097	0
5098	0
5099	0
5100	0
5101	0
5102	0
5103	0
5104	0
5105	0
5106	0
5107	0
5108	0
5109	0
5110	0
5111	0
5112	0
5113	0
5114	0
5115	0
5116	0
5117	0
5118	0
5119	5
5120	5
5121	5
5122	4
5123	5
5124	3
5125	2
5126	2
5127	9
5128	9
5129	1
5130	2
5131	4
5132	9
5133	9
5134	9
5135	1
5136	9
5137	9
5138	1
5139	9
5140	5
5141	1
5142	2
5143	2
5144	2
5145	2
5146	2
5147	1
5148	1
5149	2
5150	9
5151	9
5152	2
5153	9
5154	9
5155	9
5156	9
5157	1
5158	9
5159	9
5160	5
5161	1
5162	2
5163	4
5164	2
5165	2
5166	9
5167	9
5168	5
5169	5
5170	5
5171	5
5172	5
5173	4
5174	7
5175	4
5176	1
5177	1
5178	1
5179	1
5180	1
5181	9
5182	1
5183	5
5184	9
5185	5
5186	1
5187	3
5188	9
5189	1
5190	9
5191	9
5192	2
5193	9
5194	9
5195	2
5196	9
5197	2
5198	2
5199	9
5200	9
5201	9
5202	9
5203	9
5204	9
5205	9
5206	1
5207	9
5208	5
5209	2
5210	2
5211	1
5212	1
5213	4
5214	9
5215	9
5216	5
5217	9
5218	2
5219	3
5220	5
5221	3
5222	9
5223	3
5224	3
5225	9
5226	9
5227	9
5228	9
5229	9
5230	2
5231	5
5232	5
5233	5
5234	9
5235	5
5236	1
5237	2
5238	1
5239	1
5240	2
5241	9
5242	9
5243	9
5244	9
5245	9
5246	9
5247	9
5248	9
5249	9
5250	2
5251	1
5252	1
5253	9
5254	9
5255	2
5256	9
5257	2
5258	2
5259	5
5260	3
5261	3
5262	5
5263	5
5264	5
5265	3
5266	5
5267	9
5268	2
5269	9
5270	9
5271	9
5272	5
5273	5
5274	5
5275	9
5276	9
5277	9
5278	1
5279	2
5280	1
5281	1
5282	2
5283	9
5284	9
5285	2
5286	5
5287	2
5288	9
5289	2
5290	2
5291	2
5292	1
5293	2
5294	1
5295	2
5296	5
5297	2
5298	9
5299	9
5300	9
5301	9
5302	9
5303	5
5304	5
5305	5
5306	9
5307	5
5308	5
5309	5
5310	5
5311	2
5312	2
5313	9
5314	2
5315	0
5316	2
5317	2
5318	9
5319	9
5320	1
5321	9
5322	1
5324	9
5325	9
5326	1
5327	1
5328	9
5329	2
5330	1
5331	2
5332	4
5333	7
5334	9
5335	2
5336	2
5337	2
5338	4
5339	4
5340	2
5341	4
5342	7
5343	2
5344	9
5345	1
5346	2
5347	2
5348	9
5349	4
5350	1
5351	1
5352	9
5353	1
5354	9
5355	5
5356	2
5357	1
5358	5
5359	5
5360	5
5361	5
5362	9
5363	9
5364	4
5365	9
5366	2
5367	4
5368	2
5369	4
5370	4
5371	9
5372	4
5373	2
5374	2
5375	2
5376	1
5377	1
5378	1
5379	4
5380	9
5381	1
5382	1
5383	9
5384	1
5385	1
5386	2
5387	2
5388	4
5389	2
5390	2
5391	2
5392	2
5393	2
5394	2
5395	2
5396	2
5397	2
5398	1
5399	2
5400	9
5401	9
5402	9
5403	2
5404	2
5405	4
5406	2
5407	2
5408	2
5409	9
5410	9
5411	2
5412	2
5413	2
5414	2
5415	2
5416	2
5417	2
5418	1
5419	2
5420	1
5421	1
5422	5
5423	3
5424	1
5425	9
5426	5
5427	2
5428	1
5429	4
5430	4
5431	2
5432	4
5433	2
5434	4
5435	1
5436	2
5437	2
5438	2
5439	2
5440	2
5441	2
5442	1
5443	1
5444	1
5445	1
5446	2
5447	2
5448	2
5449	2
5450	4
5451	2
5452	4
5453	4
5454	2
5455	9
5456	1
5457	2
5458	1
5459	1
5460	2
5461	4
5462	1
5463	2
5464	5
5465	1
5466	5
5467	1
5468	4
5469	1
5470	5
5471	2
5472	1
5473	9
5474	2
5475	1
5476	2
5477	1
5478	9
5479	1
5480	5
5481	1
5482	1
5483	9
5484	1
5485	1
5486	2
5487	2
5488	2
5489	2
5490	2
5491	2
5492	2
5493	9
5494	1
5495	9
5496	1
5497	9
5498	1
5499	9
5500	9
5501	4
5502	2
5503	2
5504	2
5505	2
5506	2
5507	3
5508	4
5509	1
5510	9
5511	2
5512	9
5513	1
5514	1
5515	9
5516	4
5517	9
5518	1
5519	9
5520	2
5521	5
5522	1
5523	1
5524	5
5525	1
5526	2
5527	7
5528	1
5529	9
5530	4
5531	9
5532	1
5533	1
5534	1
5535	1
5536	1
5537	9
5538	2
5539	2
5540	2
5541	2
5542	2
5543	4
5544	2
5545	5
5546	2
5547	2
5548	9
5549	9
5550	1
5551	9
5552	2
5553	3
5554	2
5555	3
5556	9
5557	9
5558	1
5559	1
5560	9
5561	9
5562	4
5563	1
5564	1
5565	1
5566	9
5567	1
5568	9
5569	4
5570	9
5571	9
5572	2
5573	5
5574	5
5575	1
5576	9
5577	9
5578	9
5579	9
5580	4
5581	2
5582	2
5583	3
5584	3
5585	2
5586	1
5587	9
5588	9
5589	9
5590	9
5591	9
5592	2
5593	9
5594	2
5595	3
5596	2
5597	2
5598	2
5599	2
5600	2
5601	1
5602	9
5603	1
5604	1
5605	9
5606	1
5607	1
5608	1
5609	1
5610	9
5611	1
5612	1
5613	5
5614	9
5615	1
5616	1
5617	9
5618	5
5619	2
5620	5
5621	1
5622	5
5623	5
5624	2
5625	5
5626	9
5627	2
5628	2
5629	5
5630	9
5631	9
5632	9
5633	4
5634	9
5635	9
5636	9
5637	2
5638	2
5639	2
5640	2
5641	1
5642	5
5643	9
5644	2
5645	1
5646	5
5647	5
5648	2
5649	9
5650	9
5651	5
5652	2
5653	2
5654	2
5655	2
5656	2
5657	2
5658	9
5659	2
5660	2
5661	2
5662	9
5663	2
5664	9
5665	9
5666	2
5667	1
5668	5
5669	4
5670	9
5671	1
5672	2
5673	9
5674	2
5675	1
5676	9
5677	1
5678	9
5679	9
5680	4
5681	9
5682	9
5683	9
5684	9
5685	7
5686	9
5687	1
5688	4
5689	9
5690	3
5691	9
5692	5
5693	9
5694	9
5695	9
5696	3
5697	9
5698	5
5699	2
5700	2
5701	3
5702	2
5703	3
5704	2
5705	5
5706	1
5707	9
5708	9
5709	2
5710	2
5711	2
5712	4
5713	9
5714	9
5715	1
5716	5
5717	1
5718	2
5719	9
5720	9
5721	1
5722	5
5723	1
5725	4
5726	9
5727	9
5728	1
5729	1
5730	9
5731	9
5732	2
5733	9
5734	2
5735	9
5736	2
5737	4
5738	1
5739	5
5740	9
5741	9
5742	9
5743	9
5744	9
5745	9
5746	2
5747	5
5748	1
5749	2
5750	2
5751	2
5752	2
5753	2
5754	2
5755	2
5756	1
5757	1
5758	1
5759	9
5766	1
5767	9
5768	2
5769	9
5770	1
5771	1
5772	1
5773	9
5774	2
5775	9
5776	9
5777	9
5778	4
5779	9
5780	1
5781	2
5782	1
5783	5
5784	1
5785	1
5786	1
5787	9
5788	5
5789	5
5790	5
5791	5
5792	5
5793	9
5794	9
5795	9
5796	9
5797	9
5798	3
5799	9
5800	3
5801	2
5802	2
5803	2
5804	2
5805	9
5806	2
5807	5
5810	5
5811	2
5812	2
5813	5
5814	1
5815	1
5816	1
5817	1
5818	1
5819	2
5820	1
5821	5
5822	9
5823	9
5824	2
5825	1
5826	1
5827	2
5828	1
5829	5
5830	2
5831	1
5832	1
5833	9
5834	1
5835	1
5836	9
5837	9
5838	1
5839	5
5840	5
5841	9
5842	5
5843	9
5844	3
5845	9
5846	9
5847	9
5848	9
5849	9
5850	3
5851	9
5852	9
5853	5
5854	1
5855	7
5856	9
5857	1
5858	1
5859	2
5860	1
5861	1
5862	1
5863	1
5864	1
5865	2
5866	2
5867	2
5868	2
5869	2
5870	9
5871	9
5872	2
5873	9
5874	9
5875	9
5876	9
5877	9
5878	5
5879	9
5880	5
5881	5
5882	5
5883	5
5884	1
5885	5
5886	9
5887	9
5888	5
5889	9
5890	9
5891	7
5892	7
5893	7
5894	7
5895	7
5896	7
5897	7
5898	7
5899	7
5900	7
5901	7
5902	7
5903	7
5904	7
5905	7
5906	7
5907	7
5908	7
5909	7
5910	7
5911	7
5912	7
5913	7
5914	7
5915	7
5916	7
5917	7
5918	7
5919	7
5920	7
5921	7
5922	7
5923	7
5924	7
5925	7
5926	7
5927	7
5928	7
5929	7
5930	7
5931	7
5932	7
5933	7
5934	7
5935	7
5936	7
5937	7
5938	7
5939	7
5940	7
5941	7
5942	7
5943	7
5944	7
5945	7
5946	7
5947	7
5948	7
5949	7
5950	7
5951	7
5952	7
5953	7
5954	7
5955	7
5956	7
5957	7
5958	7
5959	7
5960	7
5961	7
5962	7
5963	7
5964	7
5965	7
5966	7
5967	7
5968	7
5969	7
5970	7
5971	7
5972	7
5973	7
5974	7
5975	7
5976	7
5977	7
5978	7
5979	7
5980	7
5981	7
5982	7
5983	7
5984	7
5985	7
5986	7
5987	7
5988	7
5989	7
5990	7
5991	7
5992	7
5993	7
5994	7
5995	7
5996	7
5997	7
5998	7
5999	7
6000	7
6001	7
6002	7
6003	7
6004	7
6005	7
6006	7
6007	7
6008	7
6009	7
6010	7
6011	7
6012	7
6013	7
6014	7
6015	7
6016	7
6017	7
6018	7
6019	7
6020	7
6021	7
6022	7
6023	7
6024	7
6025	7
6026	7
6027	7
6028	7
6029	7
6030	7
6031	7
6032	7
6033	7
6034	7
6035	7
6036	7
6037	7
6038	7
6039	7
6040	7
6041	7
6042	7
6043	7
6044	7
6045	7
6046	7
6047	7
6048	7
6049	7
6050	7
6051	7
6052	7
6053	7
6054	7
6055	7
6056	7
6057	7
6058	7
6059	7
6060	7
6061	7
6062	7
6063	7
6064	7
6065	7
6066	7
6067	7
6068	7
6069	7
6070	7
6071	7
6072	7
6073	7
6074	7
6075	7
6076	7
6077	7
6078	7
6079	7
6080	7
6081	7
6082	7
6083	7
6084	7
6085	7
6086	7
6087	7
6088	7
6089	7
6090	7
6091	7
6092	7
6093	7
6094	7
6095	7
6096	7
6097	7
6098	7
6099	7
6100	7
6101	7
6102	7
6103	7
6104	7
6105	7
6106	7
6107	7
6108	7
6109	7
6110	7
6111	7
6112	7
6113	7
6114	7
6115	7
6116	7
6117	7
6118	7
6119	7
6120	7
6121	7
6122	7
6123	7
6124	7
6125	7
6126	7
6127	7
6128	7
6129	7
6130	7
6131	7
6132	7
6133	7
6134	7
6135	7
6136	7
6137	7
6138	7
6139	7
6140	7
6141	7
6142	7
6143	7
6144	7
6145	7
6146	7
6147	7
6148	7
6149	7
6150	7
6151	7
6152	7
6153	7
6154	7
6155	7
6156	7
6157	7
6158	7
6159	7
6160	7
6161	7
6162	7
6163	7
6164	7
6165	7
6166	7
6167	7
6168	7
6169	7
6170	7
6171	7
6172	7
6173	7
6174	7
6175	7
6176	7
6177	7
6178	7
6179	7
6180	7
6181	7
6182	7
6183	7
6184	7
6185	7
6186	7
6187	7
6188	7
6189	7
6190	7
6191	7
6192	7
6193	7
6194	7
6195	7
6196	7
6197	7
6198	7
6199	7
6200	7
6201	7
6202	7
6203	7
6204	7
6205	7
6206	7
6207	7
6208	7
6209	7
6210	7
6211	7
6212	7
6213	7
6214	7
6215	7
6216	7
6217	7
6218	7
6219	7
6220	1
6221	7
6222	7
6223	7
6224	7
6225	7
6226	7
6227	7
6228	7
6229	7
6230	7
6231	7
6232	7
6233	1
6234	1
6235	7
6236	7
6237	7
6238	7
6239	8
6240	0
6241	0
6242	0
6243	8
6244	8
6245	8
6246	8
6247	8
6248	0
6249	8
6250	8
6251	8
6252	8
6253	8
6254	0
6255	8
6256	8
6257	8
6258	8
6259	0
6260	0
6261	8
6262	8
6263	8
6264	8
6265	8
6266	8
6267	8
6268	8
6269	8
6270	8
6271	0
6272	8
6273	6
6274	8
6275	8
6276	8
6277	8
6278	8
6279	8
6280	8
6281	8
6282	8
6283	8
6284	8
6285	8
6286	8
6287	8
6288	8
6289	8
6290	8
6291	8
6292	8
6293	8
6294	8
6295	8
6296	8
6297	8
6298	8
6299	0
6300	8
6301	8
6302	8
6303	8
6304	8
6305	8
6306	8
6307	8
6308	8
6309	8
6310	8
6311	8
6312	8
6313	8
6314	8
6315	8
6316	8
6317	8
6318	8
6319	8
6320	8
6321	8
6322	8
6323	8
6324	8
6325	8
6326	8
6327	8
6328	8
6329	8
6330	0
6331	8
6332	8
6333	8
6334	9
6335	8
6336	8
6337	8
6338	8
6339	8
6340	8
6341	8
6342	8
6343	8
6344	8
6345	8
6346	8
6347	8
6348	8
6349	8
6350	8
6351	8
6352	8
6353	8
6354	8
6355	8
6356	8
6357	8
6358	8
6359	8
6360	8
6361	8
6362	0
6363	8
6364	8
6365	8
6366	0
6367	8
6368	8
6369	8
6370	0
6371	0
6372	0
6373	0
6374	8
6375	8
6376	8
6377	8
6378	8
6379	8
6380	8
6381	8
6382	8
6383	8
6384	8
6385	8
6386	8
6387	8
6388	8
6389	8
6390	8
6391	8
6392	8
6393	8
6394	0
6395	6
6396	0
6397	8
6398	8
6399	8
6400	6
6401	8
6402	8
6403	8
6404	8
6405	6
6406	6
6407	0
6408	8
6409	6
6410	8
6411	8
6412	8
6413	8
6414	8
6415	8
6416	8
6417	8
6418	8
6419	8
6420	8
6421	8
6422	8
6423	8
6424	8
6425	8
6426	8
6427	8
6428	8
6429	8
6430	8
6431	8
6432	8
6433	8
6435	8
6436	8
6437	8
6438	8
6439	8
6440	8
6441	8
6442	8
6443	8
6444	8
6445	8
6446	8
6447	8
6448	8
6449	8
6450	8
6451	8
6452	8
6453	8
6454	8
6455	6
6456	8
6457	0
6458	6
6459	8
6460	8
6461	8
6462	8
6463	8
6464	8
6465	8
6466	8
6467	8
6468	8
6469	8
6470	8
6471	8
6472	8
6474	0
6475	8
6476	8
6477	6
6478	0
6479	8
6480	8
6481	8
6482	8
6483	8
6484	8
6485	8
6486	8
6487	8
6488	8
6489	8
6490	8
6491	8
6492	8
6493	8
6494	8
6495	8
6496	8
6497	8
6498	8
6499	8
6500	8
6501	0
6502	8
6503	8
6504	8
6505	8
6506	8
6507	8
6508	8
6509	8
6510	8
6511	8
6512	8
6513	8
6514	8
6515	0
6516	8
6517	8
6518	8
6519	8
6520	8
6521	8
6522	8
6523	8
6524	8
6525	8
6526	8
6527	8
6528	0
6529	8
6530	8
6531	8
6532	6
6533	6
6534	8
6535	8
6536	8
6537	8
6538	8
6539	8
6540	8
6541	8
6542	6
6543	8
6544	8
6545	8
6546	8
6547	8
6548	0
6549	8
6550	8
6551	8
6552	0
6553	8
6554	8
6555	8
6556	8
6557	8
6558	8
6559	8
6560	8
6561	8
6562	8
6563	8
6564	8
6565	1
6566	1
6567	1
6568	1
6569	1
6570	1
6571	1
6572	1
6573	1
6574	1
6575	1
6576	1
6577	1
6578	1
6579	1
6580	1
6581	1
6582	1
6583	1
6584	1
6585	1
6586	1
6587	1
6588	1
6589	1
6590	1
6591	1
6592	1
6593	1
6594	1
6595	1
6596	1
6597	1
6598	1
6599	1
6600	1
6601	1
6602	1
6603	1
6604	1
6605	1
6606	1
6607	1
6608	1
6609	1
6610	1
6611	1
6612	1
6613	1
6614	1
6615	1
6616	1
6617	1
6618	1
6619	1
6620	1
6621	1
6622	1
6623	1
6624	1
6625	1
6626	1
6627	1
6628	1
6629	1
6630	1
6631	1
6632	1
6633	1
6634	1
6635	1
6636	1
6637	1
6638	1
6639	1
6640	1
6641	1
6642	1
6643	1
6644	1
6645	1
6646	1
6647	1
6648	1
6650	1
6651	1
6652	1
6653	1
6654	1
6655	1
6656	1
6657	1
6658	1
6659	1
6660	1
6661	1
6662	1
6663	1
6664	1
6665	1
6666	1
6667	1
6668	1
6669	1
6671	1
6672	1
6679	1
6683	1
6684	1
6685	1
6686	1
6687	1
6688	1
6689	1
6690	1
6691	1
6692	8
6693	1
6694	1
6695	1
6696	1
6697	1
6698	1
6699	1
6700	1
6701	1
6702	1
6703	1
6704	1
6705	1
6706	1
6707	1
6708	1
6709	1
6710	1
6711	1
6712	1
6713	1
6714	1
6715	1
6716	1
6717	1
6718	1
6719	1
6720	1
6721	1
6722	1
6723	1
6724	1
6725	1
6726	1
6727	1
6728	1
6729	1
6730	1
6731	1
6732	1
6733	1
6734	1
6735	1
6736	1
6737	1
6738	1
6739	1
6740	1
6741	1
6742	1
6743	1
6744	1
6745	1
6746	1
6747	1
6748	1
6749	1
6750	1
6751	1
6752	1
6753	1
6754	1
6755	1
6756	8
6757	1
6758	1
6759	1
6760	1
6761	1
6762	1
6763	1
6764	7
6765	7
6766	7
6767	7
6768	7
6769	7
6770	1
6771	7
6772	7
6773	1
6774	7
6775	7
6776	7
6777	7
6778	7
6779	7
6780	7
6781	7
6782	7
6783	7
6784	7
6785	7
6786	7
6787	7
6788	7
6789	7
6790	7
6791	7
6792	7
6793	7
6794	7
6795	7
6796	7
6797	7
6798	7
6799	7
6800	7
6801	7
6802	7
6803	7
6804	7
6805	7
6806	7
6807	7
6808	7
6809	7
6810	7
6811	7
6812	7
6813	7
6814	7
6815	7
6816	7
6817	7
6818	7
6819	7
6820	0
6821	0
6822	0
6823	0
6824	0
6825	0
6826	0
6827	0
6828	0
6829	0
6830	7
6831	1
6832	7
6833	7
6834	1
6835	1
6836	1
6837	7
6838	7
6839	7
6840	7
6841	7
6842	0
6843	7
6844	7
6845	7
6846	7
6847	7
6848	7
6849	7
6850	7
6851	0
6852	0
6853	0
6854	0
6855	0
6856	7
6857	7
6858	7
6859	7
6860	0
6861	0
6862	0
6863	0
6864	7
6865	0
6866	0
6867	0
6868	0
6869	7
6870	0
6871	1
6872	7
6873	7
6874	7
6875	7
6876	7
6877	7
6878	0
6879	0
6880	0
6881	0
6882	0
6883	0
6884	0
6885	0
6886	0
6887	0
6888	0
6889	7
6890	0
6891	0
6892	7
6893	0
6894	0
6895	0
6896	0
6897	0
6898	0
6899	7
6900	7
6901	0
6902	7
6903	7
6904	7
6905	0
6906	7
6907	7
6908	7
6909	7
6910	7
6911	1
6912	7
6913	0
6914	7
6915	0
6916	0
6917	0
6918	0
6919	0
6920	0
6921	0
6922	0
6923	0
6924	0
6925	0
6926	7
6927	0
6928	0
6929	0
6930	7
6931	0
6932	0
6933	7
6934	0
6935	0
6936	0
6937	7
6938	0
6939	0
6940	0
6941	0
6942	0
6943	0
6944	0
6945	0
6946	0
6947	0
6948	0
6949	0
6950	0
6951	0
6952	0
6953	0
6954	0
6955	0
6956	0
6957	0
6958	0
6959	0
6960	0
6961	0
6962	0
6963	0
6964	0
6965	0
6966	0
