1	1
2	7
3	1
4	7
5	1
6	7
7	7
8	7
9	7
10	7
11	7
12	7
13	7
14	7
15	7
16	7
17	7
18	7
19	1
20	1
21	1
22	1
23	1
24	1
25	1
26	1
27	1
28	1
29	1
30	1
31	1
32	1
33	7
34	7
35	7
36	7
37	7
38	7
39	7
40	7
41	7
42	7
43	7
44	7
45	7
46	7
47	7
48	7
49	7
50	7
51	7
52	7
53	7
54	7
55	7
56	7
57	7
58	7
59	7
60	7
61	7
62	7
63	0
64	7
65	7
66	7
67	7
68	0
69	0
70	7
71	7
72	0
73	7
74	1
75	7
76	7
77	1
78	7
79	7
80	7
81	7
82	7
83	7
84	7
85	1
86	1
87	1
88	7
89	0
90	1
91	1
92	1
93	1
94	7
95	7
96	0
97	0
98	1
99	1
100	1
101	1
102	1
103	1
104	1
105	1
106	7
107	7
108	7
109	7
110	7
111	7
112	7
113	7
114	7
115	1
116	7
117	7
118	7
119	0
120	7
121	7
122	7
123	1
124	1
125	1
126	7
127	1
128	1
129	1
130	1
131	1
132	1
133	1
134	7
135	1
136	1
137	7
138	1
139	1
140	1
141	7
142	1
143	1
144	1
145	7
146	1
147	7
148	0
149	0
150	0
151	7
152	7
153	7
154	0
155	0
156	0
157	0
158	0
159	0
160	0
161	7
162	7
163	1
164	1
165	1
166	1
167	1
168	1
169	7
170	7
171	1
172	1
173	7
174	7
175	7
176	1
177	7
178	7
179	7
180	7
181	7
182	0
183	0
184	7
185	1
186	1
187	0
188	7
189	7
190	7
191	7
192	7
193	1
194	1
195	1
196	1
197	7
198	7
199	1
200	0
201	0
202	7
203	0
204	0
205	7
206	7
207	7
208	1
209	7
210	7
211	7
212	0
213	7
214	7
215	1
216	7
217	7
218	0
219	7
220	7
221	7
222	7
223	1
224	7
225	7
226	7
227	7
228	7
229	7
230	7
231	0
232	7
233	7
234	7
235	7
236	7
237	7
238	7
239	7
240	7
241	7
242	0
243	7
244	7
245	1
246	7
247	1
248	7
249	7
250	7
251	7
252	7
253	7
254	7
255	7
256	7
257	7
258	0
259	7
260	7
261	0
262	0
263	0
264	0
265	0
266	7
267	0
268	0
269	0
270	0
271	0
272	0
273	0
274	7
275	0
276	7
277	5
278	0
279	7
280	7
281	0
282	7
283	0
284	0
285	0
286	0
287	0
288	0
289	0
290	1
291	5
292	0
293	5
294	1
295	7
296	0
297	0
298	7
299	7
300	0
301	0
302	0
303	7
304	0
305	7
306	7
307	7
308	7
309	0
310	0
311	1
312	0
313	1
314	7
315	0
316	7
317	7
318	7
319	0
320	0
321	0
322	0
323	0
324	0
325	7
326	7
327	0
328	0
329	0
330	0
331	7
332	0
333	7
334	0
335	7
336	7
337	0
338	7
339	7
340	0
341	7
342	7
343	9
344	9
345	9
346	8
347	9
348	9
349	9
350	9
351	9
352	9
353	9
354	9
355	9
357	9
358	9
359	9
360	9
361	9
362	9
363	9
365	9
366	9
367	9
368	9
369	9
370	9
372	9
373	9
374	9
375	9
376	9
377	9
378	9
379	9
380	9
381	9
382	9
383	9
384	9
385	9
386	9
387	9
388	9
389	9
390	9
391	9
392	9
393	9
394	9
395	9
396	9
397	9
398	9
399	9
400	9
401	9
402	9
403	9
404	9
405	9
406	9
407	9
408	9
409	9
410	9
411	9
412	9
413	9
414	9
415	9
416	9
417	9
418	9
419	9
420	9
421	9
422	9
423	9
424	9
425	9
426	9
427	9
428	9
429	9
430	9
431	9
432	9
434	8
435	9
436	9
438	9
439	0
440	0
441	0
442	0
443	0
444	0
445	0
446	0
447	0
448	0
449	0
450	0
451	0
452	0
453	0
454	0
455	0
456	0
457	0
458	0
459	0
460	0
461	0
462	0
463	0
464	0
465	0
466	0
467	0
468	0
469	0
470	0
471	0
472	0
473	0
474	0
475	0
476	0
477	0
478	0
479	0
480	0
481	0
482	0
483	0
484	0
485	0
486	0
487	0
488	0
489	0
490	0
491	0
492	0
493	0
494	0
495	0
496	0
497	0
498	0
499	0
500	0
501	0
502	0
503	0
504	0
505	0
506	0
507	0
508	0
509	0
510	0
511	0
512	0
513	0
514	0
515	0
516	0
517	0
518	0
519	0
520	0
521	0
522	0
523	0
524	0
525	8
526	0
527	0
528	0
529	0
530	0
531	0
532	0
533	0
534	0
535	0
536	0
538	0
539	0
540	0
541	0
542	0
543	0
544	0
545	0
546	0
547	0
548	0
549	0
550	0
551	0
552	0
553	0
554	0
555	0
556	0
557	0
558	0
559	0
560	0
561	0
562	0
563	0
564	0
565	0
566	0
567	0
568	0
569	0
570	0
571	0
572	0
573	0
574	0
575	0
576	0
577	0
578	0
579	0
580	0
581	0
582	0
583	0
584	0
585	0
586	0
587	0
588	0
589	0
590	0
591	0
592	0
593	0
594	0
595	0
596	0
597	0
598	0
599	0
600	0
601	0
602	0
603	0
604	0
605	0
606	0
607	0
608	0
609	0
610	0
611	0
612	0
613	0
614	0
615	0
616	0
617	0
618	0
619	0
620	0
621	0
622	0
623	0
624	0
625	0
626	0
627	0
628	0
629	0
630	0
631	0
632	0
633	0
634	0
635	0
636	0
637	0
638	0
639	0
640	0
641	0
642	0
643	0
644	0
645	0
646	7
647	7
648	7
649	7
650	7
651	7
652	7
653	7
654	7
655	7
656	7
657	7
658	7
659	1
660	0
661	6
662	0
663	0
664	0
665	0
666	0
667	0
668	6
669	0
670	6
671	0
672	0
673	0
674	0
675	0
676	6
677	6
678	0
679	6
680	6
681	6
682	6
683	8
684	8
685	0
686	6
687	6
688	6
689	0
690	6
691	6
692	6
693	0
694	0
695	6
696	0
697	0
698	0
699	6
700	0
701	6
702	6
703	0
704	0
705	8
706	6
707	6
708	0
709	6
710	0
711	0
712	0
713	0
714	0
715	0
716	0
717	8
718	0
719	6
720	0
721	8
722	8
723	8
724	8
725	8
726	0
727	0
728	0
729	0
730	0
731	0
732	0
733	0
734	0
735	0
736	0
737	0
738	0
739	0
740	0
741	6
742	6
743	6
744	6
745	6
746	0
747	8
748	6
749	0
750	0
751	0
752	7
753	7
754	1
755	7
756	1
757	7
758	7
759	7
760	0
761	7
762	0
763	7
764	0
765	7
766	7
767	1
768	0
769	0
770	0
771	0
772	7
773	7
774	0
775	7
776	0
777	7
778	7
779	7
780	7
781	7
782	7
783	7
784	7
785	7
786	7
787	7
788	7
789	7
790	7
791	7
792	7
793	0
794	7
795	7
796	7
797	7
798	7
799	7
800	7
801	7
802	7
803	7
804	7
805	7
806	7
807	7
808	7
809	7
810	7
811	7
812	7
813	7
814	7
815	7
816	7
817	7
818	7
819	7
820	7
821	7
822	7
823	7
824	7
825	7
826	7
827	7
828	7
829	7
830	7
831	7
832	7
833	7
834	0
835	1
836	0
837	1
838	0
839	0
840	1
841	0
842	0
843	0
844	1
845	7
846	0
847	1
848	1
849	1
850	7
851	0
852	7
853	1
854	1
855	1
856	7
857	0
858	7
859	7
860	1
861	1
862	1
863	1
864	1
865	1
866	0
867	7
868	1
869	1
870	1
871	7
872	7
873	0
874	0
875	7
876	0
877	0
878	0
879	7
880	7
881	0
882	1
883	0
884	7
885	7
886	7
887	7
888	7
889	1
890	1
891	7
892	7
893	7
894	7
895	7
896	7
897	7
898	7
899	7
900	7
901	1
902	7
903	0
904	7
905	7
906	7
907	7
908	7
909	7
910	7
911	1
912	7
913	7
914	7
915	1
916	0
917	1
918	1
919	1
920	1
921	7
922	1
923	0
924	0
925	7
926	7
927	7
928	7
929	7
930	7
931	7
932	7
933	7
934	7
935	7
936	7
937	7
938	1
939	1
940	1
941	1
942	1
943	1
944	1
945	1
946	0
947	7
948	1
949	1
950	1
951	7
952	7
953	7
954	0
955	0
956	0
957	7
958	7
959	7
960	7
961	7
962	7
963	0
964	7
965	1
966	7
967	1
968	7
969	0
970	7
971	7
972	7
973	0
974	0
975	0
976	7
977	7
978	1
979	7
980	1
981	1
982	1
983	7
984	1
985	7
986	7
987	7
988	7
989	7
990	7
991	7
992	0
993	1
994	7
995	7
996	7
997	7
998	7
999	7
1000	7
1001	7
1002	7
1003	7
1004	7
1005	1
1006	1
1007	1
1008	7
1009	8
1010	8
1011	8
1012	8
1013	8
1014	8
1015	8
1016	8
1017	8
1018	8
1019	8
1020	8
1021	8
1022	8
1023	8
1024	8
1025	8
1026	8
1027	8
1028	8
1029	8
1030	8
1031	8
1032	8
1033	8
1034	8
1035	8
1036	8
1037	8
1038	8
1039	0
1040	8
1041	8
1042	8
1043	8
1044	8
1045	8
1046	8
1051	8
1052	8
1053	8
1054	8
1055	8
1056	8
1057	8
1058	8
1059	8
1060	8
1061	8
1062	8
1063	8
1064	8
1065	8
1066	8
1068	8
1069	8
1070	8
1071	8
1072	0
1073	8
1074	8
1075	8
1076	8
1077	8
1078	8
1079	8
1080	8
1081	8
1082	8
1084	8
1085	8
1087	8
1088	8
1089	8
1090	8
1091	8
1092	4
1093	1
1094	1
1095	8
1096	1
1097	8
1099	8
1101	8
1102	1
1103	1
1104	8
1105	8
1106	1
1107	1
1108	1
1109	1
1110	1
1111	1
1112	1
1113	1
1114	1
1115	8
1116	8
1117	8
1118	8
1120	8
1121	8
1122	1
1123	8
1124	8
1125	8
1126	8
1127	8
1128	8
1129	8
1130	8
1131	8
1132	8
1133	1
1134	8
1135	8
1136	8
1137	8
1138	8
1139	1
1140	8
1141	1
1142	8
1143	8
1144	8
1145	8
1146	8
1147	8
1149	8
1151	1
1157	8
1160	1
1161	4
1162	8
1163	8
1164	8
1165	4
1167	8
1168	8
1169	8
1170	8
1171	1
1172	8
1173	8
1174	1
1175	8
1176	1
1177	9
1178	9
1179	9
1181	9
1182	9
1185	9
1189	8
1190	9
1191	9
1192	9
1193	9
1194	9
1195	9
1196	9
1197	9
1198	9
1199	9
1200	9
1201	8
1202	8
1203	9
1204	8
1205	9
1206	9
1207	9
1208	9
1209	9
1210	9
1211	9
1212	9
1213	9
1214	9
1215	9
1216	9
1217	8
1218	6
1219	8
1220	3
1221	6
1222	6
1223	8
1224	6
1225	3
1226	8
1227	8
1228	8
1229	6
1230	6
1231	3
1232	3
1233	9
1234	9
1235	9
1236	4
1237	4
1238	4
1239	4
1240	4
1241	4
1242	4
1243	4
1244	4
1245	4
1246	4
1247	4
1249	3
1250	4
1251	4
1252	4
1253	4
1254	4
1255	3
1256	4
1257	4
1258	4
1259	4
1260	4
1261	3
1263	4
1264	4
1265	4
1266	4
1267	4
1268	4
1269	4
1270	4
1271	4
1272	4
1273	4
1274	4
1275	4
1276	4
1277	4
1278	4
1279	4
1280	4
1281	4
1282	4
1283	4
1284	4
1285	4
1286	4
1287	4
1288	4
1289	4
1290	4
1291	4
1292	2
1293	2
1294	4
1295	2
1296	4
1297	4
1298	4
1299	4
1300	2
1301	2
1302	2
1303	2
1304	4
1305	4
1306	2
1307	2
1308	2
1309	2
1310	2
1311	2
1312	4
1313	3
1314	3
1315	3
1316	9
1317	3
1318	4
1319	2
1320	4
1321	4
1322	3
1323	9
1324	5
1325	5
1326	9
1327	9
1328	9
1329	5
1330	5
1331	4
1332	4
1333	4
1334	4
1335	4
1336	4
1337	4
1338	9
1339	4
1340	4
1341	2
1342	2
1343	2
1344	2
1345	3
1346	2
1347	3
1348	3
1349	5
1350	3
1351	5
1352	5
1353	5
1354	5
1355	3
1356	5
1357	5
1358	5
1359	6
1360	4
1361	4
1362	4
1363	4
1364	4
1365	4
1366	2
1367	2
1368	4
1369	4
1370	2
1371	2
1372	2
1374	4
1375	4
1376	4
1377	8
1378	5
1379	5
1380	5
1381	5
1382	1
1383	5
1384	7
1385	1
1386	5
1387	8
1388	8
1389	3
1390	6
1391	8
1392	8
1393	8
1394	8
1395	3
1396	8
1397	9
1398	9
1399	9
1400	9
1401	9
1402	9
1403	9
1404	9
1405	9
1406	9
1407	9
1408	4
1409	4
1410	4
1411	4
1412	4
1413	4
1414	4
1415	4
1416	3
1417	3
1418	3
1419	3
1420	4
1421	4
1422	4
1423	4
1424	4
1425	3
1426	3
1427	3
1429	4
1432	4
1433	4
1434	4
1435	4
1436	4
1437	4
1438	4
1439	4
1440	4
1441	4
1442	2
1443	2
1444	4
1445	4
1446	4
1447	4
1448	2
1449	2
1450	2
1451	2
1452	2
1453	2
1454	2
1455	2
1456	2
1457	2
1458	2
1459	2
1460	2
1461	2
1462	2
1463	2
1464	2
1465	2
1466	3
1467	3
1468	3
1469	3
1470	3
1471	4
1472	3
1473	3
1474	4
1475	4
1476	3
1477	3
1478	9
1479	3
1480	3
1481	3
1482	9
1483	9
1484	9
1485	9
1486	9
1487	9
1488	9
1489	5
1490	4
1491	4
1492	4
1493	4
1494	4
1495	4
1496	4
1497	4
1498	4
1499	4
1500	4
1501	4
1502	4
1503	4
1504	4
1505	2
1506	2
1507	2
1508	2
1509	2
1510	2
1511	2
1512	2
1513	2
1514	2
1515	2
1516	4
1517	3
1518	5
1519	3
1520	3
1521	5
1522	3
1523	5
1524	5
1525	5
1526	4
1527	4
1528	4
1529	4
1530	3
1531	4
1533	4
1534	4
1535	2
1536	2
1537	2
1538	2
1539	4
1540	2
1541	2
1542	2
1543	2
1544	5
1545	5
1546	5
1547	3
1548	5
1549	5
1550	5
1551	1
1552	5
1553	3
1554	3
1555	3
1556	6
1557	6
1558	6
1559	6
1560	6
1561	6
1562	6
1563	9
1564	9
1565	9
1566	9
1567	9
1568	3
1569	3
1570	3
1571	6
1572	4
1573	3
1574	3
1575	4
1576	4
1577	4
1578	3
1579	3
1580	3
1581	4
1582	4
1584	4
1585	3
1586	4
1587	3
1588	3
1589	3
1590	4
1591	4
1592	3
1593	3
1594	3
1596	3
1597	3
1598	3
1599	4
1600	4
1601	4
1602	4
1603	4
1604	4
1605	4
1606	4
1607	4
1608	4
1609	4
1610	4
1611	4
1612	4
1613	4
1614	4
1615	4
1616	2
1617	2
1618	2
1619	2
1620	2
1621	2
1622	2
1623	2
1624	4
1625	2
1626	2
1627	2
1628	2
1629	4
1630	2
1631	2
1632	2
1633	4
1634	4
1635	4
1636	4
1637	4
1638	4
1639	5
1640	5
1641	5
1642	4
1643	4
1644	4
1645	4
1646	5
1647	9
1648	5
1649	9
1650	9
1651	9
1652	5
1653	5
1654	4
1655	9
1656	9
1657	2
1658	4
1659	4
1660	4
1661	4
1662	4
1663	4
1664	4
1665	4
1666	4
1667	4
1668	4
1669	4
1670	4
1671	4
1672	2
1673	4
1674	2
1675	2
1676	4
1677	2
1678	2
1679	2
1680	4
1681	2
1682	2
1683	2
1684	2
1685	2
1686	2
1687	2
1688	5
1689	5
1690	5
1691	5
1692	5
1693	5
1694	5
1695	5
1696	2
1697	2
1698	2
1699	2
1700	2
1701	4
1702	4
1703	2
1704	4
1705	4
1706	4
1707	4
1708	2
1709	2
1710	2
1711	2
1712	4
1713	3
1714	3
1715	1
1716	3
1717	3
1718	3
1719	3
1720	5
1721	5
1722	5
1723	5
1724	6
1725	5
1726	6
1727	6
1728	6
1729	5
1730	8
1731	3
1732	4
1733	4
1734	3
1735	4
1736	3
1737	4
1738	4
1739	4
1740	4
1741	3
1742	4
1743	3
1744	3
1745	3
1746	4
1747	4
1748	4
1749	4
1750	3
1751	4
1752	3
1753	4
1754	9
1755	3
1756	3
1757	3
1758	2
1759	2
1760	4
1761	3
1762	3
1763	3
1764	4
1765	4
1766	4
1767	4
1769	4
1770	4
1771	4
1772	4
1773	4
1774	4
1775	4
1776	4
1777	4
1778	4
1779	4
1780	4
1781	4
1782	4
1783	4
1784	4
1785	4
1786	4
1787	4
1788	4
1789	4
1790	4
1791	4
1792	4
1793	2
1795	4
1796	4
1797	2
1798	4
1799	4
1800	2
1801	4
1802	3
1803	3
1804	4
1805	3
1806	5
1807	3
1808	5
1809	5
1810	5
1811	5
1812	5
1813	4
1814	3
1815	3
1816	9
1817	4
1818	3
1819	2
1820	2
1821	5
1822	4
1823	4
1824	4
1825	5
1826	4
1827	5
1828	4
1829	4
1830	4
1831	4
1832	3
1833	2
1834	2
1835	2
1836	4
1837	4
1838	4
1839	2
1840	2
1841	4
1842	4
1843	4
1844	4
1845	2
1846	2
1847	4
1848	4
1849	4
1850	5
1851	5
1852	5
1853	5
1854	5
1855	5
1856	1
1857	3
1858	2
1859	3
1860	3
1861	3
1862	3
1863	3
1864	3
1865	4
1866	1
1867	1
1868	1
1869	5
1870	5
1871	5
1872	5
1873	5
1874	5
1875	5
1876	3
1877	8
1878	3
1879	8
1880	6
1881	6
1882	5
1883	5
1884	5
1885	3
1886	3
1887	4
1888	3
1889	3
1890	4
1891	3
1892	5
1893	5
1894	5
1895	6
1896	4
1897	3
1898	3
1899	3
1900	3
1901	3
1902	4
1903	4
1904	3
1905	3
1906	3
1907	3
1908	3
1909	2
1910	3
1911	3
1912	4
1913	4
1914	3
1915	3
1916	4
1917	3
1918	3
1919	3
1920	4
1921	3
1922	3
1923	2
1924	4
1925	4
1926	4
1927	4
1928	4
1929	4
1930	4
1931	4
1932	4
1933	4
1934	4
1935	4
1936	4
1937	4
1938	4
1939	4
1940	4
1941	4
1942	4
1943	2
1944	2
1945	4
1946	2
1947	2
1948	2
1949	2
1950	2
1951	2
1952	2
1953	2
1954	2
1955	2
1956	2
1957	2
1958	2
1959	2
1960	2
1961	2
1962	2
1963	2
1964	2
1965	5
1966	5
1967	5
1968	5
1969	5
1970	5
1971	4
1972	4
1973	3
1974	3
1975	3
1976	3
1977	9
1978	5
1979	5
1980	4
1981	4
1982	4
1983	4
1984	4
1985	4
1986	4
1987	4
1988	4
1989	4
1990	3
1991	3
1992	4
1993	4
1994	4
1995	4
1996	4
1997	4
1998	4
1999	4
2000	2
2001	2
2002	4
2003	4
2004	4
2005	4
2006	4
2007	4
2008	4
2009	4
2010	2
2011	5
2012	5
2013	5
2014	5
2015	6
2016	6
2017	6
2018	3
2019	1
2020	6
2021	7
2022	6
2023	5
2024	5
2025	5
2026	5
2027	5
2028	5
2029	5
2030	3
2031	3
2032	5
2033	6
2034	6
2035	6
2036	6
2037	6
2038	6
2039	6
2040	6
2041	6
2042	6
2043	5
2044	5
2045	6
2046	4
2047	4
2048	6
2049	3
2050	3
2051	3
2052	4
2053	3
2054	4
2055	4
2056	4
2057	4
2058	4
2059	4
2060	4
2061	4
2062	4
2063	4
2064	2
2065	4
2066	4
2067	4
2068	3
2069	2
2070	3
2071	3
2072	3
2073	2
2074	4
2075	4
2076	4
2077	4
2078	4
2079	4
2080	4
2081	4
2082	4
2083	2
2084	2
2085	4
2086	4
2087	4
2088	4
2089	2
2090	2
2091	4
2092	2
2093	4
2094	2
2095	2
2096	4
2097	2
2098	2
2099	2
2100	2
2101	2
2102	2
2103	2
2104	2
2105	4
2106	4
2107	2
2108	2
2109	4
2110	2
2111	4
2112	2
2113	2
2114	4
2115	4
2116	5
2117	2
2118	2
2119	5
2120	5
2121	5
2122	5
2123	9
2124	9
2125	9
2126	5
2127	9
2128	2
2129	3
2130	4
2131	4
2132	4
2133	4
2134	4
2135	4
2136	4
2137	4
2138	4
2139	4
2140	4
2141	2
2142	3
2143	3
2144	2
2145	2
2146	2
2147	2
2148	3
2149	3
2150	3
2151	3
2152	9
2153	9
2154	4
2155	2
2156	4
2157	4
2158	2
2161	1
2162	6
2163	1
2164	1
2165	1
2166	1
2167	1
2168	5
2169	5
2170	5
2171	5
2172	5
2173	1
2174	1
2175	1
2176	1
2177	1
2178	1
2179	6
2180	1
2181	1
2182	5
2183	1
2184	1
2185	5
2186	5
2187	5
2188	5
2189	5
2190	5
2191	5
2192	5
2193	6
2194	6
2195	6
2196	6
2197	6
2198	6
2199	6
2200	6
2201	6
2202	4
2203	3
2204	4
2205	4
2206	3
2207	3
2208	4
2209	4
2210	4
2211	3
2212	4
2213	4
2215	4
2216	4
2217	4
2218	4
2219	4
2220	3
2221	3
2222	3
2223	3
2224	4
2225	4
2226	4
2227	4
2228	4
2229	4
2230	4
2231	4
2232	4
2233	4
2234	4
2235	4
2236	4
2237	4
2238	2
2239	4
2240	4
2241	2
2242	4
2243	4
2244	4
2245	4
2246	4
2247	4
2248	4
2249	4
2250	4
2251	4
2252	4
2253	4
2254	4
2255	4
2256	4
2257	1
2258	5
2259	5
2260	1
2261	1
2262	1
2263	1
2264	1
2265	5
2266	5
2267	5
2268	5
2269	5
2270	4
2271	3
2272	2
2273	5
2274	9
2275	5
2276	9
2277	9
2278	4
2279	3
2280	4
2281	4
2282	4
2283	4
2284	4
2285	4
2286	4
2287	4
2288	3
2289	2
2290	4
2291	4
2292	4
2293	4
2294	4
2295	2
2296	2
2297	2
2298	2
2299	4
2300	4
2301	4
2302	4
2303	5
2304	5
2305	7
2306	7
2307	5
2308	5
2309	9
2310	1
2311	7
2312	1
2313	7
2314	7
2315	1
2316	1
2317	5
2318	5
2319	5
2320	5
2321	5
2322	5
2323	5
2324	1
2325	7
2326	1
2327	7
2328	1
2329	7
2330	6
2331	1
2332	5
2333	5
2334	5
2335	5
2336	5
2337	5
2338	5
2339	5
2340	5
2341	5
2342	5
2343	5
2344	6
2345	5
2346	6
2347	6
2348	6
2349	5
2350	6
2351	5
2352	5
2353	5
2354	5
2355	3
2356	4
2357	3
2358	3
2359	3
2360	3
2361	3
2362	3
2363	3
2364	4
2365	4
2366	6
2367	6
2368	6
2369	6
2370	4
2371	3
2372	4
2373	4
2374	4
2375	3
2376	4
2377	4
2378	4
2379	4
2380	4
2381	4
2382	4
2383	4
2384	4
2385	4
2386	4
2387	4
2388	4
2389	3
2390	4
2391	4
2392	4
2393	9
2394	9
2395	4
2396	4
2397	4
2398	4
2399	4
2400	4
2401	4
2402	4
2403	4
2404	2
2405	2
2406	2
2407	4
2408	4
2409	2
2410	2
2411	4
2412	4
2413	4
2414	4
2415	4
2416	4
2417	4
2418	4
2419	4
2420	4
2421	4
2422	4
2423	4
2424	4
2425	1
2426	1
2427	1
2428	6
2429	1
2430	6
2431	6
2432	6
2433	6
2434	1
2435	5
2436	5
2437	5
2438	2
2439	1
2440	5
2441	5
2442	5
2443	9
2444	9
2445	9
2446	5
2447	3
2448	5
2449	5
2450	5
2451	5
2452	5
2453	5
2454	5
2455	4
2456	4
2457	4
2458	4
2459	4
2460	4
2461	4
2462	4
2463	4
2464	4
2465	3
2466	5
2467	3
2468	7
2469	4
2470	5
2471	5
2472	7
2473	1
2474	7
2475	7
2476	5
2477	5
2478	5
2479	5
2480	5
2481	5
2482	5
2483	5
2484	5
2485	5
2486	5
2487	2
2488	5
2489	5
2490	1
2491	1
2492	1
2493	5
2494	5
2495	5
2496	5
2497	5
2498	5
2499	5
2500	5
2501	5
2502	3
2503	5
2504	5
2505	5
2506	5
2507	5
2508	5
2509	5
2510	3
2511	3
2512	3
2513	4
2514	3
2515	9
2516	4
2517	3
2518	3
2520	4
2521	3
2522	3
2523	3
2524	3
2525	3
2526	4
2527	6
2528	4
2529	4
2530	6
2531	4
2532	4
2533	6
2534	6
2535	4
2536	4
2537	4
2538	4
2539	4
2540	3
2541	3
2542	4
2543	4
2544	4
2545	4
2546	4
2547	4
2548	4
2549	4
2550	3
2551	3
2552	4
2553	9
2554	4
2555	4
2556	9
2557	4
2558	4
2559	4
2560	9
2561	9
2562	9
2563	4
2564	9
2565	4
2566	3
2567	4
2568	4
2569	4
2570	4
2571	4
2572	4
2573	4
2574	4
2575	4
2576	4
2577	2
2578	2
2579	4
2580	4
2581	4
2582	4
2583	4
2584	2
2585	2
2586	2
2587	2
2588	2
2589	2
2590	1
2591	5
2592	1
2593	3
2594	1
2595	1
2596	3
2597	1
2598	5
2599	5
2600	5
2601	5
2602	5
2603	5
2604	5
2605	5
2606	5
2607	5
2608	5
2609	5
2610	9
2611	9
2612	4
2613	4
2614	9
2615	4
2616	4
2617	4
2618	4
2619	4
2620	4
2621	4
2622	4
2623	4
2624	4
2625	4
2626	4
2627	5
2628	4
2629	5
2630	5
2631	4
2632	1
2633	5
2634	6
2635	5
2636	5
2637	5
2638	5
2639	5
2640	5
2641	5
2642	2
2643	5
2644	5
2645	5
2646	2
2647	5
2648	2
2649	3
2650	5
2651	5
2652	5
2653	5
2654	1
2655	3
2656	5
2657	5
2658	5
2659	5
2660	3
2661	5
2662	5
2663	5
2664	3
2665	5
2666	3
2667	5
2668	4
2669	3
2670	3
2671	3
2672	3
2673	4
2674	4
2675	4
2676	4
2677	4
2678	4
2679	4
2680	2
2681	2
2682	4
2683	3
2684	4
2685	4
2686	4
2687	4
2688	4
2689	4
2690	4
2691	4
2692	4
2693	4
2694	4
2695	4
2696	4
2697	2
2698	2
2699	3
2700	4
2701	4
2702	4
2703	4
2704	4
2705	4
2706	1
2707	1
2708	4
2710	4
2711	4
2712	4
2713	4
2714	4
2715	4
2716	4
2717	4
2718	4
2719	4
2720	4
2721	4
2722	2
2723	2
2724	2
2725	2
2726	4
2727	4
2728	4
2729	4
2730	2
2731	2
2732	4
2733	2
2734	2
2735	4
2736	4
2737	2
2738	4
2739	2
2740	4
2741	5
2742	1
2743	5
2744	5
2745	3
2746	5
2747	5
2748	1
2749	5
2750	1
2751	5
2752	1
2753	1
2754	5
2755	5
2756	5
2757	5
2758	4
2759	4
2760	5
2761	5
2762	5
2763	4
2764	9
2765	4
2766	3
2767	4
2768	4
2769	4
2770	2
2771	9
2772	9
2773	4
2774	9
2775	4
2776	4
2777	1
2778	4
2779	2
2780	2
2781	2
2782	2
2783	2
2784	2
2785	2
2786	2
2787	2
2788	2
2789	4
2790	4
2791	4
2792	4
2793	4
2794	2
2795	2
2796	3
2797	2
2798	1
2799	6
2800	6
2801	5
2802	4
2803	7
2804	1
2805	1
2806	7
2807	7
2808	7
2809	1
2810	2
2811	4
2812	2
2813	4
2814	2
2815	2
2816	2
2817	4
2818	5
2819	5
2820	5
2821	5
2822	3
2823	5
2824	5
2825	3
2826	5
2827	5
2828	5
2829	5
2830	3
2831	3
2832	3
2833	3
2834	3
2835	3
2836	4
2837	4
2838	4
2839	2
2840	2
2841	2
2842	4
2843	2
2844	4
2845	4
2846	4
2847	4
2848	9
2849	9
2850	4
2851	9
2852	9
2853	5
2854	3
2855	3
2856	3
2857	3
2858	3
2859	3
2860	3
2861	4
2862	3
2863	3
2864	4
2865	1
2866	1
2867	1
2868	4
2869	4
2870	4
2871	3
2872	1
2873	1
2874	4
2875	4
2876	4
2877	4
2878	4
2879	4
2880	4
2881	4
2882	4
2883	4
2884	4
2885	4
2886	4
2887	4
2888	4
2889	4
2890	4
2891	4
2892	4
2893	2
2894	4
2895	2
2896	2
2897	2
2898	4
2899	2
2900	2
2901	2
2902	4
2903	2
2904	4
2905	2
2906	4
2907	2
2908	2
2909	2
2910	4
2911	4
2912	2
2913	1
2914	5
2915	3
2916	1
2917	5
2918	6
2919	1
2920	3
2921	1
2922	1
2923	1
2924	5
2925	5
2926	5
2927	5
2928	5
2929	5
2930	5
2931	5
2932	4
2933	4
2934	4
2935	4
2936	9
2937	9
2938	4
2939	9
2940	9
2941	3
2942	9
2943	4
2944	3
2945	4
2946	4
2947	4
2948	4
2949	4
2950	4
2951	4
2952	2
2953	4
2954	2
2955	2
2956	4
2957	4
2958	9
2959	3
2960	4
2961	5
2962	5
2964	5
2965	3
2966	4
2967	1
2968	1
2969	1
2970	1
2971	1
2972	1
2973	2
2974	4
2975	2
2976	2
2977	4
2978	5
2979	5
2980	3
2981	3
2982	3
2983	3
2984	3
2985	3
2986	3
2987	5
2988	3
2989	3
2990	3
2991	3
2992	3
2993	3
2994	3
2995	3
2996	5
2997	3
2998	3
2999	9
3000	4
3001	4
3002	5
3003	5
3004	5
3005	5
3006	5
3007	4
3008	3
3009	3
3010	3
3011	4
3012	3
3013	4
3014	3
3015	3
3016	3
3017	3
3018	3
3019	3
3020	3
3021	3
3022	4
3023	9
3024	9
3025	9
3026	9
3027	4
3028	3
3029	3
3030	3
3031	3
3032	4
3033	3
3034	3
3035	3
3036	3
3037	3
3038	3
3039	3
3040	3
3041	4
3042	4
3043	4
3044	4
3045	4
3046	4
3047	4
3048	4
3049	4
3050	4
3051	4
3052	4
3053	4
3054	4
3055	4
3056	4
3057	4
3058	4
3059	4
3060	4
3061	4
3062	4
3063	4
3064	2
3065	2
3066	2
3067	2
3068	2
3069	2
3070	4
3071	2
3072	4
3073	4
3074	4
3075	4
3076	4
3077	2
3078	4
3079	2
3080	2
3081	3
3082	1
3083	1
3084	5
3085	1
3086	3
3087	3
3088	6
3089	6
3090	1
3091	6
3092	1
3093	5
3094	5
3095	5
3096	5
3097	9
3098	9
3099	2
3100	2
3101	3
3102	3
3103	2
3104	4
3105	3
3106	3
3107	3
3108	4
3109	2
3110	9
3111	3
3112	9
3113	5
3114	4
3115	5
3116	5
3117	5
3118	4
3119	4
3120	4
3121	2
3122	4
3123	4
3124	6
3125	6
3126	6
3127	5
3128	4
3129	5
3130	5
3131	3
3132	5
3133	3
3135	4
3136	1
3137	1
3138	5
3139	1
3140	1
3141	1
3142	2
3143	2
3144	3
3145	3
3146	4
3147	2
3148	5
3149	3
3150	3
3151	5
3152	4
3153	3
3154	3
3155	3
3156	3
3157	1
3158	3
3159	3
3160	3
3161	3
3162	3
3163	5
3164	5
3165	5
3166	5
3167	5
3168	5
3169	2
3170	2
3171	2
3172	4
3173	4
3174	4
3175	4
3176	3
3177	3
3178	4
3179	4
3180	4
3181	4
3184	4
3185	4
3186	4
3187	2
3188	4
3189	3
3190	3
3191	3
3192	3
3193	3
3194	3
3195	3
3196	9
3197	9
3198	9
3199	3
3200	4
3201	4
3202	4
3203	4
3204	4
3205	4
3206	4
3212	4
3213	4
3214	4
3215	4
3216	4
3217	4
3218	4
3219	4
3220	4
3221	4
3222	4
3223	2
3224	2
3225	2
3226	2
3227	2
3228	2
3229	2
3230	2
3231	2
3232	2
3233	4
3234	2
3235	2
3236	2
3237	2
3238	2
3239	2
3240	2
3241	1
3242	1
3243	1
3244	1
3245	1
3246	1
3247	3
3248	1
3249	1
3250	1
3251	4
3252	4
3253	3
3254	3
3255	4
3256	3
3257	3
3258	3
3259	3
3260	3
3261	2
3262	3
3263	5
3264	4
3265	5
3266	4
3267	5
3268	9
3269	9
3270	4
3271	5
3272	5
3273	4
3274	4
3275	4
3276	4
3277	4
3278	4
3279	4
3280	4
3281	3
3282	5
3284	1
3285	4
3286	4
3287	5
3288	5
3289	5
3292	4
3293	1
3294	5
3295	1
3296	4
3297	5
3298	5
3299	4
3300	4
3301	5
3302	5
3303	3
3304	1
3305	5
3306	5
3307	5
3308	5
3309	3
3310	3
3311	3
3312	3
3313	3
3314	3
3315	5
3316	5
3317	5
3318	3
3319	1
3320	1
3321	1
3322	3
3323	7
3324	2
3325	2
3326	4
3327	2
3328	4
3329	2
3330	2
3331	6
3332	6
3333	2
3334	2
3335	4
3336	2
3337	4
3338	4
3339	4
3340	9
3341	9
3342	4
3343	4
3344	4
3345	4
3346	3
3347	3
3348	3
3350	4
3351	4
3352	4
3353	4
3355	4
3356	4
3357	4
3358	4
3359	4
3360	4
3361	4
3362	4
3363	4
3364	4
3365	4
3366	4
3367	4
3368	4
3369	4
3370	2
3371	2
3372	2
3373	2
3374	4
3375	2
3376	2
3377	2
3378	2
3379	2
3380	2
3381	2
3382	2
3383	2
3384	2
3385	2
3386	2
3387	2
3388	2
3389	2
3390	2
3391	2
3392	2
3393	2
3394	2
3395	4
3396	4
3397	4
3398	2
3399	2
3400	1
3401	1
3402	1
3403	1
3404	1
3405	1
3406	1
3407	1
3408	9
3409	9
3410	9
3411	3
3412	3
3413	5
3414	4
3415	4
3416	5
3417	9
3418	4
3419	5
3420	9
3421	9
3422	9
3423	9
3424	5
3425	5
3426	5
3427	5
3428	5
3429	5
3430	0
3431	4
3432	4
3433	4
3434	4
3435	4
3436	2
3437	2
3438	2
3439	5
3440	8
3441	4
3442	2
3443	2
3444	4
3445	3
3446	3
3447	5
3448	4
3449	5
3450	5
3451	5
3452	5
3453	5
3454	5
3455	5
3456	5
3457	5
3458	5
3459	5
3460	5
3461	5
3462	3
3463	3
3464	5
3465	3
3466	5
3467	0
3468	0
3469	5
3470	5
3471	5
3472	1
3473	3
3474	3
3475	3
3476	3
3477	3
3478	1
3479	3
3480	3
3481	3
3482	8
3483	6
3484	6
3485	6
3486	6
3487	6
3488	6
3489	6
3490	6
3491	6
3492	5
3493	5
3494	5
3495	5
3496	4
3497	2
3498	2
3499	2
3500	3
3501	5
3502	5
3503	5
3504	4
3505	3
3506	4
3507	3
3508	4
3509	4
3510	4
3513	3
3514	3
3515	4
3516	4
3517	4
3518	3
3519	3
3520	3
3521	3
3522	3
3523	3
3524	2
3525	4
3526	4
3527	4
3528	4
3529	4
3530	4
3531	4
3533	4
3534	4
3535	3
3536	4
3537	4
3538	4
3539	3
3540	4
3541	4
3542	3
3543	4
3544	4
3545	4
3546	4
3547	4
3548	4
3549	4
3550	4
3551	4
3552	4
3553	4
3554	4
3555	4
3556	4
3557	4
3558	2
3559	2
3560	2
3561	2
3562	2
3563	2
3564	2
3565	4
3566	2
3567	2
3568	1
3569	3
3570	9
3571	9
3572	1
3573	1
3574	3
3575	3
3576	3
3577	3
3578	3
3579	3
3580	2
3581	4
3582	3
3583	5
3584	3
3585	3
3586	2
3587	5
3588	4
3589	4
3590	4
3591	5
3592	4
3593	4
3594	2
3595	2
3596	4
3597	2
3598	4
3599	2
3600	2
3601	2
3602	2
3603	4
3604	2
3605	5
3606	1
3607	5
3608	5
3609	3
3610	6
3611	6
3612	4
3614	5
3615	2
3616	3
3617	5
3618	5
3619	5
3620	5
3621	5
3622	5
3623	5
3624	3
3625	3
3626	3
3627	1
3628	7
3629	1
3630	1
3631	1
3632	1
3633	5
3634	5
3635	5
3636	5
3637	5
3638	5
3639	5
3640	3
3641	3
3642	3
3643	8
3644	3
3645	3
3646	8
3647	3
3648	6
3649	5
3650	8
3651	3
3652	3
3653	3
3654	8
3655	8
3656	8
3657	3
3658	5
3659	5
3660	5
3661	3
3662	2
3663	5
3664	5
3665	2
3666	9
3667	5
3668	4
3669	3
3670	3
3671	4
3672	3
3673	4
3674	3
3675	4
3676	3
3677	3
3678	3
3679	3
3680	3
3681	4
3682	4
3684	4
3685	3
3686	4
3687	4
3688	4
3689	4
3690	4
3691	4
3692	4
3693	4
3694	4
3695	4
3696	4
3697	4
3698	4
3699	4
3700	4
3701	4
3702	4
3703	4
3704	4
3705	4
3706	4
3707	4
3708	4
3709	4
3710	4
3711	2
3712	2
3713	2
3715	4
3717	4
3718	2
3719	2
3720	2
3721	2
3722	2
3723	2
3724	2
3725	2
3726	4
3727	4
3728	3
3729	3
3730	3
3731	4
3732	4
3733	9
3734	3
3735	5
3736	5
3737	5
3738	5
3739	5
3740	3
3741	3
3742	4
3743	4
3744	4
3745	4
3746	4
3747	3
3748	3
3749	4
3750	4
3751	4
3752	4
3753	4
3754	5
3755	4
3756	2
3757	2
3758	2
3759	2
3760	2
3761	2
3762	2
3763	2
3764	3
3768	9
3769	3
3770	4
3771	5
3772	5
3773	5
3774	3
3775	5
3776	5
3777	0
3778	0
3779	6
3780	6
3781	5
3782	5
3783	5
3784	5
3785	5
3786	5
3787	6
3788	6
3789	6
3790	8
3791	8
3792	8
3793	8
3794	8
3795	8
3796	8
3797	8
3798	8
3799	8
3800	8
3801	8
3802	8
3803	8
3804	8
3805	8
3806	8
3807	8
3808	8
3809	8
3810	8
3811	8
3812	8
3813	8
3814	8
3815	8
3816	8
3817	8
3818	8
3819	8
3820	8
3821	8
3822	8
3823	8
3824	8
3825	8
3826	8
3827	8
3828	8
3829	8
3830	8
3831	8
3832	8
3833	8
3834	8
3835	8
3836	8
3837	9
3838	9
3839	8
3840	8
3841	8
3842	8
3843	8
3844	8
3845	8
3846	8
3847	8
3848	8
3849	8
3850	8
3851	8
3852	8
3853	8
3854	8
3855	8
3856	8
3857	8
3858	8
3859	8
3860	8
3861	8
3862	8
3863	8
3864	8
3865	8
3866	8
3867	9
3868	8
3869	8
3870	8
3871	8
3872	8
3873	8
3874	9
3875	8
3876	8
3877	8
3878	8
3879	8
3880	8
3883	8
3884	8
3885	9
3886	9
3887	8
3888	8
3889	8
3890	8
3892	8
3893	8
3894	8
3897	8
3898	8
3899	8
3900	8
3901	8
3902	8
3903	8
3904	8
3905	8
3906	8
3907	8
3908	8
3909	8
3910	8
3911	9
3912	9
3913	8
3914	8
3915	8
3916	8
3917	8
3918	8
3919	8
3920	8
3921	8
3922	8
3923	8
3924	8
3925	8
3926	9
3927	9
3928	9
3929	8
3930	9
3931	9
3932	8
3933	8
3934	8
3935	8
3936	8
3937	8
3938	8
3939	8
3940	8
3941	8
3942	8
3943	8
3944	8
3945	9
3946	9
3947	9
3948	9
3949	8
3950	8
3951	8
3952	8
3953	8
3954	8
3955	8
3956	8
3957	8
3958	8
3959	8
3960	8
3961	8
3962	8
3963	8
3964	8
3965	8
3966	8
3967	8
3968	8
3969	8
3970	8
3971	8
3972	8
3973	8
3974	8
3975	8
3976	8
3977	8
3978	8
3979	8
3980	8
3981	8
3982	8
3983	8
3985	8
3986	9
3987	7
3988	0
3989	7
3990	0
3991	7
3992	7
3993	0
3994	0
3995	0
3996	7
3997	1
3998	1
3999	7
4000	1
4001	0
4002	1
4003	1
4004	0
4005	0
4006	0
4007	1
4008	1
4009	7
4010	1
4011	0
4012	1
4013	0
4014	1
4015	0
4016	0
4017	0
4018	0
4019	7
4020	1
4021	7
4022	7
4023	0
4024	0
4025	1
4026	7
4027	1
4028	7
4029	7
4030	7
4031	7
4032	7
4033	7
4034	1
4035	7
4036	1
4037	1
4038	7
4039	7
4040	1
4041	1
4042	7
4043	7
4044	7
4045	7
4046	7
4047	7
4048	7
4049	7
4050	7
4051	7
4052	0
4053	7
4054	7
4055	7
4056	7
4057	0
4058	0
4059	0
4060	7
4061	0
4062	7
4063	0
4064	7
4065	7
4066	7
4067	7
4068	0
4069	7
4070	0
4071	0
4072	0
4073	0
4074	7
4075	7
4076	0
4077	7
4078	8
4079	8
4080	8
4081	8
4082	8
4083	8
4084	8
4085	8
4086	8
4087	8
4088	8
4089	8
4090	8
4091	8
4092	8
4093	8
4094	8
4095	8
4096	8
4097	8
4098	8
4099	8
4100	8
4101	8
4102	8
4103	8
4104	8
4105	8
4106	0
4107	8
4108	8
4109	8
4110	0
4111	8
4112	8
4113	7
4114	8
4115	8
4116	8
4117	8
4118	8
4119	8
4120	6
4121	8
4122	0
4123	0
4124	8
4125	8
4126	6
4127	8
4128	8
4129	6
4130	8
4131	8
4132	8
4133	8
4134	8
4135	0
4136	8
4137	8
4138	8
4139	8
4140	8
4141	8
4142	8
4143	8
4144	8
4145	8
4146	8
4147	8
4148	8
4149	8
4150	0
4151	8
4152	8
4153	8
4154	8
4155	6
4156	8
4157	8
4158	8
4159	8
4160	7
4161	7
4162	7
4163	7
4164	7
4165	7
4166	7
4167	7
4168	7
4169	7
4170	7
4171	7
4172	7
4173	7
4174	7
4175	7
4176	7
4177	7
4178	7
4179	7
4180	7
4181	7
4182	7
4183	1
4184	7
4185	7
4186	7
4187	7
4188	7
4189	7
4190	7
4191	7
4192	7
4193	7
4194	7
4195	7
4196	7
4197	7
4198	7
4199	7
4200	7
4201	7
4202	7
4203	7
4204	7
4205	7
4206	7
4207	7
4208	7
4209	8
4210	8
4211	8
4212	8
4213	8
4214	8
4215	8
4216	8
4217	8
4218	8
4219	8
4220	8
4221	8
4222	8
4223	8
4224	8
4225	8
4226	8
4227	8
4228	8
4229	8
4230	8
4231	8
4232	8
4233	8
4234	8
4235	8
4236	8
4237	9
4238	8
4239	8
4240	8
4241	8
4242	8
4243	8
4244	8
4245	8
4246	8
4247	8
4248	8
4249	8
4250	8
4251	8
4252	8
4253	8
4254	8
4255	8
4256	8
4257	8
4258	8
4259	8
4260	8
4261	8
4262	8
4263	8
4264	8
4265	8
4266	7
4267	7
4268	7
4269	7
4270	7
4271	7
4272	7
4273	7
4274	7
4275	7
4276	7
4277	7
4278	7
4279	1
4280	1
4281	0
4282	0
4283	0
4284	0
4285	7
4286	7
4287	7
4288	7
4289	1
4290	0
4291	0
4292	7
4293	7
4294	7
4295	7
4296	7
4297	7
4298	7
4299	7
4300	7
4301	7
4302	7
4303	7
4304	7
4305	7
4306	7
4307	7
4308	7
4309	7
4310	7
4311	7
4312	7
4313	7
4314	7
4315	1
4316	1
4317	7
4318	7
4319	7
4320	7
4321	7
4322	7
4323	7
4324	7
4325	1
4326	7
4327	1
4328	1
4329	1
4330	0
4331	1
4332	0
4333	7
4334	7
4335	0
4336	7
4337	7
4338	1
4339	0
4340	7
4341	7
4342	0
4343	0
4344	0
4345	0
4346	1
4347	1
4348	7
4349	7
4350	7
4351	7
4352	7
4353	7
4354	7
4355	1
4356	1
4357	7
4358	7
4359	7
4360	1
4361	7
4362	7
4363	1
4364	1
4365	1
4366	7
4367	7
4368	7
4369	7
4370	7
4371	1
4372	7
4373	1
4374	0
4375	1
4376	7
4377	7
4378	7
4379	1
4380	7
4381	7
4382	7
4383	7
4384	7
4385	7
4386	7
4387	1
4388	7
4389	1
4390	1
4391	7
4392	7
4393	7
4394	7
4395	7
4396	7
4397	7
4398	7
4399	7
4400	7
4401	7
4402	1
4403	7
4404	7
4405	7
4406	7
4407	1
4408	7
4409	1
4410	7
4411	7
4412	1
4413	7
4414	7
4415	7
4416	7
4417	7
4418	7
4419	7
4420	7
4421	7
4422	7
4423	7
4424	1
4425	7
4426	7
4427	7
4428	7
4429	7
4430	7
4431	0
4432	7
4433	1
4434	1
4435	7
4436	7
4437	1
4438	1
4439	1
4440	0
4441	7
4442	1
4443	0
4444	1
4445	7
4446	7
4447	7
4448	1
4449	7
4450	7
4451	7
4452	7
4453	7
4454	1
4455	7
4456	7
4457	0
4458	7
4459	7
4460	7
4461	7
4462	7
4463	7
4464	7
4465	1
4466	1
4467	1
4468	7
4469	1
4470	7
4471	7
4472	0
4473	7
4474	7
4475	7
4476	7
4477	7
4478	7
4479	7
4480	7
4481	7
4482	7
4483	7
4484	1
4485	1
4486	1
4487	7
4488	7
4489	7
4490	8
4496	8
4497	8
4498	8
4499	8
4500	8
4501	8
4502	8
4503	8
4504	8
4510	8
4511	8
4512	8
4513	8
4514	8
4515	8
4516	8
4517	8
4518	8
4519	8
4520	8
4521	8
4522	8
4523	8
4524	8
4525	8
4526	8
4527	7
4528	7
4529	7
4530	7
4531	7
4532	7
4533	7
4534	7
4535	7
4536	7
4537	7
4538	7
4539	7
4540	1
4541	7
4542	7
4543	7
4544	1
4545	7
4546	7
4547	7
4548	7
4549	7
4550	7
4551	7
4552	7
4553	7
4554	7
4555	7
4556	6
4557	1
4558	6
4559	8
4560	6
4561	6
4562	6
4563	8
4564	6
4565	6
4566	6
4567	6
4568	6
4569	6
4570	8
4571	8
4572	8
4573	3
4574	3
4575	6
4576	6
4577	1
4578	6
4579	6
4580	8
4581	1
4582	6
4583	6
4584	6
4585	6
4586	9
4587	9
4588	1
4589	6
4590	1
4591	1
4592	6
4596	6
4597	9
4599	9
4600	9
4601	9
4602	9
4603	9
4607	8
4608	1
4609	1
4610	1
4611	3
4612	6
4613	6
4614	6
4615	6
4616	3
4617	9
4618	8
4619	8
4620	8
4621	7
4622	7
4623	7
4624	7
4625	6
4626	6
4627	1
4628	6
4629	5
4630	5
4631	5
4632	8
4633	8
4634	3
4635	6
4636	6
4637	3
4638	9
4639	8
4640	8
4641	8
4642	8
4643	5
4644	1
4645	1
4646	1
4647	3
4648	6
4649	6
4650	3
4651	6
4652	1
4653	8
4654	9
4655	9
4656	9
4657	8
4658	3
4659	1
4660	5
4661	7
4662	6
4663	6
4664	6
4665	6
4666	6
4667	6
4668	6
4669	6
4670	6
4671	1
4672	5
4673	5
4674	5
4675	6
4676	6
4677	6
4678	1
4679	1
4680	3
4681	1
4682	5
4683	1
4684	1
4685	8
4686	6
4687	6
4688	6
4689	6
4690	6
4691	6
4692	8
4693	5
4694	5
4695	5
4696	5
4697	8
4698	8
4699	5
4700	5
4701	5
4702	1
4703	1
4704	5
4705	1
4706	8
4707	3
4708	6
4709	6
4710	8
4711	3
4712	6
4713	5
4714	5
4715	5
4716	3
4717	5
4718	3
4719	3
4720	8
4721	8
4722	6
4723	3
4724	6
4725	3
4726	6
4727	6
4728	6
4729	6
4730	6
4731	8
4732	3
4733	6
4734	3
4735	6
4736	3
4737	8
4738	3
4739	3
4740	8
4741	8
4742	3
4743	3
4744	3
4745	3
4746	3
4747	6
4748	6
4749	6
4750	3
4751	6
4752	6
4753	6
4754	8
4755	8
4756	3
4757	6
4758	8
4759	8
4760	6
4761	6
4762	8
4763	8
4764	8
4765	3
4766	8
4767	6
4768	8
4769	6
4770	8
4771	8
4772	8
4773	6
4774	6
4775	6
4776	6
4777	6
4778	6
4779	6
4780	6
4781	8
4782	8
4783	8
4784	8
4785	8
4786	8
4787	8
4788	6
4789	8
4790	6
4791	6
4792	6
4793	8
4794	3
4795	8
4796	8
4797	6
4798	8
4799	8
4800	8
4801	6
4802	8
4803	3
4804	8
4805	8
4806	8
4807	3
4808	8
4809	8
4810	8
4811	8
4812	3
4813	3
4815	8
4816	9
4817	8
4818	8
4819	8
4820	8
4821	8
4822	8
4823	8
4826	8
4827	8
4828	6
4829	8
4830	8
4831	6
4832	6
4833	8
4834	8
4835	8
4836	8
4837	3
4838	8
4839	8
4840	8
4841	8
4842	8
4843	8
4844	6
4845	3
4846	3
4847	3
4848	8
4849	8
4850	8
4851	6
4852	6
4853	8
4854	8
4855	8
4856	8
4857	8
4858	8
4859	6
4860	6
4861	6
4862	6
4863	6
4864	8
4865	8
4866	8
4867	8
4868	8
4869	5
4870	8
4871	8
4872	1
4873	1
4874	1
4875	7
4876	1
4877	6
4878	3
4879	6
4880	6
4881	8
4882	8
4883	6
4884	8
4885	8
4886	6
4887	8
4888	6
4889	6
4890	8
4891	8
4892	8
4893	5
4894	8
4895	8
4896	8
4897	6
4898	3
4899	1
4900	1
4901	6
4902	6
4903	6
4904	6
4905	7
4906	6
4907	6
4908	6
4909	1
4910	3
4911	0
4912	1
4913	6
4914	6
4915	0
4916	3
4917	6
4918	3
4919	6
4920	1
4921	3
4922	3
4923	3
4924	3
4925	6
4926	6
4927	6
4928	6
4929	3
4930	3
4931	3
4932	3
4933	6
4934	7
4935	6
4936	7
4937	5
4938	1
4939	6
4940	6
4941	3
4942	6
4943	8
4944	5
4945	8
4946	8
4947	8
4948	8
4949	8
4950	8
4951	9
4953	9
4954	9
4955	9
4956	9
4958	9
4959	9
4961	9
4966	9
4968	1
4969	1
4970	1
4971	1
4972	1
4973	1
4974	1
4975	1
4976	1
4977	1
4978	1
4979	1
4980	1
4981	1
4982	9
4983	1
4984	1
4985	9
4986	9
4987	9
4988	1
4989	1
4990	1
4991	1
4992	1
4993	1
4994	1
4995	1
4996	1
4997	9
4998	9
4999	9
5000	1
5001	1
5002	1
5003	1
5004	1
5005	1
5006	1
5007	1
5008	1
5009	1
5010	1
5011	1
5012	1
5013	1
5014	1
5015	1
5016	1
5017	1
5018	1
5019	1
5020	1
5021	4
5022	1
5023	1
5024	1
5025	1
5026	1
5027	1
5028	1
5029	1
5030	1
5031	1
5032	1
5033	1
5034	1
5035	8
5036	1
5037	8
5038	8
5039	1
5040	1
5041	8
5042	8
5043	8
5044	8
5045	8
5046	8
5047	8
5048	8
5049	8
5050	8
5051	8
5052	8
5053	1
5054	1
5055	1
5058	1
5059	1
5063	8
5066	1
5067	1
5068	1
5069	1
5070	7
5071	1
5072	1
5073	0
5074	1
5075	1
5076	1
5077	1
5078	1
5079	1
5080	1
5081	9
5082	9
5083	1
5084	1
5085	1
5086	9
5087	1
5088	1
5089	1
5090	1
5091	1
5092	0
5093	0
5094	0
5095	7
5096	0
5097	0
5098	0
5099	0
5100	0
5101	0
5102	0
5103	0
5104	0
5105	0
5106	0
5107	0
5108	0
5109	0
5110	0
5111	0
5112	0
5113	0
5114	0
5115	0
5116	0
5117	0
5118	8
5119	9
5120	9
5121	1
5122	1
5123	1
5124	9
5125	2
5126	2
5127	2
5128	1
5129	4
5130	2
5131	2
5132	9
5133	2
5134	9
5135	1
5136	5
5137	1
5138	1
5139	9
5140	1
5141	1
5142	1
5143	1
5144	2
5145	1
5146	9
5147	1
5148	5
5149	9
5150	9
5151	9
5152	9
5153	9
5154	9
5155	9
5156	1
5157	1
5158	1
5159	9
5160	1
5161	5
5162	4
5163	9
5164	2
5165	2
5166	2
5167	9
5168	1
5169	1
5170	1
5171	1
5172	1
5173	1
5174	1
5175	2
5176	1
5177	5
5178	1
5179	1
5180	9
5181	1
5182	1
5183	9
5184	9
5185	1
5186	1
5187	1
5188	9
5189	5
5190	1
5191	2
5192	2
5193	2
5194	9
5195	9
5196	9
5197	9
5198	9
5199	9
5200	9
5201	1
5202	9
5203	9
5204	9
5205	9
5206	1
5207	9
5208	5
5209	2
5210	2
5211	1
5212	1
5213	1
5214	1
5215	1
5216	9
5217	9
5218	2
5219	5
5220	5
5221	1
5222	9
5223	1
5224	5
5225	5
5226	2
5227	1
5228	1
5229	9
5230	2
5231	1
5232	9
5233	5
5234	5
5235	1
5236	1
5237	2
5238	1
5239	1
5240	2
5241	9
5242	9
5243	9
5244	9
5245	9
5246	9
5247	9
5248	9
5249	9
5250	2
5251	1
5252	5
5253	5
5254	9
5255	2
5256	2
5257	9
5258	2
5259	1
5260	5
5261	1
5262	1
5263	1
5264	9
5265	9
5266	5
5267	1
5268	2
5269	2
5270	2
5271	2
5272	1
5273	5
5274	1
5275	1
5276	5
5277	5
5278	9
5279	2
5280	1
5281	1
5282	9
5283	9
5284	9
5285	3
5286	9
5287	1
5288	2
5289	2
5290	2
5291	2
5292	9
5293	3
5294	1
5295	2
5296	1
5297	9
5298	1
5299	1
5300	7
5301	5
5302	9
5303	5
5304	5
5305	1
5306	9
5307	1
5308	5
5309	5
5310	9
5311	2
5312	3
5313	2
5314	2
5315	1
5316	2
5317	2
5318	5
5319	9
5320	1
5321	1
5322	9
5324	9
5325	1
5326	1
5327	2
5328	9
5329	9
5330	5
5331	2
5332	1
5333	1
5334	1
5335	2
5336	3
5337	3
5338	3
5339	3
5340	2
5341	2
5342	2
5343	2
5344	2
5345	5
5346	2
5347	9
5348	9
5349	1
5350	1
5351	1
5352	9
5353	1
5354	2
5355	5
5356	2
5357	9
5358	9
5359	9
5360	5
5361	5
5362	1
5363	1
5364	2
5365	2
5366	2
5367	2
5368	2
5369	3
5370	2
5371	2
5372	2
5373	2
5374	2
5375	4
5376	9
5377	5
5378	1
5379	1
5380	2
5381	1
5382	5
5383	9
5384	5
5385	9
5386	2
5387	2
5388	2
5389	2
5390	2
5391	2
5392	2
5393	2
5394	2
5395	2
5396	2
5397	2
5398	5
5399	2
5400	9
5401	1
5402	9
5403	4
5404	2
5405	2
5406	2
5407	2
5408	2
5409	2
5410	2
5411	2
5412	2
5413	2
5414	2
5415	4
5416	9
5417	4
5418	9
5419	2
5420	9
5421	2
5422	1
5423	1
5424	5
5425	2
5426	1
5427	2
5428	1
5429	2
5430	2
5431	2
5432	2
5433	3
5434	9
5435	5
5436	2
5437	2
5438	2
5439	2
5440	2
5441	2
5442	1
5443	5
5444	5
5445	1
5446	2
5447	2
5448	2
5449	2
5450	4
5451	2
5452	2
5453	2
5454	4
5455	4
5456	9
5457	4
5458	4
5459	5
5460	2
5461	1
5462	1
5463	2
5464	1
5465	1
5466	9
5467	1
5468	4
5469	5
5470	9
5471	2
5472	1
5473	9
5474	2
5475	1
5476	2
5477	1
5478	2
5479	1
5480	1
5481	9
5482	9
5483	5
5484	5
5485	5
5486	2
5487	2
5488	2
5489	2
5490	2
5491	2
5492	2
5493	9
5494	2
5495	2
5496	9
5497	2
5498	1
5499	9
5500	2
5501	9
5502	2
5503	2
5504	2
5505	3
5506	2
5507	2
5508	2
5509	1
5510	2
5511	2
5512	9
5513	9
5514	1
5515	9
5516	2
5517	2
5518	5
5519	1
5520	3
5521	9
5522	4
5523	1
5524	9
5525	4
5526	3
5527	4
5528	9
5529	1
5530	9
5531	2
5532	5
5533	9
5534	7
5535	5
5536	5
5537	5
5538	2
5539	4
5540	2
5541	2
5542	2
5543	2
5544	2
5545	1
5546	2
5547	9
5548	1
5549	1
5550	5
5551	2
5552	2
5553	2
5554	3
5555	2
5556	9
5557	1
5558	1
5559	1
5560	9
5561	1
5562	4
5563	1
5564	1
5565	1
5566	1
5567	1
5568	1
5569	1
5570	9
5571	9
5572	9
5573	1
5574	5
5575	4
5576	1
5577	1
5578	1
5579	2
5580	2
5581	2
5582	2
5583	2
5584	2
5585	2
5586	5
5587	2
5588	2
5589	2
5590	9
5591	9
5592	1
5593	2
5594	9
5595	1
5596	3
5597	3
5598	3
5599	2
5600	2
5601	1
5602	1
5603	1
5604	1
5605	9
5606	9
5607	9
5608	1
5609	5
5610	1
5611	5
5612	1
5613	9
5614	9
5615	2
5616	1
5617	1
5618	5
5619	2
5620	1
5621	1
5622	5
5623	1
5624	2
5625	1
5626	9
5627	9
5628	2
5629	9
5630	1
5631	2
5632	2
5633	1
5634	2
5635	2
5636	2
5637	2
5638	2
5639	2
5640	2
5641	1
5642	1
5643	2
5644	9
5645	1
5646	9
5647	2
5648	9
5649	9
5650	9
5651	1
5652	2
5653	3
5654	2
5655	2
5656	2
5657	2
5658	1
5659	9
5660	2
5661	2
5662	9
5663	2
5664	1
5665	2
5666	4
5667	1
5668	5
5669	2
5670	9
5671	9
5672	2
5673	2
5674	2
5675	1
5676	9
5677	1
5678	1
5679	1
5680	1
5681	2
5682	1
5683	2
5684	2
5685	2
5686	9
5687	1
5688	2
5689	9
5690	9
5691	9
5692	9
5693	1
5694	9
5695	9
5696	5
5697	9
5698	9
5699	2
5700	2
5701	2
5702	3
5703	3
5704	2
5705	9
5706	9
5707	2
5708	2
5709	2
5710	2
5711	2
5712	4
5713	9
5714	9
5715	2
5716	1
5717	5
5718	2
5719	2
5720	5
5721	1
5722	1
5723	9
5725	2
5726	5
5727	1
5728	5
5729	1
5730	2
5731	9
5732	2
5733	2
5734	2
5735	1
5736	2
5737	1
5738	1
5739	5
5740	2
5741	1
5742	2
5743	9
5744	9
5745	1
5746	9
5747	2
5748	1
5749	2
5750	3
5751	2
5752	2
5753	2
5754	2
5755	2
5756	1
5757	4
5758	1
5759	2
5766	1
5767	1
5768	9
5769	9
5770	1
5771	5
5772	5
5773	1
5774	2
5775	1
5776	1
5777	1
5778	9
5779	2
5780	5
5781	2
5782	5
5783	1
5784	9
5785	1
5786	5
5787	5
5788	9
5789	5
5790	5
5791	9
5792	9
5793	9
5794	2
5795	2
5796	9
5797	9
5798	9
5799	2
5800	9
5801	2
5802	2
5803	2
5804	3
5805	9
5806	2
5807	9
5810	5
5811	5
5812	3
5813	5
5814	4
5815	4
5816	4
5817	4
5818	4
5819	2
5820	1
5821	9
5822	0
5823	2
5824	4
5825	5
5826	1
5827	2
5828	9
5829	9
5830	2
5831	1
5832	1
5833	9
5834	1
5835	1
5836	1
5837	1
5838	1
5839	1
5840	1
5841	1
5842	5
5843	1
5844	9
5845	9
5846	9
5847	9
5848	2
5849	1
5850	9
5851	2
5852	2
5853	5
5854	1
5855	1
5856	5
5857	1
5858	1
5859	2
5860	4
5861	4
5862	5
5863	1
5864	5
5865	2
5866	1
5867	1
5868	1
5869	2
5870	5
5871	0
5872	9
5873	2
5874	2
5875	9
5876	1
5877	1
5878	9
5879	9
5880	1
5881	5
5882	1
5883	1
5884	1
5885	1
5886	9
5887	9
5888	9
5889	9
5890	2
5891	7
5892	7
5893	7
5894	7
5895	7
5896	7
5897	7
5898	7
5899	7
5900	7
5901	7
5902	7
5903	7
5904	7
5905	7
5906	7
5907	7
5908	7
5909	7
5910	7
5911	7
5912	7
5913	7
5914	7
5915	7
5916	7
5917	7
5918	7
5919	7
5920	7
5921	7
5922	7
5923	7
5924	7
5925	7
5926	7
5927	7
5928	7
5929	7
5930	7
5931	7
5932	7
5933	7
5934	7
5935	7
5936	7
5937	7
5938	7
5939	7
5940	7
5941	7
5942	7
5943	7
5944	7
5945	7
5946	7
5947	7
5948	7
5949	7
5950	7
5951	7
5952	7
5953	7
5954	7
5955	7
5956	7
5957	7
5958	7
5959	7
5960	7
5961	7
5962	7
5963	7
5964	7
5965	7
5966	7
5967	7
5968	7
5969	7
5970	7
5971	7
5972	7
5973	7
5974	7
5975	7
5976	7
5977	7
5978	7
5979	7
5980	7
5981	7
5982	7
5983	7
5984	7
5985	7
5986	7
5987	7
5988	7
5989	7
5990	7
5991	7
5992	7
5993	7
5994	7
5995	7
5996	7
5997	7
5998	7
5999	7
6000	7
6001	7
6002	7
6003	7
6004	7
6005	7
6006	7
6007	7
6008	7
6009	7
6010	7
6011	7
6012	7
6013	7
6014	7
6015	7
6016	7
6017	7
6018	7
6019	7
6020	7
6021	7
6022	7
6023	7
6024	7
6025	7
6026	7
6027	7
6028	7
6029	7
6030	7
6031	7
6032	7
6033	7
6034	7
6035	7
6036	7
6037	7
6038	7
6039	7
6040	7
6041	7
6042	7
6043	7
6044	7
6045	7
6046	7
6047	7
6048	7
6049	7
6050	7
6051	7
6052	7
6053	7
6054	7
6055	7
6056	7
6057	7
6058	7
6059	7
6060	7
6061	7
6062	7
6063	7
6064	7
6065	7
6066	7
6067	7
6068	7
6069	7
6070	7
6071	7
6072	7
6073	7
6074	7
6075	7
6076	7
6077	7
6078	7
6079	7
6080	7
6081	7
6082	7
6083	7
6084	7
6085	7
6086	7
6087	7
6088	7
6089	7
6090	7
6091	7
6092	7
6093	7
6094	7
6095	7
6096	7
6097	7
6098	7
6099	7
6100	7
6101	7
6102	7
6103	7
6104	7
6105	7
6106	7
6107	7
6108	7
6109	7
6110	7
6111	7
6112	7
6113	7
6114	7
6115	7
6116	7
6117	7
6118	7
6119	7
6120	7
6121	7
6122	7
6123	7
6124	7
6125	7
6126	7
6127	7
6128	7
6129	7
6130	7
6131	7
6132	7
6133	7
6134	7
6135	7
6136	7
6137	7
6138	7
6139	7
6140	7
6141	7
6142	7
6143	7
6144	7
6145	7
6146	7
6147	7
6148	7
6149	7
6150	7
6151	7
6152	7
6153	7
6154	7
6155	7
6156	7
6157	7
6158	7
6159	7
6160	7
6161	7
6162	7
6163	7
6164	7
6165	7
6166	7
6167	7
6168	7
6169	7
6170	7
6171	7
6172	7
6173	7
6174	7
6175	7
6176	7
6177	7
6178	7
6179	7
6180	7
6181	7
6182	7
6183	7
6184	7
6185	7
6186	7
6187	7
6188	7
6189	7
6190	7
6191	1
6192	7
6193	7
6194	7
6195	7
6196	7
6197	7
6198	7
6199	7
6200	7
6201	7
6202	7
6203	7
6204	7
6205	7
6206	7
6207	1
6208	7
6209	7
6210	7
6211	7
6212	7
6213	7
6214	7
6215	7
6216	7
6217	7
6218	7
6219	7
6220	7
6221	7
6222	7
6223	7
6224	7
6225	7
6226	7
6227	7
6228	7
6229	7
6230	7
6231	7
6232	7
6233	1
6234	1
6235	7
6236	1
6237	7
6238	7
6239	9
6240	8
6241	8
6242	9
6243	8
6244	0
6245	8
6246	8
6247	8
6248	8
6249	8
6250	8
6251	8
6252	8
6253	8
6254	9
6255	8
6256	0
6257	8
6258	9
6259	8
6260	8
6261	8
6262	8
6263	8
6264	8
6265	9
6266	8
6267	9
6268	9
6269	8
6270	8
6271	8
6272	9
6273	8
6274	8
6275	8
6276	8
6277	8
6278	8
6279	8
6280	8
6281	8
6282	8
6283	8
6284	8
6285	8
6286	8
6287	8
6288	8
6289	8
6290	8
6291	8
6292	8
6293	8
6294	8
6295	8
6296	8
6297	8
6298	8
6299	8
6300	8
6301	8
6302	8
6303	8
6304	8
6305	8
6306	9
6307	8
6308	8
6309	8
6310	8
6311	9
6312	8
6313	8
6314	8
6315	8
6316	9
6317	8
6318	8
6319	8
6320	8
6321	8
6322	8
6323	8
6324	8
6325	8
6326	8
6327	8
6328	8
6329	8
6330	8
6331	8
6332	8
6333	9
6334	8
6335	8
6336	8
6337	8
6338	8
6339	8
6340	8
6341	8
6342	8
6343	8
6344	9
6345	8
6346	8
6347	8
6348	8
6349	8
6350	8
6351	0
6352	8
6353	8
6354	8
6355	8
6356	8
6357	8
6358	6
6359	6
6360	6
6361	6
6362	8
6363	8
6364	8
6365	8
6366	0
6367	0
6368	8
6369	8
6370	6
6371	6
6372	6
6373	8
6374	6
6375	8
6376	8
6377	8
6378	8
6379	8
6380	8
6381	8
6382	8
6383	8
6384	9
6385	8
6386	8
6387	8
6388	8
6389	8
6390	8
6391	8
6392	8
6393	0
6394	0
6395	8
6396	8
6397	8
6398	8
6399	8
6400	8
6401	8
6402	8
6403	0
6404	8
6405	8
6406	8
6407	6
6408	0
6409	0
6410	9
6411	6
6412	8
6413	8
6414	8
6415	8
6416	8
6417	8
6418	8
6419	8
6420	8
6421	8
6422	6
6423	8
6424	8
6425	8
6426	8
6427	8
6428	8
6429	8
6430	8
6431	8
6432	8
6433	8
6435	8
6436	9
6437	8
6438	8
6439	8
6440	8
6441	8
6442	8
6443	8
6444	8
6445	8
6446	8
6447	8
6448	8
6449	8
6450	8
6451	8
6452	8
6453	8
6454	8
6455	0
6456	8
6457	0
6458	8
6459	8
6460	8
6461	8
6462	8
6463	8
6464	8
6465	0
6466	8
6467	8
6468	8
6469	8
6470	8
6471	8
6472	8
6474	0
6475	9
6476	8
6477	0
6478	0
6479	8
6480	8
6481	8
6482	8
6483	8
6484	8
6485	8
6486	8
6487	8
6488	8
6489	8
6490	8
6491	8
6492	6
6493	8
6494	8
6495	8
6496	8
6497	8
6498	8
6499	8
6500	0
6501	8
6502	8
6503	8
6504	8
6505	8
6506	6
6507	8
6508	8
6509	8
6510	8
6511	8
6512	8
6513	0
6514	8
6515	0
6516	8
6517	8
6518	8
6519	8
6520	8
6521	6
6522	8
6523	8
6524	8
6525	8
6526	8
6527	8
6528	8
6529	8
6530	8
6531	8
6532	8
6533	9
6534	9
6535	8
6536	8
6537	9
6538	8
6539	8
6540	8
6541	8
6542	8
6543	6
6544	6
6545	6
6546	8
6547	8
6548	8
6549	8
6550	8
6551	8
6552	8
6553	8
6554	8
6555	8
6556	8
6557	8
6558	8
6559	8
6560	8
6561	8
6562	8
6563	8
6564	8
6565	1
6566	1
6567	1
6568	1
6569	1
6570	1
6571	1
6572	1
6573	1
6574	1
6575	1
6576	1
6577	1
6578	1
6579	1
6580	1
6581	1
6582	1
6583	1
6584	1
6585	1
6586	1
6587	1
6588	1
6589	1
6590	1
6591	1
6592	1
6593	1
6594	1
6595	1
6596	1
6597	1
6598	1
6599	1
6600	1
6601	1
6602	1
6603	7
6604	1
6605	1
6606	1
6607	1
6608	7
6609	7
6610	7
6611	7
6612	1
6613	1
6614	7
6615	7
6616	7
6617	7
6618	1
6619	7
6620	7
6621	7
6622	7
6623	1
6624	1
6625	1
6626	1
6627	1
6628	1
6629	1
6630	1
6631	1
6632	1
6633	1
6634	1
6635	1
6636	1
6637	1
6638	1
6639	1
6640	1
6641	1
6642	1
6643	1
6644	1
6645	1
6646	1
6647	1
6648	1
6650	1
6651	1
6652	1
6653	1
6654	1
6655	1
6656	1
6657	1
6658	1
6659	1
6660	1
6661	1
6662	1
6663	1
6664	1
6665	1
6666	1
6667	1
6668	1
6669	1
6671	1
6672	1
6679	1
6683	1
6684	1
6685	1
6686	1
6687	1
6688	1
6689	1
6690	1
6691	1
6692	1
6693	1
6694	1
6695	1
6696	1
6697	1
6698	1
6699	1
6700	1
6701	1
6702	1
6703	1
6704	1
6705	1
6706	1
6707	1
6708	1
6709	1
6710	1
6711	1
6712	1
6713	1
6714	1
6715	1
6716	1
6717	1
6718	1
6719	1
6720	1
6721	1
6722	1
6723	1
6724	1
6725	1
6726	1
6727	1
6728	1
6729	1
6730	1
6731	1
6732	1
6733	1
6734	1
6735	1
6736	1
6737	1
6738	1
6739	1
6740	1
6741	1
6742	1
6743	1
6744	1
6745	1
6746	1
6747	1
6748	1
6749	1
6750	1
6751	1
6752	1
6753	1
6754	1
6755	1
6756	1
6757	1
6758	1
6759	1
6760	1
6761	1
6762	1
6763	1
6764	7
6765	7
6766	7
6767	7
6768	7
6769	7
6770	7
6771	7
6772	7
6773	7
6774	7
6775	7
6776	7
6777	7
6778	7
6779	7
6780	7
6781	7
6782	7
6783	7
6784	7
6785	7
6786	7
6787	7
6788	7
6789	7
6790	7
6791	7
6792	7
6793	7
6794	7
6795	7
6796	7
6797	7
6798	7
6799	7
6800	7
6801	7
6802	7
6803	7
6804	7
6805	7
6806	7
6807	7
6808	7
6809	7
6810	7
6811	7
6812	7
6813	7
6814	7
6815	7
6816	7
6817	7
6818	7
6819	7
6820	0
6821	7
6822	0
6823	7
6824	7
6825	0
6826	7
6827	0
6828	7
6829	7
6830	7
6831	7
6832	7
6833	7
6834	7
6835	7
6836	7
6837	7
6838	7
6839	7
6840	7
6841	7
6842	7
6843	7
6844	7
6845	7
6846	7
6847	7
6848	7
6849	7
6850	7
6851	7
6852	7
6853	7
6854	7
6855	7
6856	7
6857	7
6858	7
6859	7
6860	7
6861	1
6862	7
6863	7
6864	0
6865	7
6866	7
6867	0
6868	7
6869	7
6870	1
6871	1
6872	7
6873	0
6874	7
6875	0
6876	7
6877	7
6878	7
6879	0
6880	7
6881	0
6882	7
6883	0
6884	0
6885	0
6886	7
6887	7
6888	0
6889	0
6890	0
6891	7
6892	0
6893	0
6894	7
6895	7
6896	7
6897	7
6898	0
6899	7
6900	7
6901	7
6902	0
6903	0
6904	7
6905	7
6906	1
6907	0
6908	7
6909	7
6910	7
6911	1
6912	0
6913	7
6914	7
6915	0
6916	0
6917	7
6918	0
6919	0
6920	0
6921	7
6922	7
6923	7
6924	7
6925	7
6926	0
6927	0
6928	7
6929	0
6930	7
6931	7
6932	0
6933	7
6934	7
6935	7
6936	7
6937	7
6938	7
6939	0
6940	0
6941	7
6942	7
6943	7
6944	0
6945	0
6946	7
6947	0
6948	0
6949	7
6950	0
6951	0
6952	0
6953	0
6954	0
6955	7
6956	7
6957	7
6958	7
6959	0
6960	0
6961	0
6962	0
6963	0
6964	0
6965	0
6966	7
