1	7
2	7
3	1
4	1
5	7
6	7
7	1
8	1
9	1
10	7
11	7
12	7
13	1
14	7
15	7
16	7
17	7
18	7
19	7
20	1
21	7
22	7
23	7
24	1
25	7
26	7
27	1
28	1
29	1
30	1
31	7
32	0
33	7
34	7
35	7
36	7
37	7
38	7
39	7
40	7
41	7
42	7
43	7
44	7
45	7
46	7
47	7
48	7
49	7
50	7
51	7
52	7
53	7
54	7
55	7
56	7
57	7
58	7
59	7
60	7
61	7
62	7
63	7
64	7
65	7
66	7
67	7
68	7
69	7
70	7
71	7
72	7
73	7
74	7
75	7
76	7
77	1
78	7
79	7
80	7
81	1
82	7
83	7
84	7
85	1
86	0
87	1
88	7
89	1
90	7
91	1
92	1
93	1
94	7
95	7
96	7
97	7
98	1
99	1
100	1
101	7
102	1
103	1
104	1
105	1
106	7
107	7
108	7
109	7
110	7
111	0
112	7
113	7
114	0
115	7
116	7
117	7
118	7
119	7
120	7
121	7
122	7
123	7
124	1
125	1
126	1
127	1
128	1
129	0
130	1
131	1
132	1
133	7
134	7
135	1
136	1
137	1
138	1
139	1
140	1
141	1
142	1
143	7
144	1
145	1
146	1
147	7
148	0
149	7
150	7
151	7
152	0
153	0
154	0
155	7
156	0
157	0
158	7
159	7
160	7
161	0
162	1
163	1
164	1
165	1
166	1
167	1
168	7
169	1
170	1
171	7
172	0
173	7
174	7
175	7
176	7
177	7
178	1
179	1
180	1
181	7
182	7
183	7
184	7
185	0
186	7
187	7
188	1
189	7
190	7
191	7
192	7
193	7
194	1
195	1
196	7
197	7
198	7
199	1
200	7
201	7
202	7
203	7
204	7
205	7
206	7
207	7
208	7
209	1
210	1
211	1
212	7
213	7
214	7
215	1
216	7
217	7
218	7
219	0
220	7
221	7
222	7
223	7
224	7
225	7
226	7
227	7
228	7
229	7
230	7
231	7
232	7
233	7
234	7
235	7
236	7
237	7
238	7
239	0
240	0
241	7
242	7
243	7
244	7
245	7
246	7
247	7
248	7
249	7
250	7
251	7
252	7
253	7
254	7
255	7
256	7
257	0
258	0
259	0
260	0
261	1
262	0
263	0
264	0
265	1
266	0
267	0
268	0
269	1
270	1
271	0
272	0
273	1
274	0
275	1
276	1
277	0
278	0
279	0
280	0
281	0
282	0
283	0
284	0
285	0
286	0
287	0
288	0
289	0
290	1
291	0
292	0
293	0
294	7
295	0
296	0
297	0
298	0
299	0
300	0
301	0
302	0
303	0
304	7
305	0
306	0
307	0
308	0
309	0
310	0
311	1
312	0
313	0
314	0
315	0
316	0
317	0
318	0
319	1
320	1
321	1
322	0
323	0
324	0
325	0
326	0
327	0
328	0
329	0
330	0
331	0
332	0
333	0
334	0
335	0
336	0
337	0
338	0
339	0
340	0
341	0
342	0
343	8
344	9
345	8
346	8
347	9
348	8
349	8
350	9
351	9
352	9
353	9
354	9
355	9
357	9
358	9
359	9
360	9
361	9
362	9
363	9
365	9
366	9
367	9
368	9
369	9
370	9
372	9
373	9
374	9
375	9
376	9
377	9
378	9
379	9
380	9
381	9
382	9
383	9
384	9
385	9
386	9
387	9
388	9
389	9
390	9
391	9
392	9
393	9
394	9
395	9
396	9
397	9
398	9
399	9
400	9
401	9
402	9
403	9
404	9
405	9
406	9
407	9
408	9
409	9
410	9
411	9
412	9
413	9
414	9
415	9
416	9
417	9
418	9
419	9
420	9
421	9
422	9
423	9
424	9
425	9
426	9
427	8
428	9
429	8
430	9
431	8
432	8
434	8
435	9
436	9
438	9
439	0
440	0
441	0
442	0
443	0
444	0
445	0
446	0
447	0
448	0
449	0
450	0
451	0
452	0
453	0
454	0
455	0
456	0
457	0
458	0
459	0
460	0
461	0
462	0
463	0
464	0
465	0
466	0
467	0
468	0
469	0
470	0
471	0
472	0
473	0
474	0
475	0
476	0
477	0
478	0
479	0
480	0
481	0
482	0
483	0
484	0
485	0
486	0
487	0
488	0
489	0
490	0
491	0
492	0
493	0
494	0
495	0
496	0
497	0
498	0
499	0
500	0
501	0
502	0
503	0
504	0
505	0
506	0
507	0
508	0
509	0
510	0
511	0
512	0
513	0
514	0
515	0
516	0
517	0
518	0
519	0
520	0
521	0
522	0
523	0
524	0
525	0
526	0
527	0
528	0
529	0
530	0
531	8
532	0
533	0
534	0
535	0
536	0
538	0
539	0
540	0
541	0
542	0
543	0
544	0
545	0
546	0
547	0
548	0
549	0
550	0
551	0
552	0
553	0
554	0
555	0
556	0
557	0
558	0
559	0
560	0
561	0
562	0
563	0
564	0
565	0
566	0
567	0
568	0
569	0
570	0
571	0
572	0
573	0
574	0
575	0
576	0
577	0
578	0
579	0
580	0
581	0
582	0
583	0
584	0
585	0
586	0
587	0
588	0
589	0
590	0
591	0
592	0
593	0
594	0
595	0
596	0
597	0
598	0
599	0
600	0
601	0
602	0
603	0
604	0
605	0
606	0
607	0
608	0
609	0
610	0
611	0
612	0
613	0
614	0
615	0
616	0
617	0
618	0
619	0
620	0
621	0
622	0
623	0
624	0
625	0
626	0
627	0
628	0
629	0
630	0
631	0
632	0
633	0
634	0
635	0
636	0
637	0
638	0
639	0
640	0
641	0
642	0
643	0
644	0
645	0
646	1
647	7
648	7
649	7
650	7
651	7
652	1
653	7
654	7
655	7
656	7
657	7
658	7
659	7
660	0
661	0
662	6
663	0
664	0
665	0
666	0
667	0
668	6
669	0
670	6
671	0
672	0
673	0
674	0
675	0
676	8
677	6
678	6
679	6
680	6
681	6
682	6
683	6
684	0
685	6
686	6
687	6
688	0
689	0
690	0
691	0
692	0
693	0
694	0
695	6
696	0
697	6
698	0
699	0
700	0
701	0
702	0
703	0
704	6
705	8
706	0
707	8
708	6
709	0
710	8
711	0
712	0
713	0
714	0
715	0
716	0
717	0
718	8
719	0
720	0
721	8
722	8
723	8
724	8
725	0
726	0
727	0
728	0
729	0
730	0
731	0
732	0
733	0
734	0
735	0
736	0
737	0
738	0
739	0
740	0
741	0
742	6
743	0
744	0
745	0
746	0
747	0
748	0
749	0
750	0
751	0
752	1
753	0
754	7
755	7
756	0
757	7
758	7
759	7
760	7
761	7
762	0
763	0
764	7
765	0
766	7
767	0
768	0
769	7
770	0
771	0
772	0
773	0
774	0
775	7
776	0
777	0
778	0
779	0
780	7
781	0
782	7
783	7
784	0
785	7
786	0
787	0
788	0
789	0
790	0
791	7
792	0
793	7
794	0
795	1
796	1
797	7
798	7
799	7
800	7
801	7
802	7
803	7
804	7
805	7
806	7
807	7
808	7
809	7
810	7
811	7
812	7
813	7
814	7
815	7
816	7
817	7
818	7
819	7
820	7
821	7
822	7
823	7
824	7
825	7
826	7
827	7
828	7
829	7
830	7
831	7
832	7
833	7
834	1
835	1
836	1
837	1
838	1
839	1
840	1
841	1
842	7
843	7
844	0
845	0
846	1
847	7
848	1
849	1
850	7
851	7
852	7
853	7
854	7
855	7
856	7
857	7
858	7
859	1
860	7
861	0
862	1
863	1
864	1
865	7
866	7
867	7
868	7
869	0
870	7
871	7
872	7
873	7
874	7
875	7
876	7
877	7
878	7
879	7
880	7
881	7
882	7
883	7
884	7
885	7
886	7
887	1
888	1
889	1
890	7
891	7
892	1
893	7
894	7
895	7
896	7
897	7
898	7
899	7
900	7
901	7
902	7
903	1
904	1
905	7
906	1
907	7
908	1
909	1
910	7
911	1
912	1
913	7
914	7
915	1
916	1
917	7
918	1
919	1
920	7
921	1
922	1
923	1
924	1
925	7
926	7
927	7
928	7
929	7
930	7
931	7
932	7
933	7
934	7
935	7
936	7
937	7
938	7
939	7
940	7
941	7
942	7
943	7
944	7
945	1
946	7
947	7
948	7
949	7
950	7
951	7
952	7
953	7
954	0
955	0
956	7
957	7
958	7
959	7
960	7
961	7
962	7
963	7
964	7
965	7
966	7
967	7
968	7
969	1
970	1
971	0
972	0
973	1
974	0
975	1
976	0
977	0
978	0
979	7
980	7
981	7
982	7
983	7
984	0
985	7
986	7
987	7
988	7
989	7
990	7
991	7
992	7
993	7
994	7
995	7
996	7
997	7
998	7
999	7
1000	7
1001	7
1002	7
1003	7
1004	7
1005	7
1006	7
1007	0
1008	7
1009	8
1010	8
1011	8
1012	8
1013	8
1014	8
1015	8
1016	8
1017	8
1018	8
1019	8
1020	8
1021	8
1022	8
1023	8
1024	8
1025	8
1026	8
1027	8
1028	8
1029	8
1030	8
1031	8
1032	8
1033	8
1034	8
1035	8
1036	8
1037	8
1038	8
1039	8
1040	8
1041	8
1042	8
1043	8
1044	8
1045	8
1046	8
1051	8
1052	8
1053	8
1054	8
1055	8
1056	8
1057	8
1058	8
1059	8
1060	8
1061	8
1062	8
1063	8
1064	8
1065	8
1066	8
1068	8
1069	8
1070	8
1071	8
1072	8
1073	8
1074	8
1075	8
1076	8
1077	8
1078	8
1079	8
1080	8
1081	8
1082	8
1084	1
1085	8
1087	8
1088	8
1089	8
1090	8
1091	8
1092	8
1093	1
1094	1
1095	1
1096	1
1097	1
1099	8
1101	1
1102	8
1103	8
1104	8
1105	8
1106	1
1107	1
1108	1
1109	1
1110	1
1111	1
1112	1
1113	8
1114	8
1115	8
1116	8
1117	8
1118	8
1120	8
1121	8
1122	8
1123	8
1124	8
1125	8
1126	8
1127	8
1128	1
1129	8
1130	8
1131	8
1132	8
1133	8
1134	8
1135	8
1136	8
1137	8
1138	8
1139	8
1140	8
1141	8
1142	8
1143	8
1144	8
1145	1
1146	8
1147	8
1149	8
1151	1
1157	1
1160	1
1161	8
1162	8
1163	8
1164	8
1165	8
1167	8
1168	8
1169	8
1170	8
1171	1
1172	1
1173	1
1174	8
1175	8
1176	8
1177	9
1178	9
1179	9
1181	9
1182	8
1185	9
1189	8
1190	8
1191	8
1192	9
1193	9
1194	9
1195	9
1196	9
1197	9
1198	9
1199	9
1200	9
1201	8
1202	9
1203	8
1204	9
1205	9
1206	9
1207	9
1208	9
1209	9
1210	9
1211	9
1212	9
1213	9
1214	9
1215	9
1216	9
1217	3
1218	3
1219	3
1220	3
1221	3
1222	5
1223	5
1224	3
1225	6
1226	3
1227	4
1228	6
1229	6
1230	6
1231	3
1232	6
1233	9
1234	9
1235	9
1236	4
1237	4
1238	4
1239	4
1240	4
1241	4
1242	4
1243	4
1244	4
1245	4
1246	4
1247	4
1249	4
1250	4
1251	4
1252	4
1253	4
1254	4
1255	4
1256	4
1257	4
1258	4
1259	4
1260	4
1261	4
1263	4
1264	4
1265	4
1266	4
1267	4
1268	3
1269	4
1270	4
1271	4
1272	4
1273	4
1274	4
1275	4
1276	4
1277	4
1278	4
1279	4
1280	4
1281	4
1282	4
1283	4
1284	4
1285	4
1286	4
1287	4
1288	4
1289	4
1290	4
1291	4
1292	4
1293	4
1294	4
1295	2
1296	4
1297	4
1298	2
1299	4
1300	4
1301	4
1302	4
1303	4
1304	4
1305	4
1306	4
1307	4
1308	2
1309	2
1310	2
1311	4
1312	4
1313	3
1314	3
1315	3
1316	3
1317	9
1318	3
1319	3
1320	5
1321	5
1322	3
1323	4
1324	9
1325	3
1326	9
1327	9
1328	9
1329	2
1330	4
1331	4
1332	4
1333	4
1334	3
1335	3
1336	3
1337	9
1338	4
1339	9
1340	9
1341	3
1342	2
1343	2
1344	2
1345	2
1346	3
1347	2
1348	4
1349	5
1350	5
1351	5
1352	5
1353	5
1354	5
1355	5
1356	5
1357	5
1358	5
1359	6
1360	4
1361	4
1362	4
1363	4
1364	4
1365	4
1366	2
1367	2
1368	2
1369	2
1370	2
1371	4
1372	2
1374	4
1375	4
1376	4
1377	8
1378	5
1379	5
1380	5
1381	5
1382	5
1383	5
1384	5
1385	5
1386	1
1387	3
1388	5
1389	3
1390	3
1391	3
1392	8
1393	3
1394	8
1395	8
1396	3
1397	9
1398	9
1399	9
1400	9
1401	9
1402	9
1403	9
1404	9
1405	9
1406	9
1407	9
1408	4
1409	4
1410	4
1411	4
1412	4
1413	4
1414	4
1415	4
1416	3
1417	3
1418	4
1419	4
1420	4
1421	4
1422	3
1423	4
1424	4
1425	3
1426	3
1427	3
1429	3
1432	4
1433	4
1434	4
1435	4
1436	4
1437	4
1438	4
1439	4
1440	4
1441	4
1442	4
1443	2
1444	4
1445	4
1446	4
1447	4
1448	4
1449	4
1450	2
1451	2
1452	4
1453	2
1454	4
1455	4
1456	4
1457	4
1458	4
1459	4
1460	2
1461	4
1462	4
1463	4
1464	4
1465	4
1466	3
1467	4
1468	3
1469	4
1470	4
1471	4
1472	4
1473	5
1474	5
1475	5
1476	3
1477	9
1478	3
1479	3
1480	3
1481	3
1482	3
1483	3
1484	9
1485	9
1486	9
1487	9
1488	4
1489	4
1490	4
1491	4
1492	4
1493	4
1494	4
1495	9
1496	4
1497	5
1498	4
1499	4
1500	4
1501	5
1502	4
1503	4
1504	4
1505	2
1506	2
1507	3
1508	2
1509	2
1510	2
1511	2
1512	2
1513	2
1514	4
1515	2
1516	2
1517	5
1518	5
1519	5
1520	5
1521	3
1522	5
1523	5
1524	5
1525	5
1526	4
1527	4
1528	4
1529	3
1530	4
1531	3
1533	3
1534	3
1535	2
1536	2
1537	4
1538	2
1539	2
1540	2
1541	2
1542	2
1543	2
1544	5
1545	5
1546	5
1547	1
1548	5
1549	5
1550	5
1551	5
1552	5
1553	3
1554	8
1555	8
1556	6
1557	6
1558	6
1559	6
1560	6
1561	6
1562	6
1563	9
1564	9
1565	9
1566	9
1567	9
1568	3
1569	3
1570	3
1571	4
1572	4
1573	4
1574	4
1575	4
1576	4
1577	4
1578	4
1579	4
1580	4
1581	4
1582	4
1584	4
1585	3
1586	4
1587	4
1588	3
1589	4
1590	4
1591	4
1592	4
1593	3
1594	3
1596	3
1597	3
1598	3
1599	4
1600	4
1601	4
1602	4
1603	4
1604	4
1605	4
1606	4
1607	4
1608	4
1609	4
1610	4
1611	4
1612	4
1613	4
1614	4
1615	4
1616	4
1617	4
1618	4
1619	4
1620	4
1621	3
1622	4
1623	2
1624	4
1625	2
1626	2
1627	2
1628	2
1629	2
1630	2
1631	4
1632	4
1633	4
1634	4
1635	4
1636	4
1637	5
1638	4
1639	4
1640	9
1641	4
1642	4
1643	5
1644	5
1645	5
1646	9
1647	4
1648	5
1649	4
1650	4
1651	5
1652	4
1653	5
1654	4
1655	4
1656	9
1657	4
1658	4
1659	4
1660	4
1661	4
1662	4
1663	4
1664	4
1665	4
1666	4
1667	4
1668	4
1669	4
1670	4
1671	4
1672	2
1673	4
1674	2
1675	4
1676	2
1677	2
1678	2
1679	2
1680	2
1681	4
1682	4
1683	2
1684	4
1685	4
1686	4
1687	4
1688	5
1689	5
1690	5
1691	5
1692	5
1693	5
1694	5
1695	5
1696	2
1697	2
1698	2
1699	2
1700	4
1701	4
1702	4
1703	4
1704	2
1705	4
1706	4
1707	4
1708	2
1709	4
1710	4
1711	4
1712	4
1713	9
1714	2
1715	1
1716	1
1717	1
1718	1
1719	1
1720	1
1721	3
1722	3
1723	6
1724	6
1725	5
1726	5
1727	6
1728	6
1729	6
1730	3
1731	3
1732	5
1733	5
1734	3
1735	5
1736	5
1737	4
1738	3
1739	4
1740	4
1741	3
1742	3
1743	4
1744	4
1745	3
1746	4
1747	4
1748	3
1749	4
1750	4
1751	3
1752	3
1753	3
1754	9
1755	2
1756	3
1757	3
1758	3
1759	4
1760	3
1761	3
1762	3
1763	4
1764	4
1765	4
1766	4
1767	4
1769	4
1770	4
1771	4
1772	4
1773	4
1774	4
1775	4
1776	4
1777	4
1778	4
1779	4
1780	4
1781	4
1782	4
1783	4
1784	4
1785	4
1786	4
1787	4
1788	4
1789	4
1790	4
1791	2
1792	4
1793	4
1795	2
1796	4
1797	4
1798	4
1799	2
1800	4
1801	3
1802	9
1803	5
1804	4
1805	4
1806	4
1807	4
1808	4
1809	5
1810	4
1811	5
1812	4
1813	4
1814	4
1815	4
1816	4
1817	9
1818	9
1819	3
1820	5
1821	5
1822	4
1823	4
1824	4
1825	5
1826	4
1827	4
1828	4
1829	4
1830	4
1831	4
1832	4
1833	4
1834	4
1835	4
1836	4
1837	4
1838	4
1839	2
1840	2
1841	2
1842	2
1843	4
1844	4
1845	4
1846	4
1847	4
1848	4
1849	4
1850	5
1851	5
1852	5
1853	5
1854	5
1855	5
1856	5
1857	2
1858	9
1859	2
1860	2
1861	2
1862	2
1863	3
1864	3
1865	4
1866	5
1867	5
1868	5
1869	3
1870	3
1871	5
1872	5
1873	5
1874	5
1875	5
1876	8
1877	3
1878	8
1879	3
1880	3
1881	6
1882	6
1883	5
1884	6
1885	4
1886	6
1887	4
1888	3
1889	5
1890	4
1891	3
1892	3
1893	5
1894	5
1895	3
1896	4
1897	3
1898	4
1899	4
1900	4
1901	4
1902	4
1903	4
1904	4
1905	3
1906	3
1907	4
1908	4
1909	4
1910	4
1911	4
1912	4
1913	3
1914	4
1915	3
1916	3
1917	3
1918	3
1919	3
1920	4
1921	3
1922	4
1923	2
1924	3
1925	4
1926	4
1927	4
1928	4
1929	4
1930	4
1931	4
1932	4
1933	4
1934	4
1935	4
1936	4
1937	4
1938	4
1939	4
1940	4
1941	4
1942	4
1943	4
1944	2
1945	2
1946	2
1947	2
1948	2
1949	4
1950	4
1951	2
1952	2
1953	2
1954	4
1955	3
1956	4
1957	2
1958	2
1959	2
1960	2
1961	2
1962	2
1963	2
1964	2
1965	5
1966	5
1967	4
1968	4
1969	5
1970	9
1971	9
1972	9
1973	5
1974	5
1975	9
1976	9
1977	9
1978	9
1979	2
1980	4
1981	4
1982	4
1983	4
1984	4
1985	4
1986	3
1987	4
1988	4
1989	4
1990	4
1991	4
1992	4
1993	4
1994	2
1995	4
1996	4
1997	4
1998	4
1999	4
2000	4
2001	2
2002	4
2003	4
2004	4
2005	4
2006	4
2007	4
2008	2
2009	4
2010	3
2011	5
2012	4
2013	5
2014	5
2015	5
2016	5
2017	1
2018	3
2019	3
2020	1
2021	6
2022	1
2023	3
2024	5
2025	3
2026	5
2027	3
2028	5
2029	5
2030	5
2031	5
2032	5
2033	6
2034	6
2035	6
2036	6
2037	6
2038	6
2039	6
2040	6
2041	3
2042	3
2043	5
2044	5
2045	3
2046	6
2047	4
2048	4
2049	3
2050	5
2051	5
2052	4
2053	4
2054	4
2055	4
2056	4
2057	4
2058	4
2059	4
2060	4
2061	4
2062	4
2063	4
2064	2
2065	4
2066	3
2067	4
2068	2
2069	3
2070	4
2071	4
2072	3
2073	3
2074	2
2075	3
2076	3
2077	3
2078	2
2079	4
2080	2
2081	4
2082	2
2083	4
2084	4
2085	4
2086	2
2087	4
2088	4
2089	4
2090	4
2091	2
2092	2
2093	4
2094	2
2095	4
2096	4
2097	2
2098	2
2099	2
2100	2
2101	2
2102	2
2103	2
2104	2
2105	4
2106	2
2107	2
2108	4
2109	4
2110	2
2111	4
2112	4
2113	9
2114	9
2115	4
2116	9
2117	9
2118	9
2119	5
2120	3
2121	5
2122	2
2123	2
2124	5
2125	9
2126	2
2127	2
2128	2
2129	2
2130	4
2131	3
2132	3
2133	4
2134	4
2135	4
2136	4
2137	4
2138	4
2139	4
2140	4
2141	4
2142	3
2143	3
2144	2
2145	3
2146	2
2147	2
2148	3
2149	2
2150	2
2151	3
2152	5
2153	4
2154	9
2155	9
2156	4
2157	2
2158	2
2161	3
2162	1
2163	1
2164	1
2165	1
2166	1
2167	1
2168	5
2169	5
2170	5
2171	5
2172	5
2173	1
2174	1
2175	7
2176	7
2177	1
2178	7
2179	1
2180	1
2181	1
2182	6
2183	5
2184	3
2185	6
2186	5
2187	5
2188	5
2189	5
2190	5
2191	5
2192	5
2193	6
2194	6
2195	6
2196	6
2197	6
2198	6
2199	6
2200	6
2201	6
2202	6
2203	6
2204	5
2205	6
2206	3
2207	3
2208	4
2209	4
2210	4
2211	4
2212	4
2213	4
2215	4
2216	4
2217	4
2218	4
2219	4
2220	3
2221	2
2222	2
2223	2
2224	2
2225	4
2226	3
2227	3
2228	4
2229	3
2230	2
2231	4
2232	4
2233	4
2234	4
2235	4
2236	4
2237	2
2238	2
2239	4
2240	4
2241	2
2242	4
2243	4
2244	4
2245	4
2246	4
2247	4
2248	4
2249	4
2250	4
2251	4
2252	4
2253	4
2254	4
2255	4
2256	4
2257	5
2258	3
2259	3
2260	5
2261	5
2262	1
2263	6
2264	5
2265	2
2266	5
2267	5
2268	5
2269	4
2270	4
2271	4
2272	9
2273	9
2274	9
2275	9
2276	9
2277	9
2278	4
2279	4
2280	4
2281	4
2282	4
2283	4
2284	4
2285	4
2286	4
2287	4
2288	4
2289	3
2290	4
2291	4
2292	2
2293	4
2294	2
2295	2
2296	4
2297	4
2298	4
2299	4
2300	4
2301	4
2302	4
2303	7
2304	5
2305	9
2306	0
2307	5
2308	5
2309	9
2310	7
2311	7
2312	7
2313	7
2314	7
2315	7
2316	7
2317	5
2318	5
2319	5
2320	5
2321	5
2322	5
2323	5
2324	1
2325	6
2326	6
2327	1
2328	6
2329	1
2330	1
2331	5
2332	1
2333	1
2334	1
2335	5
2336	5
2337	1
2338	5
2339	1
2340	1
2341	1
2342	5
2343	5
2344	6
2345	6
2346	6
2347	5
2348	6
2349	6
2350	5
2351	6
2352	6
2353	6
2354	6
2355	3
2356	2
2357	3
2358	6
2359	6
2360	6
2361	4
2362	6
2363	3
2364	4
2365	4
2366	4
2367	4
2368	4
2369	4
2370	4
2371	4
2372	4
2373	4
2374	3
2375	3
2376	4
2377	4
2378	4
2379	4
2380	4
2381	4
2382	4
2383	3
2384	3
2385	3
2386	3
2387	4
2388	4
2389	4
2390	3
2391	2
2392	4
2393	2
2394	4
2395	2
2396	4
2397	4
2398	4
2399	4
2400	4
2401	9
2402	4
2403	2
2404	2
2405	4
2406	2
2407	4
2408	4
2409	2
2410	4
2411	4
2412	4
2413	4
2414	4
2415	4
2416	4
2417	4
2418	4
2419	4
2420	4
2421	4
2422	4
2423	4
2424	4
2425	6
2426	1
2427	3
2428	5
2429	1
2430	3
2431	1
2432	5
2433	3
2434	1
2435	5
2436	5
2437	2
2438	5
2439	5
2440	1
2441	5
2442	5
2443	9
2444	9
2445	9
2446	3
2447	3
2448	3
2449	3
2450	3
2451	3
2452	3
2453	3
2454	3
2455	4
2456	4
2457	4
2458	4
2459	4
2460	4
2461	4
2462	4
2463	4
2464	4
2465	3
2466	5
2467	5
2468	7
2469	4
2470	3
2471	5
2472	1
2473	1
2474	0
2475	0
2476	5
2477	5
2478	5
2479	5
2480	5
2481	5
2482	2
2483	5
2484	5
2485	5
2486	5
2487	2
2488	5
2489	5
2490	1
2491	1
2492	1
2493	1
2494	1
2495	4
2496	4
2497	4
2498	5
2499	5
2500	5
2501	5
2502	5
2503	5
2504	5
2505	5
2506	5
2507	5
2508	5
2509	5
2510	2
2511	2
2512	2
2513	2
2514	2
2515	3
2516	2
2517	3
2518	3
2520	3
2521	3
2522	3
2523	3
2524	3
2525	3
2526	4
2527	3
2528	4
2529	4
2530	4
2531	4
2532	4
2533	4
2534	3
2535	4
2536	3
2537	3
2538	3
2539	3
2540	4
2541	3
2542	3
2543	3
2544	3
2545	3
2546	3
2547	3
2548	3
2549	3
2550	3
2551	4
2552	4
2553	4
2554	4
2555	4
2556	4
2557	4
2558	4
2559	4
2560	4
2561	3
2562	3
2563	9
2564	4
2565	4
2566	4
2567	4
2568	3
2569	4
2570	4
2571	2
2572	2
2573	4
2574	4
2575	4
2576	4
2577	4
2578	4
2579	4
2580	4
2581	2
2582	2
2583	2
2584	4
2585	2
2586	2
2587	2
2588	2
2589	2
2590	1
2591	1
2592	5
2593	6
2594	5
2595	5
2596	6
2597	5
2598	1
2599	1
2600	3
2601	5
2602	4
2603	4
2604	4
2605	4
2606	4
2607	5
2608	3
2609	5
2610	9
2611	5
2612	3
2613	3
2614	9
2615	3
2616	4
2617	4
2618	4
2619	4
2620	4
2621	4
2622	4
2623	4
2624	4
2625	4
2626	4
2627	5
2628	4
2629	5
2630	5
2631	3
2632	1
2633	5
2634	1
2635	5
2636	5
2637	5
2638	5
2639	5
2640	5
2641	5
2642	2
2643	5
2644	5
2645	2
2646	2
2647	5
2648	2
2649	4
2650	4
2651	1
2652	1
2653	3
2654	3
2655	3
2656	1
2657	1
2658	5
2659	5
2660	3
2661	5
2662	5
2663	5
2664	3
2665	5
2666	5
2667	1
2668	3
2669	4
2670	3
2671	3
2672	3
2673	4
2674	4
2675	4
2676	4
2677	4
2678	2
2679	4
2680	4
2681	4
2682	2
2683	4
2684	4
2685	4
2686	4
2687	4
2688	4
2689	4
2690	4
2691	4
2692	4
2693	4
2694	4
2695	4
2696	4
2697	3
2698	2
2699	4
2700	3
2701	4
2702	1
2703	1
2704	4
2705	4
2706	4
2707	3
2708	4
2710	4
2711	4
2712	4
2713	4
2714	4
2715	4
2716	4
2717	4
2718	4
2719	4
2720	4
2721	4
2722	2
2723	2
2724	4
2725	4
2726	4
2727	4
2728	4
2729	4
2730	2
2731	4
2732	4
2733	2
2734	2
2735	4
2736	2
2737	4
2738	4
2739	4
2740	4
2741	1
2742	5
2743	1
2744	5
2745	5
2746	1
2747	5
2748	5
2749	3
2750	5
2751	5
2752	5
2753	5
2754	5
2755	3
2756	3
2757	5
2758	4
2759	4
2760	4
2761	1
2762	1
2763	3
2764	3
2765	4
2766	4
2767	9
2768	9
2769	4
2770	4
2771	4
2772	4
2773	5
2774	4
2775	9
2776	5
2777	0
2778	2
2779	2
2780	2
2781	2
2782	2
2783	2
2784	4
2785	2
2786	2
2787	2
2788	2
2789	4
2790	4
2791	4
2792	4
2793	4
2794	4
2795	2
2796	5
2797	4
2798	1
2799	1
2800	1
2801	5
2802	5
2803	1
2804	7
2805	0
2806	0
2807	7
2808	7
2809	7
2810	2
2811	2
2812	2
2813	5
2814	4
2815	2
2816	4
2817	1
2818	4
2819	3
2820	3
2821	1
2822	3
2823	4
2824	3
2825	8
2826	1
2827	1
2828	5
2829	5
2830	3
2831	3
2832	5
2833	5
2834	5
2835	4
2836	4
2837	4
2838	4
2839	4
2840	4
2841	4
2842	2
2843	4
2844	4
2845	2
2846	2
2847	4
2848	4
2849	3
2850	3
2851	3
2852	3
2853	4
2854	2
2855	4
2856	4
2857	3
2858	3
2859	2
2860	2
2861	2
2862	2
2863	2
2864	2
2865	1
2866	3
2867	3
2868	4
2869	4
2870	3
2871	3
2872	3
2873	3
2874	4
2875	4
2876	4
2877	4
2878	4
2879	4
2880	4
2881	4
2882	4
2883	4
2884	4
2885	4
2886	4
2887	4
2888	4
2889	4
2890	4
2891	4
2892	4
2893	4
2894	4
2895	2
2896	9
2897	2
2898	2
2899	2
2900	2
2901	2
2902	2
2903	2
2904	2
2905	2
2906	2
2907	2
2908	2
2909	2
2910	2
2911	2
2912	2
2913	1
2914	3
2915	1
2916	3
2917	3
2918	3
2919	3
2920	3
2921	3
2922	3
2923	3
2924	4
2925	5
2926	5
2927	5
2928	5
2929	5
2930	5
2931	3
2932	5
2933	5
2934	4
2935	5
2936	9
2937	9
2938	3
2939	4
2940	4
2941	4
2942	4
2943	4
2944	4
2945	4
2946	4
2947	3
2948	4
2949	4
2950	2
2951	4
2952	4
2953	4
2954	4
2955	4
2956	4
2957	4
2958	4
2959	3
2960	4
2961	4
2962	5
2964	5
2965	8
2966	4
2967	1
2968	7
2969	7
2970	7
2971	1
2972	1
2973	1
2974	4
2975	2
2976	2
2977	4
2978	2
2979	2
2980	3
2981	4
2982	4
2983	3
2984	4
2985	5
2986	3
2987	5
2988	3
2989	3
2990	3
2991	3
2992	5
2993	3
2994	3
2995	3
2996	9
2997	9
2998	3
2999	4
3000	4
3001	5
3002	4
3003	5
3004	4
3005	4
3006	4
3007	3
3008	3
3009	3
3010	3
3011	3
3012	3
3013	4
3014	3
3015	4
3016	3
3017	3
3018	4
3019	4
3020	3
3021	3
3022	2
3023	2
3024	2
3025	2
3026	9
3027	4
3028	3
3029	3
3030	3
3031	3
3032	3
3033	3
3034	3
3035	3
3036	3
3037	3
3038	3
3039	3
3040	3
3041	4
3042	4
3043	4
3044	4
3045	4
3046	4
3047	4
3048	4
3049	4
3050	4
3051	4
3052	4
3053	4
3054	4
3055	4
3056	4
3057	4
3058	4
3059	4
3060	4
3061	4
3062	4
3063	4
3064	2
3065	2
3066	2
3067	2
3068	2
3069	2
3070	4
3071	4
3072	2
3073	2
3074	2
3075	2
3076	4
3077	4
3078	2
3079	2
3080	2
3081	1
3082	1
3083	1
3084	5
3085	1
3086	1
3087	1
3088	1
3089	3
3090	5
3091	1
3092	1
3093	3
3094	5
3095	5
3096	5
3097	5
3098	4
3099	9
3100	9
3101	9
3102	2
3103	9
3104	3
3105	3
3106	3
3107	2
3108	3
3109	4
3110	4
3111	4
3112	3
3113	5
3114	5
3115	5
3116	5
3117	5
3118	4
3119	4
3120	4
3121	4
3122	4
3123	4
3124	6
3125	6
3126	3
3127	5
3128	4
3129	9
3130	2
3131	3
3132	5
3133	3
3135	4
3136	7
3137	1
3138	7
3139	7
3140	7
3141	5
3142	5
3143	4
3144	4
3145	5
3146	5
3147	4
3148	3
3149	4
3150	3
3151	5
3152	3
3153	6
3154	3
3155	3
3156	3
3157	3
3158	3
3159	1
3160	3
3161	3
3162	3
3163	4
3164	2
3165	5
3166	5
3167	5
3168	5
3169	2
3170	2
3171	2
3172	4
3173	4
3174	4
3175	4
3176	3
3177	4
3178	4
3179	4
3180	4
3181	4
3184	4
3185	4
3186	4
3187	2
3188	2
3189	3
3190	3
3191	2
3192	3
3193	3
3194	2
3195	3
3196	3
3197	2
3198	3
3199	2
3200	3
3201	3
3202	4
3203	4
3204	4
3205	4
3206	4
3212	4
3213	4
3214	4
3215	4
3216	4
3217	4
3218	4
3219	4
3220	4
3221	4
3222	4
3223	2
3224	2
3225	2
3226	2
3227	2
3228	2
3229	2
3230	2
3231	2
3232	2
3233	4
3234	2
3235	2
3236	4
3237	4
3238	4
3239	4
3240	2
3241	9
3242	1
3243	1
3244	9
3245	9
3246	9
3247	4
3248	4
3249	4
3250	3
3251	9
3252	9
3253	2
3254	2
3255	3
3256	3
3257	3
3258	2
3259	3
3260	3
3261	3
3262	9
3263	5
3264	5
3265	4
3266	5
3267	4
3268	5
3269	5
3270	5
3271	5
3272	5
3273	4
3274	4
3275	4
3276	4
3277	4
3278	4
3279	4
3280	4
3281	5
3282	1
3284	5
3285	4
3286	4
3287	5
3288	5
3289	3
3292	2
3293	5
3294	1
3295	1
3296	5
3297	5
3298	5
3299	4
3300	4
3301	4
3302	4
3303	4
3304	3
3305	3
3306	5
3307	5
3308	5
3309	3
3310	3
3311	3
3312	5
3313	5
3314	5
3315	5
3316	5
3317	5
3318	5
3319	3
3320	1
3321	3
3322	2
3323	1
3324	4
3325	2
3326	2
3327	4
3328	4
3329	4
3330	4
3331	6
3332	3
3333	2
3334	2
3335	2
3336	2
3337	9
3338	9
3339	4
3340	9
3341	4
3342	4
3343	4
3344	3
3345	3
3346	4
3347	4
3348	4
3350	4
3351	4
3352	4
3353	4
3355	4
3356	4
3357	4
3358	4
3359	4
3360	4
3361	4
3362	4
3363	4
3364	4
3365	4
3366	4
3367	4
3368	4
3369	4
3370	9
3371	4
3372	4
3373	4
3374	2
3375	2
3376	2
3377	2
3378	2
3379	2
3380	2
3381	2
3382	4
3383	2
3384	2
3385	2
3386	4
3387	2
3388	4
3389	2
3390	2
3391	2
3392	2
3393	2
3394	2
3395	2
3396	4
3397	2
3398	2
3399	4
3400	1
3401	3
3402	5
3403	6
3404	6
3405	6
3406	1
3407	6
3408	3
3409	3
3410	3
3411	5
3412	5
3413	3
3414	5
3415	5
3416	5
3417	5
3418	4
3419	5
3420	5
3421	5
3422	5
3423	3
3424	5
3425	3
3426	3
3427	5
3428	3
3429	3
3430	1
3431	4
3432	4
3433	4
3434	4
3435	2
3436	2
3437	4
3438	4
3439	5
3440	3
3441	4
3442	4
3443	2
3444	4
3445	4
3446	4
3447	4
3448	4
3449	5
3450	3
3451	5
3452	5
3453	5
3454	5
3455	5
3456	5
3457	5
3458	5
3459	5
3460	1
3461	1
3462	5
3463	5
3464	5
3465	5
3466	5
3467	5
3468	3
3469	5
3470	5
3471	5
3472	3
3473	3
3474	3
3475	8
3476	8
3477	8
3478	3
3479	3
3480	3
3481	3
3482	3
3483	3
3484	3
3485	8
3486	6
3487	6
3488	6
3489	6
3490	6
3491	6
3492	6
3493	6
3494	6
3495	5
3496	4
3497	9
3498	4
3499	4
3500	2
3501	2
3502	2
3503	2
3504	4
3505	4
3506	4
3507	4
3508	4
3509	4
3510	4
3513	4
3514	4
3515	4
3516	4
3517	4
3518	4
3519	4
3520	4
3521	4
3522	1
3523	4
3524	2
3525	4
3526	4
3527	4
3528	4
3529	4
3530	4
3531	4
3533	4
3534	4
3535	4
3536	4
3537	4
3538	4
3539	4
3540	4
3541	4
3542	4
3543	4
3544	4
3545	4
3546	4
3547	4
3548	4
3549	4
3550	4
3551	2
3552	4
3553	4
3554	4
3555	4
3556	4
3557	4
3558	2
3559	2
3560	2
3561	2
3562	2
3563	4
3564	4
3565	4
3566	4
3567	2
3568	3
3569	3
3570	3
3571	3
3572	3
3573	3
3574	3
3575	3
3576	3
3577	3
3578	5
3579	5
3580	2
3581	5
3582	5
3583	3
3584	3
3585	3
3586	5
3587	5
3588	5
3589	5
3590	5
3591	4
3592	4
3593	5
3594	4
3595	4
3596	2
3597	2
3598	4
3599	2
3600	2
3601	2
3602	2
3603	4
3604	5
3605	4
3606	7
3607	5
3608	4
3609	1
3610	5
3611	1
3612	9
3614	5
3615	2
3616	5
3617	5
3618	5
3619	5
3620	5
3621	5
3622	5
3623	5
3624	3
3625	3
3626	5
3627	5
3628	5
3629	5
3630	5
3631	5
3632	5
3633	5
3634	5
3635	5
3636	5
3637	5
3638	5
3639	5
3640	5
3641	3
3642	3
3643	8
3644	8
3645	3
3646	8
3647	3
3648	6
3649	6
3650	8
3651	3
3652	3
3653	3
3654	3
3655	8
3656	8
3657	5
3658	5
3659	5
3660	2
3661	5
3662	3
3663	2
3664	2
3665	2
3666	9
3667	4
3668	4
3669	4
3670	4
3671	4
3672	4
3673	3
3674	4
3675	4
3676	4
3677	4
3678	4
3679	4
3680	4
3681	4
3682	4
3684	4
3685	4
3686	4
3687	4
3688	4
3689	4
3690	4
3691	4
3692	4
3693	4
3694	4
3695	4
3696	4
3697	4
3698	4
3699	4
3700	4
3701	4
3702	4
3703	4
3704	4
3705	4
3706	4
3707	4
3708	4
3709	4
3710	4
3711	4
3712	4
3713	4
3715	2
3717	2
3718	2
3719	4
3720	2
3721	2
3722	4
3723	2
3724	2
3725	2
3726	3
3727	3
3728	3
3729	3
3730	3
3731	3
3732	3
3733	3
3734	3
3735	3
3736	2
3737	2
3738	2
3739	2
3740	3
3741	5
3742	5
3743	5
3744	4
3745	4
3746	4
3747	4
3748	4
3749	5
3750	4
3751	4
3752	4
3753	4
3754	4
3755	4
3756	2
3757	2
3758	3
3759	2
3760	2
3761	2
3762	2
3763	3
3764	3
3768	9
3769	3
3770	4
3771	5
3772	5
3773	5
3774	3
3775	5
3776	5
3777	5
3778	5
3779	5
3780	5
3781	5
3782	6
3783	5
3784	6
3785	6
3786	6
3787	6
3788	6
3789	6
3790	8
3791	8
3792	8
3793	8
3794	8
3795	8
3796	8
3797	8
3798	8
3799	8
3800	8
3801	8
3802	8
3803	8
3804	8
3805	8
3806	8
3807	8
3808	8
3809	8
3810	8
3811	8
3812	8
3813	8
3814	8
3815	8
3816	8
3817	8
3818	8
3819	8
3820	8
3821	8
3822	8
3823	8
3824	8
3825	8
3826	8
3827	8
3828	8
3829	8
3830	8
3831	8
3832	8
3833	8
3834	8
3835	8
3836	8
3837	8
3838	9
3839	8
3840	8
3841	8
3842	8
3843	8
3844	8
3845	8
3846	8
3847	8
3848	8
3849	8
3850	8
3851	8
3852	8
3853	8
3854	8
3855	8
3856	8
3857	8
3858	8
3859	8
3860	8
3861	8
3862	8
3863	8
3864	8
3865	8
3866	8
3867	8
3868	9
3869	8
3870	8
3871	8
3872	8
3873	8
3874	9
3875	8
3876	8
3877	8
3878	8
3879	8
3880	8
3883	8
3884	8
3885	8
3886	8
3887	8
3888	8
3889	8
3890	8
3892	8
3893	8
3894	8
3897	8
3898	8
3899	8
3900	8
3901	8
3902	8
3903	8
3904	8
3905	8
3906	8
3907	8
3908	8
3909	8
3910	8
3911	8
3912	8
3913	8
3914	8
3915	8
3916	8
3917	8
3918	8
3919	8
3920	8
3921	8
3922	8
3923	8
3924	8
3925	8
3926	8
3927	9
3928	8
3929	8
3930	8
3931	9
3932	8
3933	8
3934	8
3935	8
3936	8
3937	8
3938	8
3939	8
3940	8
3941	8
3942	8
3943	8
3944	8
3945	8
3946	8
3947	8
3948	9
3949	8
3950	8
3951	8
3952	8
3953	8
3954	8
3955	8
3956	8
3957	8
3958	8
3959	8
3960	8
3961	8
3962	8
3963	8
3964	8
3965	8
3966	8
3967	8
3968	8
3969	8
3970	8
3971	8
3972	8
3973	8
3974	8
3975	8
3976	8
3977	8
3978	8
3979	8
3980	9
3981	9
3982	8
3983	8
3985	9
3986	8
3987	7
3988	1
3989	7
3990	1
3991	0
3992	0
3993	1
3994	1
3995	1
3996	7
3997	7
3998	1
3999	7
4000	1
4001	0
4002	7
4003	0
4004	0
4005	0
4006	0
4007	0
4008	7
4009	7
4010	7
4011	0
4012	1
4013	0
4014	0
4015	1
4016	0
4017	0
4018	0
4019	7
4020	0
4021	7
4022	7
4023	7
4024	0
4025	7
4026	7
4027	1
4028	0
4029	0
4030	7
4031	7
4032	7
4033	1
4034	1
4035	1
4036	7
4037	7
4038	7
4039	0
4040	1
4041	0
4042	0
4043	0
4044	7
4045	7
4046	7
4047	0
4048	7
4049	7
4050	7
4051	0
4052	7
4053	0
4054	7
4055	7
4056	7
4057	7
4058	7
4059	7
4060	0
4061	7
4062	0
4063	7
4064	0
4065	0
4066	0
4067	7
4068	0
4069	7
4070	0
4071	0
4072	7
4073	7
4074	7
4075	7
4076	7
4077	7
4078	8
4079	8
4080	8
4081	7
4082	8
4083	8
4084	8
4085	8
4086	8
4087	8
4088	8
4089	8
4090	8
4091	8
4092	8
4093	8
4094	8
4095	8
4096	8
4097	8
4098	8
4099	8
4100	8
4101	8
4102	8
4103	8
4104	8
4105	8
4106	0
4107	8
4108	8
4109	8
4110	0
4111	8
4112	8
4113	0
4114	8
4115	8
4116	8
4117	8
4118	8
4119	8
4120	8
4121	0
4122	0
4123	0
4124	8
4125	8
4126	8
4127	8
4128	8
4129	8
4130	8
4131	8
4132	8
4133	8
4134	0
4135	0
4136	8
4137	8
4138	8
4139	8
4140	8
4141	8
4142	8
4143	8
4144	8
4145	8
4146	8
4147	8
4148	0
4149	8
4150	7
4151	8
4152	8
4153	8
4154	8
4155	0
4156	8
4157	8
4158	8
4159	8
4160	7
4161	7
4162	7
4163	7
4164	7
4165	7
4166	7
4167	7
4168	7
4169	7
4170	7
4171	7
4172	7
4173	7
4174	7
4175	7
4176	7
4177	7
4178	7
4179	7
4180	7
4181	7
4182	7
4183	7
4184	7
4185	7
4186	7
4187	7
4188	7
4189	7
4190	7
4191	7
4192	7
4193	7
4194	7
4195	7
4196	7
4197	7
4198	7
4199	7
4200	7
4201	7
4202	7
4203	7
4204	7
4205	7
4206	7
4207	7
4208	7
4209	8
4210	8
4211	8
4212	8
4213	8
4214	8
4215	8
4216	8
4217	8
4218	8
4219	8
4220	8
4221	8
4222	8
4223	8
4224	8
4225	8
4226	8
4227	8
4228	8
4229	8
4230	8
4231	8
4232	8
4233	8
4234	8
4235	8
4236	8
4237	8
4238	8
4239	8
4240	9
4241	8
4242	8
4243	8
4244	8
4245	8
4246	8
4247	8
4248	8
4249	8
4250	8
4251	8
4252	8
4253	8
4254	8
4255	8
4256	8
4257	8
4258	8
4259	8
4260	8
4261	8
4262	8
4263	8
4264	8
4265	8
4266	7
4267	7
4268	7
4269	7
4270	1
4271	7
4272	7
4273	7
4274	7
4275	7
4276	7
4277	7
4278	7
4279	1
4280	1
4281	0
4282	0
4283	0
4284	7
4285	1
4286	7
4287	7
4288	7
4289	7
4290	0
4291	0
4292	0
4293	7
4294	7
4295	7
4296	7
4297	7
4298	7
4299	7
4300	7
4301	7
4302	7
4303	7
4304	7
4305	7
4306	1
4307	7
4308	7
4309	7
4310	7
4311	7
4312	7
4313	7
4314	7
4315	7
4316	7
4317	7
4318	7
4319	7
4320	7
4321	0
4322	7
4323	0
4324	7
4325	7
4326	7
4327	7
4328	7
4329	7
4330	0
4331	0
4332	0
4333	1
4334	1
4335	1
4336	1
4337	1
4338	1
4339	1
4340	1
4341	7
4342	7
4343	0
4344	7
4345	0
4346	7
4347	7
4348	7
4349	7
4350	0
4351	7
4352	7
4353	7
4354	7
4355	7
4356	7
4357	7
4358	7
4359	7
4360	7
4361	7
4362	7
4363	7
4364	1
4365	7
4366	1
4367	7
4368	7
4369	1
4370	7
4371	0
4372	7
4373	7
4374	7
4375	7
4376	0
4377	1
4378	7
4379	0
4380	7
4381	7
4382	7
4383	7
4384	1
4385	7
4386	1
4387	7
4388	1
4389	7
4390	1
4391	7
4392	7
4393	7
4394	7
4395	7
4396	7
4397	7
4398	1
4399	7
4400	7
4401	7
4402	0
4403	7
4404	7
4405	7
4406	7
4407	7
4408	7
4409	1
4410	7
4411	7
4412	7
4413	7
4414	7
4415	7
4416	7
4417	7
4418	1
4419	7
4420	7
4421	1
4422	7
4423	7
4424	7
4425	7
4426	7
4427	0
4428	7
4429	7
4430	7
4431	7
4432	7
4433	1
4434	1
4435	1
4436	7
4437	1
4438	7
4439	7
4440	7
4441	7
4442	7
4443	0
4444	0
4445	7
4446	0
4447	7
4448	7
4449	7
4450	7
4451	7
4452	7
4453	7
4454	7
4455	1
4456	7
4457	0
4458	1
4459	1
4460	7
4461	7
4462	7
4463	7
4464	7
4465	7
4466	1
4467	0
4468	1
4469	7
4470	0
4471	7
4472	0
4473	1
4474	7
4475	7
4476	7
4477	7
4478	7
4479	7
4480	1
4481	7
4482	7
4483	7
4484	7
4485	7
4486	7
4487	7
4488	1
4489	1
4490	8
4496	8
4497	8
4498	8
4499	8
4500	8
4501	8
4502	8
4503	8
4504	8
4510	8
4511	8
4512	8
4513	8
4514	8
4515	8
4516	8
4517	8
4518	8
4519	8
4520	8
4521	8
4522	8
4523	8
4524	8
4525	8
4526	8
4527	7
4528	7
4529	7
4530	7
4531	7
4532	7
4533	7
4534	7
4535	7
4536	7
4537	7
4538	7
4539	7
4540	7
4541	7
4542	1
4543	7
4544	7
4545	7
4546	7
4547	7
4548	7
4549	7
4550	7
4551	7
4552	7
4553	7
4554	6
4555	5
4556	7
4557	6
4558	6
4559	6
4560	6
4561	6
4562	6
4563	6
4564	6
4565	8
4566	8
4567	6
4568	6
4569	6
4570	8
4571	8
4572	8
4573	8
4574	9
4575	6
4576	6
4577	6
4578	6
4579	6
4580	6
4581	6
4582	6
4583	6
4584	6
4585	6
4586	9
4587	9
4588	6
4589	5
4590	3
4591	1
4592	6
4596	6
4597	9
4599	9
4600	9
4601	9
4602	9
4603	9
4607	9
4608	6
4609	3
4610	1
4611	6
4612	3
4613	6
4614	6
4615	6
4616	6
4617	8
4618	8
4619	8
4620	9
4621	8
4622	6
4623	7
4624	7
4625	6
4626	6
4627	6
4628	5
4629	5
4630	5
4631	5
4632	5
4633	5
4634	8
4635	6
4636	6
4637	6
4638	8
4639	8
4640	8
4641	8
4642	3
4643	3
4644	3
4645	3
4646	1
4647	6
4648	6
4649	6
4650	8
4651	6
4652	3
4653	8
4654	8
4655	9
4656	9
4657	8
4658	1
4659	3
4660	5
4661	6
4662	6
4663	6
4664	6
4665	6
4666	6
4667	6
4668	6
4669	6
4670	6
4671	5
4672	5
4673	5
4674	3
4675	7
4676	8
4677	0
4678	6
4679	3
4680	5
4681	3
4682	5
4683	3
4684	3
4685	5
4686	6
4687	6
4688	8
4689	8
4690	8
4691	8
4692	8
4693	5
4694	5
4695	5
4696	5
4697	5
4698	3
4699	3
4700	3
4701	3
4702	3
4703	3
4704	3
4705	3
4706	8
4707	6
4708	6
4709	6
4710	5
4711	3
4712	8
4713	5
4714	8
4715	3
4716	3
4717	3
4718	3
4719	3
4720	3
4721	3
4722	6
4723	8
4724	6
4725	3
4726	6
4727	6
4728	6
4729	6
4730	6
4731	3
4732	5
4733	3
4734	3
4735	3
4736	6
4737	8
4738	8
4739	8
4740	8
4741	8
4742	8
4743	8
4744	3
4745	8
4746	8
4747	6
4748	6
4749	6
4750	6
4751	6
4752	6
4753	6
4754	8
4755	8
4756	8
4757	8
4758	8
4759	8
4760	6
4761	8
4762	8
4763	8
4764	8
4765	8
4766	8
4767	8
4768	8
4769	8
4770	8
4771	8
4772	8
4773	8
4774	8
4775	6
4776	6
4777	8
4778	6
4779	8
4780	6
4781	6
4782	6
4783	6
4784	9
4785	8
4786	8
4787	8
4788	6
4789	6
4790	6
4791	6
4792	6
4793	8
4794	8
4795	8
4796	8
4797	6
4798	8
4799	8
4800	8
4801	8
4802	8
4803	8
4804	8
4805	8
4806	8
4807	3
4808	8
4809	3
4810	8
4811	8
4812	8
4813	3
4815	8
4816	9
4817	9
4818	9
4819	8
4820	9
4821	8
4822	8
4823	8
4826	8
4827	6
4828	8
4829	8
4830	6
4831	6
4832	6
4833	8
4834	8
4835	8
4836	6
4837	8
4838	8
4839	6
4840	8
4841	8
4842	6
4843	6
4844	8
4845	8
4846	8
4847	8
4848	8
4849	8
4850	8
4851	6
4852	6
4853	8
4854	6
4855	8
4856	6
4857	6
4858	6
4859	6
4860	6
4861	8
4862	8
4863	6
4864	8
4865	8
4866	8
4867	5
4868	8
4869	5
4870	5
4871	5
4872	1
4873	7
4874	7
4875	6
4876	6
4877	3
4878	0
4879	8
4880	6
4881	6
4882	6
4883	6
4884	6
4885	6
4886	8
4887	8
4888	6
4889	8
4890	8
4891	6
4892	5
4893	3
4894	8
4895	8
4896	3
4897	6
4898	3
4899	3
4900	3
4901	6
4902	7
4903	7
4904	7
4905	6
4906	6
4907	7
4908	9
4909	3
4910	6
4911	6
4912	0
4913	6
4914	6
4915	0
4916	8
4917	6
4918	3
4919	3
4920	0
4921	8
4922	8
4923	8
4924	8
4925	3
4926	1
4927	3
4928	3
4929	3
4930	3
4931	6
4932	3
4933	3
4934	6
4935	7
4936	7
4937	6
4938	3
4939	9
4940	6
4941	3
4942	6
4943	6
4944	5
4945	8
4946	8
4947	8
4948	9
4949	9
4950	9
4951	9
4953	9
4954	9
4955	9
4956	9
4958	9
4959	9
4961	9
4966	9
4968	1
4969	1
4970	1
4971	1
4972	1
4973	1
4974	1
4975	1
4976	1
4977	1
4978	1
4979	1
4980	1
4981	1
4982	1
4983	1
4984	1
4985	1
4986	1
4987	9
4988	9
4989	1
4990	1
4991	1
4992	1
4993	1
4994	1
4995	1
4996	9
4997	9
4998	1
4999	9
5000	1
5001	1
5002	1
5003	1
5004	1
5005	1
5006	1
5007	1
5008	1
5009	1
5010	1
5011	1
5012	1
5013	4
5014	1
5015	1
5016	1
5017	1
5018	1
5019	1
5020	1
5021	1
5022	1
5023	1
5024	1
5025	1
5026	1
5027	1
5028	1
5029	1
5030	1
5031	1
5032	8
5033	1
5034	1
5035	1
5036	1
5037	8
5038	8
5039	1
5040	1
5041	8
5042	8
5043	8
5044	8
5045	8
5046	1
5047	8
5048	8
5049	1
5050	8
5051	1
5052	1
5053	1
5054	1
5055	1
5058	1
5059	1
5063	1
5066	1
5067	1
5068	1
5069	1
5070	1
5071	1
5072	1
5073	1
5074	1
5075	1
5076	1
5077	1
5078	1
5079	1
5080	1
5081	1
5082	1
5083	1
5084	1
5085	1
5086	1
5087	9
5088	1
5089	1
5090	1
5091	1
5092	0
5093	7
5094	0
5095	0
5096	0
5097	0
5098	0
5099	0
5100	0
5101	0
5102	0
5103	0
5104	0
5105	0
5106	0
5107	0
5108	8
5109	8
5110	0
5111	0
5112	0
5113	0
5114	0
5115	0
5116	0
5117	0
5118	0
5119	5
5120	9
5121	9
5122	2
5123	1
5124	1
5125	2
5126	2
5127	2
5128	1
5129	1
5130	9
5131	2
5132	1
5133	2
5134	5
5135	9
5136	1
5137	1
5138	1
5139	5
5140	5
5141	5
5142	5
5143	5
5144	3
5145	5
5146	9
5147	1
5148	5
5149	9
5150	9
5151	9
5152	9
5153	9
5154	1
5155	9
5156	1
5157	1
5158	9
5159	9
5160	1
5161	5
5162	1
5163	2
5164	1
5165	2
5166	2
5167	1
5168	5
5169	1
5170	1
5171	9
5172	1
5173	1
5174	2
5175	2
5176	5
5177	9
5178	1
5179	1
5180	9
5181	1
5182	5
5183	5
5184	9
5185	5
5186	2
5187	1
5188	9
5189	5
5190	9
5191	2
5192	9
5193	9
5194	9
5195	9
5196	9
5197	9
5198	9
5199	9
5200	9
5201	5
5202	9
5203	5
5204	9
5205	1
5206	1
5207	9
5208	5
5209	2
5210	2
5211	1
5212	2
5213	1
5214	9
5215	9
5216	1
5217	9
5218	2
5219	1
5220	1
5221	9
5222	1
5223	9
5224	9
5225	5
5226	2
5227	2
5228	1
5229	9
5230	2
5231	5
5232	5
5233	5
5234	5
5235	5
5236	1
5237	2
5238	1
5239	1
5240	9
5241	9
5242	9
5243	9
5244	9
5245	9
5246	1
5247	1
5248	9
5249	1
5250	2
5251	5
5252	1
5253	5
5254	1
5255	2
5256	2
5257	9
5258	9
5259	1
5260	1
5261	5
5262	1
5263	9
5264	9
5265	9
5266	5
5267	5
5268	3
5269	2
5270	2
5271	3
5272	5
5273	5
5274	5
5275	9
5276	9
5277	9
5278	1
5279	9
5280	4
5281	1
5282	9
5283	9
5284	9
5285	3
5286	5
5287	5
5288	2
5289	1
5290	2
5291	9
5292	9
5293	2
5294	1
5295	2
5296	5
5297	9
5298	2
5299	5
5300	9
5301	5
5302	9
5303	5
5304	5
5305	1
5306	9
5307	9
5308	1
5309	5
5310	1
5311	2
5312	3
5313	3
5314	2
5315	9
5316	1
5317	4
5318	9
5319	9
5320	5
5321	1
5322	1
5324	9
5325	9
5326	1
5327	2
5328	9
5329	9
5330	1
5331	9
5332	2
5333	0
5334	9
5335	2
5336	2
5337	3
5338	2
5339	3
5340	2
5341	3
5342	1
5343	9
5344	2
5345	5
5346	2
5347	2
5348	9
5349	1
5350	1
5351	1
5352	9
5353	1
5354	2
5355	1
5356	9
5357	5
5358	5
5359	5
5360	5
5361	5
5362	2
5363	9
5364	2
5365	2
5366	4
5367	2
5368	2
5369	2
5370	2
5371	3
5372	2
5373	9
5374	2
5375	4
5376	1
5377	5
5378	1
5379	2
5380	1
5381	1
5382	1
5383	1
5384	1
5385	9
5386	2
5387	3
5388	3
5389	3
5390	3
5391	3
5392	2
5393	2
5394	2
5395	3
5396	2
5397	2
5398	9
5399	2
5400	1
5401	9
5402	5
5403	2
5404	2
5405	4
5406	4
5407	2
5408	4
5409	2
5410	1
5411	2
5412	1
5413	2
5414	1
5415	1
5416	9
5417	1
5418	9
5419	9
5420	2
5421	2
5422	5
5423	1
5424	9
5425	2
5426	2
5427	2
5428	1
5429	2
5430	3
5431	2
5432	2
5433	2
5434	2
5435	9
5436	3
5437	2
5438	3
5439	3
5440	3
5441	2
5442	2
5443	1
5444	1
5445	5
5446	2
5447	2
5448	2
5449	4
5450	4
5451	2
5452	4
5453	4
5454	4
5455	2
5456	5
5457	1
5458	9
5459	5
5460	9
5461	2
5462	1
5463	2
5464	1
5465	9
5466	1
5467	1
5468	1
5469	2
5470	5
5471	2
5472	1
5473	5
5474	2
5475	1
5476	9
5477	1
5478	2
5479	9
5480	1
5481	5
5482	5
5483	1
5484	1
5485	5
5486	2
5487	2
5488	2
5489	3
5490	3
5491	2
5492	2
5493	9
5494	2
5495	2
5496	9
5497	2
5498	1
5499	9
5500	1
5501	2
5502	2
5503	2
5504	2
5505	2
5506	2
5507	2
5508	4
5509	1
5510	2
5511	9
5512	1
5513	9
5514	9
5515	9
5516	2
5517	2
5518	1
5519	5
5520	3
5521	5
5522	1
5523	2
5524	1
5525	2
5526	2
5527	2
5528	2
5529	5
5530	2
5531	2
5532	9
5533	5
5534	1
5535	5
5536	1
5537	1
5538	2
5539	1
5540	2
5541	2
5542	3
5543	3
5544	2
5545	5
5546	2
5547	9
5548	2
5549	1
5550	9
5551	2
5552	2
5553	2
5554	2
5555	2
5556	9
5557	9
5558	1
5559	1
5560	9
5561	1
5562	2
5563	1
5564	1
5565	1
5566	1
5567	1
5568	1
5569	2
5570	9
5571	9
5572	9
5573	5
5574	5
5575	5
5576	2
5577	2
5578	2
5579	2
5580	2
5581	2
5582	2
5583	2
5584	2
5585	2
5586	9
5587	2
5588	2
5589	2
5590	9
5591	2
5592	1
5593	9
5594	2
5595	9
5596	2
5597	2
5598	2
5599	2
5600	2
5601	9
5602	1
5603	9
5604	9
5605	9
5606	9
5607	1
5608	1
5609	5
5610	9
5611	1
5612	9
5613	5
5614	9
5615	1
5616	2
5617	9
5618	9
5619	2
5620	1
5621	1
5622	9
5623	5
5624	2
5625	5
5626	1
5627	9
5628	2
5629	9
5630	2
5631	2
5632	1
5633	2
5634	2
5635	2
5636	2
5637	3
5638	3
5639	2
5640	3
5641	5
5642	5
5643	9
5644	2
5645	1
5646	9
5647	9
5648	9
5649	1
5650	1
5651	9
5652	2
5653	2
5654	2
5655	2
5656	3
5657	2
5658	1
5659	2
5660	3
5661	2
5662	9
5663	9
5664	9
5665	2
5666	2
5667	1
5668	5
5669	2
5670	1
5671	1
5672	2
5673	2
5674	9
5675	1
5676	9
5677	1
5678	2
5679	2
5680	2
5681	2
5682	2
5683	2
5684	2
5685	9
5686	9
5687	9
5688	2
5689	5
5690	1
5691	1
5692	1
5693	1
5694	9
5695	1
5696	5
5697	9
5698	9
5699	3
5700	2
5701	2
5702	2
5703	2
5704	2
5705	9
5706	2
5707	2
5708	2
5709	2
5710	2
5711	2
5712	2
5713	9
5714	9
5715	2
5716	9
5717	9
5718	9
5719	2
5720	5
5721	1
5722	5
5723	5
5725	2
5726	9
5727	2
5728	9
5729	1
5730	2
5731	5
5732	9
5733	1
5734	2
5735	1
5736	2
5737	1
5738	1
5739	5
5740	1
5741	1
5742	9
5743	9
5744	9
5745	1
5746	2
5747	2
5748	1
5749	4
5750	2
5751	2
5752	2
5753	2
5754	2
5755	2
5756	1
5757	1
5758	1
5759	2
5766	1
5767	9
5768	2
5769	9
5770	1
5771	9
5772	5
5773	9
5774	2
5775	5
5776	9
5777	9
5778	2
5779	2
5780	1
5781	2
5782	9
5783	4
5784	9
5785	4
5786	9
5787	1
5788	5
5789	5
5790	5
5791	9
5792	9
5793	9
5794	9
5795	2
5796	2
5797	1
5798	9
5799	2
5800	1
5801	2
5802	2
5803	2
5804	2
5805	9
5806	9
5807	9
5810	5
5811	5
5812	2
5813	5
5814	1
5815	1
5816	1
5817	1
5818	1
5819	2
5820	1
5821	1
5822	9
5823	9
5824	2
5825	5
5826	2
5827	4
5828	9
5829	5
5830	3
5831	5
5832	1
5833	9
5834	1
5835	9
5836	9
5837	1
5838	9
5839	9
5840	9
5841	9
5842	9
5843	1
5844	9
5845	9
5846	1
5847	2
5848	9
5849	9
5850	1
5851	2
5852	2
5853	5
5854	1
5855	0
5856	1
5857	1
5858	1
5859	2
5860	1
5861	9
5862	1
5863	5
5864	9
5865	2
5866	5
5867	5
5868	5
5869	2
5870	9
5871	9
5872	9
5873	2
5874	2
5875	9
5876	5
5877	9
5878	9
5879	1
5880	9
5881	9
5882	9
5883	9
5884	1
5885	1
5886	9
5887	9
5888	9
5889	9
5890	9
5891	7
5892	7
5893	7
5894	7
5895	7
5896	7
5897	7
5898	7
5899	7
5900	7
5901	7
5902	7
5903	7
5904	7
5905	7
5906	7
5907	7
5908	7
5909	7
5910	7
5911	7
5912	7
5913	7
5914	7
5915	7
5916	7
5917	7
5918	7
5919	7
5920	7
5921	7
5922	7
5923	7
5924	7
5925	7
5926	7
5927	7
5928	7
5929	7
5930	7
5931	7
5932	7
5933	7
5934	7
5935	7
5936	7
5937	7
5938	7
5939	7
5940	7
5941	7
5942	7
5943	7
5944	7
5945	7
5946	7
5947	7
5948	7
5949	7
5950	7
5951	7
5952	7
5953	7
5954	7
5955	7
5956	7
5957	7
5958	7
5959	7
5960	7
5961	7
5962	7
5963	7
5964	7
5965	7
5966	7
5967	7
5968	7
5969	7
5970	7
5971	7
5972	7
5973	7
5974	7
5975	7
5976	7
5977	7
5978	7
5979	7
5980	7
5981	7
5982	7
5983	7
5984	7
5985	7
5986	7
5987	7
5988	7
5989	7
5990	7
5991	7
5992	7
5993	7
5994	7
5995	7
5996	7
5997	7
5998	7
5999	7
6000	7
6001	7
6002	7
6003	7
6004	7
6005	7
6006	7
6007	7
6008	7
6009	7
6010	7
6011	7
6012	7
6013	7
6014	7
6015	7
6016	7
6017	7
6018	7
6019	7
6020	7
6021	7
6022	7
6023	7
6024	7
6025	7
6026	7
6027	7
6028	7
6029	7
6030	7
6031	7
6032	7
6033	7
6034	7
6035	7
6036	7
6037	7
6038	7
6039	7
6040	7
6041	7
6042	7
6043	7
6044	7
6045	7
6046	7
6047	7
6048	7
6049	7
6050	7
6051	7
6052	7
6053	7
6054	7
6055	7
6056	7
6057	7
6058	7
6059	7
6060	7
6061	7
6062	7
6063	7
6064	7
6065	7
6066	7
6067	7
6068	7
6069	7
6070	7
6071	7
6072	7
6073	7
6074	7
6075	7
6076	7
6077	7
6078	7
6079	7
6080	7
6081	7
6082	7
6083	7
6084	7
6085	7
6086	7
6087	7
6088	7
6089	7
6090	7
6091	7
6092	7
6093	7
6094	7
6095	7
6096	7
6097	7
6098	7
6099	7
6100	7
6101	7
6102	7
6103	7
6104	7
6105	7
6106	7
6107	7
6108	7
6109	7
6110	7
6111	7
6112	7
6113	7
6114	7
6115	7
6116	7
6117	7
6118	7
6119	7
6120	7
6121	7
6122	7
6123	7
6124	7
6125	7
6126	7
6127	7
6128	7
6129	7
6130	7
6131	7
6132	7
6133	7
6134	7
6135	7
6136	7
6137	7
6138	7
6139	7
6140	7
6141	7
6142	7
6143	7
6144	7
6145	7
6146	7
6147	7
6148	7
6149	7
6150	7
6151	7
6152	7
6153	7
6154	7
6155	7
6156	7
6157	7
6158	7
6159	7
6160	7
6161	7
6162	7
6163	7
6164	7
6165	7
6166	7
6167	7
6168	7
6169	7
6170	7
6171	7
6172	7
6173	7
6174	7
6175	7
6176	7
6177	7
6178	7
6179	7
6180	7
6181	7
6182	7
6183	7
6184	7
6185	7
6186	7
6187	7
6188	7
6189	7
6190	7
6191	7
6192	7
6193	7
6194	7
6195	7
6196	7
6197	7
6198	7
6199	7
6200	7
6201	7
6202	7
6203	7
6204	7
6205	7
6206	7
6207	7
6208	7
6209	7
6210	7
6211	7
6212	7
6213	7
6214	7
6215	7
6216	7
6217	7
6218	7
6219	7
6220	7
6221	7
6222	7
6223	7
6224	7
6225	7
6226	7
6227	7
6228	7
6229	7
6230	7
6231	7
6232	7
6233	7
6234	1
6235	1
6236	1
6237	7
6238	7
6239	8
6240	8
6241	8
6242	0
6243	8
6244	8
6245	8
6246	8
6247	8
6248	9
6249	8
6250	8
6251	0
6252	8
6253	8
6254	9
6255	9
6256	0
6257	0
6258	8
6259	9
6260	8
6261	8
6262	8
6263	8
6264	8
6265	8
6266	8
6267	8
6268	0
6269	8
6270	0
6271	8
6272	8
6273	9
6274	8
6275	8
6276	8
6277	8
6278	8
6279	8
6280	8
6281	8
6282	8
6283	9
6284	9
6285	8
6286	8
6287	8
6288	8
6289	8
6290	8
6291	8
6292	9
6293	8
6294	8
6295	8
6296	8
6297	8
6298	8
6299	8
6300	8
6301	8
6302	8
6303	8
6304	8
6305	8
6306	8
6307	9
6308	8
6309	8
6310	8
6311	9
6312	8
6313	8
6314	8
6315	8
6316	8
6317	8
6318	8
6319	8
6320	8
6321	8
6322	8
6323	8
6324	8
6325	8
6326	8
6327	8
6328	8
6329	8
6330	8
6331	8
6332	8
6333	0
6334	8
6335	8
6336	8
6337	9
6338	8
6339	8
6340	8
6341	8
6342	8
6343	9
6344	8
6345	8
6346	8
6347	8
6348	8
6349	8
6350	8
6351	8
6352	8
6353	8
6354	8
6355	8
6356	8
6357	8
6358	8
6359	8
6360	0
6361	6
6362	6
6363	8
6364	8
6365	8
6366	8
6367	0
6368	8
6369	8
6370	8
6371	6
6372	8
6373	6
6374	6
6375	8
6376	8
6377	8
6378	8
6379	8
6380	8
6381	8
6382	9
6383	8
6384	8
6385	8
6386	8
6387	8
6388	9
6389	8
6390	8
6391	9
6392	8
6393	0
6394	9
6395	9
6396	8
6397	8
6398	8
6399	8
6400	0
6401	9
6402	8
6403	8
6404	8
6405	0
6406	9
6407	9
6408	0
6409	8
6410	8
6411	0
6412	8
6413	8
6414	8
6415	8
6416	8
6417	8
6418	8
6419	8
6420	8
6421	8
6422	8
6423	8
6424	8
6425	8
6426	8
6427	8
6428	8
6429	8
6430	8
6431	8
6432	8
6433	8
6435	8
6436	8
6437	8
6438	8
6439	8
6440	9
6441	8
6442	8
6443	8
6444	8
6445	8
6446	8
6447	8
6448	8
6449	8
6450	8
6451	8
6452	8
6453	8
6454	8
6455	8
6456	8
6457	8
6458	9
6459	8
6460	8
6461	8
6462	8
6463	0
6464	0
6465	9
6466	8
6467	8
6468	8
6469	8
6470	8
6471	8
6472	8
6474	8
6475	0
6476	8
6477	9
6478	8
6479	8
6480	8
6481	8
6482	8
6483	8
6484	8
6485	8
6486	8
6487	8
6488	8
6489	8
6490	8
6491	8
6492	8
6493	8
6494	8
6495	8
6496	8
6497	8
6498	8
6499	8
6500	8
6501	8
6502	8
6503	8
6504	8
6505	8
6506	8
6507	8
6508	8
6509	0
6510	8
6511	8
6512	8
6513	8
6514	8
6515	8
6516	8
6517	8
6518	8
6519	8
6520	8
6521	8
6522	8
6523	8
6524	8
6525	8
6526	8
6527	8
6528	8
6529	8
6530	8
6531	8
6532	9
6533	9
6534	0
6535	9
6536	8
6537	8
6538	8
6539	8
6540	8
6541	8
6542	0
6543	0
6544	0
6545	8
6546	8
6547	8
6548	8
6549	8
6550	8
6551	8
6552	8
6553	8
6554	8
6555	8
6556	8
6557	8
6558	8
6559	8
6560	8
6561	8
6562	8
6563	8
6564	8
6565	1
6566	1
6567	1
6568	1
6569	1
6570	1
6571	1
6572	1
6573	1
6574	1
6575	1
6576	1
6577	1
6578	1
6579	1
6580	1
6581	1
6582	1
6583	1
6584	1
6585	1
6586	1
6587	1
6588	1
6589	7
6590	1
6591	1
6592	1
6593	1
6594	7
6595	1
6596	1
6597	1
6598	1
6599	1
6600	1
6601	1
6602	1
6603	1
6604	1
6605	7
6606	1
6607	1
6608	1
6609	1
6610	1
6611	1
6612	1
6613	7
6614	1
6615	7
6616	7
6617	1
6618	1
6619	7
6620	7
6621	7
6622	7
6623	7
6624	1
6625	1
6626	1
6627	1
6628	1
6629	1
6630	1
6631	1
6632	1
6633	1
6634	1
6635	1
6636	1
6637	1
6638	1
6639	1
6640	1
6641	1
6642	1
6643	1
6644	1
6645	1
6646	1
6647	1
6648	1
6650	1
6651	1
6652	1
6653	1
6654	1
6655	1
6656	1
6657	1
6658	1
6659	1
6660	1
6661	1
6662	1
6663	1
6664	1
6665	1
6666	1
6667	1
6668	1
6669	1
6671	1
6672	1
6679	1
6683	1
6684	1
6685	1
6686	1
6687	0
6688	1
6689	1
6690	1
6691	1
6692	1
6693	1
6694	1
6695	1
6696	1
6697	1
6698	1
6699	1
6700	1
6701	1
6702	1
6703	1
6704	1
6705	1
6706	1
6707	1
6708	1
6709	1
6710	1
6711	1
6712	1
6713	1
6714	1
6715	1
6716	1
6717	1
6718	1
6719	1
6720	1
6721	1
6722	1
6723	1
6724	1
6725	1
6726	1
6727	1
6728	1
6729	1
6730	1
6731	1
6732	1
6733	1
6734	1
6735	1
6736	1
6737	1
6738	1
6739	1
6740	1
6741	1
6742	1
6743	1
6744	1
6745	1
6746	1
6747	1
6748	1
6749	1
6750	1
6751	1
6752	1
6753	1
6754	1
6755	1
6756	1
6757	1
6758	1
6759	1
6760	1
6761	1
6762	1
6763	1
6764	7
6765	7
6766	7
6767	7
6768	7
6769	7
6770	7
6771	7
6772	7
6773	7
6774	7
6775	7
6776	7
6777	7
6778	7
6779	7
6780	7
6781	7
6782	7
6783	7
6784	7
6785	7
6786	7
6787	7
6788	7
6789	7
6790	7
6791	7
6792	7
6793	7
6794	7
6795	7
6796	7
6797	7
6798	7
6799	7
6800	7
6801	7
6802	7
6803	7
6804	7
6805	7
6806	7
6807	7
6808	7
6809	7
6810	7
6811	7
6812	7
6813	7
6814	7
6815	7
6816	7
6817	7
6818	7
6819	7
6820	0
6821	1
6822	7
6823	7
6824	7
6825	7
6826	7
6827	7
6828	0
6829	0
6830	7
6831	7
6832	7
6833	7
6834	7
6835	7
6836	7
6837	7
6838	7
6839	7
6840	7
6841	7
6842	7
6843	7
6844	7
6845	7
6846	7
6847	7
6848	7
6849	7
6850	7
6851	7
6852	7
6853	7
6854	7
6855	7
6856	7
6857	7
6858	7
6859	7
6860	7
6861	7
6862	7
6863	1
6864	7
6865	1
6866	1
6867	1
6868	7
6869	1
6870	7
6871	7
6872	1
6873	0
6874	1
6875	1
6876	1
6877	1
6878	7
6879	7
6880	7
6881	1
6882	1
6883	7
6884	7
6885	7
6886	7
6887	7
6888	1
6889	7
6890	1
6891	1
6892	7
6893	7
6894	7
6895	7
6896	1
6897	7
6898	7
6899	7
6900	7
6901	1
6902	0
6903	1
6904	1
6905	1
6906	1
6907	1
6908	7
6909	7
6910	0
6911	7
6912	7
6913	1
6914	7
6915	1
6916	0
6917	1
6918	1
6919	1
6920	0
6921	0
6922	0
6923	0
6924	0
6925	0
6926	7
6927	0
6928	0
6929	0
6930	1
6931	7
6932	1
6933	1
6934	1
6935	7
6936	7
6937	1
6938	7
6939	0
6940	0
6941	0
6942	0
6943	0
6944	7
6945	7
6946	7
6947	0
6948	7
6949	7
6950	7
6951	0
6952	0
6953	0
6954	0
6955	0
6956	0
6957	7
6958	7
6959	0
6960	7
6961	7
6962	7
6963	0
6964	0
6965	7
6966	1
