1	7
2	7
3	7
4	7
5	7
6	7
7	7
8	1
9	1
10	7
11	7
12	7
13	7
14	7
15	7
16	7
17	7
18	7
19	7
20	1
21	7
22	1
23	1
24	1
25	7
26	7
27	7
28	7
29	7
30	7
31	7
32	7
33	7
34	7
35	7
36	7
37	7
38	7
39	7
40	7
41	7
42	7
43	7
44	7
45	7
46	7
47	7
48	7
49	7
50	7
51	7
52	7
53	7
54	7
55	7
56	7
57	7
58	7
59	7
60	7
61	7
62	7
63	7
64	7
65	7
66	7
67	7
68	1
69	1
70	1
71	7
72	7
73	7
74	1
75	7
76	7
77	7
78	7
79	7
80	7
81	7
82	7
83	7
84	7
85	7
86	7
87	7
88	7
89	7
90	7
91	7
92	7
93	7
94	7
95	1
96	7
97	7
98	7
99	1
100	7
101	7
102	7
103	7
104	7
105	1
106	7
107	7
108	7
109	7
110	0
111	1
112	1
113	1
114	1
115	7
116	1
117	1
118	1
119	7
120	1
121	7
122	1
123	7
124	1
125	1
126	1
127	1
128	1
129	1
130	1
131	1
132	1
133	7
134	0
135	7
136	7
137	7
138	7
139	1
140	1
141	1
142	1
143	1
144	1
145	1
146	7
147	0
148	7
149	0
150	1
151	1
152	7
153	7
154	7
155	1
156	1
157	1
158	1
159	1
160	1
161	1
162	1
163	7
164	7
165	1
166	1
167	1
168	1
169	1
170	1
171	7
172	7
173	7
174	7
175	7
176	1
177	7
178	7
179	7
180	7
181	7
182	1
183	1
184	7
185	1
186	7
187	7
188	1
189	7
190	7
191	7
192	7
193	7
194	7
195	1
196	1
197	7
198	7
199	7
200	7
201	7
202	1
203	7
204	7
205	7
206	7
207	7
208	7
209	7
210	7
211	7
212	7
213	7
214	7
215	1
216	7
217	7
218	7
219	7
220	7
221	1
222	1
223	1
224	7
225	7
226	1
227	7
228	1
229	1
230	1
231	1
232	7
233	7
234	1
235	7
236	1
237	1
238	1
239	1
240	1
241	7
242	7
243	7
244	7
245	7
246	7
247	7
248	7
249	7
250	1
251	1
252	7
253	7
254	7
255	7
256	7
257	0
258	0
259	0
260	0
261	0
262	1
263	1
264	0
265	1
266	1
267	7
268	1
269	1
270	1
271	0
272	7
273	0
274	0
275	7
276	1
277	1
278	0
279	1
280	0
281	0
282	0
283	0
284	0
285	0
286	0
287	0
288	0
289	1
290	1
291	1
292	1
293	1
294	7
295	0
296	0
297	0
298	0
299	0
300	0
301	0
302	0
303	0
304	1
305	0
306	0
307	0
308	0
309	1
310	1
311	5
312	0
313	7
314	0
315	0
316	0
317	0
318	0
319	1
320	7
321	0
322	7
323	0
324	7
325	0
326	0
327	0
328	0
329	0
330	0
331	1
332	0
333	0
334	0
335	0
336	0
337	0
338	0
339	1
340	0
341	0
342	0
343	9
344	9
345	9
346	9
347	9
348	9
349	9
350	9
351	9
352	9
353	9
354	9
355	9
357	9
358	9
359	9
360	9
361	9
362	9
363	9
365	9
366	9
367	9
368	9
369	9
370	9
372	9
373	9
374	9
375	9
376	9
377	9
378	9
379	9
380	9
381	9
382	9
383	9
384	9
385	9
386	9
387	9
388	9
389	9
390	9
391	9
392	9
393	9
394	9
395	9
396	9
397	9
398	9
399	9
400	9
401	9
402	9
403	9
404	9
405	9
406	9
407	9
408	9
409	9
410	9
411	9
412	9
413	9
414	9
415	9
416	9
417	9
418	9
419	9
420	9
421	9
422	9
423	9
424	9
425	9
426	8
427	9
428	9
429	9
430	9
431	9
432	8
434	9
435	9
436	9
438	9
439	0
440	0
441	0
442	0
443	0
444	0
445	0
446	0
447	0
448	0
449	0
450	0
451	0
452	0
453	0
454	0
455	0
456	0
457	0
458	0
459	0
460	0
461	0
462	0
463	0
464	0
465	0
466	0
467	0
468	0
469	0
470	0
471	0
472	0
473	0
474	0
475	0
476	0
477	0
478	0
479	0
480	0
481	0
482	0
483	0
484	0
485	0
486	0
487	0
488	0
489	0
490	0
491	0
492	0
493	0
494	0
495	0
496	0
497	0
498	0
499	0
500	0
501	0
502	0
503	0
504	0
505	0
506	0
507	0
508	0
509	0
510	0
511	0
512	0
513	0
514	0
515	0
516	0
517	0
518	0
519	0
520	0
521	0
522	0
523	0
524	0
525	0
526	0
527	0
528	0
529	0
530	0
531	0
532	0
533	0
534	0
535	0
536	0
538	0
539	0
540	0
541	0
542	0
543	0
544	0
545	0
546	0
547	0
548	0
549	0
550	0
551	0
552	0
553	0
554	0
555	0
556	0
557	0
558	0
559	0
560	0
561	0
562	0
563	0
564	0
565	0
566	0
567	0
568	0
569	0
570	0
571	0
572	0
573	0
574	0
575	0
576	0
577	0
578	0
579	0
580	0
581	0
582	0
583	0
584	0
585	0
586	0
587	0
588	0
589	0
590	0
591	0
592	0
593	0
594	0
595	0
596	0
597	0
598	0
599	0
600	0
601	0
602	0
603	0
604	0
605	0
606	0
607	0
608	0
609	0
610	0
611	0
612	0
613	0
614	0
615	0
616	0
617	0
618	0
619	0
620	0
621	0
622	0
623	0
624	0
625	0
626	0
627	0
628	0
629	0
630	0
631	0
632	0
633	0
634	0
635	0
636	0
637	0
638	0
639	0
640	0
641	0
642	0
643	0
644	0
645	0
646	1
647	1
648	1
649	1
650	1
651	7
652	1
653	1
654	1
655	7
656	1
657	7
658	1
659	1
660	0
661	0
662	0
663	0
664	0
665	0
666	0
667	0
668	0
669	0
670	0
671	0
672	0
673	0
674	0
675	0
676	0
677	0
678	0
679	6
680	6
681	8
682	8
683	6
684	8
685	6
686	6
687	8
688	8
689	6
690	6
691	8
692	8
693	0
694	6
695	6
696	0
697	0
698	6
699	0
700	0
701	8
702	8
703	8
704	8
705	8
706	8
707	0
708	0
709	8
710	0
711	8
712	0
713	0
714	0
715	0
716	0
717	0
718	0
719	0
720	8
721	0
722	0
723	8
724	0
725	0
726	0
727	0
728	0
729	0
730	0
731	0
732	0
733	0
734	0
735	0
736	0
737	0
738	0
739	0
740	0
741	0
742	0
743	0
744	0
745	0
746	0
747	0
748	0
749	0
750	8
751	0
752	0
753	7
754	7
755	7
756	7
757	7
758	7
759	7
760	0
761	0
762	0
763	0
764	0
765	1
766	0
767	0
768	0
769	0
770	0
771	0
772	0
773	0
774	7
775	0
776	0
777	0
778	0
779	0
780	0
781	7
782	0
783	0
784	0
785	0
786	0
787	0
788	0
789	0
790	0
791	0
792	0
793	7
794	7
795	7
796	7
797	7
798	7
799	7
800	7
801	7
802	7
803	7
804	7
805	7
806	7
807	7
808	7
809	7
810	7
811	7
812	7
813	7
814	7
815	7
816	7
817	7
818	7
819	7
820	7
821	7
822	7
823	7
824	7
825	7
826	7
827	7
828	7
829	7
830	7
831	7
832	7
833	1
834	1
835	1
836	1
837	1
838	1
839	1
840	1
841	1
842	1
843	1
844	1
845	1
846	7
847	1
848	7
849	1
850	1
851	7
852	7
853	1
854	7
855	7
856	7
857	1
858	7
859	1
860	7
861	7
862	0
863	1
864	7
865	0
866	7
867	0
868	1
869	1
870	0
871	0
872	7
873	1
874	7
875	1
876	1
877	1
878	7
879	7
880	1
881	1
882	1
883	1
884	1
885	7
886	1
887	1
888	7
889	7
890	1
891	1
892	1
893	1
894	7
895	7
896	7
897	7
898	7
899	7
900	7
901	1
902	1
903	1
904	1
905	1
906	1
907	1
908	1
909	1
910	7
911	1
912	7
913	1
914	7
915	7
916	1
917	1
918	1
919	0
920	7
921	7
922	1
923	7
924	7
925	7
926	7
927	7
928	7
929	7
930	7
931	7
932	7
933	7
934	7
935	7
936	7
937	7
938	0
939	0
940	7
941	0
942	7
943	0
944	7
945	1
946	1
947	7
948	7
949	7
950	7
951	7
952	7
953	7
954	7
955	7
956	7
957	7
958	7
959	7
960	7
961	0
962	7
963	7
964	7
965	7
966	7
967	7
968	1
969	1
970	1
971	1
972	7
973	7
974	7
975	7
976	7
977	7
978	7
979	7
980	7
981	7
982	7
983	1
984	7
985	7
986	7
987	7
988	7
989	7
990	7
991	7
992	7
993	7
994	7
995	7
996	7
997	7
998	7
999	7
1000	0
1001	7
1002	7
1003	7
1004	7
1005	7
1006	7
1007	7
1008	7
1009	8
1010	8
1011	8
1012	8
1013	8
1014	8
1015	8
1016	8
1017	8
1018	8
1019	8
1020	8
1021	8
1022	8
1023	8
1024	8
1025	8
1026	8
1027	8
1028	8
1029	8
1030	8
1031	8
1032	8
1033	8
1034	8
1035	8
1036	8
1037	8
1038	8
1039	8
1040	8
1041	8
1042	8
1043	8
1044	8
1045	8
1046	8
1051	8
1052	8
1053	8
1054	8
1055	8
1056	8
1057	8
1058	8
1059	8
1060	8
1061	8
1062	8
1063	8
1064	8
1065	8
1066	8
1068	8
1069	8
1070	8
1071	8
1072	8
1073	8
1074	8
1075	8
1076	8
1077	8
1078	8
1079	8
1080	8
1081	8
1082	8
1084	8
1085	1
1087	8
1088	8
1089	1
1090	1
1091	8
1092	1
1093	8
1094	8
1095	8
1096	8
1097	1
1099	1
1101	1
1102	1
1103	1
1104	1
1105	8
1106	1
1107	1
1108	1
1109	1
1110	1
1111	8
1112	8
1113	8
1114	8
1115	8
1116	8
1117	8
1118	8
1120	8
1121	8
1122	1
1123	8
1124	8
1125	8
1126	8
1127	8
1128	8
1129	8
1130	8
1131	8
1132	8
1133	8
1134	8
1135	8
1136	8
1137	8
1138	8
1139	1
1140	1
1141	1
1142	8
1143	8
1144	8
1145	8
1146	8
1147	1
1149	8
1151	1
1157	8
1160	8
1161	8
1162	8
1163	1
1164	1
1165	1
1167	8
1168	8
1169	8
1170	1
1171	1
1172	8
1173	1
1174	1
1175	8
1176	8
1177	9
1178	9
1179	8
1181	9
1182	8
1185	8
1189	8
1190	9
1191	8
1192	8
1193	8
1194	9
1195	9
1196	9
1197	9
1198	9
1199	9
1200	8
1201	9
1202	8
1203	9
1204	8
1205	9
1206	9
1207	9
1208	9
1209	9
1210	9
1211	9
1212	9
1213	9
1214	9
1215	9
1216	9
1217	8
1218	8
1219	6
1220	8
1221	3
1222	3
1223	3
1224	3
1225	3
1226	3
1227	3
1228	6
1229	6
1230	6
1231	3
1232	6
1233	9
1234	9
1235	9
1236	4
1237	4
1238	4
1239	4
1240	4
1241	4
1242	4
1243	4
1244	4
1245	4
1246	4
1247	4
1249	4
1250	4
1251	4
1252	4
1253	4
1254	4
1255	4
1256	4
1257	4
1258	4
1259	4
1260	4
1261	4
1263	4
1264	3
1265	3
1266	4
1267	4
1268	4
1269	4
1270	4
1271	4
1272	4
1273	4
1274	4
1275	4
1276	4
1277	4
1278	4
1279	4
1280	4
1281	4
1282	4
1283	4
1284	4
1285	4
1286	4
1287	4
1288	4
1289	4
1290	4
1291	4
1292	4
1293	4
1294	4
1295	2
1296	2
1297	2
1298	2
1299	2
1300	2
1301	4
1302	2
1303	2
1304	2
1305	2
1306	2
1307	2
1308	2
1309	2
1310	2
1311	2
1312	2
1313	3
1314	3
1315	3
1316	3
1317	3
1318	3
1319	3
1320	5
1321	5
1322	5
1323	4
1324	9
1325	9
1326	4
1327	5
1328	9
1329	9
1330	5
1331	4
1332	4
1333	4
1334	3
1335	3
1336	4
1337	4
1338	4
1339	3
1340	4
1341	3
1342	3
1343	3
1344	3
1345	2
1346	2
1347	2
1348	2
1349	4
1350	4
1351	5
1352	4
1353	4
1354	4
1355	4
1356	4
1357	4
1358	4
1359	5
1360	4
1361	4
1362	4
1363	4
1364	4
1365	4
1366	2
1367	2
1368	2
1369	2
1370	2
1371	2
1372	2
1374	4
1375	4
1376	4
1377	8
1378	3
1379	5
1380	5
1381	5
1382	5
1383	1
1384	5
1385	1
1386	5
1387	3
1388	3
1389	8
1390	3
1391	3
1392	8
1393	3
1394	8
1395	8
1396	8
1397	9
1398	9
1399	9
1400	9
1401	9
1402	9
1403	9
1404	9
1405	9
1406	9
1407	9
1408	4
1409	4
1410	4
1411	4
1412	4
1413	4
1414	4
1415	4
1416	4
1417	3
1418	4
1419	4
1420	4
1421	4
1422	4
1423	3
1424	4
1425	3
1426	3
1427	3
1429	3
1432	3
1433	3
1434	4
1435	4
1436	4
1437	4
1438	4
1439	4
1440	4
1441	4
1442	4
1443	4
1444	4
1445	4
1446	4
1447	4
1448	4
1449	4
1450	4
1451	2
1452	2
1453	4
1454	4
1455	4
1456	4
1457	4
1458	4
1459	4
1460	4
1461	4
1462	4
1463	4
1464	2
1465	4
1466	5
1467	1
1468	1
1469	3
1470	4
1471	4
1472	5
1473	5
1474	5
1475	5
1476	3
1477	2
1478	3
1479	3
1480	3
1481	3
1482	3
1483	3
1484	3
1485	2
1486	2
1487	3
1488	9
1489	9
1490	4
1491	4
1492	4
1493	4
1494	4
1495	4
1496	4
1497	4
1498	4
1499	4
1500	4
1501	4
1502	4
1503	4
1504	4
1505	2
1506	2
1507	3
1508	2
1509	3
1510	3
1511	2
1512	4
1513	2
1514	2
1515	2
1516	2
1517	5
1518	4
1519	4
1520	5
1521	5
1522	4
1523	4
1524	5
1525	5
1526	4
1527	4
1528	4
1529	4
1530	4
1531	4
1533	4
1534	4
1535	2
1536	2
1537	2
1538	2
1539	4
1540	4
1541	4
1542	2
1543	2
1544	5
1545	5
1546	5
1547	1
1548	5
1549	5
1550	5
1551	1
1552	5
1553	8
1554	8
1555	8
1556	6
1557	6
1558	6
1559	6
1560	6
1561	6
1562	6
1563	9
1564	9
1565	9
1566	9
1567	9
1568	3
1569	3
1570	4
1571	4
1572	4
1573	4
1574	4
1575	4
1576	4
1577	4
1578	4
1579	4
1580	4
1581	4
1582	4
1584	3
1585	4
1586	3
1587	3
1588	3
1589	4
1590	4
1591	3
1592	4
1593	4
1594	4
1596	4
1597	4
1598	4
1599	4
1600	4
1601	4
1602	4
1603	4
1604	4
1605	4
1606	4
1607	4
1608	4
1609	4
1610	4
1611	4
1612	4
1613	4
1614	4
1615	4
1616	4
1617	4
1618	2
1619	4
1620	2
1621	4
1622	4
1623	4
1624	4
1625	4
1626	2
1627	4
1628	4
1629	4
1630	2
1631	2
1632	4
1633	4
1634	4
1635	4
1636	5
1637	5
1638	5
1639	5
1640	5
1641	5
1642	4
1643	5
1644	4
1645	4
1646	9
1647	9
1648	4
1649	3
1650	3
1651	3
1652	3
1653	3
1654	3
1655	3
1656	4
1657	9
1658	5
1659	4
1660	4
1661	4
1662	4
1663	4
1664	4
1665	4
1666	4
1667	4
1668	4
1669	4
1670	4
1671	4
1672	2
1673	2
1674	2
1675	4
1676	4
1677	2
1678	2
1679	2
1680	4
1681	2
1682	2
1683	2
1684	2
1685	4
1686	4
1687	2
1688	5
1689	4
1690	5
1691	5
1692	5
1693	5
1694	5
1695	5
1696	2
1697	2
1698	4
1699	2
1700	2
1701	2
1702	2
1703	4
1704	2
1705	2
1706	2
1707	4
1708	4
1709	4
1710	4
1711	4
1712	4
1713	4
1714	4
1715	1
1716	1
1717	1
1718	1
1719	1
1720	1
1721	5
1722	1
1723	6
1724	6
1725	6
1726	6
1727	6
1728	6
1729	8
1730	6
1731	3
1732	5
1733	6
1734	6
1735	6
1736	6
1737	4
1738	4
1739	4
1740	4
1741	3
1742	3
1743	3
1744	3
1745	3
1746	3
1747	3
1748	3
1749	4
1750	4
1751	2
1752	2
1753	4
1754	2
1755	2
1756	9
1757	9
1758	9
1759	2
1760	2
1761	2
1762	2
1763	2
1764	4
1765	4
1766	4
1767	4
1769	4
1770	4
1771	4
1772	4
1773	4
1774	4
1775	4
1776	4
1777	4
1778	2
1779	4
1780	4
1781	4
1782	4
1783	4
1784	2
1785	2
1786	2
1787	2
1788	2
1789	2
1790	2
1791	4
1792	2
1793	2
1795	2
1796	4
1797	4
1798	4
1799	4
1800	4
1801	3
1802	3
1803	4
1804	5
1805	5
1806	5
1807	4
1808	4
1809	5
1810	5
1811	5
1812	9
1813	4
1814	4
1815	3
1816	3
1817	9
1818	9
1819	2
1820	2
1821	5
1822	4
1823	5
1824	4
1825	5
1826	5
1827	4
1828	4
1829	4
1830	4
1831	4
1832	4
1833	4
1834	2
1835	4
1836	2
1837	4
1838	4
1839	4
1840	4
1841	4
1842	4
1843	4
1844	2
1845	4
1846	4
1847	4
1848	4
1849	4
1850	5
1851	5
1852	5
1853	5
1854	5
1855	5
1856	5
1857	9
1858	9
1859	4
1860	3
1861	9
1862	3
1863	3
1864	3
1865	3
1866	1
1867	1
1868	3
1869	5
1870	5
1871	1
1872	5
1873	5
1874	5
1875	5
1876	8
1877	6
1878	6
1879	6
1880	6
1881	6
1882	8
1883	8
1884	8
1885	3
1886	3
1887	5
1888	5
1889	3
1890	4
1891	5
1892	4
1893	3
1894	3
1895	3
1896	3
1897	3
1898	4
1899	4
1900	4
1901	4
1902	3
1903	3
1904	4
1905	4
1906	2
1907	2
1908	2
1909	4
1910	2
1911	4
1912	4
1913	2
1914	4
1915	4
1916	4
1917	4
1918	3
1919	4
1920	4
1921	4
1922	4
1923	3
1924	3
1925	4
1926	4
1927	4
1928	4
1929	4
1930	2
1931	2
1932	2
1933	4
1934	4
1935	2
1936	4
1937	4
1938	4
1939	4
1940	2
1941	2
1942	2
1943	4
1944	4
1945	4
1946	2
1947	4
1948	4
1949	4
1950	4
1951	4
1952	4
1953	3
1954	4
1955	3
1956	4
1957	4
1958	4
1959	2
1960	4
1961	2
1962	4
1963	2
1964	4
1965	5
1966	5
1967	5
1968	4
1969	2
1970	9
1971	9
1972	9
1973	5
1974	5
1975	5
1976	4
1977	4
1978	9
1979	2
1980	5
1981	4
1982	4
1983	4
1984	4
1985	4
1986	4
1987	4
1988	4
1989	4
1990	4
1991	4
1992	4
1993	4
1994	4
1995	2
1996	2
1997	2
1998	2
1999	2
2000	2
2001	2
2002	2
2003	2
2004	2
2005	2
2006	2
2007	2
2008	2
2009	2
2010	2
2011	5
2012	5
2013	5
2014	5
2015	5
2016	1
2017	7
2018	3
2019	3
2020	1
2021	1
2022	1
2023	5
2024	5
2025	3
2026	3
2027	3
2028	3
2029	5
2030	3
2031	1
2032	1
2033	6
2034	6
2035	6
2036	6
2037	6
2038	6
2039	6
2040	6
2041	5
2042	4
2043	3
2044	3
2045	1
2046	4
2047	3
2048	5
2049	5
2050	5
2051	5
2052	4
2053	4
2054	4
2055	4
2056	4
2057	4
2058	4
2059	4
2060	4
2061	4
2062	4
2063	3
2064	3
2065	3
2066	4
2067	3
2068	4
2069	4
2070	4
2071	4
2072	2
2073	2
2074	4
2075	4
2076	3
2077	4
2078	4
2079	4
2080	4
2081	4
2082	2
2083	2
2084	4
2085	4
2086	4
2087	4
2088	4
2089	4
2090	4
2091	4
2092	4
2093	4
2094	4
2095	4
2096	4
2097	2
2098	2
2099	4
2100	4
2101	2
2102	2
2103	4
2104	2
2105	2
2106	2
2107	2
2108	4
2109	2
2110	2
2111	2
2112	2
2113	9
2114	3
2115	9
2116	9
2117	5
2118	2
2119	9
2120	9
2121	9
2122	2
2123	4
2124	2
2125	4
2126	5
2127	4
2128	4
2129	9
2130	4
2131	4
2132	4
2133	4
2134	5
2135	4
2136	5
2137	5
2138	5
2139	5
2140	4
2141	2
2142	3
2143	3
2144	3
2145	3
2146	3
2147	3
2148	2
2149	2
2150	2
2151	2
2152	5
2153	2
2154	3
2155	9
2156	4
2157	2
2158	4
2161	1
2162	1
2163	7
2164	7
2165	7
2166	5
2167	0
2168	5
2169	5
2170	5
2171	5
2172	5
2173	1
2174	1
2175	1
2176	1
2177	1
2178	1
2179	1
2180	1
2181	1
2182	1
2183	5
2184	1
2185	1
2186	5
2187	1
2188	5
2189	5
2190	3
2191	3
2192	3
2193	6
2194	6
2195	6
2196	6
2197	6
2198	6
2199	6
2200	6
2201	6
2202	5
2203	5
2204	5
2205	5
2206	4
2207	4
2208	4
2209	4
2210	4
2211	4
2212	4
2213	4
2215	4
2216	4
2217	4
2218	4
2219	4
2220	2
2221	4
2222	4
2223	4
2224	2
2225	4
2226	2
2227	4
2228	4
2229	4
2230	2
2231	2
2232	2
2233	4
2234	4
2235	4
2236	4
2237	4
2238	4
2239	4
2240	4
2241	4
2242	4
2243	4
2244	4
2245	4
2246	4
2247	4
2248	2
2249	4
2250	4
2251	4
2252	4
2253	4
2254	4
2255	4
2256	4
2257	1
2258	4
2259	1
2260	1
2261	1
2262	6
2263	1
2264	1
2265	5
2266	5
2267	5
2268	5
2269	9
2270	9
2271	4
2272	9
2273	2
2274	2
2275	9
2276	9
2277	2
2278	5
2279	5
2280	4
2281	5
2282	5
2283	4
2284	4
2285	4
2286	4
2287	4
2288	4
2289	2
2290	2
2291	2
2292	2
2293	4
2294	4
2295	4
2296	4
2297	2
2298	2
2299	2
2300	2
2301	2
2302	4
2303	5
2304	5
2305	1
2306	5
2307	5
2308	5
2309	5
2310	5
2311	1
2312	7
2313	1
2314	1
2315	1
2316	1
2317	5
2318	5
2319	5
2320	5
2321	5
2322	5
2323	5
2324	1
2325	1
2326	1
2327	1
2328	1
2329	1
2330	1
2331	7
2332	1
2333	5
2334	1
2335	1
2336	3
2337	3
2338	1
2339	1
2340	5
2341	5
2342	3
2343	3
2344	6
2345	6
2346	6
2347	5
2348	5
2349	6
2350	5
2351	6
2352	6
2353	5
2354	6
2355	2
2356	2
2357	2
2358	6
2359	6
2360	3
2361	6
2362	5
2363	4
2364	6
2365	4
2366	4
2367	6
2368	6
2369	4
2370	4
2371	4
2372	4
2373	3
2374	4
2375	3
2376	3
2377	4
2378	4
2379	4
2380	4
2381	4
2382	4
2383	4
2384	3
2385	4
2386	4
2387	4
2388	4
2389	4
2390	4
2391	4
2392	4
2393	4
2394	2
2395	2
2396	2
2397	4
2398	4
2399	4
2400	4
2401	2
2402	2
2403	4
2404	4
2405	4
2406	4
2407	2
2408	4
2409	4
2410	4
2411	4
2412	4
2413	4
2414	2
2415	2
2416	2
2417	4
2418	4
2419	4
2420	4
2421	4
2422	4
2423	2
2424	4
2425	1
2426	5
2427	1
2428	1
2429	5
2430	1
2431	1
2432	1
2433	1
2434	1
2435	5
2436	5
2437	2
2438	2
2439	5
2440	5
2441	5
2442	5
2443	9
2444	9
2445	2
2446	3
2447	4
2448	5
2449	5
2450	3
2451	5
2452	4
2453	4
2454	5
2455	5
2456	4
2457	4
2458	5
2459	4
2460	4
2461	4
2462	4
2463	4
2464	2
2465	5
2466	3
2467	3
2468	0
2469	5
2470	1
2471	5
2472	0
2473	7
2474	1
2475	1
2476	5
2477	0
2478	5
2479	2
2480	1
2481	5
2482	2
2483	2
2484	5
2485	5
2486	5
2487	2
2488	5
2489	5
2490	7
2491	5
2492	5
2493	5
2494	5
2495	1
2496	1
2497	1
2498	3
2499	5
2500	3
2501	3
2502	1
2503	3
2504	3
2505	5
2506	3
2507	4
2508	5
2509	5
2510	2
2511	2
2512	2
2513	2
2514	2
2515	4
2516	4
2517	2
2518	4
2520	3
2521	3
2522	3
2523	3
2524	3
2525	4
2526	4
2527	4
2528	4
2529	4
2530	4
2531	4
2532	4
2533	4
2534	4
2535	5
2536	3
2537	3
2538	3
2539	3
2540	3
2541	3
2542	3
2543	3
2544	3
2545	3
2546	3
2547	3
2548	3
2549	3
2550	4
2551	4
2552	4
2553	4
2554	2
2555	2
2556	4
2557	4
2558	4
2559	2
2560	4
2561	4
2562	4
2563	4
2564	4
2565	4
2566	4
2567	4
2568	4
2569	4
2570	2
2571	2
2572	2
2573	2
2574	4
2575	2
2576	4
2577	4
2578	4
2579	4
2580	4
2581	2
2582	4
2583	2
2584	2
2585	2
2586	2
2587	2
2588	2
2589	2
2590	5
2591	1
2592	6
2593	6
2594	1
2595	5
2596	5
2597	1
2598	1
2599	5
2600	1
2601	5
2602	5
2603	5
2604	5
2605	5
2606	5
2607	4
2608	4
2609	5
2610	5
2611	3
2612	3
2613	4
2614	3
2615	9
2616	4
2617	4
2618	4
2619	4
2620	4
2621	4
2622	4
2623	4
2624	3
2625	4
2626	4
2627	5
2628	5
2629	1
2630	5
2631	4
2632	1
2633	1
2634	3
2635	5
2636	5
2637	4
2638	5
2639	5
2640	5
2641	5
2642	5
2643	5
2644	5
2645	5
2646	5
2647	5
2648	5
2649	1
2650	3
2651	5
2652	3
2653	1
2654	5
2655	6
2656	3
2657	3
2658	3
2659	3
2660	5
2661	3
2662	3
2663	5
2664	3
2665	3
2666	3
2667	1
2668	4
2669	4
2670	4
2671	4
2672	4
2673	2
2674	2
2675	2
2676	2
2677	4
2678	4
2679	4
2680	4
2681	4
2682	4
2683	4
2684	4
2685	4
2686	4
2687	4
2688	4
2689	4
2690	4
2691	4
2692	4
2693	4
2694	4
2695	4
2696	4
2697	9
2698	4
2699	3
2700	3
2701	3
2702	4
2703	4
2704	4
2705	4
2706	4
2707	3
2708	4
2710	2
2711	2
2712	4
2713	4
2714	4
2715	4
2716	4
2717	4
2718	4
2719	4
2720	4
2721	4
2722	2
2723	2
2724	2
2725	2
2726	2
2727	4
2728	2
2729	2
2730	2
2731	2
2732	2
2733	2
2734	2
2735	2
2736	2
2737	2
2738	2
2739	2
2740	3
2741	1
2742	1
2743	1
2744	1
2745	1
2746	1
2747	1
2748	1
2749	5
2750	1
2751	5
2752	5
2753	3
2754	5
2755	5
2756	5
2757	2
2758	5
2759	5
2760	5
2761	5
2762	5
2763	4
2764	4
2765	9
2766	9
2767	4
2768	4
2769	9
2770	4
2771	9
2772	9
2773	4
2774	4
2775	4
2776	5
2777	0
2778	4
2779	2
2780	2
2781	2
2782	2
2783	3
2784	2
2785	2
2786	2
2787	2
2788	2
2789	2
2790	2
2791	2
2792	2
2793	2
2794	4
2795	3
2796	5
2797	3
2798	3
2799	3
2800	3
2801	5
2802	5
2803	1
2804	1
2805	1
2806	1
2807	0
2808	0
2809	1
2810	5
2811	5
2812	5
2813	5
2814	1
2815	1
2816	1
2817	5
2818	1
2819	1
2820	1
2821	1
2822	1
2823	5
2824	1
2825	8
2826	5
2827	5
2828	3
2829	4
2830	5
2831	3
2832	5
2833	3
2834	3
2835	4
2836	4
2837	4
2838	4
2839	2
2840	4
2841	4
2842	4
2843	4
2844	4
2845	4
2846	4
2847	2
2848	3
2849	4
2850	4
2851	4
2852	3
2853	5
2854	4
2855	4
2856	4
2857	4
2858	4
2859	4
2860	4
2861	2
2862	4
2863	3
2864	4
2865	4
2866	4
2867	4
2868	3
2869	4
2870	3
2871	3
2872	4
2873	4
2874	4
2875	4
2876	4
2877	4
2878	4
2879	4
2880	4
2881	4
2882	4
2883	4
2884	4
2885	4
2886	4
2887	4
2888	4
2889	4
2890	4
2891	4
2892	4
2893	3
2894	3
2895	3
2896	3
2897	2
2898	4
2899	4
2900	4
2901	2
2902	2
2903	2
2904	2
2905	2
2906	2
2907	2
2908	2
2909	2
2910	4
2911	4
2912	4
2913	3
2914	5
2915	5
2916	5
2917	1
2918	5
2919	3
2920	3
2921	5
2922	5
2923	5
2924	5
2925	5
2926	5
2927	5
2928	5
2929	5
2930	5
2931	5
2932	5
2933	5
2934	9
2935	9
2936	9
2937	3
2938	9
2939	4
2940	9
2941	4
2942	3
2943	4
2944	4
2945	3
2946	4
2947	4
2948	4
2949	4
2950	4
2951	4
2952	2
2953	2
2954	5
2955	2
2956	2
2957	5
2958	4
2959	3
2960	3
2961	5
2962	5
2964	5
2965	8
2966	4
2967	1
2968	0
2969	7
2970	1
2971	7
2972	7
2973	1
2974	1
2975	5
2976	5
2977	1
2978	5
2979	5
2980	5
2981	5
2982	1
2983	5
2984	1
2985	5
2986	5
2987	5
2988	3
2989	3
2990	3
2991	3
2992	3
2993	3
2994	3
2995	3
2996	5
2997	3
2998	4
2999	3
3000	3
3001	4
3002	9
3003	5
3004	5
3005	5
3006	5
3007	4
3008	3
3009	3
3010	3
3011	4
3012	3
3013	4
3014	4
3015	3
3016	3
3017	3
3018	4
3019	4
3020	4
3021	3
3022	2
3023	2
3024	2
3025	2
3026	2
3027	2
3028	3
3029	4
3030	2
3031	4
3032	3
3033	3
3034	2
3035	2
3036	2
3037	2
3038	2
3039	2
3040	4
3041	4
3042	4
3043	4
3044	4
3045	4
3046	4
3047	4
3048	4
3049	4
3050	4
3051	4
3052	4
3053	4
3054	4
3055	4
3056	4
3057	4
3058	4
3059	4
3060	4
3061	4
3062	4
3063	4
3064	4
3065	2
3066	2
3067	2
3068	2
3069	2
3070	2
3071	2
3072	2
3073	2
3074	2
3075	4
3076	2
3077	4
3078	2
3079	4
3080	2
3081	5
3082	5
3083	5
3084	1
3085	1
3086	3
3087	1
3088	3
3089	3
3090	5
3091	3
3092	3
3093	5
3094	4
3095	5
3096	5
3097	5
3098	3
3099	2
3100	2
3101	4
3102	2
3103	9
3104	4
3105	4
3106	4
3107	4
3108	4
3109	4
3110	2
3111	4
3112	4
3113	5
3114	5
3115	4
3116	5
3117	4
3118	4
3119	5
3120	4
3121	5
3122	4
3123	5
3124	6
3125	6
3126	5
3127	1
3128	4
3129	5
3130	2
3131	1
3132	4
3133	6
3135	2
3136	1
3137	7
3138	4
3139	1
3140	4
3141	4
3142	5
3143	5
3144	5
3145	5
3146	5
3147	5
3148	5
3149	5
3150	5
3151	3
3152	5
3153	3
3154	3
3155	3
3156	8
3157	3
3158	3
3159	3
3160	3
3161	8
3162	8
3163	5
3164	5
3165	5
3166	5
3167	5
3168	5
3169	2
3170	4
3171	4
3172	4
3173	4
3174	4
3175	4
3176	4
3177	4
3178	4
3179	4
3180	4
3181	4
3184	4
3185	4
3186	4
3187	2
3188	2
3189	4
3190	4
3191	2
3192	2
3193	2
3194	2
3195	3
3196	2
3197	2
3198	2
3199	4
3200	4
3201	4
3202	4
3203	4
3204	4
3205	4
3206	4
3212	4
3213	4
3214	4
3215	4
3216	4
3217	4
3218	4
3219	4
3220	4
3221	4
3222	4
3223	2
3224	4
3225	2
3226	2
3227	4
3228	2
3229	2
3230	4
3231	4
3232	4
3233	4
3234	4
3235	4
3236	2
3237	2
3238	4
3239	4
3240	4
3241	1
3242	3
3243	3
3244	3
3245	3
3246	1
3247	4
3248	1
3249	1
3250	4
3251	3
3252	2
3253	3
3254	9
3255	3
3256	3
3257	3
3258	3
3259	3
3260	3
3261	3
3262	9
3263	4
3264	5
3265	5
3266	5
3267	5
3268	5
3269	5
3270	5
3271	5
3272	5
3273	5
3274	1
3275	2
3276	4
3277	2
3278	4
3279	4
3280	4
3281	3
3282	1
3284	5
3285	4
3286	4
3287	5
3288	5
3289	2
3292	3
3293	4
3294	5
3295	4
3296	5
3297	3
3298	5
3299	5
3300	5
3301	5
3302	5
3303	1
3304	3
3305	3
3306	3
3307	3
3308	3
3309	3
3310	3
3311	3
3312	3
3313	8
3314	8
3315	3
3316	5
3317	3
3318	5
3319	3
3320	3
3321	3
3322	2
3323	1
3324	2
3325	4
3326	2
3327	2
3328	4
3329	4
3330	4
3331	6
3332	6
3333	2
3334	2
3335	2
3336	2
3337	9
3338	2
3339	2
3340	9
3341	3
3342	3
3343	9
3344	3
3345	4
3346	4
3347	4
3348	4
3350	3
3351	3
3352	3
3353	3
3355	4
3356	4
3357	4
3358	4
3359	4
3360	4
3361	4
3362	4
3363	4
3364	4
3365	4
3366	4
3367	4
3368	4
3369	4
3370	2
3371	9
3372	9
3373	4
3374	4
3375	4
3376	4
3377	2
3378	2
3379	2
3380	2
3381	4
3382	4
3383	2
3384	2
3385	2
3386	4
3387	2
3388	4
3389	4
3390	4
3391	4
3392	4
3393	2
3394	4
3395	2
3396	4
3397	2
3398	4
3399	4
3400	1
3401	1
3402	3
3403	5
3404	5
3405	5
3406	5
3407	5
3408	3
3409	3
3410	3
3411	5
3412	5
3413	5
3414	5
3415	5
3416	4
3417	4
3418	4
3419	5
3420	5
3421	5
3422	4
3423	5
3424	5
3425	5
3426	5
3427	5
3428	4
3429	3
3430	1
3431	4
3432	4
3433	4
3434	4
3435	4
3436	4
3437	4
3438	4
3439	3
3440	8
3441	4
3442	2
3443	2
3444	4
3445	2
3446	4
3447	5
3448	4
3449	5
3450	5
3451	5
3452	5
3453	5
3454	5
3455	5
3456	5
3457	5
3458	5
3459	5
3460	6
3461	5
3462	3
3463	5
3464	5
3465	3
3466	5
3467	3
3468	3
3469	3
3470	3
3471	3
3472	3
3473	3
3474	3
3475	8
3476	3
3477	8
3478	3
3479	3
3480	8
3481	8
3482	8
3483	6
3484	3
3485	6
3486	6
3487	6
3488	6
3489	6
3490	6
3491	6
3492	6
3493	6
3494	6
3495	6
3496	9
3497	2
3498	9
3499	9
3500	2
3501	5
3502	5
3503	5
3504	3
3505	3
3506	3
3507	3
3508	3
3509	3
3510	3
3513	3
3514	4
3515	4
3516	4
3517	4
3518	3
3519	4
3520	4
3521	4
3522	4
3523	4
3524	4
3525	4
3526	4
3527	4
3528	4
3529	4
3530	4
3531	4
3533	4
3534	4
3535	4
3536	4
3537	4
3538	4
3539	4
3540	4
3541	4
3542	4
3543	4
3544	4
3545	4
3546	4
3547	4
3548	4
3549	4
3550	4
3551	4
3552	4
3553	4
3554	4
3555	4
3556	4
3557	4
3558	4
3559	2
3560	2
3561	4
3562	2
3563	4
3564	2
3565	2
3566	2
3567	2
3568	4
3569	3
3570	3
3571	3
3572	3
3573	1
3574	3
3575	3
3576	3
3577	3
3578	5
3579	5
3580	9
3581	5
3582	5
3583	5
3584	5
3585	5
3586	5
3587	5
3588	5
3589	4
3590	4
3591	9
3592	5
3593	9
3594	2
3595	2
3596	2
3597	4
3598	2
3599	2
3600	2
3601	2
3602	2
3603	1
3604	5
3605	5
3606	7
3607	5
3608	5
3609	1
3610	5
3611	1
3612	4
3614	4
3615	3
3616	5
3617	5
3618	5
3619	5
3620	5
3621	5
3622	5
3623	3
3624	1
3625	1
3626	3
3627	5
3628	5
3629	1
3630	1
3631	1
3632	5
3633	5
3634	5
3635	3
3636	5
3637	5
3638	3
3639	3
3640	3
3641	8
3642	8
3643	8
3644	8
3645	8
3646	8
3647	8
3648	6
3649	6
3650	3
3651	3
3652	6
3653	6
3654	3
3655	3
3656	6
3657	5
3658	2
3659	2
3660	5
3661	2
3662	2
3663	2
3664	5
3665	9
3666	5
3667	5
3668	4
3669	3
3670	4
3671	4
3672	4
3673	4
3674	4
3675	4
3676	4
3677	4
3678	3
3679	4
3680	4
3681	4
3682	4
3684	4
3685	4
3686	4
3687	4
3688	4
3689	4
3690	4
3691	4
3692	4
3693	4
3694	4
3695	4
3696	4
3697	4
3698	4
3699	4
3700	4
3701	4
3702	4
3703	4
3704	4
3705	4
3706	4
3707	4
3708	4
3709	4
3710	4
3711	2
3712	4
3713	4
3715	4
3717	4
3718	4
3719	4
3720	4
3721	4
3722	2
3723	4
3724	2
3725	4
3726	3
3727	3
3728	3
3729	3
3730	3
3731	3
3732	2
3733	3
3734	1
3735	5
3736	5
3737	5
3738	2
3739	5
3740	5
3741	5
3742	9
3743	5
3744	5
3745	5
3746	5
3747	5
3748	5
3749	5
3750	4
3751	4
3752	4
3753	9
3754	5
3755	5
3756	2
3757	2
3758	2
3759	3
3760	3
3761	2
3762	2
3763	3
3764	2
3768	3
3769	4
3770	4
3771	5
3772	4
3773	5
3774	4
3775	4
3776	4
3777	5
3778	3
3779	5
3780	5
3781	8
3782	6
3783	5
3784	6
3785	6
3786	6
3787	6
3788	5
3789	6
3790	8
3791	8
3792	8
3793	8
3794	8
3795	8
3796	8
3797	8
3798	8
3799	8
3800	8
3801	8
3802	8
3803	8
3804	8
3805	8
3806	8
3807	8
3808	8
3809	8
3810	8
3811	8
3812	8
3813	8
3814	8
3815	8
3816	8
3817	8
3818	8
3819	8
3820	8
3821	8
3822	8
3823	8
3824	8
3825	8
3826	8
3827	8
3828	8
3829	8
3830	8
3831	8
3832	8
3833	8
3834	8
3835	8
3836	8
3837	8
3838	8
3839	8
3840	8
3841	8
3842	8
3843	8
3844	8
3845	8
3846	8
3847	8
3848	8
3849	8
3850	8
3851	8
3852	8
3853	8
3854	8
3855	8
3856	8
3857	8
3858	8
3859	8
3860	8
3861	8
3862	8
3863	8
3864	8
3865	8
3866	8
3867	8
3868	8
3869	8
3870	8
3871	8
3872	8
3873	8
3874	8
3875	8
3876	8
3877	8
3878	8
3879	8
3880	8
3883	8
3884	8
3885	8
3886	8
3887	8
3888	8
3889	8
3890	8
3892	8
3893	8
3894	8
3897	8
3898	8
3899	8
3900	8
3901	8
3902	8
3903	8
3904	8
3905	8
3906	8
3907	8
3908	8
3909	8
3910	8
3911	8
3912	8
3913	8
3914	8
3915	8
3916	8
3917	8
3918	8
3919	8
3920	8
3921	8
3922	8
3923	8
3924	8
3925	8
3926	8
3927	8
3928	8
3929	9
3930	8
3931	8
3932	8
3933	9
3934	8
3935	8
3936	8
3937	8
3938	8
3939	8
3940	8
3941	8
3942	8
3943	8
3944	9
3945	9
3946	8
3947	8
3948	8
3949	8
3950	8
3951	8
3952	8
3953	8
3954	8
3955	8
3956	8
3957	8
3958	8
3959	8
3960	8
3961	8
3962	8
3963	8
3964	8
3965	8
3966	8
3967	8
3968	8
3969	8
3970	8
3971	8
3972	8
3973	8
3974	8
3975	8
3976	8
3977	8
3978	8
3979	8
3980	8
3981	8
3982	8
3983	8
3985	8
3986	8
3987	1
3988	1
3989	1
3990	0
3991	1
3992	1
3993	1
3994	1
3995	1
3996	1
3997	0
3998	0
3999	0
4000	1
4001	7
4002	1
4003	0
4004	7
4005	7
4006	7
4007	1
4008	0
4009	1
4010	0
4011	0
4012	0
4013	7
4014	0
4015	1
4016	0
4017	0
4018	0
4019	1
4020	7
4021	7
4022	1
4023	0
4024	1
4025	1
4026	7
4027	1
4028	0
4029	0
4030	7
4031	7
4032	1
4033	7
4034	7
4035	7
4036	7
4037	7
4038	0
4039	0
4040	0
4041	0
4042	0
4043	0
4044	0
4045	0
4046	0
4047	0
4048	0
4049	0
4050	7
4051	7
4052	7
4053	7
4054	7
4055	7
4056	7
4057	0
4058	0
4059	7
4060	0
4061	0
4062	0
4063	7
4064	7
4065	7
4066	0
4067	0
4068	0
4069	0
4070	0
4071	0
4072	0
4073	0
4074	0
4075	0
4076	0
4077	7
4078	8
4079	8
4080	8
4081	0
4082	8
4083	8
4084	8
4085	8
4086	8
4087	8
4088	8
4089	8
4090	8
4091	8
4092	8
4093	8
4094	8
4095	8
4096	8
4097	8
4098	8
4099	8
4100	8
4101	8
4102	8
4103	8
4104	8
4105	8
4106	0
4107	8
4108	8
4109	8
4110	0
4111	8
4112	8
4113	0
4114	8
4115	8
4116	0
4117	8
4118	8
4119	8
4120	0
4121	0
4122	0
4123	0
4124	0
4125	8
4126	0
4127	0
4128	8
4129	0
4130	8
4131	8
4132	8
4133	8
4134	0
4135	0
4136	8
4137	8
4138	8
4139	0
4140	0
4141	8
4142	0
4143	8
4144	8
4145	8
4146	0
4147	8
4148	8
4149	0
4150	0
4151	8
4152	0
4153	8
4154	8
4155	0
4156	8
4157	8
4158	8
4159	8
4160	7
4161	7
4162	7
4163	7
4164	7
4165	7
4166	7
4167	7
4168	7
4169	7
4170	7
4171	7
4172	7
4173	7
4174	7
4175	7
4176	7
4177	7
4178	7
4179	7
4180	7
4181	7
4182	7
4183	7
4184	7
4185	7
4186	7
4187	7
4188	7
4189	7
4190	7
4191	7
4192	7
4193	7
4194	7
4195	7
4196	7
4197	7
4198	7
4199	7
4200	7
4201	7
4202	7
4203	7
4204	7
4205	7
4206	7
4207	7
4208	7
4209	8
4210	8
4211	8
4212	8
4213	8
4214	8
4215	8
4216	8
4217	8
4218	8
4219	8
4220	8
4221	8
4222	8
4223	9
4224	8
4225	8
4226	8
4227	8
4228	8
4229	9
4230	8
4231	8
4232	8
4233	8
4234	8
4235	8
4236	8
4237	8
4238	8
4239	8
4240	9
4241	8
4242	8
4243	8
4244	8
4245	8
4246	8
4247	8
4248	9
4249	9
4250	9
4251	8
4252	8
4253	8
4254	8
4255	8
4256	8
4257	8
4258	8
4259	8
4260	8
4261	8
4262	8
4263	8
4264	8
4265	8
4266	7
4267	7
4268	7
4269	7
4270	7
4271	7
4272	7
4273	7
4274	7
4275	7
4276	0
4277	7
4278	0
4279	0
4280	1
4281	0
4282	0
4283	0
4284	0
4285	7
4286	7
4287	7
4288	7
4289	7
4290	0
4291	0
4292	7
4293	7
4294	7
4295	7
4296	7
4297	7
4298	7
4299	7
4300	7
4301	7
4302	7
4303	7
4304	7
4305	0
4306	7
4307	7
4308	7
4309	7
4310	7
4311	7
4312	7
4313	7
4314	7
4315	7
4316	7
4317	7
4318	7
4319	7
4320	0
4321	7
4322	7
4323	7
4324	7
4325	0
4326	0
4327	0
4328	7
4329	0
4330	0
4331	7
4332	0
4333	0
4334	0
4335	1
4336	1
4337	1
4338	1
4339	0
4340	7
4341	7
4342	0
4343	0
4344	0
4345	0
4346	7
4347	1
4348	7
4349	7
4350	0
4351	0
4352	7
4353	7
4354	7
4355	7
4356	7
4357	7
4358	7
4359	7
4360	7
4361	7
4362	7
4363	7
4364	7
4365	0
4366	7
4367	7
4368	7
4369	0
4370	7
4371	0
4372	7
4373	7
4374	0
4375	7
4376	7
4377	7
4378	7
4379	7
4380	7
4381	7
4382	7
4383	7
4384	7
4385	7
4386	7
4387	1
4388	7
4389	7
4390	7
4391	7
4392	7
4393	7
4394	7
4395	0
4396	0
4397	0
4398	7
4399	7
4400	7
4401	7
4402	7
4403	7
4404	7
4405	7
4406	7
4407	1
4408	7
4409	7
4410	7
4411	7
4412	7
4413	7
4414	7
4415	7
4416	7
4417	7
4418	7
4419	7
4420	7
4421	7
4422	7
4423	7
4424	7
4425	7
4426	7
4427	0
4428	7
4429	7
4430	7
4431	0
4432	7
4433	7
4434	7
4435	7
4436	7
4437	7
4438	7
4439	7
4440	0
4441	7
4442	7
4443	0
4444	5
4445	0
4446	0
4447	7
4448	7
4449	7
4450	7
4451	0
4452	7
4453	7
4454	7
4455	7
4456	7
4457	0
4458	0
4459	0
4460	7
4461	7
4462	7
4463	7
4464	0
4465	7
4466	7
4467	7
4468	7
4469	0
4470	0
4471	0
4472	7
4473	7
4474	7
4475	7
4476	7
4477	7
4478	0
4479	7
4480	7
4481	7
4482	7
4483	7
4484	7
4485	7
4486	7
4487	7
4488	7
4489	7
4490	8
4496	8
4497	8
4498	8
4499	8
4500	8
4501	8
4502	8
4503	8
4504	8
4510	8
4511	8
4512	8
4513	8
4514	8
4515	8
4516	8
4517	8
4518	8
4519	8
4520	8
4521	8
4522	8
4523	8
4524	8
4525	8
4526	8
4527	7
4528	7
4529	7
4530	7
4531	7
4532	7
4533	7
4534	7
4535	7
4536	7
4537	7
4538	7
4539	7
4540	7
4541	7
4542	7
4543	7
4544	7
4545	7
4546	7
4547	7
4548	7
4549	7
4550	7
4551	7
4552	7
4553	7
4554	6
4555	6
4556	6
4557	5
4558	6
4559	8
4560	8
4561	8
4562	6
4563	8
4564	8
4565	6
4566	6
4567	6
4568	6
4569	6
4570	8
4571	8
4572	8
4573	8
4574	6
4575	6
4576	8
4577	5
4578	6
4579	6
4580	5
4581	5
4582	5
4583	6
4584	6
4585	6
4586	9
4587	9
4588	5
4589	5
4590	5
4591	3
4592	6
4596	6
4597	9
4599	9
4600	9
4601	9
4602	9
4603	9
4607	9
4608	1
4609	5
4610	3
4611	3
4612	9
4613	6
4614	6
4615	6
4616	6
4617	9
4618	9
4619	9
4620	9
4621	6
4622	6
4623	6
4624	6
4625	8
4626	5
4627	1
4628	5
4629	5
4630	5
4631	5
4632	5
4633	5
4634	6
4635	8
4636	6
4637	8
4638	9
4639	9
4640	8
4641	8
4642	5
4643	3
4644	5
4645	3
4646	3
4647	8
4648	6
4649	6
4650	8
4651	6
4652	3
4653	8
4654	9
4655	9
4656	9
4657	8
4658	6
4659	8
4660	8
4661	6
4662	6
4663	1
4664	6
4665	6
4666	6
4667	6
4668	6
4669	6
4670	6
4671	5
4672	8
4673	8
4674	0
4675	7
4676	6
4677	6
4678	6
4679	6
4680	5
4681	5
4682	5
4683	5
4684	3
4685	5
4686	6
4687	6
4688	6
4689	6
4690	8
4691	6
4692	8
4693	5
4694	8
4695	5
4696	5
4697	8
4698	5
4699	5
4700	8
4701	3
4702	8
4703	8
4704	8
4705	8
4706	6
4707	6
4708	6
4709	8
4710	8
4711	8
4712	8
4713	5
4714	8
4715	0
4716	0
4717	8
4718	0
4719	0
4720	8
4721	8
4722	6
4723	8
4724	6
4725	6
4726	6
4727	6
4728	6
4729	8
4730	8
4731	8
4732	8
4733	8
4734	8
4735	8
4736	8
4737	8
4738	0
4739	0
4740	0
4741	0
4742	0
4743	8
4744	8
4745	0
4746	6
4747	6
4748	8
4749	8
4750	8
4751	8
4752	8
4753	8
4754	8
4755	8
4756	8
4757	8
4758	6
4759	8
4760	6
4761	6
4762	8
4763	6
4764	8
4765	6
4766	8
4767	8
4768	8
4769	8
4770	8
4771	8
4772	8
4773	8
4774	8
4775	6
4776	6
4777	8
4778	6
4779	8
4780	8
4781	6
4782	6
4783	6
4784	9
4785	8
4786	8
4787	8
4788	6
4789	8
4790	6
4791	8
4792	8
4793	8
4794	8
4795	8
4796	8
4797	6
4798	8
4799	8
4800	8
4801	6
4802	8
4803	8
4804	8
4805	8
4806	8
4807	8
4808	8
4809	8
4810	8
4811	8
4812	8
4813	8
4815	9
4816	9
4817	9
4818	8
4819	9
4820	9
4821	8
4822	9
4823	8
4826	8
4827	8
4828	8
4829	8
4830	8
4831	6
4832	6
4833	8
4834	8
4835	8
4836	8
4837	8
4838	6
4839	8
4840	8
4841	6
4842	6
4843	8
4844	8
4845	8
4846	8
4847	8
4848	8
4849	8
4850	8
4851	8
4852	8
4853	8
4854	8
4855	8
4856	8
4857	8
4858	8
4859	8
4860	6
4861	6
4862	6
4863	8
4864	8
4865	8
4866	8
4867	8
4868	8
4869	8
4870	5
4871	5
4872	7
4873	7
4874	1
4875	6
4876	6
4877	8
4878	9
4879	6
4880	8
4881	8
4882	8
4883	8
4884	8
4885	8
4886	8
4887	8
4888	8
4889	8
4890	8
4891	8
4892	8
4893	5
4894	5
4895	8
4896	5
4897	6
4898	8
4899	6
4900	0
4901	6
4902	6
4903	6
4904	6
4905	6
4906	6
4907	6
4908	6
4909	6
4910	6
4911	6
4912	0
4913	6
4914	9
4915	6
4916	6
4917	6
4918	6
4919	0
4920	0
4921	0
4922	0
4923	8
4924	0
4925	6
4926	6
4927	3
4928	0
4929	0
4930	0
4931	6
4932	6
4933	6
4934	6
4935	6
4936	6
4937	8
4938	8
4939	8
4940	6
4941	8
4942	6
4943	8
4944	8
4945	8
4946	8
4947	8
4948	9
4949	9
4950	9
4951	9
4953	9
4954	9
4955	9
4956	9
4958	9
4959	9
4961	9
4966	9
4968	1
4969	1
4970	1
4971	1
4972	1
4973	1
4974	1
4975	1
4976	1
4977	1
4978	1
4979	1
4980	1
4981	1
4982	1
4983	1
4984	1
4985	9
4986	9
4987	1
4988	1
4989	1
4990	1
4991	1
4992	1
4993	1
4994	1
4995	1
4996	9
4997	1
4998	1
4999	1
5000	1
5001	1
5002	1
5003	1
5004	1
5005	1
5006	1
5007	1
5008	1
5009	1
5010	1
5011	1
5012	1
5013	1
5014	1
5015	1
5016	1
5017	1
5018	1
5019	1
5020	1
5021	1
5022	1
5023	1
5024	1
5025	1
5026	1
5027	1
5028	1
5029	1
5030	1
5031	1
5032	1
5033	1
5034	1
5035	1
5036	8
5037	8
5038	8
5039	8
5040	8
5041	1
5042	1
5043	1
5044	1
5045	1
5046	1
5047	8
5048	8
5049	8
5050	1
5051	1
5052	1
5053	1
5054	1
5055	1
5058	1
5059	1
5063	1
5066	1
5067	1
5068	0
5069	1
5070	5
5071	1
5072	1
5073	1
5074	1
5075	1
5076	1
5077	1
5078	1
5079	1
5080	1
5081	1
5082	1
5083	1
5084	1
5085	1
5086	1
5087	1
5088	1
5089	1
5090	1
5091	1
5092	0
5093	7
5094	0
5095	0
5096	0
5097	0
5098	0
5099	0
5100	0
5101	0
5102	0
5103	0
5104	0
5105	0
5106	0
5107	0
5108	0
5109	0
5110	0
5111	0
5112	0
5113	0
5114	0
5115	0
5116	0
5117	0
5118	0
5119	1
5120	1
5121	1
5122	1
5123	1
5124	1
5125	2
5126	2
5127	2
5128	2
5129	4
5130	9
5131	2
5132	1
5133	2
5134	1
5135	9
5136	5
5137	9
5138	9
5139	9
5140	1
5141	5
5142	5
5143	5
5144	2
5145	5
5146	9
5147	1
5148	9
5149	9
5150	9
5151	9
5152	9
5153	5
5154	5
5155	1
5156	1
5157	9
5158	5
5159	1
5160	1
5161	0
5162	5
5163	2
5164	1
5165	2
5166	2
5167	1
5168	1
5169	1
5170	1
5171	1
5172	1
5173	1
5174	4
5175	2
5176	1
5177	5
5178	1
5179	4
5180	1
5181	9
5182	9
5183	9
5184	1
5185	5
5186	2
5187	2
5188	5
5189	1
5190	9
5191	2
5192	9
5193	9
5194	9
5195	9
5196	9
5197	9
5198	9
5199	9
5200	9
5201	5
5202	5
5203	1
5204	1
5205	9
5206	9
5207	1
5208	9
5209	2
5210	2
5211	1
5212	2
5213	1
5214	9
5215	9
5216	1
5217	1
5218	9
5219	1
5220	9
5221	1
5222	9
5223	1
5224	1
5225	5
5226	2
5227	2
5228	9
5229	1
5230	1
5231	5
5232	9
5233	5
5234	5
5235	5
5236	2
5237	2
5238	1
5239	1
5240	1
5241	9
5242	9
5243	9
5244	9
5245	5
5246	1
5247	1
5248	1
5249	1
5250	2
5251	2
5252	9
5253	1
5254	9
5255	2
5256	2
5257	9
5258	9
5259	9
5260	1
5261	9
5262	9
5263	9
5264	9
5265	9
5266	9
5267	1
5268	3
5269	4
5270	2
5271	2
5272	5
5273	5
5274	5
5275	9
5276	1
5277	1
5278	1
5279	9
5280	1
5281	1
5282	9
5283	1
5284	9
5285	3
5286	5
5287	5
5288	2
5289	2
5290	9
5291	9
5292	1
5293	2
5294	1
5295	9
5296	5
5297	9
5298	1
5299	1
5300	1
5301	1
5302	1
5303	9
5304	9
5305	9
5306	1
5307	1
5308	1
5309	1
5310	1
5311	3
5312	4
5313	2
5314	3
5315	1
5316	2
5317	2
5318	9
5319	9
5320	5
5321	5
5322	1
5324	9
5325	9
5326	1
5327	2
5328	9
5329	9
5330	5
5331	9
5332	2
5333	1
5334	5
5335	2
5336	3
5337	3
5338	3
5339	3
5340	2
5341	2
5342	5
5343	9
5344	9
5345	5
5346	9
5347	9
5348	1
5349	2
5350	5
5351	2
5352	9
5353	1
5354	9
5355	5
5356	9
5357	9
5358	1
5359	1
5360	5
5361	5
5362	2
5363	2
5364	1
5365	2
5366	2
5367	2
5368	4
5369	2
5370	2
5371	2
5372	2
5373	9
5374	2
5375	2
5376	5
5377	0
5378	2
5379	2
5380	2
5381	1
5382	5
5383	9
5384	5
5385	1
5386	2
5387	2
5388	3
5389	2
5390	2
5391	3
5392	9
5393	2
5394	2
5395	2
5396	9
5397	2
5398	9
5399	1
5400	9
5401	9
5402	9
5403	2
5404	3
5405	2
5406	2
5407	2
5408	2
5409	4
5410	2
5411	2
5412	4
5413	2
5414	5
5415	1
5416	2
5417	2
5418	1
5419	9
5420	2
5421	2
5422	5
5423	1
5424	5
5425	2
5426	5
5427	1
5428	4
5429	3
5430	3
5431	3
5432	3
5433	2
5434	2
5435	5
5436	2
5437	2
5438	3
5439	3
5440	9
5441	2
5442	1
5443	1
5444	1
5445	5
5446	1
5447	2
5448	2
5449	2
5450	2
5451	2
5452	2
5453	2
5454	2
5455	2
5456	5
5457	2
5458	1
5459	1
5460	2
5461	2
5462	5
5463	2
5464	1
5465	4
5466	1
5467	1
5468	1
5469	5
5470	9
5471	2
5472	1
5473	5
5474	2
5475	2
5476	9
5477	9
5478	2
5479	1
5480	1
5481	2
5482	5
5483	1
5484	5
5485	5
5486	9
5487	2
5488	2
5489	2
5490	3
5491	2
5492	9
5493	9
5494	2
5495	2
5496	9
5497	2
5498	1
5499	5
5500	2
5501	2
5502	2
5503	3
5504	2
5505	2
5506	2
5507	2
5508	5
5509	4
5510	3
5511	2
5512	1
5513	1
5514	1
5515	9
5516	2
5517	2
5518	1
5519	1
5520	2
5521	5
5522	1
5523	5
5524	1
5525	4
5526	2
5527	1
5528	5
5529	0
5530	2
5531	9
5532	1
5533	5
5534	2
5535	5
5536	1
5537	1
5538	2
5539	2
5540	2
5541	3
5542	2
5543	2
5544	3
5545	9
5546	2
5547	9
5548	2
5549	1
5550	9
5551	2
5552	2
5553	2
5554	2
5555	2
5556	9
5557	9
5558	1
5559	1
5560	9
5561	9
5562	1
5563	1
5564	1
5565	1
5566	1
5567	9
5568	1
5569	2
5570	9
5571	9
5572	9
5573	5
5574	9
5575	1
5576	2
5577	2
5578	2
5579	2
5580	1
5581	3
5582	3
5583	2
5584	3
5585	3
5586	5
5587	2
5588	2
5589	2
5590	1
5591	2
5592	1
5593	9
5594	9
5595	1
5596	2
5597	2
5598	2
5599	2
5600	2
5601	9
5602	9
5603	9
5604	9
5605	9
5606	1
5607	9
5608	1
5609	1
5610	1
5611	5
5612	1
5613	5
5614	1
5615	1
5616	2
5617	9
5618	0
5619	1
5620	1
5621	2
5622	9
5623	1
5624	9
5625	1
5626	2
5627	2
5628	1
5629	9
5630	2
5631	2
5632	2
5633	2
5634	2
5635	2
5636	2
5637	2
5638	3
5639	3
5640	3
5641	1
5642	5
5643	9
5644	9
5645	2
5646	9
5647	1
5648	9
5649	1
5650	1
5651	1
5652	2
5653	2
5654	2
5655	2
5656	2
5657	2
5658	9
5659	9
5660	2
5661	2
5662	9
5663	9
5664	9
5665	2
5666	2
5667	1
5668	1
5669	2
5670	1
5671	1
5672	2
5673	2
5674	2
5675	1
5676	9
5677	1
5678	2
5679	2
5680	2
5681	2
5682	2
5683	2
5684	2
5685	5
5686	5
5687	1
5688	2
5689	5
5690	1
5691	1
5692	1
5693	2
5694	2
5695	1
5696	9
5697	9
5698	1
5699	3
5700	2
5701	3
5702	2
5703	2
5704	2
5705	9
5706	2
5707	2
5708	1
5709	2
5710	2
5711	9
5712	2
5713	1
5714	1
5715	2
5716	1
5717	1
5718	9
5719	2
5720	9
5721	1
5722	5
5723	1
5725	1
5726	2
5727	2
5728	0
5729	1
5730	2
5731	1
5732	2
5733	9
5734	9
5735	2
5736	3
5737	2
5738	1
5739	9
5740	2
5741	2
5742	2
5743	1
5744	9
5745	2
5746	9
5747	9
5748	2
5749	2
5750	2
5751	2
5752	2
5753	2
5754	2
5755	2
5756	1
5757	1
5758	1
5759	9
5766	1
5767	9
5768	9
5769	9
5770	1
5771	1
5772	9
5773	9
5774	9
5775	1
5776	5
5777	1
5778	2
5779	1
5780	1
5781	2
5782	9
5783	1
5784	1
5785	1
5786	1
5787	9
5788	1
5789	9
5790	9
5791	9
5792	9
5793	9
5794	9
5795	9
5796	9
5797	1
5798	1
5799	9
5800	1
5801	2
5802	2
5803	2
5804	2
5805	9
5806	1
5807	9
5810	9
5811	9
5812	2
5813	9
5814	1
5815	1
5816	1
5817	1
5818	1
5819	1
5820	1
5821	1
5822	1
5823	2
5824	1
5825	5
5826	2
5827	2
5828	1
5829	1
5830	3
5831	5
5832	9
5833	9
5834	9
5835	9
5836	9
5837	9
5838	1
5839	1
5840	9
5841	5
5842	5
5843	9
5844	1
5845	1
5846	1
5847	9
5848	1
5849	9
5850	1
5851	2
5852	2
5853	9
5854	2
5855	1
5856	1
5857	9
5858	9
5859	3
5860	9
5861	1
5862	9
5863	1
5864	9
5865	2
5866	5
5867	5
5868	5
5869	2
5870	0
5871	5
5872	9
5873	2
5874	2
5875	5
5876	5
5877	5
5878	9
5879	1
5880	5
5881	9
5882	9
5883	5
5884	1
5885	9
5886	1
5887	9
5888	1
5889	9
5890	9
5891	7
5892	7
5893	7
5894	7
5895	7
5896	7
5897	7
5898	7
5899	7
5900	7
5901	7
5902	7
5903	7
5904	7
5905	7
5906	7
5907	7
5908	7
5909	7
5910	7
5911	7
5912	7
5913	7
5914	7
5915	7
5916	7
5917	7
5918	7
5919	7
5920	7
5921	7
5922	7
5923	7
5924	7
5925	7
5926	7
5927	7
5928	7
5929	7
5930	7
5931	7
5932	7
5933	7
5934	7
5935	7
5936	7
5937	7
5938	7
5939	7
5940	7
5941	7
5942	7
5943	7
5944	7
5945	7
5946	7
5947	7
5948	7
5949	7
5950	7
5951	7
5952	7
5953	7
5954	7
5955	7
5956	7
5957	7
5958	7
5959	7
5960	7
5961	7
5962	7
5963	7
5964	7
5965	7
5966	7
5967	7
5968	7
5969	7
5970	7
5971	7
5972	7
5973	7
5974	7
5975	7
5976	7
5977	7
5978	7
5979	7
5980	7
5981	7
5982	7
5983	7
5984	7
5985	7
5986	7
5987	7
5988	7
5989	7
5990	7
5991	7
5992	7
5993	7
5994	7
5995	7
5996	7
5997	7
5998	7
5999	7
6000	7
6001	7
6002	7
6003	7
6004	7
6005	7
6006	7
6007	7
6008	7
6009	7
6010	7
6011	7
6012	7
6013	7
6014	7
6015	7
6016	7
6017	7
6018	7
6019	7
6020	7
6021	7
6022	7
6023	7
6024	7
6025	7
6026	7
6027	7
6028	7
6029	7
6030	7
6031	7
6032	7
6033	7
6034	7
6035	7
6036	7
6037	7
6038	7
6039	7
6040	7
6041	7
6042	7
6043	7
6044	7
6045	7
6046	7
6047	7
6048	7
6049	7
6050	7
6051	7
6052	7
6053	7
6054	7
6055	7
6056	7
6057	7
6058	7
6059	7
6060	7
6061	7
6062	7
6063	7
6064	7
6065	7
6066	7
6067	7
6068	7
6069	7
6070	7
6071	7
6072	7
6073	7
6074	7
6075	7
6076	7
6077	7
6078	7
6079	7
6080	7
6081	7
6082	7
6083	7
6084	7
6085	7
6086	7
6087	7
6088	7
6089	7
6090	7
6091	7
6092	7
6093	7
6094	7
6095	7
6096	7
6097	7
6098	7
6099	7
6100	7
6101	7
6102	7
6103	7
6104	7
6105	7
6106	7
6107	7
6108	7
6109	7
6110	7
6111	7
6112	7
6113	7
6114	7
6115	7
6116	7
6117	7
6118	7
6119	7
6120	7
6121	7
6122	7
6123	7
6124	7
6125	7
6126	7
6127	7
6128	7
6129	7
6130	7
6131	7
6132	7
6133	7
6134	7
6135	7
6136	7
6137	7
6138	7
6139	7
6140	7
6141	7
6142	7
6143	7
6144	7
6145	7
6146	7
6147	7
6148	7
6149	7
6150	7
6151	7
6152	7
6153	7
6154	7
6155	7
6156	7
6157	7
6158	7
6159	7
6160	7
6161	7
6162	7
6163	7
6164	7
6165	7
6166	7
6167	7
6168	7
6169	7
6170	7
6171	7
6172	7
6173	7
6174	7
6175	7
6176	7
6177	7
6178	7
6179	7
6180	7
6181	7
6182	7
6183	7
6184	7
6185	7
6186	7
6187	7
6188	7
6189	7
6190	7
6191	1
6192	7
6193	7
6194	7
6195	7
6196	7
6197	7
6198	7
6199	7
6200	7
6201	7
6202	7
6203	7
6204	7
6205	7
6206	7
6207	7
6208	7
6209	7
6210	7
6211	7
6212	7
6213	7
6214	7
6215	7
6216	7
6217	7
6218	7
6219	7
6220	7
6221	7
6222	7
6223	7
6224	7
6225	7
6226	7
6227	7
6228	7
6229	7
6230	7
6231	7
6232	7
6233	7
6234	1
6235	7
6236	1
6237	7
6238	7
6239	8
6240	8
6241	8
6242	8
6243	9
6244	8
6245	8
6246	8
6247	8
6248	9
6249	8
6250	8
6251	0
6252	8
6253	8
6254	8
6255	8
6256	9
6257	9
6258	8
6259	8
6260	8
6261	8
6262	8
6263	8
6264	8
6265	8
6266	8
6267	8
6268	8
6269	8
6270	8
6271	8
6272	8
6273	8
6274	8
6275	8
6276	8
6277	8
6278	8
6279	8
6280	8
6281	8
6282	8
6283	8
6284	8
6285	8
6286	8
6287	8
6288	8
6289	8
6290	8
6291	8
6292	9
6293	8
6294	8
6295	8
6296	8
6297	8
6298	8
6299	8
6300	8
6301	8
6302	8
6303	8
6304	8
6305	8
6306	8
6307	9
6308	8
6309	8
6310	8
6311	8
6312	8
6313	8
6314	8
6315	8
6316	8
6317	8
6318	9
6319	8
6320	8
6321	8
6322	8
6323	8
6324	8
6325	8
6326	8
6327	8
6328	9
6329	9
6330	8
6331	8
6332	9
6333	8
6334	8
6335	8
6336	8
6337	8
6338	8
6339	8
6340	8
6341	8
6342	8
6343	8
6344	8
6345	8
6346	8
6347	9
6348	8
6349	8
6350	8
6351	8
6352	8
6353	8
6354	8
6355	8
6356	8
6357	8
6358	8
6359	8
6360	8
6361	9
6362	8
6363	8
6364	8
6365	8
6366	8
6367	8
6368	8
6369	8
6370	0
6371	9
6372	8
6373	8
6374	8
6375	8
6376	8
6377	8
6378	8
6379	8
6380	8
6381	8
6382	9
6383	9
6384	8
6385	8
6386	8
6387	8
6388	8
6389	8
6390	8
6391	9
6392	8
6393	9
6394	9
6395	8
6396	9
6397	9
6398	8
6399	8
6400	8
6401	8
6402	8
6403	8
6404	8
6405	8
6406	8
6407	0
6408	8
6409	0
6410	8
6411	6
6412	8
6413	8
6414	8
6415	9
6416	8
6417	8
6418	9
6419	8
6420	8
6421	8
6422	8
6423	8
6424	8
6425	8
6426	8
6427	8
6428	8
6429	8
6430	8
6431	8
6432	8
6433	8
6435	9
6436	8
6437	8
6438	8
6439	8
6440	8
6441	9
6442	8
6443	8
6444	8
6445	8
6446	8
6447	8
6448	8
6449	8
6450	8
6451	8
6452	8
6453	8
6454	8
6455	9
6456	8
6457	6
6458	8
6459	8
6460	8
6461	8
6462	8
6463	8
6464	8
6465	9
6466	8
6467	8
6468	8
6469	8
6470	8
6471	8
6472	8
6474	8
6475	8
6476	8
6477	8
6478	9
6479	8
6480	8
6481	8
6482	8
6483	8
6484	8
6485	8
6486	8
6487	8
6488	8
6489	8
6490	8
6491	8
6492	6
6493	8
6494	8
6495	8
6496	8
6497	8
6498	8
6499	8
6500	8
6501	8
6502	8
6503	8
6504	8
6505	8
6506	8
6507	8
6508	8
6509	8
6510	8
6511	8
6512	8
6513	8
6514	8
6515	8
6516	8
6517	8
6518	8
6519	8
6520	8
6521	6
6522	8
6523	8
6524	8
6525	8
6526	8
6527	8
6528	8
6529	8
6530	8
6531	8
6532	8
6533	8
6534	8
6535	8
6536	9
6537	8
6538	8
6539	8
6540	8
6541	8
6542	9
6543	8
6544	6
6545	8
6546	8
6547	8
6548	8
6549	8
6550	8
6551	0
6552	9
6553	8
6554	8
6555	8
6556	8
6557	8
6558	8
6559	8
6560	8
6561	8
6562	8
6563	8
6564	8
6565	1
6566	1
6567	1
6568	7
6569	1
6570	7
6571	1
6572	1
6573	1
6574	7
6575	1
6576	1
6577	1
6578	1
6579	7
6580	1
6581	1
6582	7
6583	7
6584	7
6585	1
6586	7
6587	1
6588	7
6589	7
6590	7
6591	1
6592	1
6593	1
6594	7
6595	1
6596	1
6597	1
6598	1
6599	1
6600	1
6601	1
6602	1
6603	1
6604	7
6605	7
6606	7
6607	7
6608	1
6609	7
6610	1
6611	1
6612	1
6613	7
6614	1
6615	7
6616	1
6617	1
6618	1
6619	1
6620	7
6621	1
6622	7
6623	7
6624	1
6625	1
6626	1
6627	1
6628	1
6629	1
6630	1
6631	1
6632	1
6633	1
6634	1
6635	1
6636	1
6637	1
6638	1
6639	1
6640	1
6641	1
6642	1
6643	1
6644	1
6645	1
6646	1
6647	1
6648	1
6650	1
6651	1
6652	1
6653	1
6654	1
6655	1
6656	1
6657	1
6658	1
6659	1
6660	1
6661	1
6662	1
6663	1
6664	1
6665	1
6666	1
6667	1
6668	1
6669	1
6671	1
6672	1
6679	1
6683	1
6684	1
6685	1
6686	1
6687	0
6688	1
6689	0
6690	1
6691	1
6692	1
6693	1
6694	1
6695	1
6696	1
6697	1
6698	1
6699	1
6700	1
6701	1
6702	1
6703	1
6704	1
6705	1
6706	1
6707	1
6708	1
6709	1
6710	1
6711	1
6712	1
6713	1
6714	1
6715	1
6716	1
6717	1
6718	1
6719	1
6720	1
6721	1
6722	1
6723	1
6724	1
6725	1
6726	1
6727	1
6728	1
6729	1
6730	1
6731	1
6732	1
6733	1
6734	1
6735	1
6736	1
6737	1
6738	1
6739	1
6740	1
6741	1
6742	1
6743	1
6744	1
6745	1
6746	1
6747	1
6748	1
6749	1
6750	1
6751	1
6752	1
6753	1
6754	1
6755	1
6756	1
6757	1
6758	1
6759	1
6760	1
6761	1
6762	1
6763	1
6764	7
6765	7
6766	7
6767	7
6768	7
6769	1
6770	1
6771	7
6772	7
6773	1
6774	7
6775	7
6776	7
6777	7
6778	7
6779	7
6780	7
6781	7
6782	7
6783	7
6784	7
6785	7
6786	7
6787	7
6788	7
6789	7
6790	7
6791	7
6792	7
6793	7
6794	7
6795	7
6796	7
6797	7
6798	7
6799	7
6800	7
6801	7
6802	7
6803	7
6804	7
6805	7
6806	7
6807	7
6808	7
6809	7
6810	7
6811	7
6812	7
6813	7
6814	7
6815	7
6816	7
6817	7
6818	7
6819	7
6820	0
6821	0
6822	0
6823	7
6824	7
6825	7
6826	0
6827	0
6828	0
6829	7
6830	7
6831	7
6832	7
6833	7
6834	7
6835	7
6836	1
6837	7
6838	7
6839	7
6840	7
6841	1
6842	1
6843	1
6844	1
6845	1
6846	1
6847	7
6848	7
6849	7
6850	7
6851	7
6852	7
6853	7
6854	7
6855	7
6856	1
6857	1
6858	7
6859	7
6860	1
6861	1
6862	1
6863	7
6864	0
6865	7
6866	0
6867	0
6868	7
6869	1
6870	7
6871	7
6872	1
6873	1
6874	1
6875	1
6876	1
6877	7
6878	7
6879	7
6880	7
6881	1
6882	7
6883	1
6884	7
6885	7
6886	1
6887	0
6888	7
6889	7
6890	7
6891	1
6892	7
6893	7
6894	1
6895	1
6896	1
6897	7
6898	7
6899	1
6900	1
6901	7
6902	1
6903	1
6904	1
6905	1
6906	1
6907	7
6908	1
6909	7
6910	7
6911	1
6912	1
6913	1
6914	7
6915	7
6916	0
6917	7
6918	1
6919	7
6920	0
6921	0
6922	1
6923	0
6924	0
6925	0
6926	0
6927	0
6928	1
6929	1
6930	1
6931	1
6932	1
6933	1
6934	1
6935	1
6936	7
6937	1
6938	1
6939	7
6940	1
6941	1
6942	1
6943	7
6944	1
6945	1
6946	1
6947	7
6948	7
6949	7
6950	7
6951	7
6952	7
6953	7
6954	0
6955	7
6956	7
6957	0
6958	0
6959	0
6960	7
6961	7
6962	7
6963	7
6964	0
6965	0
6966	0
