District 0: num of precincts (592) pop (708903)
District 1: num of precincts (753) pop (671971)
District 2: num of precincts (849) pop (640727)
District 3: num of precincts (702) pop (740986)
District 4: num of precincts (770) pop (576388)
District 5: num of precincts (741) pop (610869)
District 6: num of precincts (335) pop (608649)
District 7: num of precincts (810) pop (716664)
District 8: num of precincts (585) pop (704192)
District 9: num of precincts (693) pop (691230)
population error: 6%

1	1
2	7
3	7
4	7
5	1
6	7
7	7
8	7
9	7
10	7
11	7
12	7
13	7
14	7
15	7
16	7
17	7
18	7
19	1
20	1
21	1
22	1
23	1
24	1
25	1
26	7
27	1
28	7
29	7
30	1
31	1
32	1
33	1
34	1
35	1
36	1
37	1
38	1
39	1
40	1
41	1
42	1
43	1
44	1
45	1
46	1
47	9
48	1
49	9
50	9
51	1
52	9
53	9
54	1
55	1
56	9
57	1
58	1
59	9
60	1
61	1
62	1
63	0
64	0
65	0
66	0
67	0
68	0
69	9
70	0
71	0
72	0
73	0
74	0
75	0
76	0
77	9
78	0
79	0
80	0
81	0
82	0
83	0
84	9
85	0
86	0
87	0
88	0
89	9
90	9
91	9
92	0
93	0
94	9
95	0
96	0
97	9
98	9
99	0
100	0
101	0
102	0
103	0
104	0
105	0
106	0
107	0
108	0
109	0
110	0
111	0
112	0
113	0
114	0
115	0
116	0
117	0
118	9
119	0
120	0
121	0
122	0
123	0
124	0
125	0
126	0
127	0
128	0
129	0
130	0
131	9
132	0
133	0
134	0
135	0
136	0
137	0
138	0
139	0
140	9
141	0
142	0
143	0
144	9
145	9
146	0
147	0
148	0
149	0
150	0
151	0
152	0
153	0
154	0
155	0
156	0
157	0
158	0
159	0
160	0
161	0
162	9
163	0
164	0
165	0
166	0
167	0
168	0
169	9
170	9
171	0
172	0
173	0
174	0
175	0
176	0
177	0
178	0
179	0
180	0
181	0
182	9
183	0
184	0
185	9
186	0
187	0
188	0
189	0
190	9
191	9
192	0
193	0
194	0
195	0
196	0
197	0
198	9
199	9
200	0
201	0
202	0
203	0
204	0
205	0
206	0
207	0
208	0
209	9
210	0
211	0
212	0
213	9
214	9
215	0
216	0
217	0
218	0
219	0
220	0
221	0
222	0
223	0
224	0
225	0
226	0
227	0
228	0
229	0
230	0
231	0
232	0
233	0
234	9
235	9
236	0
237	9
238	0
239	0
240	0
241	0
242	0
243	0
244	0
245	0
246	0
247	0
248	0
249	0
250	0
251	0
252	9
253	0
254	0
255	9
256	0
257	1
258	1
259	1
260	1
261	1
262	1
263	5
264	1
265	5
266	1
267	1
268	5
269	1
270	1
271	1
272	5
273	1
274	1
275	1
276	1
277	1
278	1
279	1
280	1
281	1
282	1
283	1
284	1
285	1
286	1
287	1
288	1
289	5
290	1
291	5
292	5
293	1
294	1
295	1
296	1
297	1
298	1
299	1
300	1
301	1
302	1
303	1
304	5
305	1
306	1
307	1
308	1
309	1
310	5
311	1
312	1
313	7
314	1
315	1
316	1
317	7
318	1
319	1
320	5
321	5
322	5
323	5
324	1
325	1
326	1
327	1
328	1
329	1
330	1
331	1
332	1
333	1
334	1
335	1
336	1
337	1
338	1
339	1
340	7
341	1
342	1
343	9
344	9
345	9
346	9
347	9
348	9
349	9
350	9
351	9
352	9
353	9
354	9
355	9
357	9
358	9
359	9
360	9
361	9
362	9
363	9
365	9
366	9
367	9
368	9
369	9
370	9
372	9
373	9
374	9
375	9
376	9
377	9
378	9
379	9
380	9
381	9
382	9
383	9
384	9
385	9
386	9
387	9
388	9
389	9
390	9
391	9
392	9
393	9
394	9
395	9
396	9
397	9
398	9
399	9
400	9
401	9
402	9
403	9
404	9
405	9
406	9
407	9
408	9
409	9
410	9
411	9
412	9
413	9
414	9
415	9
416	9
417	9
418	9
419	9
420	9
421	9
422	9
423	9
424	9
425	9
426	9
427	9
428	9
429	9
430	9
431	9
432	9
434	9
435	9
436	9
438	9
439	0
440	0
441	0
442	0
443	0
444	0
445	0
446	9
447	8
448	8
449	9
450	8
451	8
452	0
453	0
454	0
455	8
456	8
457	8
458	0
459	0
460	0
461	8
462	0
463	0
464	8
465	8
466	8
467	8
468	0
469	8
470	8
471	8
472	8
473	9
474	8
475	8
476	8
477	8
478	9
479	9
480	8
481	0
482	0
483	9
484	8
485	8
486	8
487	8
488	9
489	0
490	9
491	8
492	0
493	9
494	0
495	0
496	0
497	8
498	8
499	8
500	8
501	8
502	0
503	0
504	0
505	0
506	8
507	0
508	9
509	9
510	9
511	0
512	0
513	0
514	0
515	0
516	9
517	0
518	0
519	8
520	8
521	8
522	9
523	8
524	0
525	0
526	0
527	0
528	9
529	9
530	8
531	8
532	8
533	8
534	8
535	9
536	9
538	9
539	8
540	8
541	8
542	9
543	0
544	8
545	8
546	8
547	8
548	9
549	9
550	9
551	9
552	9
553	9
554	9
555	9
556	8
557	9
558	9
559	9
560	8
561	8
562	8
563	0
564	0
565	0
566	8
567	0
568	0
569	9
570	8
571	8
572	8
573	9
574	8
575	9
576	0
577	0
578	0
579	9
580	9
581	8
582	0
583	8
584	0
585	8
586	8
587	0
588	0
589	8
590	9
591	9
592	9
593	8
594	0
595	0
596	0
597	0
598	8
599	9
600	9
601	0
602	8
603	9
604	9
605	8
606	0
607	9
608	8
609	9
610	8
611	8
612	9
613	9
614	8
615	8
616	8
617	9
618	9
619	8
620	8
621	0
622	0
623	8
624	0
625	0
626	0
627	8
628	8
629	0
630	8
631	8
632	8
633	8
634	8
635	8
636	0
637	8
638	0
639	0
640	0
641	0
642	0
643	9
644	9
645	9
646	7
647	7
648	7
649	7
650	7
651	1
652	7
653	7
654	7
655	7
656	7
657	7
658	7
659	7
660	0
661	0
662	0
663	0
664	9
665	0
666	0
667	0
668	0
669	0
670	0
671	0
672	0
673	0
674	0
675	0
676	0
677	0
678	0
679	9
680	0
681	0
682	0
683	0
684	0
685	0
686	0
687	0
688	0
689	9
690	0
691	0
692	0
693	9
694	9
695	9
696	9
697	9
698	9
699	9
700	9
701	9
702	9
703	9
704	9
705	9
706	9
707	9
708	0
709	9
710	0
711	9
712	0
713	0
714	0
715	0
716	0
717	9
718	9
719	0
720	0
721	9
722	6
723	0
724	9
725	0
726	0
727	8
728	8
729	0
730	0
731	8
732	0
733	0
734	0
735	0
736	0
737	0
738	0
739	0
740	0
741	0
742	0
743	0
744	0
745	0
746	0
747	0
748	0
749	0
750	0
751	0
752	1
753	7
754	7
755	7
756	7
757	1
758	1
759	7
760	1
761	7
762	1
763	1
764	7
765	1
766	1
767	7
768	7
769	1
770	1
771	1
772	1
773	1
774	1
775	1
776	1
777	1
778	1
779	1
780	1
781	1
782	1
783	1
784	1
785	1
786	1
787	1
788	1
789	1
790	1
791	1
792	1
793	1
794	1
795	7
796	7
797	7
798	7
799	7
800	7
801	7
802	7
803	7
804	7
805	7
806	7
807	7
808	7
809	7
810	7
811	7
812	7
813	7
814	7
815	7
816	7
817	7
818	7
819	7
820	7
821	7
822	7
823	7
824	7
825	7
826	7
827	7
828	7
829	7
830	7
831	7
832	7
833	0
834	0
835	0
836	0
837	7
838	0
839	0
840	0
841	7
842	0
843	7
844	7
845	7
846	1
847	1
848	1
849	1
850	1
851	1
852	1
853	1
854	1
855	1
856	1
857	1
858	1
859	1
860	1
861	9
862	1
863	0
864	1
865	1
866	1
867	1
868	0
869	0
870	1
871	1
872	0
873	7
874	1
875	0
876	7
877	7
878	0
879	7
880	7
881	7
882	7
883	7
884	7
885	7
886	1
887	1
888	7
889	1
890	0
891	7
892	7
893	7
894	7
895	1
896	1
897	1
898	1
899	1
900	7
901	7
902	0
903	1
904	1
905	0
906	0
907	0
908	0
909	0
910	0
911	0
912	0
913	0
914	0
915	1
916	1
917	0
918	0
919	0
920	0
921	1
922	1
923	1
924	0
925	1
926	1
927	7
928	7
929	1
930	7
931	7
932	7
933	7
934	7
935	7
936	7
937	7
938	7
939	7
940	7
941	7
942	8
943	8
944	8
945	7
946	7
947	7
948	7
949	7
950	7
951	7
952	7
953	7
954	7
955	7
956	1
957	1
958	7
959	7
960	7
961	1
962	1
963	7
964	7
965	9
966	8
967	9
968	9
969	7
970	7
971	7
972	7
973	7
974	7
975	7
976	7
977	7
978	8
979	1
980	8
981	1
982	1
983	1
984	7
985	1
986	1
987	1
988	8
989	7
990	7
991	1
992	7
993	7
994	7
995	1
996	7
997	1
998	1
999	7
1000	7
1001	7
1002	7
1003	7
1004	7
1005	1
1006	1
1007	8
1008	7
1009	8
1010	0
1011	0
1012	9
1013	9
1014	9
1015	8
1016	9
1017	9
1018	9
1019	8
1020	9
1021	1
1022	0
1023	9
1024	9
1025	8
1026	9
1027	9
1028	9
1029	9
1030	9
1031	9
1032	8
1033	9
1034	8
1035	9
1036	9
1037	9
1038	8
1039	1
1040	9
1041	1
1042	8
1043	1
1044	8
1045	9
1046	9
1051	8
1052	8
1053	9
1054	9
1055	9
1056	9
1057	1
1058	9
1059	9
1060	9
1061	9
1062	9
1063	9
1064	9
1065	9
1066	8
1068	8
1069	9
1070	8
1071	9
1072	8
1073	9
1074	9
1075	8
1076	9
1077	8
1078	8
1079	8
1080	8
1081	8
1082	0
1084	8
1085	8
1087	8
1088	8
1089	8
1090	8
1091	8
1092	8
1093	8
1094	8
1095	8
1096	8
1097	8
1099	8
1101	8
1102	8
1103	8
1104	8
1105	9
1106	9
1107	9
1108	9
1109	9
1110	9
1111	9
1112	9
1113	8
1114	8
1115	8
1116	8
1117	8
1118	8
1120	8
1121	8
1122	9
1123	9
1124	8
1125	8
1126	9
1127	9
1128	9
1129	8
1130	8
1131	8
1132	8
1133	8
1134	8
1135	8
1136	8
1137	8
1138	8
1139	8
1140	8
1141	8
1142	8
1143	8
1144	8
1145	8
1146	8
1147	8
1149	8
1151	8
1157	9
1160	8
1161	8
1162	8
1163	8
1164	8
1165	8
1167	8
1168	8
1169	8
1170	8
1171	8
1172	8
1173	8
1174	8
1175	8
1176	8
1177	9
1178	9
1179	9
1181	9
1182	9
1185	9
1189	9
1190	9
1191	9
1192	9
1193	9
1194	9
1195	9
1196	9
1197	9
1198	9
1199	9
1200	9
1201	9
1202	9
1203	9
1204	9
1205	9
1206	9
1207	9
1208	9
1209	9
1210	9
1211	9
1212	9
1213	9
1214	9
1215	9
1216	9
1217	3
1218	3
1219	3
1220	3
1221	3
1222	3
1223	3
1224	3
1225	3
1226	3
1227	4
1228	4
1229	3
1230	3
1231	4
1232	4
1233	9
1234	9
1235	9
1236	4
1237	4
1238	3
1239	3
1240	3
1241	4
1242	4
1243	4
1244	4
1245	4
1246	4
1247	4
1249	4
1250	4
1251	4
1252	4
1253	4
1254	4
1255	4
1256	4
1257	4
1258	4
1259	4
1260	4
1261	4
1263	4
1264	4
1265	4
1266	4
1267	4
1268	4
1269	4
1270	4
1271	4
1272	4
1273	4
1274	4
1275	4
1276	4
1277	4
1278	4
1279	4
1280	4
1281	4
1282	4
1283	4
1284	4
1285	4
1286	4
1287	4
1288	4
1289	4
1290	4
1291	4
1292	4
1293	4
1294	4
1295	2
1296	2
1297	2
1298	2
1299	2
1300	2
1301	2
1302	2
1303	2
1304	2
1305	2
1306	2
1307	2
1308	2
1309	2
1310	2
1311	2
1312	2
1313	4
1314	4
1315	4
1316	4
1317	3
1318	4
1319	4
1320	3
1321	3
1322	3
1323	5
1324	3
1325	5
1326	5
1327	5
1328	5
1329	5
1330	5
1331	5
1332	5
1333	5
1334	5
1335	5
1336	5
1337	5
1338	5
1339	5
1340	5
1341	2
1342	2
1343	2
1344	2
1345	2
1346	2
1347	2
1348	5
1349	5
1350	5
1351	5
1352	5
1353	5
1354	5
1355	5
1356	5
1357	5
1358	5
1359	6
1360	2
1361	2
1362	2
1363	2
1364	2
1365	2
1366	5
1367	5
1368	5
1369	5
1370	2
1371	5
1372	2
1374	4
1375	4
1376	4
1377	6
1378	3
1379	3
1380	3
1381	3
1382	3
1383	1
1384	3
1385	1
1386	3
1387	3
1388	3
1389	3
1390	3
1391	3
1392	6
1393	6
1394	6
1395	6
1396	3
1397	9
1398	9
1399	9
1400	9
1401	9
1402	9
1403	9
1404	9
1405	9
1406	9
1407	9
1408	4
1409	4
1410	4
1411	4
1412	4
1413	4
1414	4
1415	4
1416	4
1417	4
1418	4
1419	4
1420	4
1421	4
1422	4
1423	4
1424	4
1425	4
1426	4
1427	4
1429	4
1432	4
1433	4
1434	4
1435	4
1436	4
1437	4
1438	4
1439	4
1440	4
1441	4
1442	2
1443	2
1444	2
1445	2
1446	2
1447	2
1448	2
1449	2
1450	2
1451	5
1452	2
1453	2
1454	2
1455	5
1456	2
1457	2
1458	2
1459	2
1460	2
1461	5
1462	5
1463	5
1464	5
1465	5
1466	3
1467	3
1468	3
1469	3
1470	3
1471	3
1472	3
1473	3
1474	3
1475	3
1476	5
1477	5
1478	5
1479	5
1480	5
1481	5
1482	5
1483	5
1484	5
1485	5
1486	5
1487	5
1488	5
1489	5
1490	5
1491	5
1492	5
1493	5
1494	5
1495	5
1496	5
1497	5
1498	5
1499	5
1500	5
1501	5
1502	5
1503	5
1504	5
1505	5
1506	2
1507	5
1508	2
1509	2
1510	5
1511	5
1512	2
1513	5
1514	5
1515	5
1516	2
1517	5
1518	5
1519	5
1520	5
1521	5
1522	5
1523	5
1524	5
1525	5
1526	4
1527	4
1528	4
1529	4
1530	4
1531	4
1533	4
1534	4
1535	5
1536	5
1537	5
1538	5
1539	5
1540	5
1541	5
1542	5
1543	2
1544	1
1545	1
1546	3
1547	3
1548	3
1549	3
1550	3
1551	3
1552	3
1553	6
1554	9
1555	3
1556	6
1557	6
1558	6
1559	6
1560	3
1561	3
1562	6
1563	9
1564	9
1565	9
1566	9
1567	9
1568	3
1569	4
1570	4
1571	4
1572	4
1573	4
1574	4
1575	4
1576	4
1577	4
1578	4
1579	4
1580	4
1581	4
1582	4
1584	4
1585	4
1586	4
1587	4
1588	4
1589	4
1590	4
1591	4
1592	4
1593	4
1594	4
1596	4
1597	4
1598	4
1599	2
1600	2
1601	2
1602	2
1603	2
1604	2
1605	2
1606	2
1607	2
1608	2
1609	2
1610	2
1611	2
1612	2
1613	2
1614	2
1615	2
1616	2
1617	5
1618	5
1619	5
1620	5
1621	5
1622	2
1623	2
1624	5
1625	2
1626	5
1627	5
1628	2
1629	5
1630	2
1631	2
1632	2
1633	2
1634	2
1635	2
1636	3
1637	3
1638	3
1639	3
1640	4
1641	4
1642	3
1643	3
1644	3
1645	3
1646	5
1647	5
1648	5
1649	5
1650	5
1651	5
1652	5
1653	5
1654	5
1655	5
1656	5
1657	4
1658	5
1659	5
1660	5
1661	5
1662	5
1663	5
1664	5
1665	5
1666	5
1667	5
1668	5
1669	5
1670	5
1671	5
1672	2
1673	2
1674	2
1675	2
1676	2
1677	2
1678	2
1679	2
1680	2
1681	2
1682	2
1683	2
1684	2
1685	2
1686	2
1687	2
1688	5
1689	5
1690	5
1691	5
1692	5
1693	5
1694	5
1695	5
1696	5
1697	5
1698	2
1699	2
1700	2
1701	2
1702	2
1703	2
1704	2
1705	2
1706	2
1707	2
1708	2
1709	2
1710	2
1711	2
1712	2
1713	4
1714	4
1715	3
1716	5
1717	3
1718	5
1719	5
1720	3
1721	1
1722	3
1723	6
1724	3
1725	6
1726	6
1727	3
1728	3
1729	6
1730	3
1731	4
1732	3
1733	6
1734	3
1735	6
1736	4
1737	4
1738	4
1739	4
1740	4
1741	4
1742	4
1743	4
1744	4
1745	4
1746	4
1747	4
1748	4
1749	4
1750	4
1751	4
1752	4
1753	4
1754	4
1755	4
1756	4
1757	4
1758	4
1759	4
1760	4
1761	4
1762	4
1763	4
1764	2
1765	2
1766	2
1767	2
1769	2
1770	2
1771	2
1772	2
1773	2
1774	2
1775	2
1776	2
1777	2
1778	2
1779	2
1780	2
1781	2
1782	2
1783	2
1784	2
1785	2
1786	2
1787	2
1788	2
1789	2
1790	2
1791	2
1792	2
1793	2
1795	2
1796	2
1797	2
1798	2
1799	2
1800	2
1801	3
1802	4
1803	3
1804	3
1805	3
1806	3
1807	3
1808	3
1809	3
1810	3
1811	3
1812	4
1813	5
1814	3
1815	4
1816	3
1817	4
1818	5
1819	3
1820	4
1821	3
1822	5
1823	5
1824	5
1825	5
1826	5
1827	5
1828	5
1829	5
1830	5
1831	5
1832	5
1833	2
1834	2
1835	2
1836	2
1837	2
1838	2
1839	2
1840	2
1841	2
1842	2
1843	2
1844	2
1845	2
1846	2
1847	2
1848	2
1849	2
1850	5
1851	5
1852	5
1853	5
1854	5
1855	5
1856	5
1857	4
1858	4
1859	4
1860	4
1861	4
1862	4
1863	4
1864	4
1865	4
1866	5
1867	3
1868	1
1869	3
1870	3
1871	3
1872	3
1873	3
1874	3
1875	3
1876	6
1877	6
1878	6
1879	6
1880	3
1881	3
1882	6
1883	6
1884	6
1885	4
1886	4
1887	4
1888	4
1889	4
1890	4
1891	4
1892	3
1893	3
1894	3
1895	4
1896	4
1897	4
1898	4
1899	4
1900	4
1901	4
1902	4
1903	4
1904	4
1905	4
1906	4
1907	4
1908	4
1909	4
1910	4
1911	4
1912	4
1913	4
1914	4
1915	4
1916	4
1917	4
1918	4
1919	4
1920	4
1921	4
1922	4
1923	4
1924	4
1925	2
1926	2
1927	2
1928	2
1929	2
1930	2
1931	2
1932	2
1933	2
1934	2
1935	2
1936	2
1937	2
1938	2
1939	4
1940	2
1941	4
1942	4
1943	4
1944	2
1945	2
1946	2
1947	2
1948	2
1949	2
1950	2
1951	2
1952	2
1953	2
1954	5
1955	2
1956	5
1957	5
1958	2
1959	2
1960	2
1961	2
1962	2
1963	2
1964	2
1965	3
1966	3
1967	3
1968	3
1969	5
1970	4
1971	4
1972	4
1973	5
1974	5
1975	5
1976	5
1977	3
1978	5
1979	5
1980	5
1981	5
1982	5
1983	5
1984	5
1985	5
1986	5
1987	5
1988	5
1989	5
1990	5
1991	5
1992	2
1993	2
1994	2
1995	2
1996	2
1997	2
1998	2
1999	2
2000	2
2001	2
2002	2
2003	2
2004	2
2005	2
2006	2
2007	2
2008	2
2009	5
2010	5
2011	5
2012	5
2013	5
2014	5
2015	3
2016	3
2017	3
2018	1
2019	3
2020	1
2021	1
2022	3
2023	3
2024	3
2025	3
2026	3
2027	3
2028	3
2029	9
2030	3
2031	1
2032	3
2033	6
2034	6
2035	6
2036	6
2037	6
2038	6
2039	6
2040	6
2041	4
2042	4
2043	3
2044	3
2045	4
2046	4
2047	4
2048	4
2049	4
2050	3
2051	4
2052	4
2053	4
2054	4
2055	4
2056	4
2057	4
2058	4
2059	4
2060	4
2061	4
2062	4
2063	4
2064	4
2065	4
2066	4
2067	4
2068	4
2069	4
2070	4
2071	4
2072	4
2073	4
2074	4
2075	4
2076	4
2077	4
2078	4
2079	2
2080	2
2081	2
2082	2
2083	2
2084	2
2085	2
2086	2
2087	4
2088	4
2089	4
2090	4
2091	4
2092	4
2093	4
2094	2
2095	4
2096	4
2097	2
2098	2
2099	2
2100	2
2101	2
2102	2
2103	2
2104	2
2105	2
2106	2
2107	2
2108	2
2109	2
2110	2
2111	2
2112	2
2113	4
2114	4
2115	4
2116	4
2117	4
2118	4
2119	3
2120	4
2121	3
2122	5
2123	5
2124	5
2125	5
2126	5
2127	5
2128	3
2129	4
2130	5
2131	5
2132	5
2133	5
2134	5
2135	5
2136	5
2137	5
2138	5
2139	5
2140	5
2141	5
2142	2
2143	2
2144	2
2145	2
2146	2
2147	2
2148	2
2149	2
2150	5
2151	5
2152	9
2153	4
2154	9
2155	9
2156	9
2157	5
2158	9
2161	3
2162	1
2163	3
2164	3
2165	5
2166	3
2167	3
2168	5
2169	5
2170	5
2171	5
2172	5
2173	3
2174	1
2175	3
2176	1
2177	1
2178	1
2179	1
2180	1
2181	1
2182	3
2183	3
2184	1
2185	3
2186	1
2187	3
2188	3
2189	3
2190	3
2191	3
2192	3
2193	6
2194	6
2195	6
2196	6
2197	6
2198	6
2199	6
2200	6
2201	6
2202	3
2203	3
2204	4
2205	3
2206	4
2207	4
2208	4
2209	4
2210	4
2211	4
2212	4
2213	4
2215	4
2216	4
2217	4
2218	4
2219	4
2220	4
2221	4
2222	4
2223	4
2224	4
2225	4
2226	4
2227	4
2228	4
2229	4
2230	4
2231	4
2232	4
2233	4
2234	4
2235	4
2236	2
2237	2
2238	2
2239	2
2240	2
2241	2
2242	4
2243	4
2244	4
2245	4
2246	2
2247	4
2248	2
2249	2
2250	2
2251	4
2252	2
2253	2
2254	2
2255	2
2256	2
2257	3
2258	3
2259	3
2260	3
2261	3
2262	3
2263	3
2264	3
2265	3
2266	3
2267	1
2268	5
2269	5
2270	4
2271	4
2272	4
2273	5
2274	5
2275	5
2276	5
2277	5
2278	5
2279	5
2280	5
2281	5
2282	5
2283	5
2284	2
2285	2
2286	2
2287	5
2288	5
2289	2
2290	5
2291	2
2292	2
2293	2
2294	2
2295	2
2296	2
2297	2
2298	2
2299	2
2300	2
2301	2
2302	9
2303	5
2304	3
2305	5
2306	5
2307	1
2308	5
2309	5
2310	5
2311	5
2312	5
2313	5
2314	5
2315	5
2316	1
2317	5
2318	5
2319	5
2320	5
2321	5
2322	5
2323	5
2324	1
2325	1
2326	1
2327	1
2328	1
2329	1
2330	1
2331	1
2332	5
2333	3
2334	9
2335	3
2336	3
2337	3
2338	3
2339	3
2340	3
2341	3
2342	3
2343	3
2344	6
2345	6
2346	6
2347	6
2348	6
2349	6
2350	6
2351	6
2352	6
2353	3
2354	6
2355	4
2356	4
2357	4
2358	6
2359	4
2360	4
2361	4
2362	4
2363	4
2364	4
2365	4
2366	3
2367	4
2368	3
2369	3
2370	4
2371	4
2372	4
2373	4
2374	4
2375	4
2376	4
2377	4
2378	4
2379	4
2380	4
2381	4
2382	4
2383	4
2384	4
2385	4
2386	4
2387	4
2388	4
2389	4
2390	4
2391	4
2392	4
2393	4
2394	4
2395	4
2396	4
2397	4
2398	4
2399	4
2400	4
2401	4
2402	4
2403	2
2404	2
2405	2
2406	2
2407	2
2408	2
2409	2
2410	2
2411	5
2412	2
2413	2
2414	2
2415	2
2416	2
2417	2
2418	5
2419	2
2420	2
2421	2
2422	2
2423	2
2424	2
2425	3
2426	3
2427	3
2428	3
2429	1
2430	3
2431	3
2432	3
2433	3
2434	3
2435	3
2436	3
2437	3
2438	4
2439	5
2440	5
2441	5
2442	1
2443	5
2444	5
2445	5
2446	5
2447	5
2448	5
2449	5
2450	5
2451	3
2452	5
2453	5
2454	5
2455	5
2456	5
2457	2
2458	5
2459	2
2460	2
2461	5
2462	5
2463	5
2464	2
2465	3
2466	9
2467	3
2468	1
2469	5
2470	1
2471	3
2472	3
2473	3
2474	3
2475	1
2476	5
2477	5
2478	5
2479	5
2480	5
2481	5
2482	5
2483	5
2484	5
2485	5
2486	5
2487	5
2488	5
2489	5
2490	5
2491	1
2492	5
2493	5
2494	5
2495	1
2496	1
2497	5
2498	3
2499	3
2500	3
2501	3
2502	3
2503	3
2504	3
2505	3
2506	3
2507	3
2508	3
2509	3
2510	4
2511	4
2512	4
2513	4
2514	4
2515	4
2516	4
2517	4
2518	4
2520	4
2521	4
2522	4
2523	4
2524	4
2525	4
2526	4
2527	4
2528	4
2529	3
2530	4
2531	3
2532	4
2533	4
2534	4
2535	4
2536	4
2537	4
2538	4
2539	4
2540	4
2541	4
2542	4
2543	4
2544	4
2545	4
2546	4
2547	4
2548	4
2549	4
2550	4
2551	4
2552	4
2553	4
2554	4
2555	4
2556	4
2557	4
2558	4
2559	4
2560	4
2561	4
2562	4
2563	4
2564	4
2565	4
2566	4
2567	4
2568	4
2569	2
2570	2
2571	2
2572	2
2573	2
2574	2
2575	5
2576	5
2577	5
2578	5
2579	5
2580	5
2581	2
2582	2
2583	2
2584	2
2585	2
2586	2
2587	2
2588	2
2589	2
2590	3
2591	3
2592	3
2593	3
2594	3
2595	3
2596	3
2597	3
2598	3
2599	3
2600	3
2601	1
2602	5
2603	1
2604	5
2605	5
2606	1
2607	5
2608	5
2609	5
2610	5
2611	5
2612	5
2613	5
2614	5
2615	5
2616	2
2617	2
2618	5
2619	5
2620	5
2621	5
2622	5
2623	5
2624	5
2625	5
2626	5
2627	3
2628	5
2629	3
2630	3
2631	5
2632	5
2633	3
2634	3
2635	5
2636	5
2637	5
2638	5
2639	5
2640	5
2641	5
2642	5
2643	5
2644	5
2645	5
2646	5
2647	5
2648	5
2649	1
2650	5
2651	5
2652	5
2653	3
2654	3
2655	3
2656	3
2657	3
2658	3
2659	3
2660	3
2661	3
2662	3
2663	4
2664	4
2665	3
2666	4
2667	3
2668	4
2669	4
2670	4
2671	4
2672	4
2673	4
2674	2
2675	4
2676	5
2677	4
2678	2
2679	4
2680	4
2681	4
2682	2
2683	5
2684	4
2685	3
2686	3
2687	4
2688	4
2689	4
2690	3
2691	4
2692	3
2693	4
2694	4
2695	4
2696	4
2697	4
2698	4
2699	4
2700	4
2701	4
2702	4
2703	4
2704	4
2705	4
2706	4
2707	4
2708	4
2710	4
2711	2
2712	4
2713	2
2714	2
2715	2
2716	2
2717	4
2718	4
2719	4
2720	4
2721	4
2722	2
2723	5
2724	5
2725	5
2726	5
2727	5
2728	5
2729	5
2730	5
2731	5
2732	5
2733	5
2734	5
2735	5
2736	5
2737	5
2738	5
2739	5
2740	5
2741	3
2742	3
2743	3
2744	3
2745	3
2746	3
2747	3
2748	3
2749	3
2750	3
2751	3
2752	3
2753	3
2754	5
2755	5
2756	3
2757	3
2758	3
2759	5
2760	1
2761	5
2762	1
2763	5
2764	5
2765	5
2766	5
2767	5
2768	5
2769	5
2770	5
2771	5
2772	5
2773	5
2774	5
2775	5
2776	5
2777	5
2778	5
2779	2
2780	5
2781	5
2782	2
2783	2
2784	2
2785	2
2786	2
2787	5
2788	2
2789	2
2790	2
2791	5
2792	5
2793	5
2794	5
2795	9
2796	4
2797	2
2798	3
2799	3
2800	3
2801	5
2802	5
2803	5
2804	3
2805	3
2806	3
2807	3
2808	1
2809	3
2810	5
2811	5
2812	5
2813	5
2814	5
2815	5
2816	5
2817	5
2818	5
2819	3
2820	3
2821	3
2822	5
2823	5
2824	5
2825	3
2826	3
2827	3
2828	3
2829	3
2830	3
2831	3
2832	3
2833	3
2834	3
2835	4
2836	2
2837	2
2838	2
2839	2
2840	2
2841	2
2842	2
2843	2
2844	4
2845	4
2846	2
2847	4
2848	5
2849	5
2850	5
2851	5
2852	5
2853	3
2854	4
2855	4
2856	4
2857	4
2858	4
2859	4
2860	4
2861	4
2862	4
2863	4
2864	4
2865	4
2866	4
2867	4
2868	4
2869	4
2870	4
2871	4
2872	4
2873	4
2874	4
2875	4
2876	4
2877	4
2878	2
2879	4
2880	4
2881	4
2882	4
2883	4
2884	4
2885	4
2886	4
2887	4
2888	4
2889	4
2890	4
2891	4
2892	4
2893	5
2894	5
2895	5
2896	5
2897	5
2898	2
2899	5
2900	5
2901	5
2902	5
2903	5
2904	2
2905	5
2906	2
2907	2
2908	2
2909	2
2910	2
2911	2
2912	2
2913	3
2914	3
2915	3
2916	3
2917	4
2918	3
2919	3
2920	3
2921	3
2922	3
2923	3
2924	5
2925	5
2926	5
2927	5
2928	5
2929	5
2930	5
2931	5
2932	3
2933	5
2934	5
2935	5
2936	4
2937	4
2938	5
2939	5
2940	5
2941	5
2942	5
2943	5
2944	5
2945	5
2946	5
2947	5
2948	5
2949	5
2950	5
2951	2
2952	5
2953	5
2954	5
2955	5
2956	5
2957	5
2958	9
2959	4
2960	9
2961	5
2962	3
2964	5
2965	3
2966	5
2967	5
2968	5
2969	5
2970	5
2971	3
2972	3
2973	5
2974	5
2975	5
2976	5
2977	5
2978	5
2979	5
2980	5
2981	5
2982	5
2983	3
2984	5
2985	3
2986	3
2987	1
2988	1
2989	1
2990	3
2991	1
2992	1
2993	1
2994	1
2995	3
2996	3
2997	5
2998	5
2999	5
3000	5
3001	5
3002	5
3003	5
3004	5
3005	5
3006	5
3007	4
3008	4
3009	4
3010	4
3011	4
3012	4
3013	4
3014	4
3015	4
3016	4
3017	4
3018	4
3019	4
3020	4
3021	4
3022	4
3023	4
3024	4
3025	4
3026	4
3027	4
3028	4
3029	4
3030	4
3031	9
3032	4
3033	4
3034	4
3035	4
3036	4
3037	4
3038	4
3039	4
3040	4
3041	4
3042	4
3043	4
3044	4
3045	4
3046	4
3047	4
3048	4
3049	4
3050	4
3051	2
3052	4
3053	4
3054	4
3055	4
3056	4
3057	4
3058	4
3059	4
3060	2
3061	4
3062	4
3063	4
3064	5
3065	5
3066	5
3067	5
3068	5
3069	2
3070	2
3071	2
3072	2
3073	2
3074	2
3075	2
3076	2
3077	2
3078	2
3079	2
3080	2
3081	3
3082	3
3083	3
3084	3
3085	3
3086	3
3087	3
3088	3
3089	3
3090	4
3091	3
3092	3
3093	3
3094	5
3095	5
3096	5
3097	1
3098	4
3099	4
3100	4
3101	4
3102	4
3103	4
3104	5
3105	5
3106	5
3107	4
3108	5
3109	5
3110	4
3111	5
3112	5
3113	5
3114	5
3115	5
3116	5
3117	5
3118	5
3119	5
3120	5
3121	5
3122	2
3123	2
3124	3
3125	6
3126	3
3127	3
3128	4
3129	3
3130	3
3131	3
3132	5
3133	3
3135	5
3136	5
3137	5
3138	5
3139	5
3140	5
3141	5
3142	5
3143	5
3144	5
3145	5
3146	5
3147	5
3148	5
3149	5
3150	4
3151	3
3152	5
3153	3
3154	3
3155	3
3156	3
3157	3
3158	3
3159	3
3160	3
3161	3
3162	3
3163	5
3164	5
3165	5
3166	5
3167	5
3168	5
3169	2
3170	2
3171	2
3172	4
3173	4
3174	4
3175	4
3176	4
3177	4
3178	4
3179	2
3180	2
3181	2
3184	2
3185	2
3186	2
3187	2
3188	2
3189	4
3190	4
3191	4
3192	4
3193	4
3194	4
3195	4
3196	4
3197	4
3198	4
3199	4
3200	4
3201	4
3202	2
3203	2
3204	4
3205	4
3206	2
3212	4
3213	4
3214	4
3215	4
3216	4
3217	4
3218	4
3219	4
3220	4
3221	4
3222	5
3223	5
3224	2
3225	2
3226	5
3227	2
3228	2
3229	2
3230	2
3231	2
3232	2
3233	2
3234	2
3235	2
3236	2
3237	2
3238	2
3239	2
3240	2
3241	3
3242	3
3243	3
3244	3
3245	3
3246	3
3247	3
3248	3
3249	3
3250	4
3251	4
3252	4
3253	4
3254	4
3255	4
3256	5
3257	5
3258	4
3259	5
3260	5
3261	4
3262	4
3263	5
3264	5
3265	5
3266	5
3267	5
3268	5
3269	5
3270	9
3271	5
3272	5
3273	2
3274	2
3275	2
3276	2
3277	2
3278	5
3279	2
3280	2
3281	3
3282	9
3284	3
3285	4
3286	2
3287	3
3288	5
3289	5
3292	4
3293	5
3294	5
3295	5
3296	3
3297	3
3298	5
3299	5
3300	5
3301	5
3302	5
3303	5
3304	3
3305	1
3306	1
3307	3
3308	3
3309	3
3310	3
3311	3
3312	3
3313	3
3314	3
3315	3
3316	3
3317	3
3318	3
3319	3
3320	3
3321	3
3322	2
3323	9
3324	2
3325	2
3326	2
3327	5
3328	2
3329	5
3330	5
3331	6
3332	3
3333	5
3334	5
3335	5
3336	5
3337	4
3338	4
3339	4
3340	4
3341	4
3342	4
3343	4
3344	4
3345	4
3346	4
3347	4
3348	4
3350	4
3351	4
3352	4
3353	4
3355	4
3356	4
3357	4
3358	4
3359	4
3360	4
3361	4
3362	4
3363	4
3364	4
3365	4
3366	4
3367	4
3368	4
3369	4
3370	2
3371	2
3372	4
3373	2
3374	2
3375	2
3376	2
3377	2
3378	2
3379	2
3380	2
3381	2
3382	2
3383	2
3384	2
3385	2
3386	2
3387	2
3388	2
3389	2
3390	2
3391	2
3392	2
3393	2
3394	2
3395	2
3396	2
3397	2
3398	2
3399	2
3400	3
3401	4
3402	4
3403	4
3404	4
3405	4
3406	3
3407	3
3408	5
3409	5
3410	4
3411	3
3412	3
3413	3
3414	3
3415	3
3416	5
3417	5
3418	5
3419	5
3420	5
3421	5
3422	5
3423	5
3424	5
3425	5
3426	5
3427	5
3428	5
3429	5
3430	1
3431	5
3432	5
3433	2
3434	2
3435	2
3436	2
3437	2
3438	5
3439	3
3440	6
3441	4
3442	2
3443	4
3444	4
3445	5
3446	4
3447	5
3448	4
3449	5
3450	5
3451	5
3452	5
3453	5
3454	5
3455	5
3456	5
3457	5
3458	5
3459	5
3460	3
3461	1
3462	1
3463	3
3464	3
3465	3
3466	3
3467	3
3468	9
3469	3
3470	3
3471	3
3472	3
3473	9
3474	3
3475	3
3476	3
3477	3
3478	3
3479	3
3480	3
3481	3
3482	3
3483	4
3484	4
3485	4
3486	3
3487	3
3488	6
3489	6
3490	3
3491	3
3492	3
3493	6
3494	3
3495	6
3496	4
3497	4
3498	4
3499	4
3500	4
3501	3
3502	5
3503	3
3504	4
3505	4
3506	4
3507	4
3508	4
3509	4
3510	4
3513	4
3514	4
3515	4
3516	4
3517	4
3518	4
3519	4
3520	4
3521	4
3522	4
3523	4
3524	2
3525	4
3526	4
3527	4
3528	4
3529	4
3530	4
3531	4
3533	4
3534	4
3535	4
3536	4
3537	4
3538	4
3539	4
3540	4
3541	4
3542	4
3543	4
3544	4
3545	2
3546	2
3547	2
3548	2
3549	2
3550	2
3551	2
3552	2
3553	2
3554	2
3555	2
3556	2
3557	2
3558	5
3559	2
3560	5
3561	2
3562	2
3563	2
3564	2
3565	2
3566	2
3567	2
3568	4
3569	4
3570	4
3571	4
3572	4
3573	4
3574	4
3575	4
3576	4
3577	4
3578	5
3579	5
3580	4
3581	3
3582	3
3583	3
3584	3
3585	3
3586	5
3587	5
3588	5
3589	5
3590	5
3591	5
3592	5
3593	5
3594	5
3595	5
3596	5
3597	5
3598	5
3599	2
3600	2
3601	2
3602	2
3603	3
3604	5
3605	5
3606	3
3607	5
3608	5
3609	3
3610	3
3611	3
3612	5
3614	5
3615	9
3616	5
3617	5
3618	5
3619	5
3620	5
3621	5
3622	3
3623	3
3624	3
3625	3
3626	3
3627	3
3628	3
3629	3
3630	3
3631	3
3632	5
3633	3
3634	3
3635	3
3636	3
3637	3
3638	3
3639	3
3640	3
3641	3
3642	3
3643	6
3644	6
3645	6
3646	6
3647	3
3648	6
3649	6
3650	3
3651	3
3652	3
3653	3
3654	3
3655	3
3656	3
3657	3
3658	4
3659	3
3660	3
3661	4
3662	3
3663	3
3664	3
3665	3
3666	3
3667	3
3668	4
3669	4
3670	4
3671	4
3672	4
3673	4
3674	4
3675	4
3676	4
3677	4
3678	4
3679	4
3680	4
3681	4
3682	4
3684	4
3685	4
3686	4
3687	4
3688	4
3689	4
3690	4
3691	4
3692	4
3693	4
3694	4
3695	4
3696	4
3697	4
3698	4
3699	4
3700	4
3701	4
3702	4
3703	4
3704	4
3705	4
3706	4
3707	4
3708	4
3709	4
3710	4
3711	2
3712	2
3713	2
3715	2
3717	2
3718	2
3719	2
3720	2
3721	2
3722	2
3723	2
3724	2
3725	2
3726	4
3727	4
3728	4
3729	4
3730	4
3731	4
3732	4
3733	4
3734	4
3735	3
3736	3
3737	3
3738	3
3739	3
3740	3
3741	3
3742	5
3743	5
3744	5
3745	5
3746	5
3747	5
3748	5
3749	5
3750	5
3751	5
3752	5
3753	5
3754	5
3755	5
3756	2
3757	5
3758	5
3759	2
3760	2
3761	2
3762	2
3763	5
3764	2
3768	4
3769	4
3770	9
3771	5
3772	5
3773	5
3774	5
3775	5
3776	5
3777	3
3778	3
3779	6
3780	6
3781	6
3782	6
3783	6
3784	6
3785	6
3786	6
3787	6
3788	6
3789	6
3790	9
3791	9
3792	9
3793	9
3794	9
3795	9
3796	9
3797	9
3798	9
3799	9
3800	9
3801	9
3802	9
3803	9
3804	9
3805	9
3806	9
3807	9
3808	9
3809	9
3810	9
3811	9
3812	9
3813	9
3814	9
3815	9
3816	9
3817	9
3818	9
3819	9
3820	9
3821	9
3822	9
3823	9
3824	9
3825	9
3826	9
3827	8
3828	8
3829	8
3830	8
3831	8
3832	8
3833	8
3834	8
3835	8
3836	9
3837	9
3838	9
3839	8
3840	8
3841	8
3842	8
3843	8
3844	8
3845	8
3846	8
3847	8
3848	8
3849	8
3850	8
3851	8
3852	8
3853	8
3854	8
3855	8
3856	8
3857	8
3858	8
3859	8
3860	9
3861	9
3862	8
3863	8
3864	8
3865	8
3866	8
3867	8
3868	8
3869	9
3870	9
3871	8
3872	8
3873	8
3874	8
3875	8
3876	8
3877	9
3878	8
3879	8
3880	8
3883	8
3884	8
3885	8
3886	8
3887	8
3888	8
3889	8
3890	8
3892	8
3893	8
3894	8
3897	9
3898	8
3899	8
3900	8
3901	8
3902	8
3903	8
3904	8
3905	8
3906	8
3907	8
3908	8
3909	8
3910	8
3911	8
3912	9
3913	9
3914	8
3915	8
3916	8
3917	9
3918	9
3919	9
3920	8
3921	9
3922	8
3923	8
3924	9
3925	9
3926	9
3927	9
3928	9
3929	8
3930	9
3931	9
3932	8
3933	9
3934	9
3935	9
3936	8
3937	9
3938	8
3939	9
3940	8
3941	9
3942	8
3943	9
3944	9
3945	9
3946	9
3947	9
3948	9
3949	9
3950	8
3951	8
3952	9
3953	8
3954	8
3955	8
3956	8
3957	8
3958	8
3959	9
3960	9
3961	8
3962	9
3963	9
3964	9
3965	9
3966	9
3967	9
3968	8
3969	9
3970	9
3971	9
3972	9
3973	9
3974	9
3975	9
3976	9
3977	9
3978	9
3979	9
3980	9
3981	8
3982	9
3983	9
3985	9
3986	8
3987	1
3988	9
3989	1
3990	1
3991	1
3992	0
3993	1
3994	1
3995	1
3996	1
3997	1
3998	1
3999	1
4000	3
4001	1
4002	1
4003	1
4004	1
4005	1
4006	1
4007	3
4008	1
4009	1
4010	1
4011	1
4012	1
4013	1
4014	1
4015	1
4016	1
4017	1
4018	1
4019	1
4020	1
4021	1
4022	1
4023	1
4024	1
4025	1
4026	9
4027	3
4028	1
4029	1
4030	1
4031	1
4032	1
4033	1
4034	1
4035	1
4036	1
4037	1
4038	1
4039	1
4040	1
4041	1
4042	1
4043	1
4044	1
4045	1
4046	1
4047	1
4048	1
4049	5
4050	0
4051	0
4052	0
4053	0
4054	0
4055	0
4056	5
4057	0
4058	0
4059	0
4060	0
4061	0
4062	0
4063	0
4064	0
4065	0
4066	0
4067	0
4068	0
4069	0
4070	0
4071	0
4072	0
4073	0
4074	0
4075	0
4076	5
4077	0
4078	0
4079	0
4080	0
4081	0
4082	1
4083	0
4084	0
4085	0
4086	0
4087	0
4088	0
4089	0
4090	0
4091	0
4092	0
4093	0
4094	1
4095	0
4096	0
4097	0
4098	0
4099	0
4100	0
4101	0
4102	0
4103	0
4104	0
4105	8
4106	0
4107	1
4108	8
4109	0
4110	5
4111	0
4112	0
4113	5
4114	0
4115	1
4116	6
4117	0
4118	1
4119	0
4120	6
4121	6
4122	0
4123	0
4124	0
4125	0
4126	6
4127	6
4128	0
4129	5
4130	0
4131	0
4132	0
4133	1
4134	6
4135	6
4136	0
4137	1
4138	0
4139	0
4140	0
4141	8
4142	0
4143	0
4144	0
4145	0
4146	0
4147	0
4148	6
4149	0
4150	5
4151	0
4152	6
4153	0
4154	1
4155	0
4156	0
4157	0
4158	0
4159	0
4160	0
4161	7
4162	7
4163	7
4164	7
4165	7
4166	7
4167	7
4168	7
4169	7
4170	7
4171	7
4172	7
4173	7
4174	7
4175	7
4176	7
4177	7
4178	7
4179	7
4180	9
4181	7
4182	7
4183	7
4184	7
4185	7
4186	7
4187	7
4188	8
4189	7
4190	7
4191	7
4192	7
4193	7
4194	7
4195	7
4196	7
4197	7
4198	7
4199	7
4200	7
4201	7
4202	7
4203	7
4204	8
4205	9
4206	9
4207	7
4208	7
4209	8
4210	8
4211	8
4212	8
4213	8
4214	8
4215	8
4216	9
4217	8
4218	9
4219	8
4220	8
4221	8
4222	8
4223	8
4224	8
4225	8
4226	8
4227	8
4228	8
4229	9
4230	8
4231	8
4232	8
4233	8
4234	9
4235	8
4236	8
4237	8
4238	8
4239	8
4240	9
4241	8
4242	8
4243	8
4244	8
4245	8
4246	9
4247	9
4248	8
4249	9
4250	9
4251	9
4252	8
4253	9
4254	9
4255	8
4256	8
4257	8
4258	8
4259	8
4260	8
4261	8
4262	9
4263	8
4264	8
4265	9
4266	7
4267	7
4268	7
4269	7
4270	7
4271	7
4272	7
4273	7
4274	7
4275	7
4276	7
4277	7
4278	7
4279	7
4280	7
4281	7
4282	7
4283	1
4284	1
4285	1
4286	7
4287	7
4288	7
4289	7
4290	1
4291	1
4292	1
4293	7
4294	1
4295	7
4296	7
4297	1
4298	7
4299	7
4300	7
4301	7
4302	7
4303	1
4304	7
4305	7
4306	7
4307	7
4308	7
4309	7
4310	7
4311	7
4312	7
4313	7
4314	7
4315	7
4316	7
4317	7
4318	7
4319	7
4320	7
4321	7
4322	7
4323	7
4324	7
4325	7
4326	7
4327	7
4328	7
4329	1
4330	7
4331	1
4332	7
4333	1
4334	7
4335	7
4336	7
4337	7
4338	7
4339	7
4340	7
4341	1
4342	1
4343	1
4344	1
4345	1
4346	1
4347	7
4348	1
4349	7
4350	1
4351	1
4352	7
4353	7
4354	7
4355	7
4356	7
4357	7
4358	7
4359	7
4360	7
4361	7
4362	7
4363	7
4364	7
4365	1
4366	7
4367	7
4368	7
4369	7
4370	7
4371	7
4372	7
4373	7
4374	1
4375	7
4376	1
4377	7
4378	7
4379	7
4380	1
4381	7
4382	7
4383	7
4384	7
4385	7
4386	7
4387	7
4388	7
4389	7
4390	7
4391	7
4392	7
4393	7
4394	7
4395	1
4396	7
4397	7
4398	1
4399	7
4400	7
4401	7
4402	1
4403	1
4404	1
4405	7
4406	7
4407	7
4408	7
4409	7
4410	7
4411	7
4412	7
4413	7
4414	7
4415	8
4416	7
4417	7
4418	7
4419	7
4420	7
4421	7
4422	7
4423	7
4424	7
4425	7
4426	7
4427	1
4428	7
4429	7
4430	7
4431	7
4432	7
4433	1
4434	1
4435	1
4436	1
4437	1
4438	1
4439	1
4440	7
4441	7
4442	7
4443	7
4444	1
4445	7
4446	7
4447	7
4448	1
4449	7
4450	7
4451	7
4452	7
4453	1
4454	7
4455	7
4456	7
4457	7
4458	7
4459	7
4460	7
4461	7
4462	7
4463	7
4464	1
4465	1
4466	7
4467	1
4468	7
4469	1
4470	1
4471	7
4472	1
4473	1
4474	7
4475	7
4476	7
4477	7
4478	7
4479	7
4480	7
4481	7
4482	7
4483	7
4484	7
4485	1
4486	1
4487	1
4488	7
4489	7
4490	0
4496	0
4497	0
4498	0
4499	0
4500	0
4501	0
4502	0
4503	0
4504	0
4510	0
4511	9
4512	0
4513	0
4514	0
4515	0
4516	0
4517	0
4518	0
4519	8
4520	0
4521	8
4522	9
4523	0
4524	0
4525	0
4526	0
4527	7
4528	7
4529	7
4530	7
4531	7
4532	7
4533	7
4534	7
4535	7
4536	7
4537	7
4538	7
4539	7
4540	7
4541	7
4542	7
4543	7
4544	7
4545	7
4546	7
4547	7
4548	7
4549	7
4550	7
4551	7
4552	7
4553	7
4554	1
4555	3
4556	6
4557	3
4558	6
4559	6
4560	6
4561	6
4562	6
4563	6
4564	6
4565	6
4566	6
4567	6
4568	6
4569	6
4570	6
4571	6
4572	3
4573	3
4574	6
4575	3
4576	3
4577	3
4578	3
4579	3
4580	3
4581	3
4582	3
4583	6
4584	6
4585	6
4586	9
4587	8
4588	6
4589	3
4590	3
4591	3
4592	6
4596	6
4597	9
4599	9
4600	9
4601	9
4602	9
4603	8
4607	8
4608	3
4609	3
4610	3
4611	3
4612	6
4613	6
4614	6
4615	6
4616	6
4617	9
4618	9
4619	9
4620	9
4621	3
4622	3
4623	3
4624	3
4625	6
4626	6
4627	3
4628	6
4629	3
4630	3
4631	3
4632	3
4633	3
4634	6
4635	6
4636	6
4637	6
4638	9
4639	9
4640	9
4641	9
4642	3
4643	3
4644	3
4645	3
4646	3
4647	6
4648	6
4649	6
4650	6
4651	6
4652	3
4653	9
4654	9
4655	9
4656	9
4657	3
4658	3
4659	3
4660	3
4661	3
4662	6
4663	1
4664	6
4665	6
4666	6
4667	6
4668	6
4669	6
4670	6
4671	3
4672	3
4673	3
4674	3
4675	3
4676	3
4677	6
4678	3
4679	6
4680	3
4681	3
4682	3
4683	3
4684	3
4685	3
4686	6
4687	6
4688	6
4689	6
4690	6
4691	6
4692	3
4693	3
4694	9
4695	3
4696	6
4697	3
4698	3
4699	3
4700	3
4701	3
4702	3
4703	3
4704	3
4705	3
4706	6
4707	6
4708	6
4709	6
4710	3
4711	6
4712	6
4713	6
4714	3
4715	3
4716	3
4717	3
4718	3
4719	3
4720	6
4721	3
4722	6
4723	3
4724	6
4725	6
4726	6
4727	6
4728	6
4729	6
4730	6
4731	6
4732	6
4733	6
4734	6
4735	6
4736	6
4737	3
4738	6
4739	6
4740	6
4741	3
4742	3
4743	3
4744	6
4745	6
4746	6
4747	6
4748	6
4749	6
4750	6
4751	3
4752	6
4753	6
4754	3
4755	3
4756	6
4757	3
4758	6
4759	6
4760	6
4761	6
4762	6
4763	6
4764	6
4765	6
4766	6
4767	6
4768	6
4769	3
4770	3
4771	3
4772	6
4773	6
4774	9
4775	6
4776	6
4777	6
4778	6
4779	6
4780	6
4781	6
4782	6
4783	6
4784	9
4785	3
4786	6
4787	3
4788	6
4789	6
4790	6
4791	6
4792	6
4793	6
4794	3
4795	6
4796	3
4797	6
4798	6
4799	3
4800	3
4801	6
4802	3
4803	3
4804	6
4805	3
4806	3
4807	3
4808	3
4809	9
4810	3
4811	3
4812	3
4813	3
4815	9
4816	9
4817	9
4818	9
4819	9
4820	9
4821	8
4822	9
4823	9
4826	6
4827	6
4828	6
4829	6
4830	6
4831	6
4832	6
4833	3
4834	6
4835	3
4836	6
4837	3
4838	3
4839	3
4840	6
4841	3
4842	3
4843	3
4844	3
4845	3
4846	3
4847	3
4848	9
4849	3
4850	3
4851	6
4852	6
4853	3
4854	6
4855	3
4856	6
4857	6
4858	6
4859	6
4860	6
4861	6
4862	6
4863	3
4864	6
4865	6
4866	3
4867	6
4868	9
4869	3
4870	6
4871	6
4872	1
4873	1
4874	1
4875	3
4876	3
4877	6
4878	6
4879	6
4880	6
4881	6
4882	6
4883	6
4884	6
4885	6
4886	6
4887	6
4888	6
4889	6
4890	6
4891	6
4892	6
4893	3
4894	6
4895	6
4896	3
4897	6
4898	3
4899	6
4900	6
4901	6
4902	6
4903	1
4904	1
4905	3
4906	6
4907	6
4908	1
4909	3
4910	3
4911	3
4912	0
4913	3
4914	6
4915	0
4916	6
4917	6
4918	0
4919	0
4920	6
4921	6
4922	6
4923	6
4924	6
4925	6
4926	6
4927	6
4928	6
4929	6
4930	6
4931	6
4932	6
4933	6
4934	6
4935	1
4936	1
4937	6
4938	3
4939	1
4940	6
4941	0
4942	6
4943	3
4944	9
4945	3
4946	6
4947	3
4948	8
4949	9
4950	8
4951	9
4953	9
4954	9
4955	9
4956	9
4958	9
4959	9
4961	9
4966	9
4968	3
4969	9
4970	9
4971	9
4972	8
4973	3
4974	3
4975	3
4976	8
4977	3
4978	9
4979	8
4980	9
4981	9
4982	9
4983	9
4984	1
4985	9
4986	9
4987	9
4988	9
4989	9
4990	9
4991	9
4992	9
4993	9
4994	9
4995	9
4996	9
4997	9
4998	9
4999	9
5000	9
5001	9
5002	8
5003	9
5004	9
5005	9
5006	9
5007	9
5008	9
5009	9
5010	8
5011	9
5012	8
5013	9
5014	8
5015	8
5016	8
5017	8
5018	1
5019	1
5020	1
5021	1
5022	9
5023	9
5024	9
5025	9
5026	8
5027	8
5028	9
5029	8
5030	9
5031	9
5032	9
5033	9
5034	9
5035	9
5036	9
5037	8
5038	9
5039	9
5040	8
5041	8
5042	8
5043	8
5044	8
5045	8
5046	8
5047	9
5048	8
5049	8
5050	9
5051	8
5052	9
5053	9
5054	9
5055	9
5058	9
5059	1
5063	9
5066	1
5067	1
5068	3
5069	1
5070	1
5071	1
5072	1
5073	3
5074	3
5075	1
5076	1
5077	1
5078	1
5079	8
5080	1
5081	1
5082	1
5083	1
5084	9
5085	9
5086	1
5087	9
5088	3
5089	1
5090	3
5091	8
5092	0
5093	0
5094	0
5095	0
5096	0
5097	0
5098	0
5099	0
5100	0
5101	0
5102	0
5103	0
5104	0
5105	0
5106	0
5107	0
5108	0
5109	0
5110	0
5111	0
5112	0
5113	0
5114	0
5115	0
5116	0
5117	0
5118	0
5119	3
5120	8
5121	8
5122	2
5123	8
5124	8
5125	2
5126	2
5127	2
5128	2
5129	5
5130	2
5131	2
5132	1
5133	2
5134	1
5135	1
5136	1
5137	1
5138	1
5139	1
5140	3
5141	3
5142	2
5143	3
5144	2
5145	3
5146	2
5147	1
5148	1
5149	2
5150	2
5151	2
5152	9
5153	1
5154	1
5155	1
5156	1
5157	1
5158	1
5159	1
5160	1
5161	3
5162	5
5163	2
5164	5
5165	2
5166	2
5167	8
5168	9
5169	9
5170	8
5171	3
5172	3
5173	1
5174	5
5175	2
5176	5
5177	3
5178	8
5179	3
5180	3
5181	1
5182	1
5183	3
5184	3
5185	9
5186	2
5187	2
5188	1
5189	3
5190	1
5191	2
5192	2
5193	2
5194	8
5195	2
5196	2
5197	9
5198	2
5199	9
5200	9
5201	1
5202	1
5203	1
5204	1
5205	1
5206	1
5207	1
5208	3
5209	2
5210	2
5211	9
5212	2
5213	1
5214	1
5215	1
5216	8
5217	1
5218	2
5219	9
5220	8
5221	9
5222	2
5223	9
5224	9
5225	3
5226	2
5227	2
5228	1
5229	1
5230	2
5231	9
5232	3
5233	9
5234	9
5235	1
5236	2
5237	2
5238	1
5239	1
5240	5
5241	9
5242	2
5243	9
5244	9
5245	1
5246	1
5247	1
5248	1
5249	1
5250	2
5251	2
5252	2
5253	1
5254	1
5255	2
5256	2
5257	2
5258	2
5259	8
5260	9
5261	1
5262	9
5263	8
5264	8
5265	8
5266	8
5267	5
5268	2
5269	2
5270	2
5271	2
5272	9
5273	1
5274	3
5275	3
5276	1
5277	1
5278	2
5279	2
5280	1
5281	1
5282	9
5283	2
5284	9
5285	2
5286	3
5287	3
5288	2
5289	5
5290	2
5291	2
5292	5
5293	2
5294	2
5295	2
5296	3
5297	2
5298	2
5299	5
5300	5
5301	5
5302	1
5303	8
5304	1
5305	8
5306	9
5307	1
5308	8
5309	8
5310	1
5311	2
5312	2
5313	2
5314	2
5315	1
5316	2
5317	2
5318	1
5319	1
5320	8
5321	1
5322	8
5324	9
5325	3
5326	3
5327	2
5328	2
5329	2
5330	2
5331	2
5332	5
5333	1
5334	1
5335	2
5336	2
5337	2
5338	2
5339	2
5340	2
5341	2
5342	5
5343	2
5344	2
5345	3
5346	2
5347	2
5348	1
5349	2
5350	1
5351	2
5352	3
5353	1
5354	2
5355	2
5356	2
5357	1
5358	1
5359	1
5360	1
5361	1
5362	2
5363	2
5364	2
5365	2
5366	2
5367	2
5368	2
5369	2
5370	2
5371	2
5372	2
5373	2
5374	2
5375	2
5376	3
5377	3
5378	2
5379	2
5380	2
5381	8
5382	2
5383	1
5384	3
5385	3
5386	2
5387	5
5388	5
5389	5
5390	5
5391	2
5392	2
5393	2
5394	2
5395	2
5396	2
5397	2
5398	3
5399	5
5400	1
5401	1
5402	1
5403	5
5404	2
5405	2
5406	2
5407	2
5408	2
5409	2
5410	2
5411	2
5412	5
5413	2
5414	5
5415	5
5416	2
5417	5
5418	3
5419	2
5420	2
5421	2
5422	8
5423	2
5424	3
5425	2
5426	2
5427	2
5428	3
5429	2
5430	2
5431	2
5432	2
5433	5
5434	2
5435	5
5436	2
5437	2
5438	2
5439	2
5440	2
5441	2
5442	2
5443	3
5444	3
5445	3
5446	2
5447	2
5448	2
5449	2
5450	2
5451	2
5452	2
5453	2
5454	5
5455	2
5456	1
5457	5
5458	1
5459	5
5460	2
5461	2
5462	3
5463	2
5464	1
5465	3
5466	1
5467	1
5468	5
5469	5
5470	1
5471	2
5472	1
5473	1
5474	2
5475	2
5476	2
5477	8
5478	2
5479	1
5480	9
5481	5
5482	5
5483	5
5484	5
5485	5
5486	2
5487	2
5488	2
5489	2
5490	2
5491	2
5492	2
5493	1
5494	2
5495	2
5496	2
5497	2
5498	1
5499	3
5500	2
5501	2
5502	2
5503	2
5504	2
5505	2
5506	2
5507	2
5508	5
5509	3
5510	2
5511	2
5512	1
5513	1
5514	3
5515	3
5516	2
5517	2
5518	3
5519	3
5520	2
5521	3
5522	1
5523	2
5524	2
5525	5
5526	2
5527	5
5528	2
5529	3
5530	2
5531	2
5532	5
5533	5
5534	5
5535	5
5536	5
5537	5
5538	2
5539	5
5540	2
5541	2
5542	2
5543	2
5544	2
5545	3
5546	2
5547	2
5548	2
5549	1
5550	5
5551	2
5552	2
5553	2
5554	2
5555	2
5556	3
5557	3
5558	8
5559	3
5560	3
5561	1
5562	5
5563	1
5564	1
5565	1
5566	1
5567	8
5568	9
5569	2
5570	3
5571	3
5572	2
5573	3
5574	9
5575	8
5576	2
5577	2
5578	5
5579	2
5580	5
5581	2
5582	2
5583	2
5584	2
5585	2
5586	1
5587	2
5588	2
5589	2
5590	8
5591	2
5592	9
5593	8
5594	2
5595	8
5596	2
5597	2
5598	2
5599	2
5600	2
5601	3
5602	3
5603	3
5604	1
5605	1
5606	1
5607	1
5608	2
5609	5
5610	1
5611	2
5612	1
5613	3
5614	1
5615	2
5616	2
5617	9
5618	2
5619	2
5620	8
5621	2
5622	3
5623	3
5624	2
5625	1
5626	2
5627	2
5628	2
5629	9
5630	5
5631	2
5632	2
5633	5
5634	2
5635	2
5636	2
5637	2
5638	2
5639	2
5640	2
5641	3
5642	8
5643	2
5644	2
5645	2
5646	8
5647	3
5648	2
5649	2
5650	8
5651	9
5652	2
5653	2
5654	2
5655	2
5656	2
5657	2
5658	1
5659	2
5660	2
5661	2
5662	1
5663	2
5664	3
5665	2
5666	2
5667	2
5668	1
5669	2
5670	3
5671	3
5672	2
5673	2
5674	2
5675	8
5676	9
5677	8
5678	2
5679	2
5680	2
5681	2
5682	2
5683	8
5684	2
5685	5
5686	1
5687	1
5688	2
5689	3
5690	2
5691	2
5692	8
5693	8
5694	2
5695	1
5696	8
5697	2
5698	8
5699	2
5700	2
5701	2
5702	2
5703	2
5704	2
5705	1
5706	2
5707	2
5708	2
5709	2
5710	2
5711	2
5712	2
5713	3
5714	3
5715	5
5716	8
5717	3
5718	2
5719	2
5720	9
5721	1
5722	3
5723	3
5725	2
5726	2
5727	2
5728	3
5729	2
5730	2
5731	1
5732	2
5733	8
5734	2
5735	2
5736	2
5737	2
5738	1
5739	3
5740	2
5741	2
5742	2
5743	8
5744	2
5745	2
5746	2
5747	2
5748	2
5749	2
5750	2
5751	2
5752	2
5753	2
5754	2
5755	2
5756	1
5757	8
5758	8
5759	2
5766	9
5767	1
5768	2
5769	1
5770	8
5771	3
5772	3
5773	3
5774	2
5775	1
5776	1
5777	1
5778	5
5779	2
5780	3
5781	2
5782	3
5783	1
5784	1
5785	1
5786	3
5787	1
5788	1
5789	3
5790	3
5791	3
5792	3
5793	3
5794	2
5795	2
5796	2
5797	2
5798	8
5799	2
5800	9
5801	2
5802	2
5803	2
5804	2
5805	3
5806	5
5807	1
5810	9
5811	3
5812	2
5813	3
5814	8
5815	8
5816	8
5817	8
5818	1
5819	5
5820	2
5821	1
5822	3
5823	2
5824	5
5825	3
5826	2
5827	2
5828	3
5829	9
5830	2
5831	9
5832	9
5833	1
5834	1
5835	3
5836	3
5837	1
5838	3
5839	3
5840	3
5841	3
5842	3
5843	3
5844	9
5845	2
5846	8
5847	2
5848	8
5849	9
5850	2
5851	2
5852	2
5853	3
5854	2
5855	1
5856	1
5857	1
5858	1
5859	2
5860	9
5861	3
5862	1
5863	2
5864	3
5865	2
5866	3
5867	3
5868	3
5869	2
5870	3
5871	3
5872	8
5873	2
5874	2
5875	1
5876	1
5877	1
5878	1
5879	1
5880	3
5881	3
5882	3
5883	3
5884	9
5885	8
5886	2
5887	9
5888	9
5889	2
5890	9
5891	7
5892	7
5893	7
5894	7
5895	7
5896	7
5897	7
5898	7
5899	7
5900	7
5901	7
5902	7
5903	7
5904	7
5905	7
5906	7
5907	7
5908	7
5909	7
5910	7
5911	7
5912	7
5913	7
5914	7
5915	7
5916	7
5917	7
5918	7
5919	7
5920	7
5921	7
5922	7
5923	7
5924	7
5925	7
5926	7
5927	7
5928	7
5929	7
5930	7
5931	7
5932	7
5933	7
5934	7
5935	7
5936	7
5937	7
5938	7
5939	7
5940	7
5941	7
5942	7
5943	7
5944	7
5945	7
5946	7
5947	7
5948	7
5949	7
5950	7
5951	7
5952	7
5953	7
5954	7
5955	7
5956	7
5957	7
5958	7
5959	7
5960	7
5961	7
5962	7
5963	7
5964	7
5965	7
5966	7
5967	7
5968	7
5969	7
5970	7
5971	7
5972	7
5973	7
5974	7
5975	7
5976	7
5977	7
5978	7
5979	7
5980	7
5981	7
5982	7
5983	7
5984	7
5985	7
5986	7
5987	7
5988	7
5989	7
5990	7
5991	7
5992	7
5993	7
5994	7
5995	7
5996	7
5997	7
5998	7
5999	7
6000	7
6001	7
6002	7
6003	7
6004	7
6005	7
6006	7
6007	7
6008	7
6009	7
6010	7
6011	7
6012	7
6013	7
6014	7
6015	7
6016	7
6017	7
6018	7
6019	7
6020	7
6021	7
6022	7
6023	7
6024	7
6025	7
6026	7
6027	7
6028	7
6029	7
6030	7
6031	7
6032	7
6033	7
6034	7
6035	7
6036	7
6037	7
6038	7
6039	7
6040	7
6041	7
6042	7
6043	7
6044	7
6045	7
6046	7
6047	7
6048	7
6049	7
6050	7
6051	7
6052	7
6053	7
6054	7
6055	7
6056	7
6057	7
6058	7
6059	7
6060	7
6061	7
6062	7
6063	7
6064	7
6065	7
6066	7
6067	7
6068	7
6069	7
6070	7
6071	7
6072	7
6073	7
6074	7
6075	7
6076	7
6077	7
6078	7
6079	7
6080	7
6081	7
6082	7
6083	7
6084	7
6085	7
6086	7
6087	7
6088	7
6089	7
6090	7
6091	7
6092	7
6093	7
6094	7
6095	7
6096	7
6097	7
6098	7
6099	7
6100	7
6101	7
6102	7
6103	7
6104	7
6105	7
6106	7
6107	7
6108	7
6109	7
6110	7
6111	7
6112	7
6113	7
6114	7
6115	7
6116	7
6117	7
6118	7
6119	7
6120	7
6121	7
6122	7
6123	7
6124	7
6125	7
6126	7
6127	7
6128	7
6129	7
6130	7
6131	7
6132	7
6133	7
6134	7
6135	7
6136	7
6137	7
6138	7
6139	7
6140	7
6141	7
6142	7
6143	7
6144	7
6145	7
6146	7
6147	7
6148	7
6149	7
6150	7
6151	7
6152	7
6153	7
6154	7
6155	7
6156	7
6157	7
6158	7
6159	7
6160	7
6161	7
6162	7
6163	7
6164	7
6165	7
6166	7
6167	7
6168	7
6169	7
6170	7
6171	7
6172	7
6173	7
6174	7
6175	7
6176	7
6177	7
6178	7
6179	7
6180	7
6181	7
6182	7
6183	7
6184	7
6185	7
6186	7
6187	7
6188	7
6189	7
6190	7
6191	7
6192	7
6193	7
6194	7
6195	7
6196	7
6197	7
6198	7
6199	7
6200	7
6201	7
6202	7
6203	7
6204	7
6205	7
6206	7
6207	7
6208	7
6209	7
6210	7
6211	7
6212	7
6213	7
6214	7
6215	7
6216	7
6217	7
6218	7
6219	7
6220	7
6221	7
6222	7
6223	7
6224	7
6225	7
6226	7
6227	7
6228	7
6229	7
6230	7
6231	7
6232	7
6233	7
6234	7
6235	7
6236	7
6237	7
6238	7
6239	9
6240	1
6241	8
6242	9
6243	8
6244	6
6245	8
6246	6
6247	8
6248	8
6249	8
6250	6
6251	6
6252	1
6253	8
6254	8
6255	9
6256	6
6257	6
6258	8
6259	6
6260	6
6261	8
6262	8
6263	8
6264	9
6265	9
6266	8
6267	1
6268	9
6269	8
6270	8
6271	8
6272	8
6273	8
6274	8
6275	9
6276	8
6277	9
6278	8
6279	9
6280	8
6281	8
6282	8
6283	9
6284	9
6285	8
6286	8
6287	9
6288	8
6289	9
6290	8
6291	0
6292	8
6293	1
6294	9
6295	6
6296	0
6297	1
6298	1
6299	1
6300	8
6301	8
6302	9
6303	9
6304	1
6305	8
6306	1
6307	8
6308	9
6309	1
6310	8
6311	1
6312	8
6313	8
6314	1
6315	8
6316	1
6317	8
6318	9
6319	1
6320	1
6321	1
6322	9
6323	8
6324	8
6325	8
6326	1
6327	8
6328	8
6329	6
6330	1
6331	1
6332	6
6333	6
6334	8
6335	8
6336	8
6337	9
6338	8
6339	8
6340	8
6341	8
6342	8
6343	9
6344	9
6345	8
6346	8
6347	8
6348	8
6349	8
6350	8
6351	6
6352	0
6353	9
6354	9
6355	8
6356	8
6357	0
6358	6
6359	1
6360	1
6361	1
6362	1
6363	1
6364	6
6365	1
6366	8
6367	6
6368	1
6369	0
6370	8
6371	1
6372	8
6373	1
6374	1
6375	9
6376	8
6377	9
6378	9
6379	9
6380	9
6381	9
6382	9
6383	8
6384	9
6385	8
6386	8
6387	9
6388	9
6389	8
6390	8
6391	8
6392	1
6393	6
6394	6
6395	6
6396	6
6397	6
6398	8
6399	1
6400	0
6401	9
6402	8
6403	6
6404	9
6405	0
6406	6
6407	6
6408	6
6409	6
6410	9
6411	1
6412	8
6413	8
6414	9
6415	9
6416	8
6417	8
6418	6
6419	1
6420	8
6421	1
6422	1
6423	9
6424	9
6425	9
6426	9
6427	8
6428	9
6429	9
6430	8
6431	8
6432	9
6433	8
6435	9
6436	9
6437	9
6438	8
6439	8
6440	9
6441	9
6442	8
6443	8
6444	8
6445	1
6446	1
6447	1
6448	1
6449	1
6450	1
6451	1
6452	1
6453	1
6454	1
6455	0
6456	9
6457	6
6458	0
6459	8
6460	8
6461	6
6462	0
6463	6
6464	6
6465	6
6466	1
6467	1
6468	6
6469	1
6470	6
6471	1
6472	8
6474	6
6475	6
6476	8
6477	6
6478	6
6479	1
6480	9
6481	1
6482	1
6483	1
6484	6
6485	1
6486	1
6487	1
6488	1
6489	1
6490	9
6491	9
6492	1
6493	8
6494	8
6495	8
6496	8
6497	8
6498	9
6499	8
6500	6
6501	1
6502	8
6503	1
6504	1
6505	9
6506	1
6507	1
6508	9
6509	6
6510	1
6511	9
6512	0
6513	6
6514	1
6515	6
6516	1
6517	8
6518	1
6519	9
6520	1
6521	1
6522	9
6523	9
6524	8
6525	9
6526	9
6527	9
6528	5
6529	9
6530	9
6531	9
6532	8
6533	8
6534	6
6535	8
6536	0
6537	1
6538	9
6539	6
6540	9
6541	1
6542	6
6543	1
6544	6
6545	6
6546	1
6547	0
6548	1
6549	8
6550	1
6551	6
6552	6
6553	6
6554	0
6555	0
6556	0
6557	0
6558	0
6559	9
6560	0
6561	0
6562	0
6563	0
6564	0
6565	1
6566	1
6567	1
6568	1
6569	1
6570	9
6571	1
6572	1
6573	1
6574	1
6575	1
6576	1
6577	0
6578	1
6579	1
6580	1
6581	1
6582	1
6583	1
6584	9
6585	1
6586	1
6587	1
6588	1
6589	1
6590	1
6591	1
6592	1
6593	1
6594	1
6595	1
6596	1
6597	1
6598	1
6599	1
6600	1
6601	1
6602	1
6603	1
6604	1
6605	1
6606	1
6607	1
6608	1
6609	1
6610	7
6611	7
6612	1
6613	7
6614	1
6615	7
6616	7
6617	7
6618	7
6619	7
6620	0
6621	0
6622	0
6623	0
6624	1
6625	9
6626	9
6627	1
6628	1
6629	1
6630	1
6631	1
6632	1
6633	1
6634	1
6635	1
6636	1
6637	1
6638	1
6639	1
6640	1
6641	1
6642	1
6643	8
6644	1
6645	1
6646	8
6647	1
6648	1
6650	8
6651	8
6652	1
6653	1
6654	8
6655	8
6656	8
6657	8
6658	8
6659	8
6660	8
6661	8
6662	8
6663	8
6664	8
6665	8
6666	1
6667	9
6668	9
6669	8
6671	1
6672	1
6679	8
6683	9
6684	8
6685	8
6686	1
6687	8
6688	1
6689	1
6690	8
6691	8
6692	9
6693	8
6694	1
6695	9
6696	1
6697	9
6698	9
6699	9
6700	9
6701	8
6702	8
6703	8
6704	9
6705	9
6706	8
6707	8
6708	8
6709	8
6710	8
6711	8
6712	8
6713	8
6714	1
6715	1
6716	1
6717	8
6718	1
6719	8
6720	8
6721	8
6722	8
6723	8
6724	8
6725	8
6726	8
6727	8
6728	8
6729	8
6730	8
6731	8
6732	8
6733	8
6734	8
6735	1
6736	8
6737	8
6738	8
6739	8
6740	1
6741	1
6742	1
6743	1
6744	1
6745	1
6746	1
6747	1
6748	8
6749	8
6750	8
6751	8
6752	8
6753	1
6754	8
6755	9
6756	9
6757	1
6758	1
6759	8
6760	1
6761	1
6762	1
6763	1
6764	7
6765	7
6766	7
6767	7
6768	7
6769	7
6770	7
6771	7
6772	7
6773	7
6774	7
6775	7
6776	7
6777	7
6778	7
6779	1
6780	7
6781	7
6782	7
6783	7
6784	7
6785	7
6786	7
6787	7
6788	7
6789	7
6790	7
6791	7
6792	7
6793	7
6794	7
6795	7
6796	7
6797	7
6798	7
6799	7
6800	7
6801	7
6802	7
6803	7
6804	7
6805	7
6806	7
6807	7
6808	7
6809	7
6810	7
6811	7
6812	7
6813	7
6814	7
6815	7
6816	7
6817	7
6818	7
6819	7
6820	5
6821	0
6822	0
6823	5
6824	0
6825	0
6826	0
6827	5
6828	0
6829	0
6830	5
6831	5
6832	0
6833	0
6834	0
6835	0
6836	0
6837	0
6838	0
6839	0
6840	0
6841	0
6842	0
6843	0
6844	9
6845	0
6846	0
6847	9
6848	0
6849	0
6850	0
6851	0
6852	0
6853	0
6854	0
6855	0
6856	0
6857	0
6858	0
6859	5
6860	0
6861	0
6862	0
6863	0
6864	5
6865	5
6866	5
6867	0
6868	0
6869	5
6870	0
6871	9
6872	0
6873	0
6874	0
6875	0
6876	0
6877	1
6878	1
6879	0
6880	0
6881	1
6882	1
6883	1
6884	0
6885	1
6886	1
6887	5
6888	1
6889	1
6890	1
6891	1
6892	1
6893	1
6894	1
6895	1
6896	1
6897	1
6898	8
6899	1
6900	1
6901	1
6902	5
6903	0
6904	1
6905	1
6906	1
6907	0
6908	1
6909	5
6910	5
6911	1
6912	0
6913	1
6914	0
6915	0
6916	0
6917	0
6918	0
6919	0
6920	0
6921	0
6922	0
6923	0
6924	0
6925	0
6926	0
6927	0
6928	0
6929	0
6930	0
6931	8
6932	0
6933	0
6934	0
6935	8
6936	8
6937	0
6938	8
6939	0
6940	0
6941	0
6942	0
6943	0
6944	0
6945	0
6946	1
6947	1
6948	1
6949	1
6950	0
6951	0
6952	0
6953	0
6954	0
6955	0
6956	5
6957	0
6958	1
6959	0
6960	0
6961	0
6962	0
6963	0
6964	0
6965	5
6966	5
