District 0: num of precincts (821) pop (959640)
District 1: num of precincts (465) pop (392331)
District 2: num of precincts (610) pop (450044)
District 3: num of precincts (304) pop (279666)
District 4: num of precincts (814) pop (609015)
District 5: num of precincts (763) pop (599156)
District 6: num of precincts (406) pop (733022)
District 7: num of precincts (788) pop (676489)
District 8: num of precincts (789) pop (909712)
District 9: num of precincts (1070) pop (1061504)
population error: 30%

1	7
2	7
3	7
4	7
5	1
6	7
7	7
8	7
9	7
10	7
11	7
12	7
13	7
14	7
15	7
16	7
17	7
18	7
19	7
20	7
21	0
22	0
23	1
24	1
25	1
26	0
27	7
28	7
29	9
30	9
31	1
32	7
33	9
34	9
35	1
36	9
37	1
38	1
39	1
40	9
41	1
42	1
43	9
44	9
45	9
46	9
47	9
48	9
49	9
50	9
51	9
52	9
53	9
54	1
55	1
56	9
57	1
58	9
59	9
60	1
61	1
62	9
63	0
64	0
65	0
66	0
67	0
68	0
69	0
70	0
71	0
72	0
73	0
74	0
75	0
76	0
77	9
78	0
79	0
80	0
81	0
82	0
83	0
84	0
85	0
86	0
87	0
88	0
89	0
90	0
91	0
92	0
93	0
94	0
95	0
96	0
97	0
98	0
99	0
100	0
101	0
102	0
103	0
104	0
105	0
106	0
107	0
108	0
109	0
110	0
111	0
112	0
113	0
114	0
115	0
116	0
117	0
118	0
119	0
120	0
121	0
122	0
123	0
124	0
125	0
126	0
127	0
128	0
129	0
130	0
131	0
132	0
133	0
134	0
135	0
136	0
137	0
138	0
139	0
140	0
141	0
142	0
143	0
144	0
145	0
146	0
147	0
148	0
149	0
150	0
151	0
152	0
153	0
154	0
155	0
156	0
157	0
158	0
159	0
160	0
161	0
162	0
163	0
164	0
165	0
166	0
167	0
168	0
169	0
170	0
171	0
172	0
173	0
174	0
175	0
176	0
177	0
178	0
179	0
180	0
181	0
182	9
183	0
184	0
185	9
186	0
187	0
188	0
189	0
190	0
191	0
192	0
193	0
194	0
195	0
196	0
197	0
198	0
199	9
200	0
201	0
202	0
203	0
204	0
205	0
206	0
207	0
208	0
209	0
210	0
211	0
212	0
213	0
214	9
215	0
216	0
217	0
218	0
219	0
220	0
221	0
222	0
223	0
224	0
225	0
226	0
227	0
228	0
229	0
230	0
231	0
232	0
233	0
234	0
235	0
236	0
237	9
238	0
239	0
240	0
241	0
242	0
243	0
244	0
245	0
246	0
247	0
248	0
249	0
250	0
251	0
252	9
253	0
254	0
255	9
256	0
257	1
258	1
259	1
260	1
261	1
262	1
263	5
264	1
265	5
266	5
267	5
268	5
269	1
270	1
271	1
272	5
273	5
274	1
275	5
276	1
277	5
278	1
279	1
280	1
281	1
282	1
283	1
284	1
285	1
286	1
287	1
288	1
289	5
290	1
291	5
292	1
293	5
294	1
295	1
296	1
297	1
298	1
299	1
300	1
301	1
302	1
303	1
304	5
305	1
306	1
307	1
308	1
309	1
310	1
311	7
312	1
313	7
314	7
315	7
316	7
317	7
318	7
319	1
320	5
321	5
322	1
323	5
324	1
325	1
326	1
327	1
328	1
329	1
330	1
331	1
332	1
333	1
334	1
335	1
336	1
337	8
338	1
339	1
340	7
341	1
342	1
343	9
344	9
345	9
346	9
347	9
348	9
349	9
350	9
351	9
352	9
353	9
354	9
355	9
357	9
358	9
359	9
360	9
361	9
362	9
363	9
365	9
366	9
367	9
368	9
369	9
370	9
372	9
373	9
374	9
375	9
376	9
377	9
378	9
379	9
380	9
381	9
382	9
383	9
384	9
385	9
386	9
387	9
388	9
389	9
390	9
391	9
392	9
393	9
394	9
395	9
396	9
397	9
398	9
399	9
400	9
401	9
402	9
403	9
404	9
405	9
406	9
407	9
408	9
409	9
410	9
411	9
412	9
413	9
414	9
415	9
416	9
417	9
418	9
419	9
420	9
421	9
422	9
423	9
424	9
425	9
426	9
427	9
428	9
429	9
430	9
431	9
432	9
434	9
435	9
436	9
438	9
439	0
440	8
441	9
442	8
443	8
444	8
445	8
446	8
447	8
448	8
449	8
450	9
451	8
452	0
453	0
454	0
455	0
456	0
457	9
458	8
459	8
460	9
461	8
462	8
463	8
464	8
465	8
466	8
467	8
468	8
469	8
470	8
471	8
472	8
473	9
474	8
475	8
476	8
477	0
478	8
479	8
480	9
481	0
482	0
483	8
484	8
485	8
486	9
487	9
488	0
489	9
490	9
491	0
492	9
493	0
494	0
495	0
496	0
497	9
498	9
499	8
500	8
501	8
502	0
503	8
504	8
505	0
506	8
507	9
508	9
509	9
510	0
511	0
512	0
513	0
514	0
515	0
516	0
517	0
518	0
519	8
520	9
521	9
522	9
523	9
524	0
525	0
526	0
527	0
528	0
529	9
530	8
531	8
532	8
533	8
534	8
535	9
536	9
538	9
539	8
540	8
541	8
542	9
543	0
544	8
545	8
546	8
547	8
548	8
549	8
550	9
551	9
552	9
553	8
554	9
555	9
556	8
557	9
558	8
559	9
560	9
561	8
562	8
563	8
564	0
565	0
566	0
567	0
568	0
569	8
570	8
571	8
572	9
573	9
574	8
575	9
576	0
577	0
578	0
579	8
580	9
581	0
582	0
583	0
584	0
585	0
586	0
587	0
588	0
589	0
590	8
591	9
592	9
593	0
594	0
595	0
596	0
597	0
598	0
599	8
600	9
601	8
602	9
603	9
604	0
605	8
606	8
607	9
608	9
609	8
610	8
611	8
612	8
613	8
614	8
615	8
616	9
617	8
618	9
619	9
620	9
621	9
622	0
623	0
624	8
625	8
626	0
627	0
628	0
629	0
630	8
631	9
632	8
633	9
634	9
635	9
636	0
637	9
638	0
639	0
640	8
641	0
642	0
643	8
644	9
645	8
646	7
647	7
648	7
649	7
650	7
651	1
652	7
653	7
654	7
655	7
656	7
657	7
658	7
659	7
660	0
661	0
662	0
663	0
664	9
665	0
666	0
667	0
668	0
669	0
670	0
671	8
672	0
673	0
674	9
675	0
676	9
677	9
678	0
679	0
680	0
681	0
682	0
683	0
684	9
685	9
686	9
687	0
688	9
689	9
690	9
691	9
692	9
693	9
694	9
695	9
696	0
697	9
698	9
699	9
700	9
701	9
702	8
703	9
704	9
705	9
706	9
707	9
708	9
709	9
710	9
711	0
712	0
713	8
714	0
715	0
716	0
717	9
718	0
719	0
720	8
721	0
722	0
723	9
724	0
725	0
726	0
727	0
728	0
729	0
730	0
731	8
732	8
733	0
734	0
735	0
736	0
737	0
738	0
739	0
740	0
741	0
742	0
743	0
744	0
745	0
746	0
747	0
748	0
749	8
750	0
751	8
752	1
753	7
754	7
755	7
756	7
757	7
758	1
759	7
760	7
761	7
762	1
763	1
764	7
765	7
766	7
767	7
768	7
769	1
770	7
771	1
772	1
773	1
774	5
775	1
776	1
777	1
778	1
779	1
780	1
781	1
782	1
783	1
784	1
785	1
786	1
787	1
788	1
789	1
790	1
791	1
792	1
793	1
794	1
795	7
796	7
797	7
798	7
799	7
800	7
801	7
802	7
803	7
804	7
805	7
806	7
807	7
808	7
809	7
810	7
811	7
812	7
813	7
814	7
815	7
816	7
817	7
818	7
819	7
820	7
821	7
822	7
823	7
824	7
825	7
826	7
827	7
828	7
829	7
830	7
831	7
832	7
833	0
834	0
835	0
836	0
837	0
838	0
839	0
840	0
841	0
842	0
843	0
844	0
845	0
846	1
847	1
848	0
849	0
850	0
851	0
852	0
853	0
854	0
855	8
856	0
857	0
858	0
859	0
860	0
861	0
862	0
863	0
864	0
865	1
866	0
867	0
868	0
869	0
870	0
871	0
872	0
873	0
874	0
875	0
876	0
877	7
878	0
879	0
880	7
881	0
882	0
883	0
884	0
885	7
886	7
887	7
888	7
889	0
890	0
891	7
892	7
893	7
894	7
895	0
896	1
897	1
898	1
899	1
900	0
901	0
902	0
903	0
904	0
905	0
906	0
907	0
908	0
909	0
910	0
911	0
912	0
913	0
914	0
915	0
916	0
917	0
918	0
919	0
920	0
921	0
922	0
923	0
924	0
925	1
926	9
927	1
928	7
929	1
930	7
931	7
932	7
933	9
934	1
935	7
936	7
937	7
938	8
939	7
940	7
941	8
942	8
943	8
944	8
945	9
946	7
947	7
948	7
949	9
950	7
951	7
952	7
953	7
954	7
955	7
956	7
957	1
958	7
959	7
960	7
961	1
962	1
963	7
964	7
965	9
966	8
967	9
968	9
969	0
970	0
971	7
972	7
973	7
974	7
975	7
976	7
977	7
978	1
979	1
980	1
981	1
982	1
983	7
984	7
985	7
986	7
987	1
988	1
989	7
990	7
991	7
992	7
993	7
994	7
995	7
996	7
997	7
998	7
999	7
1000	7
1001	7
1002	7
1003	7
1004	7
1005	8
1006	1
1007	8
1008	0
1009	8
1010	8
1011	9
1012	9
1013	9
1014	9
1015	8
1016	9
1017	9
1018	9
1019	8
1020	9
1021	9
1022	9
1023	9
1024	9
1025	9
1026	9
1027	9
1028	9
1029	8
1030	9
1031	8
1032	8
1033	8
1034	8
1035	8
1036	8
1037	9
1038	8
1039	9
1040	8
1041	8
1042	9
1043	9
1044	9
1045	9
1046	9
1051	8
1052	8
1053	9
1054	9
1055	9
1056	9
1057	8
1058	9
1059	8
1060	9
1061	9
1062	9
1063	8
1064	8
1065	9
1066	9
1068	9
1069	9
1070	8
1071	8
1072	8
1073	8
1074	9
1075	9
1076	8
1077	8
1078	8
1079	8
1080	8
1081	8
1082	8
1084	8
1085	8
1087	8
1088	8
1089	8
1090	8
1091	8
1092	8
1093	9
1094	8
1095	9
1096	9
1097	8
1099	8
1101	8
1102	9
1103	9
1104	9
1105	9
1106	9
1107	9
1108	9
1109	8
1110	9
1111	9
1112	9
1113	8
1114	8
1115	8
1116	8
1117	9
1118	8
1120	8
1121	8
1122	8
1123	8
1124	8
1125	9
1126	9
1127	9
1128	9
1129	8
1130	8
1131	8
1132	8
1133	8
1134	9
1135	8
1136	8
1137	8
1138	8
1139	9
1140	8
1141	8
1142	8
1143	8
1144	8
1145	8
1146	9
1147	9
1149	8
1151	8
1157	9
1160	8
1161	8
1162	8
1163	8
1164	8
1165	8
1167	8
1168	8
1169	8
1170	8
1171	8
1172	8
1173	8
1174	8
1175	8
1176	8
1177	9
1178	9
1179	9
1181	9
1182	9
1185	9
1189	9
1190	9
1191	9
1192	9
1193	9
1194	9
1195	9
1196	9
1197	9
1198	9
1199	9
1200	9
1201	9
1202	9
1203	9
1204	9
1205	9
1206	9
1207	9
1208	9
1209	9
1210	9
1211	9
1212	9
1213	9
1214	9
1215	9
1216	9
1217	6
1218	3
1219	6
1220	6
1221	3
1222	3
1223	6
1224	6
1225	6
1226	6
1227	6
1228	3
1229	3
1230	3
1231	6
1232	4
1233	9
1234	9
1235	9
1236	4
1237	4
1238	4
1239	3
1240	4
1241	4
1242	4
1243	4
1244	4
1245	4
1246	4
1247	4
1249	4
1250	4
1251	4
1252	4
1253	4
1254	4
1255	4
1256	4
1257	4
1258	4
1259	4
1260	4
1261	4
1263	4
1264	4
1265	4
1266	4
1267	4
1268	4
1269	4
1270	4
1271	4
1272	4
1273	4
1274	4
1275	4
1276	4
1277	4
1278	4
1279	4
1280	4
1281	4
1282	4
1283	4
1284	4
1285	4
1286	4
1287	4
1288	4
1289	4
1290	4
1291	4
1292	4
1293	4
1294	4
1295	9
1296	9
1297	9
1298	9
1299	9
1300	9
1301	9
1302	9
1303	2
1304	2
1305	9
1306	9
1307	9
1308	9
1309	9
1310	2
1311	2
1312	2
1313	4
1314	4
1315	4
1316	4
1317	4
1318	4
1319	4
1320	3
1321	1
1322	5
1323	3
1324	3
1325	5
1326	5
1327	5
1328	5
1329	5
1330	5
1331	5
1332	5
1333	5
1334	5
1335	5
1336	5
1337	5
1338	5
1339	5
1340	5
1341	2
1342	5
1343	5
1344	5
1345	5
1346	5
1347	2
1348	5
1349	5
1350	5
1351	5
1352	5
1353	5
1354	5
1355	5
1356	5
1357	5
1358	5
1359	6
1360	2
1361	2
1362	2
1363	2
1364	2
1365	5
1366	5
1367	5
1368	5
1369	5
1370	2
1371	2
1372	2
1374	4
1375	4
1376	4
1377	6
1378	3
1379	9
1380	3
1381	3
1382	1
1383	1
1384	1
1385	1
1386	1
1387	3
1388	3
1389	6
1390	6
1391	6
1392	6
1393	6
1394	6
1395	6
1396	6
1397	9
1398	9
1399	9
1400	9
1401	9
1402	9
1403	9
1404	9
1405	9
1406	9
1407	9
1408	4
1409	4
1410	4
1411	4
1412	4
1413	4
1414	4
1415	4
1416	4
1417	4
1418	4
1419	4
1420	4
1421	4
1422	4
1423	4
1424	4
1425	4
1426	4
1427	4
1429	4
1432	4
1433	4
1434	4
1435	5
1436	4
1437	4
1438	4
1439	4
1440	4
1441	4
1442	2
1443	2
1444	2
1445	9
1446	9
1447	2
1448	5
1449	2
1450	2
1451	5
1452	2
1453	2
1454	5
1455	5
1456	2
1457	5
1458	5
1459	5
1460	5
1461	5
1462	5
1463	5
1464	5
1465	5
1466	1
1467	3
1468	3
1469	4
1470	3
1471	3
1472	3
1473	3
1474	1
1475	3
1476	5
1477	5
1478	5
1479	5
1480	5
1481	5
1482	5
1483	5
1484	5
1485	5
1486	5
1487	5
1488	5
1489	5
1490	5
1491	5
1492	5
1493	5
1494	5
1495	5
1496	5
1497	5
1498	5
1499	5
1500	5
1501	5
1502	5
1503	5
1504	5
1505	5
1506	2
1507	5
1508	5
1509	5
1510	5
1511	5
1512	5
1513	5
1514	5
1515	9
1516	2
1517	5
1518	5
1519	5
1520	5
1521	5
1522	5
1523	5
1524	5
1525	5
1526	4
1527	4
1528	4
1529	4
1530	4
1531	4
1533	4
1534	4
1535	5
1536	5
1537	5
1538	5
1539	5
1540	5
1541	5
1542	5
1543	5
1544	1
1545	1
1546	3
1547	1
1548	3
1549	3
1550	1
1551	1
1552	1
1553	6
1554	9
1555	6
1556	6
1557	6
1558	6
1559	6
1560	6
1561	6
1562	6
1563	9
1564	9
1565	9
1566	9
1567	9
1568	3
1569	6
1570	4
1571	4
1572	4
1573	4
1574	4
1575	4
1576	4
1577	4
1578	4
1579	4
1580	4
1581	4
1582	4
1584	4
1585	4
1586	4
1587	4
1588	4
1589	4
1590	4
1591	4
1592	4
1593	4
1594	4
1596	4
1597	4
1598	4
1599	4
1600	9
1601	2
1602	9
1603	9
1604	9
1605	9
1606	9
1607	2
1608	9
1609	9
1610	9
1611	9
1612	9
1613	2
1614	2
1615	2
1616	5
1617	5
1618	5
1619	5
1620	5
1621	5
1622	5
1623	5
1624	5
1625	2
1626	5
1627	5
1628	5
1629	5
1630	2
1631	2
1632	2
1633	2
1634	2
1635	2
1636	3
1637	3
1638	3
1639	4
1640	4
1641	4
1642	3
1643	3
1644	3
1645	3
1646	5
1647	5
1648	5
1649	5
1650	5
1651	5
1652	5
1653	5
1654	5
1655	5
1656	5
1657	4
1658	5
1659	5
1660	5
1661	5
1662	5
1663	5
1664	5
1665	5
1666	5
1667	5
1668	5
1669	5
1670	5
1671	5
1672	2
1673	2
1674	2
1675	2
1676	2
1677	2
1678	2
1679	2
1680	2
1681	2
1682	2
1683	2
1684	9
1685	2
1686	2
1687	2
1688	5
1689	5
1690	5
1691	5
1692	5
1693	5
1694	5
1695	5
1696	5
1697	5
1698	2
1699	2
1700	2
1701	9
1702	2
1703	2
1704	2
1705	2
1706	2
1707	2
1708	2
1709	2
1710	9
1711	2
1712	2
1713	4
1714	4
1715	3
1716	1
1717	3
1718	1
1719	5
1720	1
1721	1
1722	1
1723	6
1724	6
1725	6
1726	6
1727	6
1728	6
1729	6
1730	4
1731	6
1732	6
1733	4
1734	3
1735	3
1736	6
1737	4
1738	4
1739	4
1740	4
1741	4
1742	4
1743	4
1744	4
1745	4
1746	4
1747	4
1748	4
1749	4
1750	4
1751	4
1752	4
1753	4
1754	4
1755	4
1756	4
1757	4
1758	4
1759	4
1760	4
1761	4
1762	4
1763	4
1764	2
1765	9
1766	2
1767	2
1769	2
1770	2
1771	2
1772	2
1773	2
1774	2
1775	2
1776	2
1777	2
1778	2
1779	2
1780	2
1781	2
1782	2
1783	2
1784	2
1785	2
1786	2
1787	2
1788	9
1789	2
1790	2
1791	2
1792	2
1793	9
1795	2
1796	2
1797	2
1798	2
1799	2
1800	2
1801	3
1802	3
1803	3
1804	3
1805	3
1806	3
1807	3
1808	3
1809	3
1810	3
1811	5
1812	3
1813	5
1814	4
1815	4
1816	4
1817	5
1818	5
1819	4
1820	4
1821	3
1822	5
1823	5
1824	5
1825	5
1826	5
1827	5
1828	5
1829	5
1830	5
1831	5
1832	5
1833	2
1834	2
1835	2
1836	2
1837	9
1838	2
1839	2
1840	2
1841	2
1842	2
1843	2
1844	2
1845	2
1846	2
1847	2
1848	2
1849	2
1850	5
1851	5
1852	5
1853	5
1854	5
1855	5
1856	5
1857	4
1858	4
1859	4
1860	4
1861	4
1862	4
1863	4
1864	4
1865	4
1866	5
1867	1
1868	1
1869	1
1870	1
1871	1
1872	1
1873	3
1874	1
1875	3
1876	6
1877	6
1878	6
1879	6
1880	6
1881	6
1882	6
1883	6
1884	6
1885	6
1886	4
1887	6
1888	6
1889	4
1890	4
1891	9
1892	3
1893	3
1894	3
1895	3
1896	4
1897	4
1898	4
1899	4
1900	4
1901	4
1902	4
1903	4
1904	4
1905	4
1906	4
1907	4
1908	4
1909	4
1910	4
1911	4
1912	4
1913	4
1914	4
1915	4
1916	4
1917	4
1918	4
1919	4
1920	4
1921	4
1922	4
1923	4
1924	4
1925	2
1926	2
1927	2
1928	2
1929	2
1930	2
1931	2
1932	2
1933	2
1934	2
1935	2
1936	4
1937	2
1938	2
1939	2
1940	2
1941	4
1942	4
1943	4
1944	4
1945	4
1946	5
1947	2
1948	2
1949	2
1950	2
1951	2
1952	5
1953	5
1954	5
1955	5
1956	5
1957	5
1958	2
1959	2
1960	5
1961	5
1962	2
1963	2
1964	2
1965	3
1966	3
1967	5
1968	4
1969	5
1970	4
1971	4
1972	4
1973	5
1974	5
1975	3
1976	5
1977	5
1978	5
1979	5
1980	5
1981	5
1982	5
1983	5
1984	5
1985	5
1986	5
1987	5
1988	5
1989	5
1990	5
1991	5
1992	2
1993	2
1994	2
1995	2
1996	2
1997	2
1998	2
1999	2
2000	2
2001	2
2002	2
2003	2
2004	2
2005	2
2006	2
2007	2
2008	5
2009	5
2010	5
2011	5
2012	5
2013	5
2014	5
2015	1
2016	1
2017	1
2018	1
2019	0
2020	0
2021	0
2022	5
2023	3
2024	3
2025	6
2026	4
2027	3
2028	3
2029	9
2030	1
2031	1
2032	1
2033	6
2034	6
2035	6
2036	6
2037	6
2038	6
2039	6
2040	6
2041	4
2042	4
2043	3
2044	3
2045	3
2046	4
2047	6
2048	4
2049	4
2050	9
2051	9
2052	4
2053	4
2054	4
2055	4
2056	4
2057	4
2058	4
2059	4
2060	4
2061	4
2062	4
2063	4
2064	4
2065	4
2066	4
2067	4
2068	4
2069	4
2070	4
2071	4
2072	4
2073	4
2074	4
2075	4
2076	4
2077	4
2078	2
2079	2
2080	2
2081	2
2082	2
2083	2
2084	2
2085	4
2086	4
2087	4
2088	4
2089	4
2090	4
2091	4
2092	2
2093	4
2094	2
2095	4
2096	4
2097	2
2098	2
2099	2
2100	2
2101	2
2102	2
2103	2
2104	2
2105	2
2106	2
2107	2
2108	2
2109	2
2110	2
2111	2
2112	2
2113	4
2114	3
2115	4
2116	4
2117	4
2118	4
2119	4
2120	4
2121	4
2122	5
2123	5
2124	5
2125	5
2126	5
2127	5
2128	4
2129	4
2130	5
2131	5
2132	5
2133	5
2134	5
2135	5
2136	5
2137	5
2138	5
2139	5
2140	5
2141	5
2142	5
2143	5
2144	2
2145	2
2146	2
2147	5
2148	2
2149	2
2150	5
2151	5
2152	9
2153	4
2154	9
2155	9
2156	9
2157	5
2158	9
2161	1
2162	1
2163	5
2164	0
2165	5
2166	5
2167	5
2168	5
2169	5
2170	5
2171	5
2172	5
2173	0
2174	5
2175	5
2176	1
2177	1
2178	5
2179	1
2180	1
2181	1
2182	1
2183	1
2184	1
2185	1
2186	1
2187	3
2188	3
2189	3
2190	3
2191	3
2192	3
2193	6
2194	6
2195	6
2196	6
2197	6
2198	6
2199	6
2200	6
2201	6
2202	3
2203	9
2204	4
2205	4
2206	4
2207	4
2208	4
2209	4
2210	4
2211	4
2212	4
2213	4
2215	4
2216	4
2217	4
2218	4
2219	4
2220	4
2221	4
2222	4
2223	4
2224	4
2225	4
2226	4
2227	4
2228	4
2229	4
2230	4
2231	4
2232	4
2233	4
2234	4
2235	4
2236	4
2237	4
2238	2
2239	2
2240	2
2241	2
2242	4
2243	2
2244	2
2245	4
2246	4
2247	4
2248	4
2249	4
2250	2
2251	2
2252	2
2253	2
2254	2
2255	2
2256	2
2257	1
2258	3
2259	3
2260	1
2261	3
2262	3
2263	3
2264	3
2265	4
2266	4
2267	1
2268	3
2269	5
2270	5
2271	3
2272	4
2273	5
2274	5
2275	5
2276	5
2277	5
2278	5
2279	5
2280	5
2281	5
2282	5
2283	5
2284	5
2285	2
2286	5
2287	5
2288	5
2289	5
2290	2
2291	2
2292	2
2293	2
2294	2
2295	2
2296	2
2297	9
2298	2
2299	2
2300	2
2301	2
2302	9
2303	5
2304	9
2305	5
2306	5
2307	5
2308	5
2309	5
2310	5
2311	5
2312	5
2313	5
2314	5
2315	1
2316	1
2317	5
2318	5
2319	5
2320	5
2321	5
2322	5
2323	5
2324	1
2325	1
2326	1
2327	1
2328	1
2329	0
2330	0
2331	1
2332	5
2333	3
2334	9
2335	1
2336	3
2337	3
2338	3
2339	3
2340	3
2341	3
2342	3
2343	3
2344	6
2345	6
2346	6
2347	6
2348	6
2349	6
2350	6
2351	6
2352	6
2353	6
2354	6
2355	4
2356	4
2357	4
2358	6
2359	4
2360	4
2361	4
2362	4
2363	4
2364	4
2365	4
2366	3
2367	4
2368	4
2369	4
2370	4
2371	4
2372	4
2373	4
2374	4
2375	4
2376	4
2377	4
2378	4
2379	4
2380	4
2381	4
2382	4
2383	4
2384	4
2385	4
2386	4
2387	4
2388	4
2389	4
2390	4
2391	4
2392	4
2393	4
2394	4
2395	4
2396	4
2397	4
2398	4
2399	4
2400	4
2401	4
2402	4
2403	2
2404	2
2405	2
2406	2
2407	2
2408	2
2409	2
2410	2
2411	2
2412	5
2413	2
2414	2
2415	4
2416	4
2417	2
2418	5
2419	5
2420	5
2421	2
2422	2
2423	2
2424	2
2425	3
2426	3
2427	3
2428	1
2429	1
2430	1
2431	3
2432	3
2433	3
2434	9
2435	3
2436	3
2437	4
2438	4
2439	5
2440	5
2441	5
2442	5
2443	5
2444	5
2445	5
2446	5
2447	5
2448	5
2449	5
2450	5
2451	5
2452	5
2453	5
2454	5
2455	5
2456	5
2457	5
2458	2
2459	5
2460	5
2461	5
2462	5
2463	5
2464	2
2465	3
2466	9
2467	3
2468	1
2469	5
2470	1
2471	3
2472	3
2473	5
2474	5
2475	1
2476	5
2477	5
2478	5
2479	5
2480	5
2481	5
2482	5
2483	5
2484	5
2485	5
2486	5
2487	5
2488	5
2489	5
2490	5
2491	1
2492	1
2493	1
2494	5
2495	5
2496	1
2497	1
2498	3
2499	3
2500	3
2501	3
2502	4
2503	4
2504	4
2505	3
2506	3
2507	3
2508	3
2509	3
2510	4
2511	4
2512	4
2513	4
2514	4
2515	4
2516	4
2517	4
2518	4
2520	4
2521	4
2522	4
2523	4
2524	4
2525	4
2526	4
2527	4
2528	4
2529	3
2530	4
2531	4
2532	4
2533	4
2534	4
2535	4
2536	4
2537	4
2538	4
2539	4
2540	4
2541	4
2542	4
2543	4
2544	4
2545	4
2546	4
2547	4
2548	4
2549	4
2550	4
2551	4
2552	4
2553	4
2554	4
2555	4
2556	4
2557	4
2558	4
2559	4
2560	4
2561	4
2562	4
2563	4
2564	4
2565	4
2566	4
2567	4
2568	4
2569	2
2570	2
2571	2
2572	2
2573	2
2574	5
2575	5
2576	5
2577	5
2578	2
2579	5
2580	5
2581	2
2582	2
2583	2
2584	2
2585	2
2586	2
2587	2
2588	2
2589	2
2590	3
2591	3
2592	3
2593	3
2594	3
2595	3
2596	3
2597	3
2598	3
2599	3
2600	3
2601	5
2602	5
2603	5
2604	5
2605	5
2606	5
2607	5
2608	5
2609	5
2610	5
2611	5
2612	5
2613	5
2614	5
2615	5
2616	5
2617	2
2618	5
2619	2
2620	5
2621	5
2622	5
2623	5
2624	5
2625	5
2626	5
2627	3
2628	5
2629	3
2630	4
2631	5
2632	1
2633	3
2634	3
2635	5
2636	5
2637	5
2638	5
2639	5
2640	1
2641	1
2642	5
2643	5
2644	5
2645	5
2646	5
2647	5
2648	5
2649	1
2650	1
2651	1
2652	1
2653	1
2654	1
2655	1
2656	3
2657	3
2658	3
2659	3
2660	3
2661	3
2662	9
2663	9
2664	3
2665	3
2666	4
2667	3
2668	4
2669	4
2670	4
2671	4
2672	4
2673	4
2674	4
2675	4
2676	4
2677	4
2678	4
2679	2
2680	4
2681	5
2682	5
2683	4
2684	4
2685	3
2686	3
2687	4
2688	4
2689	4
2690	3
2691	4
2692	3
2693	4
2694	4
2695	4
2696	4
2697	4
2698	4
2699	4
2700	4
2701	4
2702	4
2703	4
2704	4
2705	4
2706	4
2707	4
2708	4
2710	2
2711	2
2712	2
2713	2
2714	2
2715	4
2716	4
2717	4
2718	4
2719	4
2720	4
2721	4
2722	2
2723	2
2724	5
2725	5
2726	5
2727	5
2728	5
2729	5
2730	5
2731	5
2732	2
2733	5
2734	5
2735	5
2736	5
2737	5
2738	5
2739	5
2740	5
2741	9
2742	3
2743	3
2744	3
2745	3
2746	3
2747	3
2748	9
2749	9
2750	3
2751	3
2752	3
2753	3
2754	5
2755	5
2756	1
2757	5
2758	3
2759	5
2760	1
2761	5
2762	5
2763	5
2764	5
2765	5
2766	4
2767	5
2768	5
2769	5
2770	5
2771	5
2772	5
2773	5
2774	5
2775	5
2776	5
2777	1
2778	5
2779	5
2780	5
2781	5
2782	5
2783	5
2784	2
2785	2
2786	2
2787	5
2788	2
2789	5
2790	2
2791	5
2792	5
2793	5
2794	5
2795	9
2796	4
2797	2
2798	4
2799	3
2800	3
2801	5
2802	5
2803	3
2804	1
2805	5
2806	1
2807	5
2808	1
2809	1
2810	5
2811	5
2812	5
2813	5
2814	5
2815	5
2816	5
2817	5
2818	1
2819	3
2820	3
2821	1
2822	5
2823	5
2824	1
2825	6
2826	3
2827	3
2828	3
2829	3
2830	3
2831	9
2832	9
2833	3
2834	3
2835	4
2836	9
2837	2
2838	2
2839	2
2840	2
2841	2
2842	4
2843	2
2844	4
2845	2
2846	4
2847	4
2848	5
2849	5
2850	5
2851	5
2852	5
2853	3
2854	4
2855	4
2856	4
2857	4
2858	4
2859	4
2860	4
2861	4
2862	4
2863	4
2864	4
2865	4
2866	4
2867	4
2868	4
2869	4
2870	4
2871	4
2872	4
2873	4
2874	4
2875	4
2876	4
2877	4
2878	4
2879	4
2880	4
2881	4
2882	4
2883	4
2884	4
2885	4
2886	4
2887	4
2888	4
2889	4
2890	4
2891	4
2892	4
2893	5
2894	5
2895	5
2896	5
2897	5
2898	5
2899	5
2900	5
2901	5
2902	5
2903	5
2904	2
2905	5
2906	5
2907	2
2908	2
2909	2
2910	5
2911	5
2912	5
2913	3
2914	3
2915	3
2916	4
2917	3
2918	9
2919	9
2920	4
2921	4
2922	4
2923	3
2924	5
2925	5
2926	5
2927	5
2928	5
2929	5
2930	5
2931	5
2932	3
2933	5
2934	5
2935	5
2936	4
2937	5
2938	4
2939	5
2940	5
2941	5
2942	3
2943	5
2944	5
2945	5
2946	5
2947	5
2948	5
2949	5
2950	9
2951	2
2952	5
2953	5
2954	5
2955	5
2956	5
2957	5
2958	9
2959	4
2960	9
2961	5
2962	1
2964	5
2965	6
2966	5
2967	1
2968	5
2969	5
2970	5
2971	5
2972	5
2973	5
2974	5
2975	5
2976	5
2977	5
2978	5
2979	5
2980	1
2981	1
2982	1
2983	1
2984	1
2985	9
2986	3
2987	1
2988	1
2989	1
2990	3
2991	1
2992	1
2993	1
2994	1
2995	1
2996	3
2997	5
2998	5
2999	5
3000	5
3001	5
3002	5
3003	5
3004	5
3005	5
3006	5
3007	4
3008	4
3009	4
3010	4
3011	4
3012	4
3013	4
3014	4
3015	4
3016	4
3017	4
3018	4
3019	4
3020	4
3021	4
3022	4
3023	4
3024	4
3025	4
3026	4
3027	4
3028	4
3029	4
3030	4
3031	9
3032	4
3033	4
3034	4
3035	4
3036	4
3037	4
3038	4
3039	4
3040	4
3041	4
3042	4
3043	4
3044	4
3045	4
3046	4
3047	4
3048	4
3049	4
3050	4
3051	2
3052	4
3053	4
3054	4
3055	4
3056	4
3057	4
3058	4
3059	4
3060	4
3061	4
3062	4
3063	4
3064	5
3065	2
3066	5
3067	2
3068	2
3069	2
3070	2
3071	2
3072	2
3073	2
3074	2
3075	2
3076	2
3077	2
3078	2
3079	2
3080	2
3081	3
3082	3
3083	4
3084	3
3085	3
3086	3
3087	4
3088	3
3089	3
3090	3
3091	3
3092	3
3093	3
3094	5
3095	5
3096	1
3097	1
3098	4
3099	4
3100	4
3101	4
3102	4
3103	4
3104	5
3105	5
3106	5
3107	5
3108	5
3109	5
3110	4
3111	5
3112	5
3113	5
3114	5
3115	5
3116	5
3117	5
3118	5
3119	5
3120	5
3121	5
3122	5
3123	5
3124	6
3125	6
3126	3
3127	1
3128	4
3129	3
3130	3
3131	1
3132	5
3133	4
3135	5
3136	5
3137	5
3138	5
3139	5
3140	5
3141	5
3142	5
3143	5
3144	5
3145	5
3146	5
3147	5
3148	3
3149	1
3150	6
3151	1
3152	5
3153	1
3154	3
3155	3
3156	1
3157	1
3158	3
3159	1
3160	1
3161	3
3162	1
3163	5
3164	5
3165	5
3166	5
3167	5
3168	5
3169	9
3170	2
3171	2
3172	4
3173	4
3174	4
3175	4
3176	4
3177	4
3178	4
3179	9
3180	9
3181	9
3184	9
3185	9
3186	9
3187	5
3188	5
3189	4
3190	4
3191	4
3192	4
3193	4
3194	4
3195	4
3196	4
3197	4
3198	4
3199	4
3200	4
3201	4
3202	4
3203	4
3204	4
3205	4
3206	2
3212	4
3213	4
3214	4
3215	4
3216	4
3217	4
3218	4
3219	4
3220	4
3221	4
3222	5
3223	5
3224	5
3225	5
3226	5
3227	2
3228	2
3229	2
3230	2
3231	2
3232	2
3233	2
3234	2
3235	2
3236	2
3237	2
3238	2
3239	2
3240	2
3241	4
3242	4
3243	4
3244	3
3245	3
3246	4
3247	4
3248	4
3249	4
3250	4
3251	4
3252	4
3253	4
3254	4
3255	4
3256	4
3257	4
3258	4
3259	4
3260	5
3261	4
3262	4
3263	5
3264	5
3265	5
3266	5
3267	5
3268	5
3269	5
3270	9
3271	5
3272	5
3273	5
3274	5
3275	5
3276	5
3277	5
3278	5
3279	2
3280	2
3281	3
3282	9
3284	3
3285	4
3286	2
3287	3
3288	5
3289	5
3292	4
3293	5
3294	5
3295	5
3296	1
3297	3
3298	5
3299	5
3300	5
3301	1
3302	5
3303	5
3304	1
3305	1
3306	1
3307	3
3308	1
3309	3
3310	3
3311	3
3312	3
3313	1
3314	3
3315	6
3316	6
3317	6
3318	6
3319	3
3320	3
3321	3
3322	2
3323	9
3324	2
3325	2
3326	2
3327	5
3328	2
3329	5
3330	5
3331	6
3332	6
3333	5
3334	5
3335	5
3336	5
3337	4
3338	4
3339	4
3340	4
3341	4
3342	4
3343	4
3344	4
3345	4
3346	4
3347	4
3348	4
3350	4
3351	4
3352	4
3353	4
3355	4
3356	4
3357	4
3358	4
3359	4
3360	4
3361	4
3362	4
3363	4
3364	4
3365	4
3366	4
3367	4
3368	4
3369	4
3370	4
3371	4
3372	4
3373	5
3374	2
3375	2
3376	2
3377	2
3378	2
3379	2
3380	2
3381	2
3382	2
3383	2
3384	2
3385	2
3386	9
3387	2
3388	2
3389	2
3390	2
3391	2
3392	2
3393	2
3394	2
3395	2
3396	2
3397	2
3398	2
3399	2
3400	4
3401	4
3402	4
3403	4
3404	4
3405	4
3406	4
3407	4
3408	5
3409	4
3410	4
3411	3
3412	3
3413	3
3414	3
3415	5
3416	5
3417	5
3418	5
3419	5
3420	5
3421	5
3422	5
3423	5
3424	5
3425	5
3426	5
3427	5
3428	5
3429	5
3430	5
3431	5
3432	2
3433	2
3434	5
3435	2
3436	2
3437	2
3438	2
3439	3
3440	6
3441	4
3442	2
3443	4
3444	4
3445	5
3446	4
3447	5
3448	4
3449	5
3450	1
3451	5
3452	5
3453	5
3454	5
3455	5
3456	5
3457	5
3458	5
3459	5
3460	1
3461	1
3462	1
3463	3
3464	3
3465	3
3466	3
3467	3
3468	9
3469	3
3470	1
3471	3
3472	3
3473	9
3474	3
3475	6
3476	3
3477	6
3478	6
3479	3
3480	6
3481	6
3482	6
3483	6
3484	6
3485	6
3486	6
3487	6
3488	6
3489	6
3490	6
3491	6
3492	6
3493	6
3494	6
3495	6
3496	4
3497	4
3498	4
3499	4
3500	4
3501	5
3502	5
3503	3
3504	4
3505	4
3506	4
3507	4
3508	4
3509	4
3510	4
3513	4
3514	4
3515	4
3516	4
3517	4
3518	4
3519	4
3520	4
3521	4
3522	4
3523	4
3524	4
3525	4
3526	4
3527	4
3528	4
3529	4
3530	4
3531	4
3533	4
3534	4
3535	4
3536	4
3537	4
3538	4
3539	4
3540	4
3541	4
3542	4
3543	4
3544	4
3545	2
3546	2
3547	2
3548	2
3549	2
3550	2
3551	2
3552	2
3553	2
3554	2
3555	2
3556	2
3557	2
3558	2
3559	5
3560	2
3561	5
3562	2
3563	2
3564	2
3565	2
3566	2
3567	2
3568	4
3569	4
3570	4
3571	4
3572	4
3573	4
3574	4
3575	4
3576	4
3577	4
3578	5
3579	5
3580	4
3581	5
3582	3
3583	5
3584	5
3585	5
3586	5
3587	5
3588	5
3589	5
3590	5
3591	5
3592	5
3593	5
3594	5
3595	5
3596	5
3597	5
3598	5
3599	2
3600	2
3601	2
3602	2
3603	1
3604	5
3605	5
3606	3
3607	5
3608	5
3609	3
3610	9
3611	3
3612	5
3614	5
3615	9
3616	5
3617	5
3618	5
3619	5
3620	5
3621	5
3622	3
3623	4
3624	4
3625	3
3626	6
3627	5
3628	3
3629	1
3630	1
3631	3
3632	1
3633	3
3634	3
3635	3
3636	3
3637	3
3638	3
3639	3
3640	3
3641	6
3642	6
3643	6
3644	6
3645	6
3646	6
3647	6
3648	6
3649	6
3650	6
3651	4
3652	6
3653	6
3654	3
3655	6
3656	3
3657	5
3658	3
3659	4
3660	3
3661	4
3662	4
3663	4
3664	4
3665	4
3666	9
3667	3
3668	4
3669	4
3670	4
3671	4
3672	4
3673	4
3674	4
3675	4
3676	4
3677	4
3678	4
3679	4
3680	4
3681	4
3682	4
3684	4
3685	4
3686	4
3687	4
3688	4
3689	4
3690	4
3691	4
3692	4
3693	4
3694	4
3695	4
3696	4
3697	4
3698	4
3699	4
3700	4
3701	4
3702	4
3703	4
3704	4
3705	4
3706	4
3707	4
3708	4
3709	4
3710	4
3711	9
3712	2
3713	2
3715	2
3717	2
3718	2
3719	2
3720	2
3721	2
3722	2
3723	2
3724	2
3725	2
3726	4
3727	4
3728	4
3729	4
3730	4
3731	4
3732	4
3733	4
3734	4
3735	1
3736	3
3737	3
3738	4
3739	3
3740	5
3741	3
3742	5
3743	5
3744	5
3745	5
3746	5
3747	5
3748	5
3749	5
3750	5
3751	5
3752	5
3753	5
3754	5
3755	5
3756	2
3757	5
3758	2
3759	2
3760	2
3761	2
3762	2
3763	5
3764	5
3768	4
3769	4
3770	9
3771	5
3772	5
3773	5
3774	5
3775	5
3776	5
3777	3
3778	1
3779	6
3780	6
3781	6
3782	6
3783	6
3784	6
3785	6
3786	6
3787	6
3788	6
3789	6
3790	9
3791	9
3792	9
3793	9
3794	9
3795	9
3796	9
3797	9
3798	9
3799	9
3800	9
3801	9
3802	9
3803	9
3804	9
3805	9
3806	9
3807	9
3808	9
3809	9
3810	9
3811	9
3812	9
3813	9
3814	9
3815	9
3816	9
3817	9
3818	9
3819	9
3820	9
3821	9
3822	9
3823	9
3824	9
3825	9
3826	9
3827	8
3828	8
3829	8
3830	8
3831	8
3832	8
3833	8
3834	8
3835	8
3836	8
3837	9
3838	8
3839	8
3840	8
3841	8
3842	8
3843	8
3844	8
3845	8
3846	8
3847	8
3848	8
3849	8
3850	9
3851	8
3852	8
3853	8
3854	8
3855	9
3856	8
3857	8
3858	9
3859	8
3860	9
3861	9
3862	9
3863	9
3864	9
3865	8
3866	9
3867	8
3868	8
3869	9
3870	9
3871	8
3872	8
3873	9
3874	8
3875	8
3876	9
3877	9
3878	8
3879	8
3880	8
3883	9
3884	8
3885	8
3886	8
3887	8
3888	8
3889	8
3890	8
3892	8
3893	8
3894	9
3897	9
3898	8
3899	8
3900	8
3901	8
3902	8
3903	8
3904	8
3905	9
3906	9
3907	9
3908	9
3909	9
3910	9
3911	8
3912	9
3913	9
3914	9
3915	8
3916	8
3917	8
3918	8
3919	8
3920	9
3921	8
3922	9
3923	9
3924	9
3925	9
3926	8
3927	8
3928	9
3929	8
3930	8
3931	9
3932	9
3933	9
3934	9
3935	9
3936	9
3937	9
3938	8
3939	8
3940	8
3941	8
3942	9
3943	8
3944	9
3945	9
3946	9
3947	9
3948	8
3949	8
3950	8
3951	8
3952	8
3953	8
3954	8
3955	8
3956	8
3957	9
3958	9
3959	8
3960	9
3961	9
3962	9
3963	9
3964	9
3965	8
3966	8
3967	9
3968	8
3969	9
3970	9
3971	8
3972	9
3973	9
3974	9
3975	8
3976	8
3977	9
3978	9
3979	8
3980	9
3981	9
3982	8
3983	8
3985	9
3986	8
3987	0
3988	9
3989	0
3990	1
3991	0
3992	0
3993	0
3994	0
3995	1
3996	0
3997	0
3998	1
3999	0
4000	0
4001	0
4002	0
4003	0
4004	1
4005	1
4006	1
4007	0
4008	9
4009	1
4010	0
4011	1
4012	0
4013	1
4014	1
4015	1
4016	1
4017	1
4018	1
4019	1
4020	1
4021	0
4022	0
4023	0
4024	1
4025	0
4026	0
4027	1
4028	9
4029	9
4030	1
4031	0
4032	1
4033	1
4034	1
4035	1
4036	0
4037	0
4038	1
4039	1
4040	1
4041	9
4042	0
4043	0
4044	0
4045	0
4046	0
4047	0
4048	1
4049	0
4050	0
4051	0
4052	0
4053	0
4054	0
4055	0
4056	0
4057	0
4058	0
4059	0
4060	0
4061	0
4062	0
4063	0
4064	0
4065	0
4066	0
4067	0
4068	0
4069	0
4070	0
4071	0
4072	0
4073	0
4074	0
4075	0
4076	0
4077	0
4078	0
4079	0
4080	0
4081	0
4082	0
4083	0
4084	0
4085	0
4086	0
4087	0
4088	0
4089	0
4090	0
4091	0
4092	0
4093	0
4094	0
4095	0
4096	0
4097	0
4098	0
4099	0
4100	0
4101	0
4102	0
4103	0
4104	0
4105	8
4106	0
4107	0
4108	8
4109	0
4110	0
4111	0
4112	0
4113	0
4114	0
4115	0
4116	0
4117	0
4118	0
4119	0
4120	0
4121	0
4122	0
4123	0
4124	0
4125	0
4126	0
4127	0
4128	0
4129	0
4130	0
4131	0
4132	0
4133	0
4134	0
4135	0
4136	0
4137	0
4138	0
4139	0
4140	0
4141	0
4142	0
4143	0
4144	0
4145	0
4146	0
4147	9
4148	6
4149	0
4150	0
4151	0
4152	0
4153	0
4154	0
4155	0
4156	0
4157	0
4158	0
4159	0
4160	0
4161	7
4162	7
4163	7
4164	7
4165	7
4166	7
4167	7
4168	7
4169	7
4170	7
4171	7
4172	7
4173	7
4174	7
4175	7
4176	7
4177	7
4178	7
4179	7
4180	7
4181	7
4182	7
4183	7
4184	7
4185	1
4186	7
4187	7
4188	7
4189	7
4190	7
4191	7
4192	7
4193	7
4194	7
4195	7
4196	7
4197	7
4198	7
4199	7
4200	7
4201	7
4202	7
4203	7
4204	8
4205	9
4206	7
4207	7
4208	7
4209	8
4210	8
4211	8
4212	8
4213	8
4214	8
4215	8
4216	8
4217	8
4218	8
4219	8
4220	9
4221	9
4222	9
4223	9
4224	9
4225	8
4226	8
4227	8
4228	8
4229	8
4230	8
4231	9
4232	8
4233	8
4234	8
4235	8
4236	8
4237	8
4238	8
4239	9
4240	8
4241	8
4242	8
4243	8
4244	8
4245	9
4246	8
4247	9
4248	8
4249	8
4250	9
4251	8
4252	9
4253	8
4254	8
4255	8
4256	8
4257	9
4258	8
4259	8
4260	8
4261	9
4262	8
4263	8
4264	8
4265	8
4266	7
4267	7
4268	7
4269	7
4270	7
4271	7
4272	7
4273	7
4274	7
4275	7
4276	7
4277	7
4278	7
4279	7
4280	7
4281	7
4282	7
4283	1
4284	1
4285	7
4286	8
4287	7
4288	7
4289	7
4290	1
4291	1
4292	1
4293	7
4294	7
4295	7
4296	7
4297	1
4298	7
4299	7
4300	9
4301	9
4302	7
4303	1
4304	1
4305	7
4306	7
4307	7
4308	7
4309	7
4310	7
4311	7
4312	7
4313	7
4314	7
4315	7
4316	7
4317	7
4318	7
4319	7
4320	7
4321	7
4322	7
4323	7
4324	7
4325	7
4326	7
4327	7
4328	7
4329	1
4330	7
4331	7
4332	1
4333	7
4334	7
4335	7
4336	7
4337	7
4338	7
4339	7
4340	7
4341	7
4342	1
4343	1
4344	1
4345	7
4346	1
4347	7
4348	7
4349	7
4350	7
4351	1
4352	7
4353	7
4354	7
4355	7
4356	7
4357	7
4358	7
4359	7
4360	7
4361	7
4362	7
4363	7
4364	7
4365	1
4366	7
4367	7
4368	7
4369	1
4370	7
4371	7
4372	7
4373	7
4374	7
4375	7
4376	1
4377	7
4378	7
4379	7
4380	7
4381	7
4382	1
4383	7
4384	7
4385	7
4386	7
4387	7
4388	1
4389	7
4390	1
4391	7
4392	7
4393	7
4394	7
4395	7
4396	7
4397	7
4398	7
4399	7
4400	7
4401	7
4402	1
4403	1
4404	1
4405	7
4406	7
4407	7
4408	7
4409	8
4410	8
4411	8
4412	7
4413	7
4414	7
4415	8
4416	7
4417	7
4418	7
4419	7
4420	7
4421	7
4422	7
4423	7
4424	7
4425	7
4426	7
4427	7
4428	7
4429	7
4430	7
4431	7
4432	7
4433	1
4434	1
4435	1
4436	1
4437	1
4438	8
4439	1
4440	7
4441	7
4442	7
4443	7
4444	7
4445	7
4446	7
4447	7
4448	1
4449	7
4450	7
4451	7
4452	7
4453	7
4454	7
4455	7
4456	7
4457	7
4458	7
4459	7
4460	7
4461	7
4462	7
4463	7
4464	7
4465	1
4466	7
4467	7
4468	7
4469	1
4470	7
4471	7
4472	1
4473	1
4474	9
4475	7
4476	7
4477	7
4478	7
4479	7
4480	7
4481	7
4482	7
4483	7
4484	1
4485	1
4486	1
4487	1
4488	7
4489	7
4490	0
4496	0
4497	8
4498	0
4499	0
4500	8
4501	0
4502	8
4503	8
4504	0
4510	9
4511	9
4512	9
4513	0
4514	0
4515	0
4516	8
4517	0
4518	0
4519	8
4520	0
4521	8
4522	8
4523	0
4524	0
4525	8
4526	0
4527	7
4528	7
4529	7
4530	7
4531	7
4532	7
4533	7
4534	7
4535	7
4536	7
4537	7
4538	7
4539	7
4540	7
4541	7
4542	7
4543	7
4544	7
4545	7
4546	7
4547	7
4548	7
4549	7
4550	7
4551	7
4552	7
4553	7
4554	1
4555	0
4556	0
4557	0
4558	6
4559	6
4560	6
4561	6
4562	6
4563	6
4564	6
4565	6
4566	6
4567	6
4568	6
4569	6
4570	6
4571	6
4572	6
4573	6
4574	6
4575	0
4576	0
4577	0
4578	9
4579	9
4580	0
4581	0
4582	0
4583	6
4584	6
4585	6
4586	8
4587	8
4588	0
4589	0
4590	3
4591	0
4592	6
4596	6
4597	9
4599	9
4600	9
4601	9
4602	8
4603	9
4607	8
4608	0
4609	0
4610	3
4611	1
4612	6
4613	6
4614	6
4615	6
4616	6
4617	9
4618	9
4619	9
4620	9
4621	0
4622	6
4623	0
4624	6
4625	6
4626	6
4627	3
4628	0
4629	6
4630	3
4631	3
4632	3
4633	9
4634	6
4635	6
4636	6
4637	6
4638	9
4639	9
4640	9
4641	8
4642	3
4643	3
4644	0
4645	3
4646	3
4647	6
4648	6
4649	6
4650	6
4651	6
4652	3
4653	9
4654	9
4655	8
4656	9
4657	0
4658	3
4659	3
4660	9
4661	1
4662	9
4663	1
4664	6
4665	6
4666	6
4667	6
4668	6
4669	6
4670	6
4671	0
4672	6
4673	6
4674	6
4675	0
4676	0
4677	0
4678	0
4679	9
4680	0
4681	3
4682	0
4683	0
4684	3
4685	3
4686	6
4687	6
4688	6
4689	6
4690	6
4691	6
4692	6
4693	9
4694	9
4695	6
4696	6
4697	6
4698	3
4699	3
4700	0
4701	3
4702	0
4703	6
4704	3
4705	6
4706	6
4707	6
4708	6
4709	6
4710	6
4711	6
4712	6
4713	6
4714	6
4715	6
4716	3
4717	8
4718	6
4719	6
4720	0
4721	6
4722	6
4723	6
4724	6
4725	0
4726	6
4727	6
4728	6
4729	6
4730	6
4731	6
4732	6
4733	6
4734	6
4735	6
4736	6
4737	6
4738	6
4739	8
4740	6
4741	6
4742	6
4743	6
4744	6
4745	6
4746	0
4747	6
4748	6
4749	6
4750	6
4751	6
4752	6
4753	6
4754	6
4755	6
4756	6
4757	6
4758	6
4759	6
4760	6
4761	6
4762	6
4763	6
4764	6
4765	0
4766	6
4767	6
4768	6
4769	6
4770	6
4771	6
4772	6
4773	6
4774	9
4775	6
4776	6
4777	6
4778	6
4779	6
4780	6
4781	6
4782	6
4783	6
4784	9
4785	3
4786	6
4787	6
4788	6
4789	6
4790	6
4791	6
4792	6
4793	6
4794	6
4795	6
4796	6
4797	6
4798	6
4799	6
4800	6
4801	6
4802	3
4803	6
4804	6
4805	6
4806	6
4807	6
4808	6
4809	9
4810	3
4811	6
4812	6
4813	6
4815	9
4816	9
4817	9
4818	9
4819	9
4820	9
4821	8
4822	9
4823	9
4826	6
4827	6
4828	6
4829	6
4830	6
4831	6
4832	6
4833	6
4834	6
4835	6
4836	6
4837	6
4838	6
4839	6
4840	6
4841	6
4842	6
4843	6
4844	6
4845	6
4846	6
4847	6
4848	9
4849	6
4850	6
4851	6
4852	6
4853	6
4854	6
4855	6
4856	6
4857	6
4858	6
4859	6
4860	6
4861	6
4862	6
4863	6
4864	6
4865	6
4866	6
4867	6
4868	9
4869	6
4870	6
4871	6
4872	1
4873	0
4874	0
4875	0
4876	9
4877	6
4878	6
4879	6
4880	6
4881	6
4882	6
4883	6
4884	6
4885	6
4886	6
4887	6
4888	6
4889	6
4890	6
4891	6
4892	6
4893	6
4894	6
4895	6
4896	6
4897	6
4898	0
4899	0
4900	0
4901	0
4902	0
4903	0
4904	6
4905	6
4906	6
4907	6
4908	6
4909	0
4910	0
4911	0
4912	0
4913	0
4914	6
4915	0
4916	6
4917	0
4918	6
4919	0
4920	6
4921	0
4922	6
4923	0
4924	0
4925	6
4926	6
4927	6
4928	6
4929	0
4930	0
4931	6
4932	6
4933	6
4934	6
4935	0
4936	9
4937	0
4938	0
4939	0
4940	6
4941	0
4942	6
4943	6
4944	9
4945	3
4946	6
4947	6
4948	9
4949	9
4950	9
4951	9
4953	9
4954	9
4955	9
4956	9
4958	9
4959	9
4961	9
4966	9
4968	8
4969	8
4970	9
4971	8
4972	9
4973	9
4974	9
4975	9
4976	8
4977	9
4978	9
4979	9
4980	8
4981	8
4982	8
4983	8
4984	8
4985	8
4986	8
4987	8
4988	9
4989	9
4990	9
4991	8
4992	8
4993	8
4994	9
4995	9
4996	8
4997	8
4998	8
4999	8
5000	8
5001	8
5002	8
5003	9
5004	9
5005	9
5006	9
5007	9
5008	9
5009	8
5010	8
5011	9
5012	9
5013	9
5014	9
5015	9
5016	8
5017	9
5018	8
5019	8
5020	8
5021	9
5022	8
5023	8
5024	9
5025	9
5026	9
5027	8
5028	9
5029	8
5030	9
5031	9
5032	9
5033	9
5034	9
5035	9
5036	9
5037	9
5038	9
5039	8
5040	9
5041	8
5042	8
5043	9
5044	9
5045	9
5046	9
5047	9
5048	9
5049	9
5050	9
5051	9
5052	9
5053	9
5054	9
5055	9
5058	8
5059	1
5063	9
5066	1
5067	1
5068	1
5069	1
5070	1
5071	1
5072	1
5073	3
5074	8
5075	8
5076	1
5077	8
5078	8
5079	8
5080	8
5081	1
5082	8
5083	8
5084	8
5085	8
5086	8
5087	8
5088	8
5089	9
5090	8
5091	9
5092	0
5093	0
5094	0
5095	0
5096	0
5097	0
5098	0
5099	0
5100	0
5101	0
5102	0
5103	0
5104	0
5105	0
5106	0
5107	0
5108	0
5109	0
5110	0
5111	9
5112	0
5113	0
5114	9
5115	0
5116	0
5117	0
5118	0
5119	9
5120	9
5121	9
5122	8
5123	9
5124	9
5125	9
5126	2
5127	2
5128	2
5129	5
5130	2
5131	9
5132	8
5133	2
5134	8
5135	8
5136	1
5137	8
5138	8
5139	8
5140	9
5141	9
5142	9
5143	9
5144	2
5145	9
5146	2
5147	1
5148	1
5149	9
5150	9
5151	2
5152	9
5153	9
5154	1
5155	9
5156	9
5157	9
5158	9
5159	1
5160	9
5161	1
5162	5
5163	9
5164	5
5165	2
5166	2
5167	8
5168	8
5169	8
5170	9
5171	9
5172	8
5173	8
5174	3
5175	2
5176	1
5177	9
5178	9
5179	3
5180	5
5181	8
5182	8
5183	9
5184	8
5185	9
5186	9
5187	8
5188	1
5189	5
5190	1
5191	8
5192	2
5193	9
5194	8
5195	9
5196	9
5197	9
5198	9
5199	9
5200	9
5201	1
5202	9
5203	8
5204	9
5205	8
5206	8
5207	1
5208	9
5209	2
5210	2
5211	9
5212	2
5213	9
5214	1
5215	9
5216	8
5217	1
5218	2
5219	8
5220	8
5221	8
5222	8
5223	8
5224	8
5225	1
5226	9
5227	8
5228	1
5229	1
5230	2
5231	9
5232	9
5233	9
5234	9
5235	9
5236	9
5237	2
5238	9
5239	9
5240	5
5241	9
5242	9
5243	9
5244	9
5245	9
5246	8
5247	9
5248	9
5249	9
5250	2
5251	2
5252	3
5253	1
5254	1
5255	2
5256	8
5257	9
5258	2
5259	8
5260	8
5261	8
5262	8
5263	8
5264	8
5265	8
5266	8
5267	1
5268	2
5269	9
5270	9
5271	2
5272	9
5273	9
5274	9
5275	8
5276	1
5277	1
5278	3
5279	2
5280	9
5281	8
5282	9
5283	9
5284	9
5285	2
5286	9
5287	9
5288	8
5289	5
5290	2
5291	2
5292	5
5293	2
5294	8
5295	9
5296	9
5297	2
5298	2
5299	1
5300	5
5301	5
5302	1
5303	8
5304	8
5305	8
5306	8
5307	8
5308	8
5309	8
5310	8
5311	2
5312	2
5313	2
5314	2
5315	1
5316	5
5317	2
5318	8
5319	1
5320	8
5321	1
5322	9
5324	9
5325	8
5326	8
5327	2
5328	2
5329	2
5330	3
5331	2
5332	9
5333	1
5334	1
5335	2
5336	9
5337	2
5338	2
5339	2
5340	2
5341	2
5342	5
5343	2
5344	2
5345	9
5346	2
5347	2
5348	1
5349	9
5350	1
5351	8
5352	3
5353	9
5354	8
5355	9
5356	9
5357	1
5358	9
5359	8
5360	8
5361	8
5362	2
5363	9
5364	2
5365	8
5366	9
5367	2
5368	2
5369	2
5370	2
5371	2
5372	2
5373	9
5374	2
5375	2
5376	8
5377	1
5378	9
5379	8
5380	2
5381	8
5382	3
5383	1
5384	3
5385	1
5386	2
5387	2
5388	2
5389	5
5390	2
5391	2
5392	2
5393	2
5394	2
5395	2
5396	2
5397	2
5398	9
5399	5
5400	1
5401	1
5402	1
5403	5
5404	2
5405	2
5406	2
5407	2
5408	2
5409	2
5410	2
5411	2
5412	5
5413	9
5414	2
5415	5
5416	9
5417	5
5418	5
5419	2
5420	2
5421	8
5422	8
5423	8
5424	9
5425	9
5426	9
5427	5
5428	8
5429	2
5430	2
5431	2
5432	9
5433	5
5434	9
5435	5
5436	2
5437	2
5438	2
5439	2
5440	2
5441	2
5442	9
5443	5
5444	5
5445	9
5446	2
5447	2
5448	9
5449	2
5450	2
5451	2
5452	2
5453	2
5454	2
5455	2
5456	1
5457	5
5458	9
5459	5
5460	2
5461	8
5462	3
5463	2
5464	9
5465	3
5466	8
5467	9
5468	5
5469	5
5470	9
5471	2
5472	9
5473	1
5474	9
5475	9
5476	2
5477	8
5478	2
5479	8
5480	9
5481	5
5482	8
5483	1
5484	3
5485	8
5486	2
5487	2
5488	2
5489	2
5490	2
5491	2
5492	2
5493	1
5494	9
5495	2
5496	9
5497	2
5498	9
5499	1
5500	8
5501	9
5502	2
5503	2
5504	2
5505	2
5506	2
5507	2
5508	5
5509	3
5510	2
5511	2
5512	1
5513	1
5514	8
5515	3
5516	2
5517	9
5518	5
5519	1
5520	9
5521	9
5522	8
5523	2
5524	8
5525	2
5526	2
5527	5
5528	9
5529	1
5530	9
5531	9
5532	5
5533	8
5534	5
5535	8
5536	1
5537	3
5538	2
5539	5
5540	2
5541	2
5542	2
5543	2
5544	2
5545	9
5546	2
5547	9
5548	2
5549	5
5550	5
5551	9
5552	2
5553	2
5554	2
5555	2
5556	1
5557	8
5558	8
5559	8
5560	3
5561	8
5562	5
5563	8
5564	8
5565	8
5566	8
5567	8
5568	8
5569	8
5570	3
5571	1
5572	2
5573	8
5574	9
5575	9
5576	8
5577	2
5578	2
5579	2
5580	2
5581	2
5582	2
5583	2
5584	2
5585	2
5586	1
5587	2
5588	8
5589	8
5590	9
5591	9
5592	8
5593	8
5594	8
5595	8
5596	2
5597	2
5598	2
5599	2
5600	2
5601	3
5602	8
5603	1
5604	1
5605	1
5606	1
5607	1
5608	9
5609	5
5610	8
5611	1
5612	1
5613	9
5614	1
5615	8
5616	8
5617	8
5618	3
5619	2
5620	9
5621	9
5622	9
5623	9
5624	2
5625	9
5626	8
5627	9
5628	2
5629	9
5630	8
5631	9
5632	8
5633	2
5634	8
5635	8
5636	8
5637	2
5638	2
5639	2
5640	2
5641	3
5642	9
5643	8
5644	9
5645	8
5646	8
5647	8
5648	9
5649	8
5650	8
5651	9
5652	2
5653	2
5654	2
5655	2
5656	2
5657	2
5658	8
5659	2
5660	2
5661	2
5662	1
5663	2
5664	8
5665	9
5666	2
5667	9
5668	1
5669	2
5670	1
5671	5
5672	2
5673	2
5674	9
5675	8
5676	9
5677	9
5678	2
5679	2
5680	2
5681	8
5682	2
5683	8
5684	8
5685	5
5686	1
5687	9
5688	2
5689	9
5690	8
5691	8
5692	9
5693	8
5694	9
5695	9
5696	8
5697	9
5698	8
5699	2
5700	2
5701	2
5702	2
5703	2
5704	2
5705	9
5706	2
5707	9
5708	8
5709	9
5710	2
5711	9
5712	2
5713	1
5714	1
5715	2
5716	9
5717	3
5718	2
5719	8
5720	9
5721	9
5722	9
5723	5
5725	9
5726	5
5727	2
5728	1
5729	2
5730	2
5731	1
5732	2
5733	8
5734	2
5735	2
5736	2
5737	8
5738	9
5739	9
5740	8
5741	8
5742	9
5743	8
5744	8
5745	8
5746	9
5747	8
5748	8
5749	2
5750	2
5751	2
5752	2
5753	9
5754	2
5755	2
5756	1
5757	9
5758	9
5759	9
5766	9
5767	1
5768	2
5769	9
5770	9
5771	5
5772	9
5773	8
5774	2
5775	1
5776	1
5777	1
5778	2
5779	2
5780	5
5781	2
5782	3
5783	9
5784	1
5785	9
5786	5
5787	1
5788	9
5789	9
5790	9
5791	9
5792	9
5793	9
5794	8
5795	8
5796	8
5797	9
5798	8
5799	8
5800	8
5801	9
5802	2
5803	9
5804	2
5805	3
5806	5
5807	9
5810	9
5811	9
5812	2
5813	9
5814	9
5815	9
5816	9
5817	9
5818	9
5819	2
5820	9
5821	9
5822	5
5823	8
5824	2
5825	3
5826	9
5827	2
5828	3
5829	9
5830	2
5831	9
5832	9
5833	9
5834	9
5835	9
5836	8
5837	1
5838	8
5839	9
5840	8
5841	9
5842	9
5843	9
5844	8
5845	9
5846	8
5847	8
5848	8
5849	8
5850	8
5851	9
5852	8
5853	9
5854	9
5855	1
5856	8
5857	8
5858	8
5859	2
5860	8
5861	9
5862	8
5863	9
5864	9
5865	2
5866	9
5867	9
5868	9
5869	2
5870	3
5871	3
5872	8
5873	9
5874	2
5875	8
5876	9
5877	9
5878	9
5879	9
5880	9
5881	9
5882	9
5883	9
5884	9
5885	8
5886	9
5887	8
5888	8
5889	8
5890	9
5891	7
5892	7
5893	7
5894	7
5895	7
5896	7
5897	7
5898	7
5899	7
5900	7
5901	7
5902	7
5903	7
5904	7
5905	7
5906	7
5907	7
5908	7
5909	7
5910	7
5911	7
5912	7
5913	7
5914	7
5915	7
5916	7
5917	7
5918	7
5919	7
5920	7
5921	7
5922	7
5923	7
5924	7
5925	7
5926	7
5927	7
5928	7
5929	7
5930	7
5931	7
5932	7
5933	7
5934	7
5935	7
5936	7
5937	7
5938	7
5939	7
5940	8
5941	7
5942	7
5943	8
5944	7
5945	7
5946	7
5947	7
5948	7
5949	7
5950	7
5951	7
5952	7
5953	7
5954	7
5955	7
5956	7
5957	8
5958	7
5959	7
5960	7
5961	7
5962	7
5963	7
5964	7
5965	7
5966	7
5967	7
5968	7
5969	7
5970	7
5971	7
5972	7
5973	7
5974	7
5975	7
5976	7
5977	9
5978	7
5979	7
5980	7
5981	7
5982	7
5983	7
5984	7
5985	7
5986	7
5987	7
5988	7
5989	7
5990	7
5991	7
5992	7
5993	7
5994	7
5995	7
5996	9
5997	7
5998	7
5999	7
6000	7
6001	7
6002	7
6003	7
6004	7
6005	7
6006	7
6007	7
6008	7
6009	7
6010	7
6011	7
6012	7
6013	7
6014	7
6015	7
6016	7
6017	7
6018	7
6019	7
6020	7
6021	7
6022	7
6023	7
6024	7
6025	7
6026	7
6027	7
6028	7
6029	7
6030	7
6031	7
6032	7
6033	7
6034	7
6035	7
6036	7
6037	7
6038	7
6039	7
6040	7
6041	7
6042	7
6043	7
6044	7
6045	7
6046	7
6047	7
6048	7
6049	7
6050	7
6051	7
6052	7
6053	7
6054	7
6055	7
6056	7
6057	7
6058	7
6059	7
6060	7
6061	7
6062	8
6063	7
6064	7
6065	7
6066	7
6067	7
6068	7
6069	7
6070	7
6071	7
6072	7
6073	7
6074	7
6075	7
6076	8
6077	7
6078	7
6079	7
6080	7
6081	7
6082	7
6083	7
6084	7
6085	7
6086	7
6087	7
6088	7
6089	7
6090	7
6091	7
6092	7
6093	7
6094	7
6095	7
6096	7
6097	7
6098	7
6099	7
6100	9
6101	7
6102	7
6103	7
6104	7
6105	7
6106	7
6107	7
6108	7
6109	7
6110	7
6111	7
6112	7
6113	7
6114	7
6115	7
6116	7
6117	7
6118	7
6119	7
6120	7
6121	7
6122	7
6123	7
6124	7
6125	7
6126	7
6127	7
6128	7
6129	7
6130	7
6131	7
6132	7
6133	7
6134	7
6135	8
6136	7
6137	7
6138	7
6139	7
6140	7
6141	7
6142	7
6143	7
6144	7
6145	7
6146	7
6147	7
6148	7
6149	7
6150	7
6151	7
6152	7
6153	7
6154	7
6155	7
6156	7
6157	7
6158	7
6159	7
6160	7
6161	7
6162	7
6163	7
6164	7
6165	7
6166	7
6167	7
6168	7
6169	7
6170	7
6171	7
6172	7
6173	7
6174	7
6175	7
6176	7
6177	7
6178	7
6179	7
6180	7
6181	7
6182	7
6183	7
6184	7
6185	7
6186	7
6187	7
6188	7
6189	7
6190	7
6191	7
6192	7
6193	7
6194	7
6195	7
6196	7
6197	7
6198	7
6199	7
6200	7
6201	7
6202	7
6203	7
6204	7
6205	7
6206	7
6207	7
6208	7
6209	7
6210	7
6211	7
6212	7
6213	7
6214	7
6215	7
6216	7
6217	7
6218	7
6219	7
6220	7
6221	7
6222	7
6223	7
6224	7
6225	7
6226	7
6227	7
6228	7
6229	7
6230	7
6231	7
6232	7
6233	7
6234	7
6235	7
6236	7
6237	7
6238	7
6239	9
6240	8
6241	8
6242	8
6243	8
6244	8
6245	8
6246	8
6247	8
6248	8
6249	8
6250	6
6251	8
6252	8
6253	8
6254	8
6255	8
6256	8
6257	8
6258	9
6259	8
6260	8
6261	0
6262	8
6263	0
6264	0
6265	0
6266	9
6267	9
6268	8
6269	8
6270	0
6271	0
6272	0
6273	0
6274	8
6275	8
6276	9
6277	9
6278	9
6279	0
6280	8
6281	9
6282	8
6283	8
6284	9
6285	8
6286	9
6287	9
6288	8
6289	8
6290	8
6291	0
6292	9
6293	9
6294	9
6295	0
6296	0
6297	0
6298	0
6299	9
6300	8
6301	8
6302	9
6303	9
6304	8
6305	8
6306	9
6307	8
6308	9
6309	8
6310	9
6311	8
6312	8
6313	9
6314	9
6315	9
6316	8
6317	8
6318	9
6319	8
6320	1
6321	8
6322	9
6323	8
6324	9
6325	8
6326	8
6327	0
6328	8
6329	8
6330	8
6331	8
6332	0
6333	0
6334	8
6335	9
6336	8
6337	9
6338	8
6339	8
6340	8
6341	9
6342	8
6343	9
6344	9
6345	9
6346	9
6347	9
6348	9
6349	9
6350	8
6351	8
6352	8
6353	9
6354	9
6355	8
6356	9
6357	0
6358	9
6359	6
6360	6
6361	6
6362	1
6363	8
6364	9
6365	8
6366	8
6367	8
6368	0
6369	9
6370	8
6371	1
6372	8
6373	0
6374	8
6375	9
6376	8
6377	9
6378	9
6379	9
6380	8
6381	8
6382	9
6383	9
6384	8
6385	0
6386	9
6387	9
6388	9
6389	8
6390	8
6391	9
6392	0
6393	6
6394	8
6395	8
6396	0
6397	8
6398	9
6399	8
6400	0
6401	9
6402	8
6403	6
6404	8
6405	0
6406	8
6407	8
6408	6
6409	8
6410	9
6411	6
6412	8
6413	8
6414	8
6415	9
6416	9
6417	8
6418	8
6419	8
6420	9
6421	0
6422	0
6423	9
6424	9
6425	9
6426	9
6427	8
6428	9
6429	9
6430	8
6431	8
6432	9
6433	8
6435	8
6436	9
6437	9
6438	8
6439	8
6440	8
6441	8
6442	8
6443	9
6444	8
6445	0
6446	0
6447	9
6448	0
6449	1
6450	9
6451	9
6452	9
6453	1
6454	0
6455	8
6456	8
6457	6
6458	8
6459	0
6460	8
6461	9
6462	9
6463	6
6464	6
6465	6
6466	1
6467	0
6468	6
6469	0
6470	1
6471	0
6472	8
6474	8
6475	6
6476	8
6477	6
6478	6
6479	9
6480	8
6481	0
6482	0
6483	0
6484	6
6485	1
6486	8
6487	9
6488	8
6489	9
6490	9
6491	9
6492	0
6493	8
6494	8
6495	8
6496	8
6497	8
6498	9
6499	8
6500	8
6501	8
6502	9
6503	1
6504	0
6505	9
6506	0
6507	0
6508	8
6509	8
6510	8
6511	8
6512	0
6513	8
6514	9
6515	8
6516	9
6517	8
6518	9
6519	8
6520	9
6521	6
6522	9
6523	9
6524	8
6525	9
6526	9
6527	8
6528	6
6529	9
6530	8
6531	9
6532	8
6533	8
6534	8
6535	9
6536	9
6537	8
6538	8
6539	1
6540	9
6541	8
6542	8
6543	1
6544	6
6545	6
6546	1
6547	0
6548	8
6549	9
6550	1
6551	8
6552	8
6553	0
6554	0
6555	0
6556	0
6557	0
6558	0
6559	9
6560	0
6561	9
6562	0
6563	8
6564	8
6565	9
6566	9
6567	9
6568	9
6569	9
6570	9
6571	9
6572	9
6573	9
6574	9
6575	1
6576	9
6577	9
6578	9
6579	9
6580	9
6581	9
6582	9
6583	9
6584	9
6585	9
6586	9
6587	1
6588	9
6589	1
6590	1
6591	9
6592	9
6593	1
6594	1
6595	1
6596	9
6597	9
6598	9
6599	9
6600	9
6601	9
6602	1
6603	1
6604	9
6605	1
6606	1
6607	9
6608	0
6609	1
6610	7
6611	7
6612	1
6613	7
6614	7
6615	7
6616	7
6617	0
6618	0
6619	0
6620	0
6621	0
6622	0
6623	0
6624	8
6625	8
6626	8
6627	1
6628	1
6629	1
6630	8
6631	8
6632	8
6633	8
6634	1
6635	1
6636	8
6637	1
6638	1
6639	9
6640	1
6641	9
6642	9
6643	9
6644	9
6645	9
6646	8
6647	9
6648	8
6650	8
6651	8
6652	8
6653	8
6654	8
6655	8
6656	9
6657	8
6658	9
6659	9
6660	9
6661	9
6662	8
6663	9
6664	9
6665	8
6666	8
6667	8
6668	8
6669	8
6671	1
6672	8
6679	8
6683	9
6684	8
6685	8
6686	1
6687	8
6688	1
6689	1
6690	8
6691	8
6692	9
6693	9
6694	9
6695	9
6696	9
6697	9
6698	9
6699	9
6700	8
6701	9
6702	9
6703	8
6704	9
6705	9
6706	9
6707	8
6708	9
6709	9
6710	8
6711	9
6712	9
6713	8
6714	8
6715	8
6716	8
6717	8
6718	1
6719	9
6720	8
6721	9
6722	9
6723	9
6724	8
6725	9
6726	8
6727	8
6728	8
6729	8
6730	8
6731	8
6732	8
6733	8
6734	8
6735	8
6736	8
6737	8
6738	8
6739	9
6740	9
6741	1
6742	8
6743	8
6744	9
6745	9
6746	8
6747	8
6748	9
6749	8
6750	8
6751	9
6752	9
6753	8
6754	8
6755	8
6756	9
6757	8
6758	9
6759	9
6760	1
6761	8
6762	8
6763	8
6764	7
6765	7
6766	7
6767	7
6768	7
6769	7
6770	7
6771	7
6772	7
6773	7
6774	7
6775	7
6776	7
6777	7
6778	9
6779	9
6780	9
6781	9
6782	9
6783	9
6784	7
6785	9
6786	9
6787	9
6788	9
6789	9
6790	9
6791	7
6792	9
6793	7
6794	7
6795	7
6796	9
6797	7
6798	7
6799	7
6800	7
6801	9
6802	7
6803	7
6804	7
6805	7
6806	7
6807	7
6808	7
6809	7
6810	9
6811	9
6812	7
6813	7
6814	7
6815	7
6816	7
6817	7
6818	7
6819	7
6820	0
6821	0
6822	0
6823	0
6824	0
6825	0
6826	0
6827	0
6828	0
6829	0
6830	0
6831	0
6832	0
6833	0
6834	0
6835	0
6836	0
6837	0
6838	0
6839	0
6840	0
6841	0
6842	0
6843	0
6844	0
6845	0
6846	0
6847	0
6848	0
6849	0
6850	0
6851	0
6852	0
6853	0
6854	0
6855	0
6856	0
6857	0
6858	0
6859	0
6860	0
6861	0
6862	0
6863	0
6864	0
6865	0
6866	0
6867	0
6868	0
6869	0
6870	0
6871	9
6872	0
6873	0
6874	0
6875	0
6876	0
6877	0
6878	0
6879	9
6880	0
6881	1
6882	0
6883	0
6884	0
6885	0
6886	0
6887	0
6888	8
6889	0
6890	8
6891	0
6892	8
6893	8
6894	8
6895	0
6896	1
6897	1
6898	8
6899	0
6900	1
6901	1
6902	0
6903	0
6904	0
6905	0
6906	0
6907	0
6908	0
6909	0
6910	5
6911	5
6912	0
6913	0
6914	0
6915	0
6916	0
6917	0
6918	0
6919	0
6920	8
6921	0
6922	0
6923	0
6924	0
6925	0
6926	0
6927	0
6928	0
6929	0
6930	0
6931	0
6932	0
6933	0
6934	0
6935	8
6936	0
6937	0
6938	0
6939	0
6940	0
6941	0
6942	0
6943	0
6944	0
6945	0
6946	0
6947	0
6948	0
6949	0
6950	0
6951	0
6952	0
6953	0
6954	0
6955	0
6956	1
6957	0
6958	0
6959	0
6960	0
6961	0
6962	0
6963	0
6964	0
6965	0
6966	0
