District 0: num of precincts (769) pop (922895)
District 1: num of precincts (987) pop (732644)
District 2: num of precincts (922) pop (659542)
District 3: num of precincts (825) pop (822899)
District 4: num of precincts (447) pop (330865)
District 5: num of precincts (266) pop (214124)
District 6: num of precincts (154) pop (328228)
District 7: num of precincts (87) pop (54193)
District 8: num of precincts (960) pop (1132167)
District 9: num of precincts (1413) pop (1473022)
population error: 52%

1	0
2	1
3	1
4	1
5	1
6	1
7	1
8	1
9	9
10	1
11	1
12	1
13	1
14	1
15	1
16	1
17	1
18	1
19	1
20	1
21	1
22	1
23	1
24	1
25	1
26	1
27	1
28	1
29	9
30	9
31	1
32	1
33	9
34	9
35	1
36	9
37	1
38	1
39	1
40	9
41	1
42	1
43	9
44	9
45	9
46	9
47	9
48	9
49	9
50	9
51	9
52	9
53	9
54	1
55	1
56	9
57	1
58	9
59	9
60	1
61	1
62	9
63	0
64	0
65	0
66	0
67	0
68	0
69	0
70	0
71	0
72	0
73	0
74	0
75	0
76	0
77	9
78	0
79	0
80	0
81	0
82	0
83	0
84	0
85	0
86	0
87	0
88	0
89	0
90	0
91	0
92	0
93	0
94	0
95	0
96	0
97	0
98	0
99	0
100	0
101	0
102	0
103	0
104	0
105	0
106	0
107	0
108	0
109	0
110	0
111	0
112	0
113	0
114	0
115	0
116	0
117	0
118	0
119	0
120	0
121	0
122	0
123	0
124	0
125	0
126	0
127	0
128	0
129	0
130	0
131	0
132	0
133	0
134	0
135	0
136	0
137	0
138	0
139	0
140	0
141	0
142	0
143	0
144	0
145	0
146	0
147	0
148	0
149	0
150	0
151	0
152	0
153	0
154	0
155	0
156	0
157	0
158	0
159	0
160	0
161	0
162	0
163	0
164	0
165	0
166	0
167	0
168	0
169	0
170	0
171	0
172	0
173	0
174	0
175	0
176	0
177	0
178	0
179	0
180	0
181	0
182	9
183	0
184	0
185	9
186	0
187	0
188	0
189	0
190	0
191	0
192	0
193	0
194	0
195	0
196	0
197	0
198	0
199	9
200	0
201	0
202	0
203	0
204	0
205	0
206	0
207	0
208	0
209	0
210	0
211	0
212	0
213	0
214	9
215	0
216	0
217	0
218	0
219	0
220	0
221	0
222	0
223	0
224	0
225	0
226	0
227	0
228	0
229	0
230	0
231	0
232	0
233	0
234	0
235	0
236	0
237	9
238	0
239	0
240	0
241	0
242	0
243	0
244	0
245	0
246	0
247	0
248	0
249	0
250	0
251	0
252	9
253	0
254	0
255	9
256	0
257	1
258	1
259	1
260	1
261	1
262	1
263	1
264	1
265	1
266	1
267	1
268	1
269	1
270	1
271	1
272	1
273	1
274	1
275	1
276	1
277	1
278	1
279	1
280	1
281	1
282	1
283	1
284	1
285	1
286	1
287	1
288	1
289	1
290	1
291	1
292	1
293	1
294	1
295	1
296	1
297	1
298	1
299	1
300	1
301	1
302	1
303	1
304	1
305	1
306	1
307	1
308	1
309	1
310	1
311	1
312	1
313	1
314	1
315	1
316	1
317	1
318	1
319	1
320	1
321	1
322	1
323	1
324	1
325	1
326	1
327	1
328	1
329	1
330	1
331	1
332	1
333	1
334	1
335	1
336	1
337	8
338	1
339	1
340	1
341	1
342	1
343	9
344	9
345	9
346	9
347	9
348	9
349	9
350	9
351	9
352	9
353	9
354	9
355	9
357	9
358	9
359	9
360	9
361	9
362	9
363	9
365	9
366	9
367	9
368	9
369	9
370	9
372	9
373	9
374	9
375	9
376	9
377	9
378	9
379	9
380	9
381	9
382	9
383	9
384	9
385	9
386	9
387	9
388	9
389	9
390	9
391	9
392	9
393	9
394	9
395	9
396	9
397	9
398	9
399	9
400	9
401	9
402	9
403	9
404	9
405	9
406	9
407	9
408	9
409	9
410	9
411	9
412	9
413	9
414	9
415	9
416	9
417	9
418	9
419	9
420	9
421	9
422	9
423	9
424	9
425	9
426	9
427	9
428	9
429	9
430	9
431	9
432	9
434	9
435	9
436	9
438	9
439	9
440	8
441	9
442	8
443	8
444	8
445	8
446	8
447	8
448	8
449	8
450	9
451	8
452	0
453	0
454	0
455	9
456	9
457	9
458	8
459	8
460	9
461	8
462	8
463	8
464	8
465	8
466	8
467	8
468	8
469	8
470	8
471	8
472	8
473	9
474	8
475	8
476	8
477	9
478	8
479	8
480	9
481	0
482	8
483	8
484	8
485	8
486	9
487	9
488	0
489	9
490	9
491	9
492	9
493	0
494	0
495	0
496	8
497	9
498	9
499	8
500	8
501	8
502	8
503	8
504	8
505	0
506	8
507	9
508	9
509	9
510	9
511	0
512	0
513	0
514	0
515	0
516	0
517	0
518	0
519	8
520	9
521	9
522	9
523	9
524	0
525	0
526	0
527	0
528	0
529	9
530	8
531	8
532	8
533	8
534	8
535	9
536	9
538	9
539	8
540	8
541	8
542	9
543	0
544	8
545	8
546	8
547	8
548	8
549	8
550	9
551	9
552	9
553	8
554	9
555	9
556	8
557	9
558	8
559	9
560	9
561	8
562	8
563	8
564	9
565	0
566	8
567	8
568	0
569	8
570	8
571	8
572	9
573	9
574	8
575	9
576	0
577	0
578	0
579	8
580	9
581	0
582	9
583	9
584	0
585	0
586	0
587	8
588	8
589	8
590	8
591	9
592	9
593	0
594	0
595	0
596	0
597	0
598	0
599	8
600	9
601	8
602	9
603	9
604	9
605	8
606	8
607	9
608	9
609	8
610	8
611	8
612	8
613	8
614	8
615	8
616	9
617	8
618	9
619	9
620	9
621	9
622	0
623	8
624	8
625	8
626	9
627	0
628	0
629	0
630	8
631	9
632	8
633	9
634	9
635	9
636	9
637	9
638	0
639	9
640	8
641	9
642	0
643	8
644	9
645	8
646	1
647	1
648	1
649	1
650	1
651	1
652	1
653	1
654	1
655	1
656	1
657	0
658	0
659	1
660	0
661	0
662	9
663	0
664	9
665	0
666	0
667	0
668	0
669	0
670	0
671	8
672	0
673	9
674	9
675	9
676	9
677	9
678	0
679	9
680	0
681	0
682	9
683	9
684	9
685	9
686	9
687	9
688	9
689	9
690	9
691	9
692	9
693	9
694	9
695	9
696	0
697	9
698	9
699	9
700	9
701	9
702	8
703	9
704	9
705	9
706	9
707	9
708	9
709	9
710	9
711	9
712	8
713	8
714	0
715	0
716	9
717	9
718	0
719	0
720	8
721	0
722	0
723	9
724	0
725	0
726	0
727	0
728	0
729	0
730	0
731	8
732	8
733	0
734	8
735	0
736	0
737	0
738	0
739	0
740	0
741	0
742	0
743	0
744	0
745	0
746	0
747	0
748	0
749	8
750	0
751	8
752	1
753	1
754	1
755	1
756	1
757	1
758	1
759	1
760	1
761	1
762	1
763	1
764	1
765	1
766	1
767	1
768	1
769	1
770	1
771	1
772	1
773	1
774	1
775	1
776	1
777	1
778	1
779	1
780	1
781	1
782	1
783	1
784	1
785	1
786	1
787	1
788	1
789	1
790	1
791	1
792	1
793	1
794	1
795	1
796	1
797	1
798	1
799	1
800	1
801	7
802	7
803	7
804	7
805	7
806	7
807	7
808	7
809	7
810	7
811	7
812	8
813	7
814	7
815	7
816	7
817	7
818	7
819	9
820	9
821	7
822	1
823	7
824	1
825	1
826	8
827	8
828	7
829	1
830	7
831	7
832	7
833	0
834	0
835	0
836	0
837	0
838	0
839	0
840	0
841	0
842	0
843	0
844	0
845	0
846	1
847	1
848	0
849	0
850	0
851	1
852	9
853	0
854	0
855	8
856	0
857	0
858	0
859	0
860	0
861	9
862	0
863	0
864	0
865	1
866	0
867	0
868	0
869	0
870	0
871	0
872	0
873	0
874	0
875	0
876	0
877	0
878	0
879	0
880	0
881	0
882	0
883	0
884	0
885	1
886	1
887	1
888	1
889	0
890	0
891	0
892	0
893	1
894	0
895	1
896	1
897	1
898	1
899	1
900	0
901	0
902	0
903	0
904	0
905	0
906	0
907	0
908	0
909	0
910	0
911	0
912	0
913	0
914	0
915	0
916	0
917	0
918	0
919	0
920	0
921	0
922	0
923	0
924	0
925	1
926	9
927	1
928	1
929	1
930	1
931	9
932	1
933	9
934	1
935	1
936	1
937	1
938	8
939	1
940	8
941	8
942	8
943	8
944	8
945	9
946	1
947	1
948	1
949	9
950	9
951	1
952	1
953	1
954	1
955	1
956	1
957	1
958	1
959	1
960	1
961	1
962	1
963	1
964	1
965	9
966	8
967	9
968	9
969	0
970	1
971	0
972	1
973	1
974	1
975	1
976	0
977	1
978	1
979	1
980	1
981	1
982	1
983	1
984	1
985	1
986	1
987	1
988	1
989	1
990	1
991	1
992	1
993	1
994	1
995	1
996	1
997	1
998	1
999	1
1000	1
1001	1
1002	1
1003	1
1004	1
1005	8
1006	1
1007	8
1008	0
1009	8
1010	8
1011	9
1012	9
1013	9
1014	9
1015	8
1016	9
1017	9
1018	9
1019	8
1020	9
1021	9
1022	9
1023	9
1024	9
1025	9
1026	9
1027	9
1028	9
1029	8
1030	9
1031	8
1032	8
1033	8
1034	8
1035	8
1036	8
1037	9
1038	8
1039	9
1040	8
1041	8
1042	9
1043	9
1044	9
1045	9
1046	9
1051	8
1052	8
1053	9
1054	9
1055	9
1056	9
1057	8
1058	9
1059	8
1060	9
1061	9
1062	9
1063	8
1064	8
1065	9
1066	9
1068	9
1069	9
1070	8
1071	8
1072	8
1073	8
1074	9
1075	9
1076	8
1077	8
1078	8
1079	8
1080	8
1081	8
1082	8
1084	8
1085	8
1087	8
1088	8
1089	8
1090	8
1091	8
1092	8
1093	9
1094	8
1095	9
1096	9
1097	8
1099	8
1101	8
1102	9
1103	9
1104	9
1105	9
1106	9
1107	9
1108	9
1109	8
1110	9
1111	9
1112	9
1113	8
1114	8
1115	8
1116	8
1117	9
1118	8
1120	8
1121	8
1122	8
1123	8
1124	8
1125	9
1126	9
1127	9
1128	9
1129	8
1130	8
1131	8
1132	8
1133	8
1134	9
1135	8
1136	8
1137	8
1138	8
1139	9
1140	8
1141	8
1142	8
1143	8
1144	8
1145	8
1146	9
1147	9
1149	8
1151	8
1157	9
1160	8
1161	8
1162	8
1163	8
1164	8
1165	8
1167	8
1168	8
1169	8
1170	8
1171	8
1172	8
1173	8
1174	8
1175	8
1176	8
1177	9
1178	9
1179	9
1181	9
1182	9
1185	9
1189	9
1190	9
1191	9
1192	9
1193	9
1194	9
1195	9
1196	9
1197	9
1198	9
1199	9
1200	9
1201	9
1202	9
1203	9
1204	9
1205	9
1206	9
1207	9
1208	9
1209	9
1210	9
1211	9
1212	9
1213	9
1214	9
1215	9
1216	9
1217	9
1218	3
1219	3
1220	3
1221	3
1222	3
1223	3
1224	3
1225	3
1226	3
1227	3
1228	3
1229	3
1230	3
1231	3
1232	3
1233	9
1234	9
1235	9
1236	9
1237	4
1238	3
1239	3
1240	9
1241	4
1242	4
1243	4
1244	4
1245	4
1246	4
1247	4
1249	4
1250	9
1251	4
1252	4
1253	4
1254	4
1255	4
1256	4
1257	4
1258	4
1259	4
1260	4
1261	9
1263	4
1264	4
1265	4
1266	4
1267	4
1268	4
1269	4
1270	4
1271	4
1272	4
1273	2
1274	4
1275	4
1276	4
1277	4
1278	4
1279	2
1280	2
1281	4
1282	2
1283	4
1284	2
1285	4
1286	4
1287	4
1288	4
1289	4
1290	2
1291	4
1292	4
1293	3
1294	2
1295	9
1296	9
1297	9
1298	9
1299	9
1300	9
1301	9
1302	9
1303	2
1304	2
1305	9
1306	9
1307	9
1308	9
1309	9
1310	2
1311	2
1312	2
1313	3
1314	4
1315	4
1316	3
1317	3
1318	3
1319	3
1320	3
1321	1
1322	3
1323	3
1324	3
1325	5
1326	3
1327	3
1328	3
1329	3
1330	5
1331	5
1332	5
1333	5
1334	5
1335	9
1336	5
1337	5
1338	5
1339	5
1340	5
1341	2
1342	2
1343	2
1344	2
1345	2
1346	2
1347	2
1348	2
1349	5
1350	5
1351	5
1352	5
1353	5
1354	5
1355	5
1356	5
1357	5
1358	5
1359	3
1360	2
1361	2
1362	2
1363	2
1364	2
1365	2
1366	2
1367	2
1368	2
1369	2
1370	2
1371	2
1372	2
1374	4
1375	4
1376	4
1377	3
1378	3
1379	9
1380	3
1381	3
1382	1
1383	1
1384	1
1385	1
1386	1
1387	3
1388	3
1389	3
1390	3
1391	3
1392	3
1393	9
1394	6
1395	6
1396	3
1397	9
1398	9
1399	9
1400	9
1401	9
1402	9
1403	9
1404	9
1405	9
1406	9
1407	9
1408	4
1409	4
1410	4
1411	4
1412	9
1413	3
1414	4
1415	4
1416	4
1417	4
1418	4
1419	4
1420	4
1421	4
1422	4
1423	4
1424	4
1425	4
1426	4
1427	4
1429	4
1432	4
1433	4
1434	4
1435	2
1436	2
1437	4
1438	4
1439	2
1440	3
1441	2
1442	2
1443	2
1444	2
1445	9
1446	9
1447	2
1448	2
1449	2
1450	2
1451	2
1452	2
1453	2
1454	2
1455	2
1456	2
1457	2
1458	2
1459	2
1460	5
1461	5
1462	5
1463	2
1464	2
1465	5
1466	1
1467	3
1468	3
1469	3
1470	3
1471	3
1472	3
1473	3
1474	1
1475	3
1476	9
1477	5
1478	5
1479	9
1480	9
1481	5
1482	5
1483	5
1484	5
1485	5
1486	3
1487	5
1488	5
1489	3
1490	5
1491	5
1492	5
1493	5
1494	5
1495	5
1496	5
1497	5
1498	5
1499	5
1500	5
1501	5
1502	5
1503	5
1504	9
1505	2
1506	2
1507	2
1508	2
1509	2
1510	2
1511	2
1512	2
1513	2
1514	9
1515	9
1516	2
1517	5
1518	5
1519	5
1520	5
1521	5
1522	5
1523	5
1524	5
1525	5
1526	9
1527	4
1528	4
1529	4
1530	4
1531	9
1533	4
1534	4
1535	2
1536	2
1537	5
1538	5
1539	2
1540	2
1541	2
1542	2
1543	2
1544	1
1545	1
1546	3
1547	1
1548	3
1549	3
1550	1
1551	1
1552	1
1553	6
1554	9
1555	6
1556	3
1557	3
1558	9
1559	3
1560	3
1561	3
1562	3
1563	9
1564	9
1565	9
1566	9
1567	9
1568	3
1569	3
1570	4
1571	4
1572	4
1573	3
1574	4
1575	4
1576	4
1577	9
1578	4
1579	4
1580	4
1581	4
1582	3
1584	4
1585	4
1586	4
1587	4
1588	4
1589	4
1590	4
1591	4
1592	4
1593	4
1594	4
1596	4
1597	4
1598	4
1599	2
1600	9
1601	2
1602	9
1603	9
1604	9
1605	9
1606	9
1607	2
1608	9
1609	9
1610	9
1611	9
1612	9
1613	2
1614	2
1615	2
1616	5
1617	2
1618	2
1619	2
1620	2
1621	2
1622	2
1623	2
1624	2
1625	2
1626	2
1627	2
1628	2
1629	2
1630	2
1631	2
1632	2
1633	2
1634	2
1635	2
1636	3
1637	3
1638	3
1639	3
1640	3
1641	3
1642	3
1643	3
1644	3
1645	3
1646	3
1647	5
1648	5
1649	5
1650	5
1651	5
1652	5
1653	5
1654	5
1655	5
1656	5
1657	3
1658	9
1659	5
1660	5
1661	5
1662	5
1663	5
1664	5
1665	5
1666	5
1667	5
1668	5
1669	5
1670	5
1671	5
1672	2
1673	2
1674	2
1675	2
1676	2
1677	2
1678	2
1679	2
1680	2
1681	2
1682	2
1683	2
1684	9
1685	2
1686	2
1687	2
1688	5
1689	5
1690	5
1691	5
1692	1
1693	5
1694	5
1695	5
1696	2
1697	2
1698	2
1699	2
1700	2
1701	9
1702	2
1703	2
1704	2
1705	2
1706	2
1707	2
1708	2
1709	2
1710	9
1711	2
1712	2
1713	3
1714	3
1715	3
1716	1
1717	3
1718	1
1719	1
1720	1
1721	1
1722	1
1723	3
1724	6
1725	3
1726	6
1727	6
1728	3
1729	6
1730	3
1731	9
1732	9
1733	3
1734	3
1735	3
1736	3
1737	4
1738	3
1739	4
1740	4
1741	4
1742	4
1743	4
1744	4
1745	4
1746	4
1747	4
1748	4
1749	4
1750	4
1751	4
1752	4
1753	4
1754	4
1755	4
1756	4
1757	3
1758	3
1759	3
1760	3
1761	3
1762	3
1763	3
1764	2
1765	9
1766	2
1767	2
1769	2
1770	2
1771	2
1772	2
1773	2
1774	2
1775	2
1776	2
1777	2
1778	2
1779	2
1780	2
1781	2
1782	2
1783	2
1784	2
1785	2
1786	2
1787	2
1788	9
1789	2
1790	2
1791	2
1792	2
1793	9
1795	2
1796	2
1797	2
1798	2
1799	2
1800	2
1801	3
1802	3
1803	3
1804	3
1805	3
1806	3
1807	3
1808	3
1809	3
1810	3
1811	3
1812	3
1813	3
1814	3
1815	3
1816	3
1817	3
1818	9
1819	3
1820	3
1821	3
1822	5
1823	5
1824	9
1825	5
1826	5
1827	5
1828	5
1829	5
1830	5
1831	5
1832	5
1833	2
1834	2
1835	2
1836	2
1837	9
1838	2
1839	2
1840	2
1841	2
1842	2
1843	2
1844	2
1845	2
1846	2
1847	2
1848	2
1849	2
1850	1
1851	5
1852	5
1853	5
1854	9
1855	5
1856	1
1857	3
1858	3
1859	3
1860	4
1861	3
1862	3
1863	3
1864	3
1865	3
1866	1
1867	1
1868	1
1869	1
1870	1
1871	1
1872	1
1873	3
1874	1
1875	3
1876	6
1877	3
1878	6
1879	6
1880	3
1881	6
1882	6
1883	3
1884	3
1885	3
1886	3
1887	3
1888	3
1889	3
1890	3
1891	9
1892	3
1893	3
1894	3
1895	3
1896	4
1897	4
1898	4
1899	4
1900	4
1901	4
1902	4
1903	4
1904	4
1905	4
1906	3
1907	3
1908	3
1909	3
1910	3
1911	3
1912	3
1913	3
1914	3
1915	3
1916	3
1917	3
1918	4
1919	4
1920	4
1921	4
1922	9
1923	4
1924	4
1925	2
1926	2
1927	2
1928	2
1929	2
1930	2
1931	2
1932	2
1933	2
1934	2
1935	2
1936	2
1937	2
1938	2
1939	2
1940	2
1941	2
1942	2
1943	2
1944	2
1945	2
1946	2
1947	2
1948	2
1949	2
1950	2
1951	2
1952	2
1953	2
1954	2
1955	2
1956	2
1957	2
1958	2
1959	2
1960	2
1961	2
1962	2
1963	2
1964	2
1965	3
1966	3
1967	3
1968	3
1969	1
1970	3
1971	3
1972	3
1973	3
1974	3
1975	3
1976	3
1977	9
1978	9
1979	5
1980	5
1981	2
1982	5
1983	2
1984	5
1985	5
1986	5
1987	5
1988	5
1989	5
1990	5
1991	5
1992	2
1993	2
1994	2
1995	2
1996	2
1997	2
1998	2
1999	2
2000	2
2001	2
2002	2
2003	2
2004	2
2005	2
2006	2
2007	2
2008	2
2009	2
2010	2
2011	1
2012	1
2013	1
2014	3
2015	1
2016	1
2017	1
2018	1
2019	0
2020	1
2021	0
2022	1
2023	3
2024	3
2025	3
2026	3
2027	3
2028	3
2029	9
2030	1
2031	1
2032	1
2033	3
2034	6
2035	3
2036	3
2037	3
2038	3
2039	3
2040	3
2041	3
2042	3
2043	3
2044	3
2045	3
2046	3
2047	3
2048	3
2049	3
2050	9
2051	9
2052	4
2053	4
2054	4
2055	4
2056	4
2057	4
2058	4
2059	4
2060	4
2061	4
2062	4
2063	4
2064	4
2065	4
2066	4
2067	4
2068	3
2069	9
2070	3
2071	3
2072	3
2073	3
2074	3
2075	4
2076	4
2077	4
2078	2
2079	2
2080	2
2081	2
2082	2
2083	2
2084	2
2085	2
2086	2
2087	2
2088	2
2089	2
2090	2
2091	2
2092	2
2093	2
2094	2
2095	2
2096	2
2097	2
2098	2
2099	2
2100	2
2101	2
2102	2
2103	2
2104	2
2105	2
2106	2
2107	2
2108	2
2109	2
2110	2
2111	2
2112	2
2113	3
2114	3
2115	3
2116	3
2117	3
2118	3
2119	3
2120	3
2121	3
2122	9
2123	3
2124	3
2125	3
2126	3
2127	3
2128	3
2129	3
2130	5
2131	5
2132	5
2133	2
2134	5
2135	3
2136	5
2137	5
2138	5
2139	5
2140	2
2141	2
2142	2
2143	2
2144	2
2145	2
2146	2
2147	2
2148	2
2149	2
2150	2
2151	2
2152	9
2153	4
2154	9
2155	9
2156	9
2157	5
2158	9
2161	1
2162	1
2163	0
2164	1
2165	1
2166	1
2167	1
2168	3
2169	3
2170	3
2171	5
2172	3
2173	0
2174	1
2175	0
2176	1
2177	1
2178	1
2179	1
2180	1
2181	1
2182	1
2183	1
2184	1
2185	1
2186	1
2187	3
2188	3
2189	3
2190	3
2191	3
2192	3
2193	3
2194	6
2195	6
2196	6
2197	6
2198	3
2199	6
2200	3
2201	6
2202	3
2203	9
2204	3
2205	3
2206	3
2207	4
2208	4
2209	4
2210	4
2211	4
2212	4
2213	4
2215	4
2216	4
2217	9
2218	4
2219	4
2220	4
2221	4
2222	4
2223	4
2224	4
2225	4
2226	4
2227	4
2228	4
2229	4
2230	4
2231	4
2232	4
2233	4
2234	2
2235	2
2236	2
2237	2
2238	2
2239	2
2240	2
2241	2
2242	9
2243	2
2244	2
2245	2
2246	2
2247	2
2248	2
2249	2
2250	2
2251	2
2252	2
2253	2
2254	2
2255	2
2256	2
2257	1
2258	3
2259	3
2260	1
2261	3
2262	3
2263	3
2264	3
2265	3
2266	3
2267	1
2268	3
2269	5
2270	3
2271	3
2272	3
2273	5
2274	3
2275	9
2276	9
2277	9
2278	5
2279	2
2280	2
2281	2
2282	2
2283	2
2284	2
2285	2
2286	2
2287	5
2288	2
2289	2
2290	2
2291	2
2292	2
2293	2
2294	2
2295	2
2296	2
2297	9
2298	2
2299	2
2300	2
2301	2
2302	9
2303	1
2304	9
2305	1
2306	1
2307	1
2308	1
2309	5
2310	1
2311	1
2312	3
2313	1
2314	1
2315	1
2316	1
2317	3
2318	1
2319	3
2320	3
2321	3
2322	3
2323	1
2324	1
2325	1
2326	1
2327	1
2328	1
2329	0
2330	1
2331	1
2332	1
2333	3
2334	9
2335	1
2336	3
2337	3
2338	3
2339	3
2340	3
2341	3
2342	3
2343	3
2344	3
2345	3
2346	3
2347	6
2348	6
2349	3
2350	3
2351	3
2352	9
2353	3
2354	3
2355	4
2356	4
2357	4
2358	3
2359	3
2360	3
2361	3
2362	3
2363	3
2364	3
2365	3
2366	3
2367	3
2368	3
2369	3
2370	9
2371	9
2372	4
2373	4
2374	4
2375	4
2376	4
2377	4
2378	4
2379	4
2380	4
2381	4
2382	4
2383	4
2384	9
2385	4
2386	4
2387	4
2388	4
2389	4
2390	4
2391	4
2392	4
2393	4
2394	4
2395	4
2396	4
2397	4
2398	4
2399	4
2400	4
2401	4
2402	4
2403	2
2404	2
2405	2
2406	2
2407	2
2408	2
2409	2
2410	2
2411	2
2412	2
2413	2
2414	2
2415	2
2416	2
2417	2
2418	2
2419	2
2420	2
2421	2
2422	2
2423	2
2424	2
2425	3
2426	3
2427	3
2428	1
2429	1
2430	1
2431	3
2432	3
2433	3
2434	9
2435	3
2436	3
2437	3
2438	3
2439	1
2440	1
2441	3
2442	3
2443	9
2444	9
2445	9
2446	5
2447	5
2448	5
2449	9
2450	5
2451	5
2452	9
2453	5
2454	5
2455	2
2456	2
2457	2
2458	2
2459	2
2460	2
2461	2
2462	2
2463	2
2464	2
2465	3
2466	9
2467	3
2468	1
2469	1
2470	1
2471	3
2472	3
2473	1
2474	1
2475	1
2476	9
2477	1
2478	1
2479	1
2480	1
2481	1
2482	1
2483	1
2484	1
2485	3
2486	3
2487	3
2488	3
2489	3
2490	1
2491	1
2492	1
2493	1
2494	1
2495	1
2496	1
2497	1
2498	3
2499	3
2500	3
2501	3
2502	3
2503	3
2504	3
2505	3
2506	3
2507	3
2508	3
2509	3
2510	4
2511	4
2512	4
2513	4
2514	4
2515	4
2516	4
2517	4
2518	4
2520	4
2521	4
2522	4
2523	4
2524	4
2525	4
2526	3
2527	9
2528	3
2529	3
2530	3
2531	3
2532	3
2533	9
2534	9
2535	3
2536	4
2537	4
2538	4
2539	4
2540	9
2541	4
2542	4
2543	4
2544	4
2545	4
2546	4
2547	4
2548	4
2549	4
2550	4
2551	4
2552	4
2553	4
2554	4
2555	4
2556	4
2557	4
2558	4
2559	4
2560	4
2561	4
2562	4
2563	4
2564	4
2565	4
2566	4
2567	3
2568	4
2569	2
2570	2
2571	2
2572	2
2573	2
2574	2
2575	2
2576	2
2577	2
2578	2
2579	2
2580	2
2581	2
2582	2
2583	2
2584	2
2585	2
2586	2
2587	2
2588	2
2589	2
2590	3
2591	3
2592	3
2593	3
2594	3
2595	3
2596	3
2597	3
2598	3
2599	3
2600	3
2601	1
2602	3
2603	1
2604	3
2605	3
2606	1
2607	9
2608	9
2609	5
2610	5
2611	5
2612	5
2613	5
2614	9
2615	5
2616	2
2617	2
2618	2
2619	2
2620	5
2621	5
2622	5
2623	5
2624	2
2625	2
2626	5
2627	3
2628	5
2629	3
2630	3
2631	3
2632	1
2633	3
2634	3
2635	3
2636	1
2637	1
2638	1
2639	9
2640	1
2641	1
2642	3
2643	1
2644	3
2645	5
2646	3
2647	3
2648	3
2649	1
2650	1
2651	1
2652	1
2653	1
2654	1
2655	1
2656	3
2657	3
2658	3
2659	3
2660	3
2661	3
2662	9
2663	9
2664	3
2665	3
2666	3
2667	3
2668	4
2669	4
2670	4
2671	4
2672	4
2673	2
2674	2
2675	2
2676	2
2677	2
2678	2
2679	2
2680	2
2681	3
2682	2
2683	3
2684	3
2685	3
2686	3
2687	3
2688	3
2689	3
2690	3
2691	3
2692	3
2693	3
2694	3
2695	3
2696	9
2697	4
2698	3
2699	4
2700	4
2701	4
2702	4
2703	3
2704	4
2705	4
2706	4
2707	3
2708	2
2710	2
2711	2
2712	2
2713	2
2714	2
2715	2
2716	2
2717	9
2718	2
2719	2
2720	4
2721	4
2722	2
2723	2
2724	2
2725	2
2726	2
2727	2
2728	2
2729	2
2730	2
2731	2
2732	2
2733	2
2734	2
2735	2
2736	2
2737	2
2738	2
2739	5
2740	5
2741	9
2742	3
2743	3
2744	3
2745	3
2746	3
2747	3
2748	9
2749	9
2750	3
2751	3
2752	3
2753	3
2754	3
2755	3
2756	1
2757	3
2758	3
2759	3
2760	1
2761	1
2762	3
2763	5
2764	5
2765	3
2766	3
2767	3
2768	3
2769	3
2770	9
2771	5
2772	5
2773	5
2774	5
2775	5
2776	5
2777	1
2778	5
2779	2
2780	2
2781	2
2782	2
2783	2
2784	2
2785	2
2786	2
2787	2
2788	2
2789	2
2790	2
2791	2
2792	2
2793	2
2794	2
2795	9
2796	4
2797	2
2798	3
2799	3
2800	3
2801	5
2802	5
2803	3
2804	1
2805	1
2806	1
2807	1
2808	1
2809	1
2810	5
2811	5
2812	3
2813	5
2814	3
2815	5
2816	5
2817	3
2818	1
2819	3
2820	3
2821	1
2822	1
2823	1
2824	1
2825	3
2826	3
2827	3
2828	3
2829	3
2830	3
2831	9
2832	9
2833	3
2834	3
2835	3
2836	9
2837	2
2838	2
2839	2
2840	2
2841	2
2842	2
2843	2
2844	2
2845	2
2846	2
2847	2
2848	9
2849	5
2850	5
2851	5
2852	5
2853	3
2854	3
2855	4
2856	4
2857	4
2858	4
2859	3
2860	3
2861	3
2862	3
2863	3
2864	3
2865	3
2866	4
2867	3
2868	4
2869	4
2870	9
2871	4
2872	4
2873	9
2874	2
2875	4
2876	9
2877	9
2878	2
2879	2
2880	2
2881	9
2882	9
2883	9
2884	2
2885	2
2886	2
2887	2
2888	2
2889	2
2890	2
2891	4
2892	4
2893	5
2894	9
2895	5
2896	2
2897	5
2898	2
2899	2
2900	2
2901	2
2902	2
2903	2
2904	2
2905	2
2906	2
2907	2
2908	2
2909	2
2910	2
2911	2
2912	2
2913	3
2914	3
2915	3
2916	3
2917	3
2918	9
2919	9
2920	3
2921	3
2922	9
2923	3
2924	1
2925	5
2926	1
2927	1
2928	1
2929	1
2930	1
2931	1
2932	3
2933	5
2934	5
2935	5
2936	9
2937	3
2938	3
2939	9
2940	9
2941	3
2942	3
2943	5
2944	9
2945	5
2946	9
2947	4
2948	5
2949	2
2950	9
2951	2
2952	2
2953	5
2954	3
2955	3
2956	3
2957	3
2958	9
2959	3
2960	9
2961	3
2962	1
2964	1
2965	6
2966	2
2967	1
2968	1
2969	1
2970	3
2971	1
2972	1
2973	3
2974	3
2975	5
2976	5
2977	3
2978	5
2979	9
2980	1
2981	1
2982	1
2983	1
2984	1
2985	9
2986	3
2987	1
2988	1
2989	1
2990	3
2991	1
2992	1
2993	1
2994	1
2995	1
2996	3
2997	5
2998	9
2999	5
3000	5
3001	9
3002	5
3003	5
3004	5
3005	5
3006	5
3007	3
3008	4
3009	4
3010	4
3011	4
3012	4
3013	4
3014	4
3015	4
3016	4
3017	4
3018	4
3019	4
3020	4
3021	4
3022	4
3023	4
3024	4
3025	4
3026	4
3027	4
3028	4
3029	4
3030	4
3031	9
3032	4
3033	4
3034	4
3035	4
3036	4
3037	4
3038	4
3039	4
3040	4
3041	4
3042	4
3043	4
3044	2
3045	4
3046	4
3047	4
3048	2
3049	4
3050	4
3051	2
3052	2
3053	2
3054	4
3055	4
3056	2
3057	2
3058	2
3059	2
3060	2
3061	2
3062	2
3063	2
3064	2
3065	2
3066	2
3067	2
3068	2
3069	2
3070	2
3071	2
3072	2
3073	2
3074	2
3075	2
3076	2
3077	2
3078	2
3079	2
3080	2
3081	3
3082	3
3083	3
3084	3
3085	3
3086	3
3087	3
3088	3
3089	3
3090	3
3091	3
3092	3
3093	3
3094	1
3095	1
3096	1
3097	1
3098	3
3099	3
3100	3
3101	3
3102	4
3103	3
3104	3
3105	3
3106	3
3107	3
3108	4
3109	4
3110	9
3111	9
3112	5
3113	5
3114	5
3115	9
3116	9
3117	5
3118	3
3119	2
3120	3
3121	2
3122	2
3123	2
3124	6
3125	6
3126	3
3127	1
3128	4
3129	3
3130	3
3131	1
3132	1
3133	3
3135	2
3136	1
3137	1
3138	1
3139	1
3140	5
3141	1
3142	5
3143	3
3144	9
3145	3
3146	3
3147	3
3148	3
3149	1
3150	3
3151	1
3152	3
3153	1
3154	3
3155	3
3156	1
3157	1
3158	3
3159	1
3160	1
3161	3
3162	1
3163	5
3164	5
3165	5
3166	5
3167	5
3168	5
3169	9
3170	2
3171	2
3172	4
3173	4
3174	4
3175	4
3176	4
3177	4
3178	4
3179	9
3180	9
3181	9
3184	9
3185	9
3186	9
3187	2
3188	2
3189	4
3190	4
3191	4
3192	4
3193	3
3194	3
3195	3
3196	4
3197	4
3198	9
3199	4
3200	3
3201	4
3202	2
3203	2
3204	2
3205	2
3206	2
3212	2
3213	2
3214	2
3215	2
3216	2
3217	4
3218	2
3219	2
3220	2
3221	9
3222	2
3223	2
3224	5
3225	2
3226	5
3227	2
3228	2
3229	2
3230	2
3231	2
3232	2
3233	2
3234	2
3235	2
3236	2
3237	2
3238	2
3239	2
3240	2
3241	3
3242	3
3243	3
3244	3
3245	3
3246	3
3247	3
3248	3
3249	3
3250	3
3251	4
3252	4
3253	3
3254	3
3255	3
3256	3
3257	4
3258	3
3259	3
3260	3
3261	3
3262	3
3263	9
3264	5
3265	5
3266	5
3267	5
3268	5
3269	5
3270	9
3271	3
3272	5
3273	2
3274	2
3275	2
3276	2
3277	2
3278	2
3279	2
3280	2
3281	3
3282	9
3284	3
3285	2
3286	2
3287	3
3288	5
3289	3
3292	3
3293	1
3294	1
3295	1
3296	1
3297	3
3298	5
3299	3
3300	3
3301	1
3302	1
3303	1
3304	1
3305	1
3306	1
3307	3
3308	1
3309	3
3310	3
3311	3
3312	3
3313	1
3314	3
3315	3
3316	3
3317	3
3318	3
3319	3
3320	3
3321	3
3322	2
3323	9
3324	2
3325	2
3326	2
3327	2
3328	2
3329	2
3330	2
3331	3
3332	3
3333	2
3334	2
3335	2
3336	2
3337	3
3338	9
3339	3
3340	3
3341	3
3342	3
3343	3
3344	4
3345	4
3346	4
3347	4
3348	4
3350	4
3351	4
3352	4
3353	4
3355	2
3356	4
3357	2
3358	4
3359	4
3360	4
3361	4
3362	2
3363	2
3364	2
3365	2
3366	2
3367	2
3368	2
3369	2
3370	2
3371	2
3372	2
3373	2
3374	2
3375	2
3376	2
3377	2
3378	2
3379	2
3380	2
3381	2
3382	2
3383	2
3384	2
3385	2
3386	9
3387	2
3388	2
3389	2
3390	2
3391	2
3392	2
3393	2
3394	2
3395	2
3396	2
3397	2
3398	2
3399	2
3400	3
3401	3
3402	3
3403	3
3404	3
3405	3
3406	3
3407	9
3408	3
3409	3
3410	3
3411	3
3412	3
3413	3
3414	3
3415	3
3416	3
3417	5
3418	5
3419	5
3420	5
3421	5
3422	5
3423	5
3424	5
3425	5
3426	5
3427	5
3428	5
3429	5
3430	1
3431	2
3432	2
3433	2
3434	2
3435	2
3436	2
3437	2
3438	2
3439	3
3440	3
3441	2
3442	2
3443	3
3444	4
3445	2
3446	4
3447	1
3448	2
3449	5
3450	1
3451	5
3452	5
3453	3
3454	9
3455	5
3456	5
3457	3
3458	3
3459	3
3460	1
3461	1
3462	1
3463	3
3464	3
3465	3
3466	3
3467	3
3468	9
3469	3
3470	1
3471	3
3472	3
3473	9
3474	3
3475	3
3476	3
3477	3
3478	3
3479	3
3480	3
3481	3
3482	3
3483	3
3484	3
3485	3
3486	3
3487	3
3488	3
3489	3
3490	3
3491	3
3492	3
3493	6
3494	3
3495	3
3496	4
3497	3
3498	4
3499	4
3500	4
3501	3
3502	3
3503	3
3504	9
3505	4
3506	4
3507	4
3508	4
3509	9
3510	9
3513	4
3514	4
3515	4
3516	4
3517	4
3518	4
3519	4
3520	4
3521	4
3522	4
3523	4
3524	2
3525	4
3526	4
3527	4
3528	4
3529	4
3530	4
3531	4
3533	4
3534	4
3535	4
3536	4
3537	4
3538	4
3539	4
3540	4
3541	4
3542	4
3543	4
3544	4
3545	2
3546	2
3547	2
3548	2
3549	2
3550	2
3551	2
3552	2
3553	2
3554	2
3555	2
3556	2
3557	2
3558	2
3559	2
3560	2
3561	2
3562	2
3563	2
3564	2
3565	2
3566	2
3567	2
3568	3
3569	3
3570	3
3571	3
3572	3
3573	3
3574	3
3575	4
3576	3
3577	3
3578	3
3579	3
3580	9
3581	3
3582	3
3583	3
3584	3
3585	3
3586	3
3587	5
3588	9
3589	5
3590	5
3591	5
3592	5
3593	5
3594	2
3595	2
3596	2
3597	2
3598	2
3599	2
3600	2
3601	2
3602	2
3603	1
3604	5
3605	3
3606	3
3607	5
3608	5
3609	3
3610	9
3611	3
3612	3
3614	5
3615	9
3616	3
3617	3
3618	5
3619	3
3620	9
3621	5
3622	3
3623	9
3624	3
3625	3
3626	3
3627	1
3628	3
3629	1
3630	1
3631	3
3632	1
3633	3
3634	3
3635	3
3636	3
3637	3
3638	3
3639	3
3640	3
3641	3
3642	3
3643	3
3644	3
3645	3
3646	3
3647	3
3648	9
3649	3
3650	3
3651	3
3652	3
3653	9
3654	3
3655	3
3656	3
3657	3
3658	3
3659	3
3660	3
3661	3
3662	3
3663	3
3664	3
3665	3
3666	9
3667	3
3668	4
3669	4
3670	4
3671	4
3672	4
3673	4
3674	4
3675	4
3676	4
3677	4
3678	4
3679	4
3680	4
3681	4
3682	9
3684	4
3685	4
3686	4
3687	4
3688	4
3689	4
3690	4
3691	4
3692	4
3693	4
3694	4
3695	2
3696	2
3697	2
3698	2
3699	2
3700	2
3701	4
3702	2
3703	2
3704	2
3705	2
3706	4
3707	4
3708	4
3709	4
3710	4
3711	9
3712	2
3713	2
3715	2
3717	2
3718	2
3719	2
3720	2
3721	2
3722	2
3723	2
3724	2
3725	2
3726	4
3727	4
3728	3
3729	4
3730	4
3731	3
3732	3
3733	3
3734	3
3735	1
3736	3
3737	3
3738	3
3739	3
3740	3
3741	3
3742	5
3743	5
3744	5
3745	5
3746	5
3747	5
3748	5
3749	5
3750	9
3751	5
3752	5
3753	5
3754	5
3755	5
3756	2
3757	2
3758	2
3759	2
3760	2
3761	2
3762	2
3763	2
3764	2
3768	4
3769	3
3770	9
3771	5
3772	5
3773	5
3774	5
3775	5
3776	5
3777	3
3778	1
3779	3
3780	3
3781	3
3782	3
3783	6
3784	6
3785	6
3786	6
3787	6
3788	3
3789	3
3790	9
3791	9
3792	9
3793	9
3794	9
3795	9
3796	9
3797	9
3798	9
3799	9
3800	9
3801	9
3802	9
3803	9
3804	9
3805	9
3806	9
3807	9
3808	9
3809	9
3810	9
3811	9
3812	9
3813	9
3814	9
3815	9
3816	9
3817	9
3818	9
3819	9
3820	9
3821	9
3822	9
3823	9
3824	9
3825	9
3826	9
3827	8
3828	8
3829	8
3830	8
3831	8
3832	8
3833	8
3834	8
3835	8
3836	8
3837	9
3838	8
3839	8
3840	8
3841	8
3842	8
3843	8
3844	8
3845	8
3846	8
3847	8
3848	8
3849	8
3850	9
3851	8
3852	8
3853	8
3854	8
3855	9
3856	8
3857	8
3858	9
3859	8
3860	9
3861	9
3862	9
3863	9
3864	9
3865	8
3866	9
3867	8
3868	8
3869	9
3870	9
3871	8
3872	8
3873	9
3874	8
3875	8
3876	9
3877	9
3878	8
3879	8
3880	8
3883	9
3884	8
3885	8
3886	8
3887	8
3888	8
3889	8
3890	8
3892	8
3893	8
3894	9
3897	9
3898	8
3899	8
3900	8
3901	8
3902	8
3903	8
3904	8
3905	9
3906	9
3907	9
3908	9
3909	9
3910	9
3911	8
3912	9
3913	9
3914	9
3915	8
3916	8
3917	8
3918	8
3919	8
3920	9
3921	8
3922	9
3923	9
3924	9
3925	9
3926	8
3927	8
3928	9
3929	8
3930	8
3931	9
3932	9
3933	9
3934	9
3935	9
3936	9
3937	9
3938	8
3939	8
3940	8
3941	8
3942	9
3943	8
3944	9
3945	9
3946	9
3947	9
3948	8
3949	8
3950	8
3951	8
3952	8
3953	8
3954	8
3955	8
3956	8
3957	9
3958	9
3959	8
3960	9
3961	9
3962	9
3963	9
3964	9
3965	8
3966	8
3967	9
3968	8
3969	9
3970	9
3971	8
3972	9
3973	9
3974	9
3975	8
3976	8
3977	9
3978	9
3979	8
3980	9
3981	9
3982	8
3983	8
3985	9
3986	8
3987	0
3988	9
3989	0
3990	1
3991	1
3992	0
3993	0
3994	0
3995	1
3996	0
3997	0
3998	1
3999	1
4000	0
4001	0
4002	0
4003	1
4004	1
4005	1
4006	1
4007	0
4008	9
4009	1
4010	1
4011	1
4012	0
4013	1
4014	1
4015	1
4016	1
4017	1
4018	1
4019	1
4020	1
4021	0
4022	1
4023	1
4024	1
4025	0
4026	0
4027	1
4028	9
4029	9
4030	1
4031	1
4032	1
4033	1
4034	1
4035	1
4036	0
4037	0
4038	1
4039	1
4040	1
4041	9
4042	0
4043	1
4044	0
4045	1
4046	1
4047	0
4048	1
4049	0
4050	0
4051	0
4052	0
4053	0
4054	0
4055	0
4056	0
4057	0
4058	0
4059	0
4060	0
4061	0
4062	0
4063	0
4064	0
4065	0
4066	0
4067	0
4068	0
4069	0
4070	0
4071	0
4072	0
4073	0
4074	0
4075	0
4076	0
4077	0
4078	0
4079	0
4080	0
4081	0
4082	0
4083	0
4084	0
4085	0
4086	0
4087	0
4088	0
4089	0
4090	0
4091	0
4092	9
4093	0
4094	0
4095	0
4096	0
4097	0
4098	0
4099	0
4100	0
4101	0
4102	0
4103	0
4104	0
4105	8
4106	0
4107	8
4108	8
4109	0
4110	0
4111	0
4112	0
4113	0
4114	0
4115	0
4116	0
4117	0
4118	0
4119	0
4120	0
4121	0
4122	0
4123	0
4124	0
4125	0
4126	0
4127	0
4128	0
4129	0
4130	0
4131	0
4132	0
4133	0
4134	0
4135	0
4136	0
4137	0
4138	0
4139	0
4140	0
4141	0
4142	9
4143	0
4144	0
4145	0
4146	0
4147	9
4148	0
4149	0
4150	0
4151	0
4152	0
4153	0
4154	0
4155	0
4156	0
4157	9
4158	0
4159	0
4160	0
4161	1
4162	1
4163	1
4164	8
4165	1
4166	9
4167	1
4168	1
4169	1
4170	1
4171	1
4172	1
4173	1
4174	1
4175	1
4176	1
4177	1
4178	1
4179	1
4180	1
4181	1
4182	1
4183	1
4184	1
4185	1
4186	1
4187	1
4188	1
4189	1
4190	1
4191	1
4192	1
4193	1
4194	1
4195	1
4196	1
4197	1
4198	1
4199	1
4200	1
4201	1
4202	1
4203	1
4204	8
4205	9
4206	1
4207	1
4208	1
4209	8
4210	8
4211	8
4212	8
4213	8
4214	8
4215	8
4216	8
4217	8
4218	8
4219	8
4220	9
4221	9
4222	9
4223	9
4224	9
4225	8
4226	8
4227	8
4228	8
4229	8
4230	8
4231	9
4232	8
4233	8
4234	8
4235	8
4236	8
4237	8
4238	8
4239	9
4240	8
4241	8
4242	8
4243	8
4244	8
4245	9
4246	8
4247	9
4248	8
4249	8
4250	9
4251	8
4252	9
4253	8
4254	8
4255	8
4256	8
4257	9
4258	8
4259	8
4260	8
4261	9
4262	8
4263	8
4264	8
4265	8
4266	1
4267	8
4268	1
4269	8
4270	8
4271	8
4272	8
4273	1
4274	8
4275	8
4276	1
4277	1
4278	8
4279	1
4280	1
4281	1
4282	1
4283	1
4284	1
4285	1
4286	8
4287	1
4288	9
4289	8
4290	1
4291	1
4292	1
4293	1
4294	1
4295	9
4296	1
4297	1
4298	1
4299	1
4300	9
4301	9
4302	9
4303	1
4304	1
4305	1
4306	1
4307	1
4308	1
4309	9
4310	8
4311	1
4312	8
4313	1
4314	1
4315	1
4316	1
4317	1
4318	1
4319	9
4320	1
4321	1
4322	1
4323	1
4324	1
4325	8
4326	8
4327	8
4328	1
4329	1
4330	1
4331	1
4332	1
4333	1
4334	1
4335	1
4336	1
4337	1
4338	1
4339	1
4340	1
4341	1
4342	1
4343	1
4344	1
4345	1
4346	1
4347	1
4348	1
4349	1
4350	1
4351	1
4352	8
4353	8
4354	1
4355	1
4356	1
4357	1
4358	8
4359	1
4360	9
4361	1
4362	1
4363	1
4364	8
4365	1
4366	1
4367	1
4368	1
4369	1
4370	1
4371	1
4372	1
4373	1
4374	1
4375	8
4376	1
4377	8
4378	1
4379	1
4380	1
4381	9
4382	1
4383	9
4384	1
4385	1
4386	1
4387	1
4388	1
4389	1
4390	1
4391	1
4392	8
4393	1
4394	8
4395	1
4396	1
4397	1
4398	1
4399	1
4400	1
4401	8
4402	1
4403	1
4404	1
4405	8
4406	8
4407	1
4408	8
4409	8
4410	8
4411	8
4412	8
4413	8
4414	8
4415	8
4416	8
4417	8
4418	8
4419	8
4420	9
4421	1
4422	1
4423	8
4424	1
4425	1
4426	1
4427	1
4428	1
4429	1
4430	1
4431	1
4432	1
4433	1
4434	1
4435	1
4436	1
4437	1
4438	8
4439	1
4440	1
4441	1
4442	1
4443	1
4444	1
4445	1
4446	1
4447	9
4448	1
4449	1
4450	1
4451	1
4452	9
4453	1
4454	1
4455	1
4456	8
4457	1
4458	1
4459	1
4460	8
4461	8
4462	1
4463	8
4464	1
4465	1
4466	1
4467	1
4468	8
4469	1
4470	1
4471	1
4472	1
4473	1
4474	9
4475	8
4476	1
4477	1
4478	1
4479	9
4480	1
4481	1
4482	1
4483	1
4484	1
4485	1
4486	1
4487	1
4488	8
4489	8
4490	8
4496	0
4497	8
4498	0
4499	0
4500	8
4501	0
4502	8
4503	8
4504	9
4510	9
4511	9
4512	9
4513	8
4514	0
4515	0
4516	8
4517	8
4518	0
4519	8
4520	0
4521	8
4522	8
4523	8
4524	9
4525	8
4526	8
4527	7
4528	7
4529	9
4530	7
4531	7
4532	1
4533	1
4534	1
4535	1
4536	7
4537	7
4538	9
4539	7
4540	7
4541	7
4542	9
4543	1
4544	7
4545	1
4546	7
4547	7
4548	7
4549	7
4550	7
4551	1
4552	1
4553	7
4554	1
4555	0
4556	0
4557	0
4558	6
4559	6
4560	6
4561	6
4562	6
4563	6
4564	6
4565	6
4566	6
4567	6
4568	6
4569	6
4570	3
4571	6
4572	3
4573	3
4574	0
4575	0
4576	0
4577	0
4578	9
4579	9
4580	1
4581	0
4582	0
4583	6
4584	6
4585	9
4586	8
4587	8
4588	3
4589	3
4590	3
4591	0
4592	6
4596	6
4597	9
4599	9
4600	9
4601	9
4602	8
4603	9
4607	8
4608	1
4609	1
4610	3
4611	1
4612	8
4613	6
4614	9
4615	6
4616	6
4617	9
4618	9
4619	9
4620	9
4621	0
4622	0
4623	0
4624	0
4625	0
4626	0
4627	3
4628	0
4629	0
4630	3
4631	3
4632	3
4633	9
4634	6
4635	6
4636	6
4637	6
4638	9
4639	9
4640	9
4641	8
4642	3
4643	3
4644	0
4645	3
4646	3
4647	6
4648	0
4649	6
4650	6
4651	6
4652	3
4653	9
4654	9
4655	8
4656	9
4657	3
4658	3
4659	3
4660	9
4661	1
4662	9
4663	1
4664	6
4665	6
4666	6
4667	9
4668	6
4669	6
4670	6
4671	0
4672	0
4673	3
4674	9
4675	0
4676	0
4677	0
4678	0
4679	9
4680	1
4681	3
4682	0
4683	0
4684	3
4685	3
4686	6
4687	6
4688	6
4689	6
4690	6
4691	6
4692	3
4693	9
4694	9
4695	3
4696	3
4697	0
4698	3
4699	3
4700	0
4701	3
4702	3
4703	3
4704	3
4705	9
4706	6
4707	6
4708	3
4709	3
4710	3
4711	3
4712	3
4713	0
4714	3
4715	3
4716	3
4717	8
4718	8
4719	3
4720	3
4721	3
4722	3
4723	6
4724	6
4725	0
4726	6
4727	6
4728	6
4729	6
4730	3
4731	3
4732	3
4733	3
4734	6
4735	6
4736	6
4737	3
4738	3
4739	8
4740	3
4741	3
4742	3
4743	8
4744	3
4745	6
4746	6
4747	6
4748	6
4749	6
4750	9
4751	6
4752	9
4753	6
4754	6
4755	6
4756	6
4757	3
4758	9
4759	9
4760	6
4761	6
4762	6
4763	6
4764	6
4765	0
4766	6
4767	3
4768	3
4769	3
4770	3
4771	6
4772	9
4773	6
4774	9
4775	6
4776	6
4777	6
4778	9
4779	6
4780	6
4781	9
4782	6
4783	9
4784	9
4785	3
4786	6
4787	3
4788	6
4789	6
4790	6
4791	6
4792	6
4793	6
4794	6
4795	6
4796	3
4797	9
4798	3
4799	3
4800	3
4801	9
4802	3
4803	3
4804	3
4805	3
4806	3
4807	3
4808	3
4809	9
4810	3
4811	3
4812	3
4813	9
4815	9
4816	9
4817	9
4818	9
4819	9
4820	9
4821	8
4822	9
4823	9
4826	6
4827	6
4828	6
4829	6
4830	6
4831	6
4832	6
4833	6
4834	6
4835	6
4836	6
4837	6
4838	6
4839	9
4840	6
4841	3
4842	6
4843	6
4844	3
4845	3
4846	3
4847	3
4848	9
4849	3
4850	3
4851	6
4852	6
4853	6
4854	6
4855	6
4856	6
4857	6
4858	6
4859	6
4860	3
4861	3
4862	3
4863	3
4864	3
4865	3
4866	3
4867	3
4868	9
4869	0
4870	3
4871	9
4872	1
4873	0
4874	0
4875	0
4876	9
4877	0
4878	6
4879	0
4880	0
4881	9
4882	6
4883	6
4884	6
4885	6
4886	6
4887	6
4888	6
4889	6
4890	6
4891	6
4892	3
4893	3
4894	3
4895	3
4896	3
4897	0
4898	3
4899	0
4900	0
4901	0
4902	0
4903	0
4904	0
4905	0
4906	0
4907	0
4908	0
4909	0
4910	0
4911	0
4912	0
4913	0
4914	0
4915	0
4916	0
4917	0
4918	0
4919	0
4920	0
4921	0
4922	6
4923	6
4924	0
4925	0
4926	0
4927	0
4928	0
4929	0
4930	0
4931	8
4932	0
4933	3
4934	0
4935	0
4936	9
4937	8
4938	8
4939	9
4940	0
4941	9
4942	0
4943	3
4944	9
4945	3
4946	3
4947	3
4948	9
4949	9
4950	9
4951	9
4953	9
4954	9
4955	9
4956	9
4958	9
4959	9
4961	9
4966	9
4968	8
4969	8
4970	9
4971	8
4972	9
4973	9
4974	9
4975	9
4976	8
4977	9
4978	9
4979	9
4980	8
4981	8
4982	8
4983	8
4984	8
4985	8
4986	8
4987	8
4988	9
4989	9
4990	9
4991	8
4992	8
4993	8
4994	9
4995	9
4996	8
4997	8
4998	8
4999	8
5000	8
5001	8
5002	8
5003	9
5004	9
5005	9
5006	9
5007	9
5008	9
5009	8
5010	8
5011	9
5012	9
5013	9
5014	9
5015	9
5016	8
5017	9
5018	8
5019	8
5020	8
5021	9
5022	8
5023	8
5024	9
5025	9
5026	9
5027	8
5028	9
5029	8
5030	9
5031	9
5032	9
5033	9
5034	9
5035	9
5036	9
5037	9
5038	9
5039	8
5040	9
5041	8
5042	8
5043	9
5044	9
5045	9
5046	9
5047	9
5048	9
5049	9
5050	9
5051	9
5052	9
5053	9
5054	9
5055	9
5058	8
5059	1
5063	9
5066	1
5067	1
5068	1
5069	1
5070	1
5071	1
5072	1
5073	3
5074	8
5075	8
5076	1
5077	8
5078	8
5079	8
5080	8
5081	1
5082	8
5083	8
5084	8
5085	8
5086	8
5087	8
5088	8
5089	9
5090	8
5091	9
5092	0
5093	0
5094	0
5095	0
5096	0
5097	0
5098	0
5099	0
5100	0
5101	0
5102	0
5103	0
5104	0
5105	0
5106	0
5107	0
5108	0
5109	0
5110	0
5111	9
5112	0
5113	0
5114	9
5115	0
5116	0
5117	0
5118	0
5119	9
5120	9
5121	9
5122	8
5123	9
5124	9
5125	9
5126	2
5127	2
5128	2
5129	3
5130	2
5131	9
5132	8
5133	2
5134	8
5135	8
5136	1
5137	8
5138	8
5139	8
5140	9
5141	9
5142	9
5143	9
5144	2
5145	9
5146	2
5147	1
5148	1
5149	9
5150	9
5151	2
5152	9
5153	9
5154	1
5155	9
5156	9
5157	9
5158	9
5159	1
5160	9
5161	1
5162	2
5163	9
5164	2
5165	2
5166	2
5167	8
5168	8
5169	8
5170	9
5171	9
5172	8
5173	8
5174	3
5175	2
5176	1
5177	9
5178	9
5179	3
5180	3
5181	8
5182	8
5183	9
5184	8
5185	9
5186	9
5187	8
5188	1
5189	1
5190	1
5191	8
5192	2
5193	9
5194	8
5195	9
5196	9
5197	9
5198	9
5199	9
5200	9
5201	1
5202	9
5203	8
5204	9
5205	8
5206	8
5207	1
5208	9
5209	2
5210	2
5211	9
5212	2
5213	9
5214	1
5215	9
5216	8
5217	1
5218	2
5219	8
5220	8
5221	8
5222	8
5223	8
5224	8
5225	1
5226	9
5227	8
5228	1
5229	1
5230	2
5231	9
5232	9
5233	9
5234	9
5235	9
5236	9
5237	2
5238	9
5239	9
5240	3
5241	9
5242	9
5243	9
5244	9
5245	9
5246	8
5247	9
5248	9
5249	9
5250	2
5251	2
5252	3
5253	1
5254	1
5255	2
5256	8
5257	9
5258	2
5259	8
5260	8
5261	8
5262	8
5263	8
5264	8
5265	8
5266	8
5267	1
5268	2
5269	9
5270	9
5271	2
5272	9
5273	9
5274	9
5275	8
5276	1
5277	1
5278	3
5279	2
5280	9
5281	8
5282	9
5283	9
5284	9
5285	2
5286	9
5287	9
5288	8
5289	2
5290	2
5291	2
5292	1
5293	2
5294	8
5295	9
5296	9
5297	2
5298	2
5299	1
5300	1
5301	3
5302	1
5303	8
5304	8
5305	8
5306	8
5307	8
5308	8
5309	8
5310	8
5311	2
5312	2
5313	2
5314	2
5315	1
5316	2
5317	2
5318	8
5319	1
5320	8
5321	1
5322	9
5324	9
5325	8
5326	8
5327	2
5328	2
5329	2
5330	3
5331	2
5332	9
5333	1
5334	1
5335	2
5336	9
5337	2
5338	2
5339	2
5340	2
5341	2
5342	3
5343	2
5344	2
5345	9
5346	2
5347	2
5348	1
5349	9
5350	1
5351	8
5352	3
5353	9
5354	8
5355	9
5356	9
5357	1
5358	9
5359	8
5360	8
5361	8
5362	2
5363	9
5364	2
5365	8
5366	9
5367	2
5368	2
5369	2
5370	2
5371	2
5372	2
5373	9
5374	2
5375	2
5376	8
5377	1
5378	9
5379	8
5380	2
5381	8
5382	3
5383	1
5384	3
5385	1
5386	2
5387	2
5388	2
5389	2
5390	2
5391	2
5392	2
5393	2
5394	2
5395	2
5396	2
5397	2
5398	9
5399	2
5400	1
5401	1
5402	1
5403	2
5404	2
5405	2
5406	2
5407	2
5408	2
5409	2
5410	2
5411	2
5412	8
5413	9
5414	2
5415	2
5416	9
5417	2
5418	1
5419	2
5420	2
5421	8
5422	8
5423	8
5424	9
5425	9
5426	9
5427	2
5428	8
5429	2
5430	2
5431	2
5432	9
5433	2
5434	9
5435	8
5436	2
5437	2
5438	2
5439	2
5440	2
5441	2
5442	9
5443	1
5444	1
5445	9
5446	2
5447	2
5448	9
5449	2
5450	2
5451	2
5452	2
5453	2
5454	2
5455	2
5456	1
5457	2
5458	9
5459	1
5460	2
5461	8
5462	3
5463	2
5464	9
5465	3
5466	8
5467	9
5468	3
5469	3
5470	9
5471	2
5472	9
5473	1
5474	9
5475	9
5476	2
5477	8
5478	2
5479	8
5480	9
5481	3
5482	8
5483	1
5484	3
5485	8
5486	2
5487	2
5488	2
5489	2
5490	2
5491	2
5492	2
5493	1
5494	9
5495	2
5496	9
5497	2
5498	9
5499	1
5500	8
5501	9
5502	2
5503	2
5504	2
5505	2
5506	2
5507	2
5508	2
5509	3
5510	2
5511	2
5512	1
5513	1
5514	8
5515	3
5516	2
5517	9
5518	1
5519	1
5520	9
5521	9
5522	8
5523	2
5524	8
5525	2
5526	2
5527	3
5528	9
5529	1
5530	9
5531	9
5532	8
5533	8
5534	3
5535	8
5536	1
5537	3
5538	2
5539	3
5540	2
5541	2
5542	2
5543	2
5544	2
5545	9
5546	2
5547	9
5548	2
5549	1
5550	3
5551	9
5552	2
5553	2
5554	2
5555	2
5556	1
5557	8
5558	8
5559	8
5560	3
5561	8
5562	3
5563	8
5564	8
5565	8
5566	8
5567	8
5568	8
5569	8
5570	3
5571	1
5572	2
5573	8
5574	9
5575	9
5576	8
5577	2
5578	2
5579	2
5580	2
5581	2
5582	2
5583	2
5584	2
5585	2
5586	1
5587	2
5588	8
5589	8
5590	9
5591	9
5592	8
5593	8
5594	8
5595	8
5596	2
5597	2
5598	2
5599	2
5600	2
5601	3
5602	8
5603	1
5604	1
5605	1
5606	1
5607	1
5608	9
5609	8
5610	8
5611	1
5612	1
5613	9
5614	1
5615	8
5616	8
5617	8
5618	3
5619	2
5620	9
5621	9
5622	9
5623	9
5624	2
5625	9
5626	8
5627	9
5628	2
5629	9
5630	8
5631	9
5632	8
5633	2
5634	8
5635	8
5636	8
5637	2
5638	2
5639	2
5640	2
5641	3
5642	9
5643	8
5644	9
5645	8
5646	8
5647	8
5648	9
5649	8
5650	8
5651	9
5652	2
5653	2
5654	2
5655	2
5656	2
5657	2
5658	8
5659	2
5660	2
5661	2
5662	1
5663	2
5664	8
5665	9
5666	2
5667	9
5668	1
5669	2
5670	1
5671	1
5672	2
5673	2
5674	9
5675	8
5676	9
5677	9
5678	2
5679	2
5680	2
5681	8
5682	2
5683	8
5684	8
5685	3
5686	1
5687	9
5688	2
5689	9
5690	8
5691	8
5692	9
5693	8
5694	9
5695	9
5696	8
5697	9
5698	8
5699	2
5700	2
5701	2
5702	2
5703	2
5704	2
5705	9
5706	2
5707	9
5708	8
5709	9
5710	2
5711	9
5712	2
5713	1
5714	1
5715	2
5716	9
5717	3
5718	2
5719	8
5720	9
5721	9
5722	9
5723	3
5725	9
5726	3
5727	2
5728	1
5729	2
5730	2
5731	1
5732	2
5733	8
5734	2
5735	2
5736	2
5737	8
5738	9
5739	9
5740	8
5741	8
5742	9
5743	8
5744	8
5745	8
5746	9
5747	8
5748	8
5749	2
5750	2
5751	2
5752	2
5753	9
5754	2
5755	2
5756	1
5757	9
5758	9
5759	9
5766	9
5767	1
5768	2
5769	9
5770	9
5771	3
5772	9
5773	8
5774	2
5775	1
5776	1
5777	1
5778	2
5779	2
5780	1
5781	2
5782	3
5783	9
5784	1
5785	9
5786	1
5787	1
5788	9
5789	9
5790	9
5791	9
5792	9
5793	9
5794	8
5795	8
5796	8
5797	9
5798	8
5799	8
5800	8
5801	9
5802	2
5803	9
5804	2
5805	3
5806	3
5807	9
5810	9
5811	9
5812	2
5813	9
5814	9
5815	9
5816	9
5817	9
5818	9
5819	2
5820	9
5821	9
5822	1
5823	8
5824	2
5825	3
5826	9
5827	2
5828	3
5829	9
5830	2
5831	9
5832	9
5833	9
5834	9
5835	9
5836	8
5837	1
5838	8
5839	9
5840	8
5841	9
5842	9
5843	9
5844	8
5845	9
5846	8
5847	8
5848	8
5849	8
5850	8
5851	9
5852	8
5853	9
5854	9
5855	1
5856	8
5857	8
5858	8
5859	2
5860	8
5861	9
5862	8
5863	9
5864	9
5865	2
5866	9
5867	9
5868	9
5869	2
5870	3
5871	3
5872	8
5873	9
5874	2
5875	8
5876	9
5877	9
5878	9
5879	9
5880	9
5881	9
5882	9
5883	9
5884	9
5885	8
5886	9
5887	8
5888	8
5889	8
5890	9
5891	1
5892	1
5893	1
5894	1
5895	1
5896	1
5897	1
5898	1
5899	1
5900	1
5901	1
5902	8
5903	1
5904	9
5905	9
5906	8
5907	8
5908	8
5909	8
5910	8
5911	9
5912	9
5913	9
5914	9
5915	9
5916	8
5917	9
5918	7
5919	1
5920	7
5921	7
5922	7
5923	8
5924	8
5925	9
5926	9
5927	9
5928	9
5929	9
5930	9
5931	9
5932	9
5933	9
5934	9
5935	9
5936	9
5937	9
5938	9
5939	9
5940	8
5941	8
5942	9
5943	8
5944	9
5945	9
5946	8
5947	9
5948	8
5949	9
5950	9
5951	9
5952	9
5953	8
5954	8
5955	8
5956	8
5957	8
5958	9
5959	9
5960	9
5961	9
5962	9
5963	9
5964	9
5965	9
5966	8
5967	8
5968	9
5969	9
5970	8
5971	9
5972	9
5973	9
5974	9
5975	1
5976	1
5977	9
5978	8
5979	9
5980	9
5981	9
5982	9
5983	1
5984	1
5985	8
5986	1
5987	9
5988	8
5989	8
5990	8
5991	9
5992	9
5993	8
5994	9
5995	9
5996	9
5997	8
5998	8
5999	1
6000	8
6001	9
6002	9
6003	9
6004	1
6005	9
6006	9
6007	9
6008	9
6009	9
6010	8
6011	8
6012	8
6013	9
6014	1
6015	1
6016	1
6017	1
6018	9
6019	9
6020	9
6021	9
6022	9
6023	9
6024	8
6025	9
6026	9
6027	8
6028	9
6029	9
6030	8
6031	9
6032	8
6033	9
6034	9
6035	8
6036	9
6037	9
6038	9
6039	9
6040	9
6041	9
6042	9
6043	7
6044	9
6045	9
6046	7
6047	7
6048	7
6049	8
6050	8
6051	9
6052	1
6053	9
6054	1
6055	1
6056	1
6057	9
6058	1
6059	1
6060	8
6061	8
6062	8
6063	8
6064	8
6065	8
6066	9
6067	9
6068	9
6069	9
6070	9
6071	9
6072	8
6073	8
6074	8
6075	9
6076	8
6077	8
6078	9
6079	1
6080	9
6081	9
6082	9
6083	9
6084	1
6085	1
6086	1
6087	9
6088	8
6089	8
6090	9
6091	9
6092	9
6093	9
6094	9
6095	9
6096	9
6097	1
6098	8
6099	8
6100	9
6101	9
6102	1
6103	9
6104	8
6105	9
6106	8
6107	9
6108	9
6109	8
6110	8
6111	9
6112	8
6113	9
6114	9
6115	1
6116	1
6117	1
6118	8
6119	8
6120	8
6121	8
6122	8
6123	8
6124	8
6125	8
6126	9
6127	9
6128	8
6129	8
6130	8
6131	1
6132	8
6133	1
6134	8
6135	8
6136	9
6137	9
6138	9
6139	9
6140	9
6141	9
6142	1
6143	1
6144	8
6145	8
6146	8
6147	8
6148	8
6149	8
6150	8
6151	8
6152	9
6153	9
6154	9
6155	9
6156	9
6157	1
6158	1
6159	1
6160	1
6161	1
6162	1
6163	1
6164	1
6165	9
6166	9
6167	9
6168	1
6169	8
6170	8
6171	8
6172	8
6173	8
6174	9
6175	8
6176	9
6177	9
6178	9
6179	9
6180	9
6181	9
6182	9
6183	9
6184	7
6185	1
6186	7
6187	7
6188	7
6189	1
6190	7
6191	7
6192	1
6193	7
6194	7
6195	1
6196	1
6197	7
6198	1
6199	1
6200	1
6201	1
6202	1
6203	7
6204	7
6205	7
6206	7
6207	7
6208	7
6209	1
6210	7
6211	7
6212	7
6213	7
6214	7
6215	7
6216	7
6217	7
6218	7
6219	1
6220	7
6221	1
6222	7
6223	9
6224	7
6225	7
6226	7
6227	7
6228	7
6229	7
6230	7
6231	7
6232	7
6233	7
6234	7
6235	7
6236	7
6237	1
6238	7
6239	9
6240	8
6241	8
6242	8
6243	8
6244	8
6245	8
6246	8
6247	8
6248	8
6249	8
6250	0
6251	8
6252	8
6253	8
6254	8
6255	8
6256	8
6257	8
6258	9
6259	8
6260	8
6261	0
6262	8
6263	0
6264	0
6265	0
6266	9
6267	9
6268	8
6269	8
6270	0
6271	9
6272	0
6273	0
6274	8
6275	8
6276	9
6277	9
6278	9
6279	9
6280	8
6281	9
6282	8
6283	8
6284	9
6285	8
6286	9
6287	9
6288	8
6289	8
6290	8
6291	0
6292	9
6293	9
6294	9
6295	8
6296	8
6297	8
6298	0
6299	9
6300	8
6301	8
6302	9
6303	9
6304	8
6305	8
6306	9
6307	8
6308	9
6309	8
6310	9
6311	8
6312	8
6313	9
6314	9
6315	9
6316	8
6317	8
6318	9
6319	8
6320	1
6321	8
6322	9
6323	8
6324	9
6325	8
6326	8
6327	8
6328	8
6329	8
6330	8
6331	8
6332	0
6333	0
6334	8
6335	9
6336	8
6337	9
6338	8
6339	8
6340	8
6341	9
6342	8
6343	9
6344	9
6345	9
6346	9
6347	9
6348	9
6349	9
6350	8
6351	8
6352	8
6353	9
6354	9
6355	8
6356	9
6357	9
6358	9
6359	0
6360	1
6361	1
6362	1
6363	8
6364	9
6365	8
6366	8
6367	8
6368	0
6369	9
6370	8
6371	1
6372	8
6373	1
6374	8
6375	9
6376	8
6377	9
6378	9
6379	9
6380	8
6381	8
6382	9
6383	9
6384	8
6385	0
6386	9
6387	9
6388	9
6389	8
6390	8
6391	9
6392	0
6393	8
6394	8
6395	8
6396	0
6397	8
6398	9
6399	8
6400	0
6401	9
6402	8
6403	0
6404	8
6405	8
6406	8
6407	8
6408	0
6409	8
6410	9
6411	0
6412	8
6413	8
6414	8
6415	9
6416	9
6417	8
6418	8
6419	8
6420	9
6421	1
6422	0
6423	9
6424	9
6425	9
6426	9
6427	8
6428	9
6429	9
6430	8
6431	8
6432	9
6433	8
6435	8
6436	9
6437	9
6438	8
6439	8
6440	8
6441	8
6442	8
6443	9
6444	8
6445	0
6446	0
6447	9
6448	1
6449	1
6450	9
6451	9
6452	9
6453	1
6454	0
6455	8
6456	8
6457	6
6458	8
6459	0
6460	8
6461	9
6462	9
6463	8
6464	8
6465	0
6466	1
6467	0
6468	0
6469	0
6470	1
6471	1
6472	8
6474	8
6475	8
6476	8
6477	8
6478	0
6479	9
6480	8
6481	0
6482	0
6483	0
6484	1
6485	1
6486	8
6487	9
6488	8
6489	9
6490	9
6491	9
6492	0
6493	8
6494	8
6495	8
6496	8
6497	8
6498	9
6499	8
6500	8
6501	8
6502	9
6503	1
6504	0
6505	9
6506	9
6507	0
6508	8
6509	8
6510	8
6511	8
6512	0
6513	8
6514	9
6515	8
6516	9
6517	8
6518	9
6519	8
6520	9
6521	0
6522	9
6523	9
6524	8
6525	9
6526	9
6527	8
6528	0
6529	9
6530	8
6531	9
6532	8
6533	8
6534	8
6535	9
6536	9
6537	8
6538	8
6539	1
6540	9
6541	8
6542	8
6543	1
6544	0
6545	0
6546	1
6547	9
6548	8
6549	9
6550	1
6551	8
6552	8
6553	0
6554	9
6555	0
6556	0
6557	0
6558	9
6559	9
6560	9
6561	9
6562	0
6563	8
6564	8
6565	9
6566	9
6567	9
6568	9
6569	9
6570	9
6571	9
6572	9
6573	9
6574	9
6575	1
6576	9
6577	9
6578	9
6579	9
6580	9
6581	9
6582	9
6583	9
6584	9
6585	9
6586	9
6587	1
6588	9
6589	1
6590	1
6591	9
6592	9
6593	1
6594	1
6595	1
6596	9
6597	9
6598	9
6599	9
6600	9
6601	9
6602	1
6603	1
6604	9
6605	1
6606	1
6607	9
6608	1
6609	1
6610	1
6611	1
6612	1
6613	9
6614	1
6615	0
6616	0
6617	1
6618	0
6619	0
6620	0
6621	0
6622	0
6623	0
6624	8
6625	8
6626	8
6627	1
6628	1
6629	1
6630	8
6631	8
6632	8
6633	8
6634	1
6635	1
6636	8
6637	1
6638	1
6639	9
6640	1
6641	9
6642	9
6643	9
6644	9
6645	9
6646	8
6647	9
6648	8
6650	8
6651	8
6652	8
6653	8
6654	8
6655	8
6656	9
6657	8
6658	9
6659	9
6660	9
6661	9
6662	8
6663	9
6664	9
6665	8
6666	8
6667	8
6668	8
6669	8
6671	1
6672	8
6679	8
6683	9
6684	8
6685	8
6686	1
6687	8
6688	1
6689	1
6690	8
6691	8
6692	9
6693	9
6694	9
6695	9
6696	9
6697	9
6698	9
6699	9
6700	8
6701	9
6702	9
6703	8
6704	9
6705	9
6706	9
6707	8
6708	9
6709	9
6710	8
6711	9
6712	9
6713	8
6714	8
6715	8
6716	8
6717	8
6718	1
6719	9
6720	8
6721	9
6722	9
6723	9
6724	8
6725	9
6726	8
6727	8
6728	8
6729	8
6730	8
6731	8
6732	8
6733	8
6734	8
6735	8
6736	8
6737	8
6738	8
6739	9
6740	9
6741	1
6742	8
6743	8
6744	9
6745	9
6746	8
6747	8
6748	9
6749	8
6750	8
6751	9
6752	9
6753	8
6754	8
6755	8
6756	9
6757	8
6758	9
6759	9
6760	1
6761	8
6762	8
6763	8
6764	9
6765	9
6766	9
6767	1
6768	1
6769	1
6770	1
6771	9
6772	1
6773	1
6774	1
6775	9
6776	9
6777	9
6778	9
6779	9
6780	9
6781	9
6782	9
6783	9
6784	9
6785	9
6786	9
6787	9
6788	9
6789	9
6790	9
6791	9
6792	9
6793	9
6794	9
6795	9
6796	9
6797	9
6798	9
6799	9
6800	9
6801	9
6802	9
6803	9
6804	9
6805	9
6806	9
6807	9
6808	9
6809	9
6810	9
6811	9
6812	1
6813	1
6814	1
6815	1
6816	1
6817	8
6818	9
6819	9
6820	0
6821	0
6822	0
6823	0
6824	0
6825	0
6826	0
6827	0
6828	0
6829	0
6830	0
6831	0
6832	0
6833	0
6834	0
6835	0
6836	0
6837	0
6838	0
6839	0
6840	0
6841	0
6842	0
6843	0
6844	0
6845	0
6846	0
6847	0
6848	0
6849	0
6850	0
6851	0
6852	0
6853	0
6854	0
6855	0
6856	0
6857	0
6858	0
6859	0
6860	0
6861	0
6862	0
6863	0
6864	0
6865	0
6866	0
6867	0
6868	0
6869	0
6870	0
6871	9
6872	0
6873	0
6874	0
6875	0
6876	0
6877	0
6878	0
6879	9
6880	0
6881	1
6882	0
6883	0
6884	1
6885	1
6886	1
6887	0
6888	8
6889	8
6890	8
6891	0
6892	8
6893	8
6894	8
6895	1
6896	1
6897	1
6898	8
6899	1
6900	1
6901	1
6902	0
6903	0
6904	0
6905	1
6906	0
6907	0
6908	0
6909	0
6910	0
6911	0
6912	0
6913	1
6914	0
6915	0
6916	0
6917	0
6918	0
6919	0
6920	8
6921	0
6922	0
6923	0
6924	0
6925	0
6926	0
6927	0
6928	0
6929	0
6930	0
6931	0
6932	0
6933	0
6934	0
6935	8
6936	0
6937	0
6938	0
6939	0
6940	0
6941	0
6942	0
6943	0
6944	0
6945	0
6946	0
6947	8
6948	0
6949	8
6950	0
6951	0
6952	0
6953	0
6954	0
6955	0
6956	1
6957	1
6958	1
6959	0
6960	0
6961	0
6962	0
6963	0
6964	0
6965	0
6966	0
