District 0: num of precincts (139) pop (140593)
District 1: num of precincts (90) pop (68026)
District 2: num of precincts (490) pop (344429)
District 3: num of precincts (530) pop (492085)
District 4: num of precincts (242) pop (184738)
District 5: num of precincts (98) pop (78896)
District 6: num of precincts (75) pop (173494)
District 7: num of precincts (36) pop (25255)
District 8: num of precincts (1350) pop (1534049)
District 9: num of precincts (3780) pop (3629014)
population error: 114%

1	9
2	9
3	9
4	8
5	9
6	9
7	9
8	9
9	9
10	9
11	8
12	9
13	9
14	9
15	9
16	9
17	9
18	1
19	9
20	8
21	9
22	8
23	8
24	8
25	8
26	9
27	8
28	9
29	9
30	9
31	9
32	9
33	9
34	9
35	9
36	9
37	9
38	9
39	9
40	9
41	9
42	9
43	9
44	9
45	9
46	9
47	9
48	9
49	9
50	9
51	9
52	9
53	9
54	9
55	9
56	9
57	9
58	9
59	9
60	9
61	9
62	9
63	0
64	0
65	0
66	9
67	9
68	0
69	0
70	9
71	0
72	0
73	0
74	9
75	0
76	0
77	9
78	9
79	9
80	0
81	9
82	9
83	9
84	9
85	0
86	9
87	9
88	9
89	9
90	0
91	0
92	0
93	9
94	9
95	9
96	9
97	9
98	9
99	9
100	9
101	8
102	9
103	8
104	9
105	9
106	0
107	9
108	9
109	9
110	0
111	9
112	9
113	0
114	8
115	0
116	9
117	9
118	8
119	8
120	9
121	9
122	9
123	9
124	9
125	0
126	9
127	9
128	9
129	9
130	8
131	9
132	0
133	0
134	8
135	0
136	0
137	0
138	0
139	0
140	9
141	0
142	8
143	9
144	9
145	8
146	0
147	8
148	9
149	0
150	0
151	0
152	9
153	9
154	9
155	9
156	9
157	9
158	0
159	9
160	9
161	9
162	8
163	0
164	9
165	9
166	9
167	9
168	0
169	0
170	8
171	0
172	0
173	0
174	0
175	0
176	0
177	0
178	9
179	9
180	9
181	9
182	9
183	9
184	0
185	0
186	9
187	9
188	9
189	9
190	9
191	9
192	9
193	9
194	0
195	0
196	0
197	0
198	0
199	9
200	9
201	9
202	0
203	9
204	9
205	0
206	9
207	9
208	9
209	9
210	9
211	9
212	9
213	8
214	9
215	9
216	9
217	9
218	9
219	9
220	9
221	0
222	0
223	0
224	9
225	9
226	0
227	9
228	9
229	0
230	0
231	0
232	0
233	0
234	0
235	9
236	0
237	0
238	0
239	0
240	0
241	9
242	0
243	0
244	9
245	9
246	0
247	0
248	0
249	0
250	0
251	0
252	0
253	9
254	9
255	0
256	0
257	1
258	1
259	1
260	1
261	1
262	1
263	1
264	1
265	9
266	1
267	1
268	9
269	9
270	1
271	1
272	1
273	1
274	1
275	9
276	9
277	3
278	1
279	9
280	1
281	1
282	1
283	1
284	1
285	1
286	1
287	1
288	1
289	1
290	3
291	1
292	1
293	9
294	1
295	1
296	9
297	9
298	9
299	9
300	9
301	1
302	9
303	1
304	1
305	1
306	9
307	9
308	9
309	9
310	9
311	3
312	9
313	1
314	1
315	1
316	9
317	1
318	9
319	1
320	1
321	9
322	9
323	9
324	9
325	9
326	1
327	1
328	9
329	1
330	1
331	1
332	1
333	1
334	9
335	9
336	9
337	1
338	8
339	1
340	8
341	1
342	1
343	9
344	9
345	9
346	9
347	9
348	9
349	9
350	9
351	9
352	9
353	9
354	9
355	9
357	9
358	9
359	9
360	9
361	9
362	9
363	9
365	9
366	9
367	9
368	9
369	9
370	9
372	9
373	9
374	9
375	9
376	9
377	9
378	9
379	9
380	9
381	9
382	9
383	9
384	9
385	9
386	9
387	9
388	9
389	9
390	9
391	9
392	9
393	9
394	9
395	9
396	9
397	9
398	9
399	9
400	9
401	9
402	9
403	9
404	9
405	9
406	9
407	9
408	9
409	9
410	9
411	9
412	9
413	9
414	9
415	9
416	9
417	9
418	9
419	9
420	9
421	9
422	9
423	9
424	9
425	9
426	9
427	9
428	9
429	9
430	9
431	9
432	9
434	9
435	9
436	9
438	9
439	8
440	8
441	8
442	8
443	9
444	8
445	8
446	8
447	8
448	9
449	9
450	9
451	9
452	8
453	9
454	9
455	8
456	8
457	9
458	8
459	8
460	8
461	8
462	9
463	9
464	9
465	9
466	9
467	9
468	9
469	8
470	9
471	9
472	9
473	9
474	8
475	9
476	8
477	8
478	9
479	9
480	9
481	8
482	8
483	9
484	8
485	8
486	8
487	9
488	9
489	9
490	8
491	8
492	8
493	9
494	8
495	8
496	9
497	9
498	9
499	9
500	8
501	9
502	8
503	9
504	8
505	8
506	9
507	8
508	9
509	9
510	9
511	8
512	9
513	8
514	8
515	8
516	9
517	8
518	8
519	8
520	8
521	8
522	9
523	8
524	9
525	8
526	8
527	9
528	8
529	9
530	8
531	8
532	8
533	8
534	9
535	9
536	9
538	9
539	9
540	9
541	8
542	9
543	9
544	8
545	8
546	8
547	9
548	9
549	9
550	8
551	9
552	9
553	8
554	9
555	8
556	9
557	8
558	9
559	9
560	9
561	9
562	9
563	9
564	9
565	8
566	8
567	8
568	8
569	8
570	9
571	8
572	8
573	9
574	9
575	9
576	9
577	9
578	8
579	9
580	9
581	9
582	9
583	9
584	8
585	8
586	8
587	8
588	8
589	8
590	8
591	9
592	8
593	9
594	9
595	9
596	9
597	9
598	9
599	8
600	9
601	8
602	9
603	9
604	9
605	9
606	8
607	9
608	9
609	9
610	9
611	8
612	8
613	8
614	8
615	8
616	8
617	9
618	9
619	9
620	9
621	8
622	8
623	8
624	8
625	9
626	9
627	8
628	8
629	8
630	9
631	9
632	9
633	8
634	8
635	9
636	8
637	9
638	9
639	9
640	8
641	8
642	8
643	8
644	9
645	9
646	8
647	8
648	9
649	9
650	8
651	8
652	8
653	8
654	8
655	8
656	9
657	8
658	9
659	8
660	9
661	9
662	9
663	9
664	9
665	9
666	9
667	9
668	9
669	8
670	9
671	9
672	9
673	8
674	8
675	9
676	9
677	9
678	9
679	8
680	9
681	9
682	9
683	9
684	9
685	9
686	9
687	9
688	9
689	9
690	9
691	9
692	9
693	8
694	9
695	9
696	9
697	9
698	9
699	9
700	9
701	9
702	8
703	9
704	8
705	9
706	9
707	9
708	9
709	8
710	9
711	9
712	8
713	8
714	8
715	8
716	8
717	9
718	8
719	8
720	8
721	9
722	8
723	9
724	9
725	8
726	9
727	8
728	8
729	9
730	8
731	9
732	9
733	9
734	9
735	9
736	8
737	8
738	8
739	8
740	9
741	8
742	8
743	9
744	9
745	9
746	9
747	8
748	9
749	8
750	8
751	8
752	1
753	1
754	9
755	9
756	9
757	8
758	1
759	1
760	9
761	9
762	1
763	9
764	9
765	9
766	1
767	9
768	8
769	1
770	9
771	9
772	9
773	1
774	9
775	9
776	1
777	1
778	9
779	1
780	1
781	1
782	9
783	9
784	1
785	1
786	9
787	9
788	9
789	9
790	9
791	9
792	1
793	9
794	9
795	9
796	9
797	9
798	9
799	8
800	8
801	8
802	8
803	8
804	9
805	8
806	9
807	9
808	9
809	9
810	8
811	9
812	9
813	8
814	8
815	8
816	9
817	8
818	9
819	9
820	9
821	9
822	8
823	9
824	8
825	9
826	8
827	8
828	9
829	9
830	9
831	9
832	7
833	0
834	9
835	0
836	9
837	0
838	9
839	9
840	9
841	9
842	0
843	0
844	9
845	8
846	9
847	0
848	9
849	9
850	9
851	9
852	8
853	9
854	9
855	9
856	8
857	9
858	9
859	9
860	9
861	9
862	9
863	9
864	9
865	0
866	9
867	9
868	9
869	9
870	9
871	9
872	9
873	0
874	9
875	9
876	9
877	9
878	9
879	8
880	9
881	9
882	9
883	0
884	9
885	0
886	9
887	0
888	9
889	9
890	9
891	8
892	8
893	8
894	8
895	8
896	9
897	9
898	8
899	9
900	9
901	9
902	0
903	9
904	0
905	0
906	9
907	9
908	9
909	0
910	0
911	0
912	9
913	0
914	0
915	9
916	9
917	9
918	9
919	9
920	0
921	9
922	9
923	9
924	9
925	8
926	9
927	9
928	9
929	9
930	9
931	9
932	9
933	9
934	9
935	9
936	9
937	9
938	8
939	8
940	8
941	8
942	8
943	9
944	8
945	9
946	8
947	9
948	9
949	8
950	8
951	9
952	9
953	9
954	9
955	9
956	9
957	8
958	8
959	8
960	8
961	1
962	9
963	1
964	9
965	9
966	8
967	1
968	9
969	9
970	0
971	0
972	9
973	8
974	9
975	8
976	0
977	9
978	9
979	8
980	8
981	8
982	8
983	9
984	8
985	9
986	8
987	8
988	8
989	9
990	8
991	8
992	8
993	9
994	9
995	8
996	9
997	9
998	8
999	8
1000	1
1001	8
1002	9
1003	9
1004	9
1005	8
1006	8
1007	9
1008	0
1009	9
1010	8
1011	8
1012	8
1013	8
1014	8
1015	8
1016	9
1017	8
1018	8
1019	8
1020	8
1021	9
1022	9
1023	8
1024	8
1025	8
1026	8
1027	9
1028	9
1029	9
1030	8
1031	8
1032	8
1033	8
1034	8
1035	8
1036	9
1037	9
1038	8
1039	8
1040	9
1041	9
1042	8
1043	8
1044	8
1045	9
1046	9
1051	8
1052	8
1053	9
1054	9
1055	9
1056	9
1057	8
1058	8
1059	8
1060	9
1061	8
1062	8
1063	8
1064	9
1065	9
1066	8
1068	9
1069	9
1070	8
1071	9
1072	8
1073	8
1074	8
1075	8
1076	8
1077	9
1078	8
1079	9
1080	9
1081	8
1082	8
1084	8
1085	8
1087	8
1088	8
1089	8
1090	8
1091	9
1092	9
1093	9
1094	9
1095	9
1096	9
1097	8
1099	9
1101	8
1102	8
1103	8
1104	9
1105	9
1106	9
1107	9
1108	8
1109	9
1110	9
1111	8
1112	9
1113	8
1114	8
1115	8
1116	8
1117	8
1118	8
1120	8
1121	8
1122	9
1123	9
1124	9
1125	8
1126	9
1127	9
1128	9
1129	8
1130	8
1131	9
1132	8
1133	8
1134	9
1135	9
1136	9
1137	9
1138	9
1139	8
1140	8
1141	9
1142	9
1143	8
1144	9
1145	9
1146	9
1147	9
1149	8
1151	9
1157	9
1160	8
1161	8
1162	8
1163	8
1164	8
1165	9
1167	8
1168	8
1169	8
1170	8
1171	9
1172	9
1173	9
1174	9
1175	8
1176	8
1177	9
1178	9
1179	9
1181	9
1182	9
1185	9
1189	9
1190	9
1191	9
1192	9
1193	9
1194	9
1195	9
1196	9
1197	9
1198	9
1199	9
1200	9
1201	9
1202	9
1203	9
1204	9
1205	9
1206	9
1207	9
1208	9
1209	9
1210	9
1211	9
1212	9
1213	9
1214	9
1215	9
1216	9
1217	9
1218	9
1219	3
1220	9
1221	9
1222	9
1223	9
1224	9
1225	3
1226	9
1227	3
1228	3
1229	3
1230	3
1231	9
1232	9
1233	9
1234	9
1235	9
1236	9
1237	9
1238	9
1239	9
1240	9
1241	9
1242	9
1243	9
1244	9
1245	9
1246	4
1247	9
1249	9
1250	9
1251	9
1252	9
1253	4
1254	4
1255	4
1256	9
1257	9
1258	9
1259	9
1260	9
1261	9
1263	9
1264	9
1265	9
1266	9
1267	9
1268	9
1269	9
1270	9
1271	9
1272	4
1273	4
1274	4
1275	4
1276	4
1277	4
1278	9
1279	9
1280	9
1281	9
1282	9
1283	2
1284	9
1285	9
1286	9
1287	4
1288	4
1289	4
1290	4
1291	4
1292	4
1293	9
1294	9
1295	9
1296	9
1297	9
1298	9
1299	9
1300	9
1301	9
1302	9
1303	9
1304	9
1305	9
1306	9
1307	9
1308	9
1309	9
1310	9
1311	2
1312	9
1313	3
1314	4
1315	3
1316	4
1317	3
1318	3
1319	3
1320	9
1321	3
1322	9
1323	9
1324	9
1325	9
1326	9
1327	9
1328	9
1329	9
1330	9
1331	9
1332	9
1333	9
1334	5
1335	5
1336	5
1337	5
1338	5
1339	5
1340	5
1341	2
1342	9
1343	2
1344	2
1345	9
1346	2
1347	2
1348	9
1349	9
1350	9
1351	9
1352	9
1353	9
1354	9
1355	9
1356	9
1357	9
1358	9
1359	9
1360	9
1361	9
1362	9
1363	9
1364	9
1365	2
1366	2
1367	9
1368	9
1369	9
1370	9
1371	9
1372	2
1374	9
1375	9
1376	9
1377	9
1378	3
1379	3
1380	9
1381	3
1382	3
1383	3
1384	3
1385	3
1386	9
1387	3
1388	9
1389	9
1390	9
1391	9
1392	9
1393	9
1394	9
1395	9
1396	9
1397	9
1398	9
1399	9
1400	9
1401	9
1402	9
1403	9
1404	9
1405	9
1406	9
1407	9
1408	9
1409	9
1410	9
1411	9
1412	9
1413	9
1414	9
1415	9
1416	9
1417	9
1418	9
1419	9
1420	9
1421	4
1422	4
1423	9
1424	4
1425	4
1426	4
1427	4
1429	4
1432	9
1433	4
1434	4
1435	2
1436	2
1437	9
1438	2
1439	2
1440	2
1441	2
1442	9
1443	2
1444	9
1445	2
1446	9
1447	9
1448	9
1449	2
1450	9
1451	2
1452	2
1453	2
1454	9
1455	9
1456	9
1457	9
1458	2
1459	2
1460	5
1461	9
1462	9
1463	2
1464	2
1465	2
1466	9
1467	9
1468	3
1469	3
1470	9
1471	3
1472	9
1473	3
1474	3
1475	3
1476	9
1477	9
1478	9
1479	9
1480	9
1481	9
1482	9
1483	9
1484	9
1485	9
1486	9
1487	5
1488	9
1489	9
1490	9
1491	9
1492	5
1493	9
1494	9
1495	5
1496	5
1497	9
1498	9
1499	9
1500	9
1501	9
1502	9
1503	9
1504	9
1505	9
1506	2
1507	2
1508	2
1509	2
1510	9
1511	9
1512	9
1513	9
1514	9
1515	9
1516	2
1517	9
1518	9
1519	9
1520	9
1521	9
1522	9
1523	9
1524	9
1525	9
1526	9
1527	9
1528	9
1529	9
1530	9
1531	9
1533	9
1534	9
1535	2
1536	2
1537	9
1538	2
1539	2
1540	9
1541	2
1542	2
1543	2
1544	9
1545	3
1546	3
1547	9
1548	9
1549	3
1550	3
1551	3
1552	3
1553	9
1554	9
1555	9
1556	9
1557	9
1558	9
1559	9
1560	9
1561	9
1562	3
1563	9
1564	9
1565	9
1566	9
1567	9
1568	9
1569	9
1570	9
1571	9
1572	9
1573	9
1574	9
1575	9
1576	9
1577	9
1578	9
1579	9
1580	9
1581	9
1582	9
1584	4
1585	9
1586	9
1587	9
1588	9
1589	4
1590	9
1591	9
1592	9
1593	9
1594	9
1596	4
1597	9
1598	9
1599	9
1600	9
1601	9
1602	2
1603	9
1604	9
1605	9
1606	9
1607	9
1608	9
1609	9
1610	9
1611	9
1612	9
1613	9
1614	9
1615	9
1616	2
1617	9
1618	9
1619	2
1620	9
1621	9
1622	2
1623	2
1624	9
1625	2
1626	2
1627	9
1628	9
1629	2
1630	2
1631	9
1632	2
1633	2
1634	2
1635	2
1636	3
1637	3
1638	3
1639	3
1640	3
1641	3
1642	3
1643	3
1644	3
1645	3
1646	9
1647	9
1648	9
1649	5
1650	9
1651	9
1652	9
1653	9
1654	9
1655	9
1656	9
1657	9
1658	9
1659	9
1660	5
1661	5
1662	5
1663	9
1664	5
1665	9
1666	5
1667	5
1668	5
1669	9
1670	9
1671	5
1672	9
1673	2
1674	2
1675	2
1676	2
1677	2
1678	2
1679	2
1680	2
1681	9
1682	9
1683	2
1684	2
1685	9
1686	9
1687	9
1688	9
1689	9
1690	9
1691	5
1692	5
1693	5
1694	5
1695	5
1696	2
1697	2
1698	2
1699	2
1700	9
1701	2
1702	9
1703	9
1704	9
1705	2
1706	9
1707	9
1708	2
1709	9
1710	9
1711	9
1712	9
1713	9
1714	9
1715	3
1716	3
1717	3
1718	3
1719	9
1720	3
1721	3
1722	3
1723	3
1724	9
1725	3
1726	3
1727	9
1728	9
1729	9
1730	9
1731	9
1732	9
1733	3
1734	9
1735	9
1736	9
1737	9
1738	9
1739	4
1740	4
1741	4
1742	4
1743	4
1744	4
1745	4
1746	9
1747	9
1748	9
1749	4
1750	9
1751	4
1752	3
1753	4
1754	4
1755	3
1756	3
1757	9
1758	9
1759	9
1760	3
1761	3
1762	9
1763	9
1764	9
1765	9
1766	9
1767	2
1769	2
1770	9
1771	2
1772	2
1773	2
1774	2
1775	9
1776	9
1777	9
1778	2
1779	9
1780	9
1781	9
1782	2
1783	9
1784	9
1785	9
1786	9
1787	9
1788	2
1789	2
1790	2
1791	2
1792	9
1793	9
1795	9
1796	9
1797	2
1798	2
1799	9
1800	9
1801	3
1802	3
1803	3
1804	3
1805	3
1806	3
1807	3
1808	3
1809	9
1810	3
1811	3
1812	3
1813	9
1814	3
1815	9
1816	9
1817	9
1818	9
1819	3
1820	9
1821	9
1822	9
1823	9
1824	9
1825	9
1826	9
1827	9
1828	9
1829	9
1830	9
1831	9
1832	5
1833	2
1834	2
1835	9
1836	2
1837	9
1838	2
1839	2
1840	9
1841	9
1842	9
1843	9
1844	9
1845	2
1846	2
1847	2
1848	9
1849	2
1850	5
1851	9
1852	9
1853	5
1854	9
1855	5
1856	5
1857	9
1858	3
1859	9
1860	9
1861	9
1862	9
1863	9
1864	3
1865	3
1866	3
1867	3
1868	3
1869	3
1870	3
1871	3
1872	3
1873	3
1874	9
1875	3
1876	9
1877	9
1878	3
1879	3
1880	9
1881	3
1882	3
1883	3
1884	3
1885	3
1886	9
1887	9
1888	9
1889	9
1890	9
1891	9
1892	3
1893	3
1894	3
1895	9
1896	4
1897	4
1898	4
1899	4
1900	9
1901	4
1902	4
1903	4
1904	4
1905	4
1906	9
1907	9
1908	9
1909	9
1910	3
1911	3
1912	3
1913	3
1914	9
1915	3
1916	3
1917	9
1918	9
1919	9
1920	9
1921	9
1922	9
1923	9
1924	9
1925	9
1926	2
1927	2
1928	2
1929	9
1930	9
1931	2
1932	2
1933	2
1934	2
1935	9
1936	9
1937	9
1938	2
1939	2
1940	2
1941	9
1942	9
1943	9
1944	9
1945	2
1946	2
1947	2
1948	2
1949	2
1950	2
1951	9
1952	2
1953	9
1954	9
1955	2
1956	2
1957	9
1958	2
1959	9
1960	9
1961	9
1962	9
1963	9
1964	2
1965	3
1966	3
1967	3
1968	9
1969	9
1970	3
1971	3
1972	3
1973	9
1974	9
1975	9
1976	3
1977	9
1978	9
1979	9
1980	2
1981	2
1982	9
1983	9
1984	9
1985	5
1986	9
1987	5
1988	9
1989	9
1990	5
1991	5
1992	9
1993	9
1994	2
1995	2
1996	2
1997	2
1998	2
1999	2
2000	2
2001	2
2002	2
2003	2
2004	2
2005	9
2006	2
2007	2
2008	2
2009	9
2010	9
2011	5
2012	5
2013	3
2014	3
2015	3
2016	3
2017	9
2018	3
2019	3
2020	3
2021	9
2022	9
2023	9
2024	3
2025	3
2026	3
2027	9
2028	9
2029	9
2030	3
2031	3
2032	3
2033	3
2034	3
2035	6
2036	3
2037	3
2038	3
2039	3
2040	9
2041	9
2042	9
2043	3
2044	3
2045	9
2046	3
2047	3
2048	3
2049	3
2050	9
2051	9
2052	4
2053	4
2054	4
2055	4
2056	4
2057	4
2058	4
2059	4
2060	4
2061	4
2062	4
2063	9
2064	9
2065	9
2066	4
2067	9
2068	3
2069	9
2070	3
2071	3
2072	3
2073	3
2074	3
2075	3
2076	9
2077	4
2078	9
2079	9
2080	2
2081	2
2082	9
2083	9
2084	9
2085	9
2086	9
2087	9
2088	2
2089	9
2090	2
2091	2
2092	2
2093	9
2094	9
2095	9
2096	9
2097	2
2098	2
2099	2
2100	2
2101	2
2102	2
2103	2
2104	9
2105	2
2106	9
2107	9
2108	9
2109	9
2110	9
2111	9
2112	9
2113	3
2114	3
2115	3
2116	9
2117	3
2118	9
2119	3
2120	9
2121	9
2122	9
2123	9
2124	9
2125	3
2126	3
2127	9
2128	9
2129	9
2130	5
2131	2
2132	5
2133	2
2134	9
2135	5
2136	5
2137	9
2138	5
2139	5
2140	5
2141	9
2142	2
2143	2
2144	2
2145	2
2146	9
2147	2
2148	9
2149	2
2150	2
2151	9
2152	9
2153	9
2154	9
2155	9
2156	5
2157	2
2158	2
2161	3
2162	3
2163	9
2164	9
2165	9
2166	9
2167	3
2168	3
2169	3
2170	5
2171	5
2172	5
2173	9
2174	9
2175	9
2176	9
2177	9
2178	9
2179	9
2180	9
2181	9
2182	3
2183	9
2184	9
2185	3
2186	3
2187	3
2188	3
2189	3
2190	3
2191	3
2192	3
2193	3
2194	3
2195	9
2196	9
2197	9
2198	9
2199	3
2200	6
2201	9
2202	9
2203	9
2204	9
2205	9
2206	9
2207	9
2208	4
2209	4
2210	4
2211	4
2212	4
2213	4
2215	4
2216	9
2217	9
2218	4
2219	9
2220	4
2221	4
2222	4
2223	3
2224	4
2225	4
2226	4
2227	4
2228	4
2229	9
2230	3
2231	9
2232	9
2233	9
2234	2
2235	2
2236	2
2237	2
2238	9
2239	2
2240	2
2241	9
2242	9
2243	2
2244	2
2245	2
2246	9
2247	9
2248	9
2249	9
2250	9
2251	9
2252	9
2253	9
2254	9
2255	9
2256	9
2257	9
2258	3
2259	3
2260	9
2261	3
2262	3
2263	9
2264	9
2265	9
2266	3
2267	3
2268	3
2269	3
2270	3
2271	3
2272	9
2273	9
2274	9
2275	9
2276	9
2277	9
2278	2
2279	2
2280	9
2281	2
2282	2
2283	2
2284	2
2285	2
2286	2
2287	5
2288	5
2289	9
2290	2
2291	2
2292	2
2293	2
2294	2
2295	9
2296	9
2297	9
2298	9
2299	2
2300	2
2301	2
2302	9
2303	3
2304	3
2305	8
2306	9
2307	9
2308	9
2309	9
2310	3
2311	9
2312	3
2313	9
2314	3
2315	9
2316	3
2317	9
2318	9
2319	9
2320	3
2321	3
2322	9
2323	9
2324	9
2325	9
2326	9
2327	9
2328	9
2329	9
2330	9
2331	3
2332	9
2333	9
2334	9
2335	3
2336	3
2337	9
2338	3
2339	3
2340	3
2341	9
2342	3
2343	3
2344	3
2345	9
2346	3
2347	6
2348	3
2349	9
2350	3
2351	9
2352	9
2353	9
2354	3
2355	4
2356	9
2357	9
2358	9
2359	9
2360	9
2361	9
2362	9
2363	9
2364	9
2365	9
2366	3
2367	9
2368	9
2369	3
2370	9
2371	4
2372	4
2373	4
2374	4
2375	4
2376	4
2377	4
2378	4
2379	9
2380	4
2381	4
2382	9
2383	4
2384	9
2385	9
2386	4
2387	9
2388	4
2389	4
2390	9
2391	9
2392	9
2393	9
2394	9
2395	9
2396	4
2397	4
2398	9
2399	4
2400	4
2401	4
2402	9
2403	9
2404	9
2405	9
2406	9
2407	9
2408	9
2409	9
2410	2
2411	9
2412	9
2413	9
2414	2
2415	9
2416	9
2417	2
2418	2
2419	9
2420	2
2421	2
2422	2
2423	2
2424	9
2425	3
2426	9
2427	3
2428	3
2429	3
2430	3
2431	9
2432	9
2433	3
2434	9
2435	9
2436	3
2437	9
2438	9
2439	9
2440	9
2441	9
2442	9
2443	9
2444	9
2445	9
2446	9
2447	9
2448	9
2449	9
2450	9
2451	5
2452	9
2453	9
2454	5
2455	2
2456	9
2457	9
2458	9
2459	2
2460	9
2461	2
2462	2
2463	2
2464	2
2465	3
2466	3
2467	3
2468	9
2469	3
2470	3
2471	9
2472	3
2473	3
2474	3
2475	3
2476	9
2477	9
2478	9
2479	9
2480	3
2481	9
2482	9
2483	9
2484	9
2485	5
2486	5
2487	3
2488	3
2489	9
2490	9
2491	9
2492	9
2493	9
2494	9
2495	9
2496	9
2497	9
2498	3
2499	3
2500	3
2501	3
2502	3
2503	3
2504	3
2505	3
2506	3
2507	9
2508	9
2509	9
2510	9
2511	4
2512	9
2513	4
2514	4
2515	4
2516	4
2517	4
2518	4
2520	4
2521	4
2522	4
2523	4
2524	9
2525	4
2526	9
2527	9
2528	3
2529	3
2530	3
2531	3
2532	3
2533	3
2534	9
2535	9
2536	4
2537	4
2538	4
2539	4
2540	9
2541	9
2542	9
2543	9
2544	9
2545	9
2546	9
2547	9
2548	4
2549	4
2550	4
2551	4
2552	4
2553	4
2554	4
2555	9
2556	4
2557	4
2558	4
2559	4
2560	4
2561	9
2562	9
2563	4
2564	4
2565	4
2566	9
2567	9
2568	9
2569	9
2570	2
2571	2
2572	2
2573	2
2574	2
2575	9
2576	9
2577	9
2578	2
2579	2
2580	2
2581	2
2582	9
2583	2
2584	9
2585	9
2586	9
2587	9
2588	9
2589	9
2590	9
2591	3
2592	9
2593	3
2594	9
2595	9
2596	3
2597	3
2598	9
2599	9
2600	9
2601	9
2602	9
2603	9
2604	9
2605	9
2606	3
2607	5
2608	5
2609	5
2610	9
2611	9
2612	5
2613	9
2614	9
2615	5
2616	9
2617	2
2618	2
2619	9
2620	5
2621	5
2622	9
2623	9
2624	9
2625	2
2626	9
2627	3
2628	9
2629	9
2630	9
2631	9
2632	3
2633	3
2634	3
2635	5
2636	5
2637	9
2638	9
2639	9
2640	3
2641	9
2642	9
2643	9
2644	9
2645	3
2646	8
2647	9
2648	8
2649	9
2650	9
2651	9
2652	3
2653	3
2654	3
2655	3
2656	3
2657	3
2658	3
2659	9
2660	9
2661	9
2662	9
2663	9
2664	9
2665	9
2666	9
2667	9
2668	4
2669	9
2670	4
2671	4
2672	4
2673	2
2674	9
2675	9
2676	9
2677	2
2678	2
2679	2
2680	2
2681	9
2682	3
2683	9
2684	3
2685	3
2686	3
2687	3
2688	9
2689	3
2690	9
2691	9
2692	9
2693	9
2694	9
2695	9
2696	9
2697	9
2698	3
2699	9
2700	9
2701	9
2702	9
2703	3
2704	4
2705	4
2706	4
2707	9
2708	2
2710	9
2711	2
2712	2
2713	9
2714	9
2715	9
2716	2
2717	2
2718	9
2719	9
2720	9
2721	9
2722	9
2723	9
2724	2
2725	2
2726	2
2727	2
2728	2
2729	2
2730	9
2731	9
2732	9
2733	2
2734	9
2735	2
2736	2
2737	2
2738	2
2739	9
2740	9
2741	9
2742	9
2743	9
2744	9
2745	9
2746	9
2747	9
2748	9
2749	9
2750	3
2751	3
2752	9
2753	9
2754	9
2755	3
2756	9
2757	3
2758	9
2759	3
2760	3
2761	3
2762	3
2763	5
2764	5
2765	9
2766	9
2767	9
2768	9
2769	5
2770	9
2771	9
2772	9
2773	9
2774	9
2775	5
2776	9
2777	8
2778	9
2779	2
2780	9
2781	2
2782	2
2783	9
2784	9
2785	9
2786	9
2787	9
2788	9
2789	9
2790	9
2791	2
2792	2
2793	9
2794	9
2795	2
2796	9
2797	9
2798	3
2799	3
2800	9
2801	9
2802	9
2803	3
2804	3
2805	3
2806	3
2807	3
2808	9
2809	9
2810	3
2811	3
2812	9
2813	9
2814	9
2815	9
2816	3
2817	3
2818	9
2819	3
2820	3
2821	3
2822	9
2823	9
2824	9
2825	3
2826	3
2827	9
2828	9
2829	9
2830	9
2831	9
2832	9
2833	9
2834	9
2835	9
2836	9
2837	9
2838	9
2839	2
2840	9
2841	2
2842	9
2843	9
2844	9
2845	9
2846	9
2847	9
2848	9
2849	9
2850	9
2851	9
2852	9
2853	9
2854	3
2855	4
2856	4
2857	4
2858	4
2859	9
2860	9
2861	3
2862	3
2863	9
2864	4
2865	9
2866	9
2867	9
2868	3
2869	4
2870	9
2871	4
2872	9
2873	3
2874	9
2875	9
2876	2
2877	9
2878	9
2879	2
2880	2
2881	9
2882	9
2883	9
2884	2
2885	9
2886	2
2887	2
2888	2
2889	2
2890	2
2891	2
2892	4
2893	9
2894	2
2895	9
2896	2
2897	9
2898	9
2899	9
2900	2
2901	2
2902	9
2903	2
2904	9
2905	9
2906	2
2907	9
2908	2
2909	9
2910	2
2911	2
2912	2
2913	3
2914	9
2915	3
2916	9
2917	3
2918	9
2919	9
2920	3
2921	9
2922	3
2923	3
2924	9
2925	5
2926	9
2927	3
2928	3
2929	3
2930	3
2931	3
2932	3
2933	9
2934	9
2935	9
2936	9
2937	9
2938	9
2939	5
2940	9
2941	9
2942	9
2943	5
2944	9
2945	9
2946	9
2947	9
2948	9
2949	9
2950	9
2951	9
2952	2
2953	3
2954	3
2955	9
2956	3
2957	9
2958	9
2959	3
2960	9
2961	3
2962	9
2964	9
2965	9
2966	9
2967	9
2968	9
2969	9
2970	3
2971	3
2972	3
2973	3
2974	9
2975	9
2976	9
2977	9
2978	9
2979	9
2980	9
2981	9
2982	3
2983	3
2984	9
2985	3
2986	3
2987	3
2988	9
2989	9
2990	9
2991	3
2992	3
2993	9
2994	3
2995	3
2996	9
2997	9
2998	9
2999	9
3000	9
3001	5
3002	9
3003	9
3004	5
3005	5
3006	5
3007	3
3008	4
3009	4
3010	4
3011	4
3012	4
3013	9
3014	9
3015	9
3016	4
3017	4
3018	9
3019	9
3020	4
3021	4
3022	4
3023	2
3024	4
3025	9
3026	9
3027	9
3028	4
3029	4
3030	9
3031	9
3032	4
3033	9
3034	4
3035	9
3036	4
3037	4
3038	4
3039	4
3040	4
3041	4
3042	9
3043	9
3044	9
3045	9
3046	4
3047	4
3048	4
3049	4
3050	9
3051	9
3052	2
3053	2
3054	2
3055	2
3056	2
3057	2
3058	2
3059	2
3060	2
3061	2
3062	2
3063	2
3064	2
3065	2
3066	2
3067	2
3068	2
3069	9
3070	2
3071	2
3072	9
3073	9
3074	9
3075	2
3076	2
3077	2
3078	2
3079	2
3080	2
3081	3
3082	9
3083	3
3084	3
3085	3
3086	3
3087	3
3088	3
3089	9
3090	9
3091	9
3092	3
3093	3
3094	3
3095	3
3096	3
3097	3
3098	9
3099	3
3100	9
3101	9
3102	3
3103	3
3104	9
3105	9
3106	9
3107	3
3108	3
3109	9
3110	9
3111	9
3112	9
3113	9
3114	5
3115	5
3116	9
3117	5
3118	9
3119	9
3120	9
3121	2
3122	9
3123	9
3124	3
3125	3
3126	3
3127	3
3128	9
3129	9
3130	3
3131	3
3132	9
3133	3
3135	9
3136	3
3137	9
3138	9
3139	3
3140	9
3141	9
3142	5
3143	9
3144	9
3145	9
3146	9
3147	3
3148	9
3149	3
3150	9
3151	9
3152	9
3153	3
3154	9
3155	3
3156	9
3157	9
3158	9
3159	3
3160	3
3161	3
3162	9
3163	5
3164	9
3165	5
3166	5
3167	5
3168	5
3169	2
3170	2
3171	2
3172	9
3173	9
3174	9
3175	9
3176	9
3177	4
3178	4
3179	2
3180	9
3181	9
3184	9
3185	9
3186	2
3187	2
3188	2
3189	4
3190	4
3191	9
3192	4
3193	9
3194	9
3195	9
3196	9
3197	4
3198	4
3199	4
3200	9
3201	4
3202	2
3203	2
3204	2
3205	9
3206	2
3212	9
3213	2
3214	2
3215	9
3216	2
3217	9
3218	2
3219	2
3220	9
3221	2
3222	2
3223	2
3224	5
3225	2
3226	9
3227	9
3228	9
3229	2
3230	9
3231	9
3232	9
3233	9
3234	9
3235	9
3236	9
3237	9
3238	9
3239	2
3240	9
3241	9
3242	3
3243	3
3244	3
3245	3
3246	3
3247	3
3248	9
3249	3
3250	9
3251	4
3252	4
3253	3
3254	3
3255	3
3256	3
3257	4
3258	3
3259	3
3260	3
3261	9
3262	9
3263	9
3264	5
3265	5
3266	9
3267	9
3268	5
3269	5
3270	9
3271	9
3272	9
3273	3
3274	2
3275	2
3276	9
3277	9
3278	9
3279	9
3280	9
3281	9
3282	9
3284	9
3285	9
3286	2
3287	9
3288	9
3289	9
3292	3
3293	9
3294	9
3295	9
3296	3
3297	3
3298	9
3299	2
3300	9
3301	9
3302	9
3303	3
3304	3
3305	3
3306	9
3307	9
3308	9
3309	3
3310	3
3311	3
3312	3
3313	3
3314	9
3315	3
3316	9
3317	9
3318	9
3319	3
3320	3
3321	9
3322	9
3323	9
3324	2
3325	2
3326	2
3327	9
3328	2
3329	9
3330	9
3331	9
3332	9
3333	9
3334	2
3335	2
3336	2
3337	9
3338	9
3339	3
3340	9
3341	9
3342	9
3343	9
3344	9
3345	4
3346	4
3347	4
3348	4
3350	4
3351	9
3352	9
3353	9
3355	2
3356	4
3357	9
3358	4
3359	4
3360	9
3361	4
3362	4
3363	2
3364	2
3365	2
3366	9
3367	2
3368	2
3369	2
3370	3
3371	2
3372	9
3373	9
3374	9
3375	9
3376	9
3377	9
3378	9
3379	9
3380	9
3381	2
3382	9
3383	9
3384	9
3385	9
3386	9
3387	9
3388	9
3389	2
3390	9
3391	9
3392	9
3393	9
3394	2
3395	2
3396	2
3397	2
3398	2
3399	2
3400	9
3401	9
3402	3
3403	3
3404	3
3405	9
3406	9
3407	9
3408	3
3409	3
3410	3
3411	9
3412	3
3413	9
3414	3
3415	3
3416	9
3417	9
3418	5
3419	5
3420	9
3421	9
3422	9
3423	9
3424	9
3425	5
3426	9
3427	9
3428	5
3429	9
3430	8
3431	9
3432	2
3433	2
3434	2
3435	2
3436	2
3437	2
3438	9
3439	3
3440	3
3441	9
3442	9
3443	3
3444	4
3445	2
3446	9
3447	9
3448	9
3449	9
3450	3
3451	5
3452	9
3453	9
3454	9
3455	9
3456	9
3457	9
3458	9
3459	9
3460	3
3461	9
3462	3
3463	9
3464	9
3465	9
3466	3
3467	3
3468	3
3469	9
3470	3
3471	9
3472	9
3473	3
3474	3
3475	9
3476	3
3477	3
3478	3
3479	9
3480	3
3481	3
3482	3
3483	3
3484	3
3485	3
3486	3
3487	6
3488	6
3489	9
3490	3
3491	9
3492	9
3493	9
3494	9
3495	9
3496	3
3497	3
3498	9
3499	9
3500	9
3501	9
3502	9
3503	9
3504	9
3505	9
3506	9
3507	9
3508	9
3509	9
3510	9
3513	9
3514	9
3515	4
3516	4
3517	4
3518	4
3519	4
3520	9
3521	9
3522	9
3523	9
3524	2
3525	4
3526	2
3527	4
3528	4
3529	4
3530	4
3531	4
3533	9
3534	4
3535	4
3536	4
3537	4
3538	4
3539	4
3540	4
3541	4
3542	4
3543	4
3544	4
3545	2
3546	2
3547	2
3548	2
3549	2
3550	2
3551	2
3552	2
3553	2
3554	2
3555	2
3556	2
3557	2
3558	2
3559	2
3560	9
3561	9
3562	2
3563	2
3564	2
3565	9
3566	2
3567	9
3568	9
3569	4
3570	9
3571	9
3572	3
3573	3
3574	3
3575	3
3576	9
3577	4
3578	9
3579	3
3580	3
3581	9
3582	3
3583	3
3584	3
3585	9
3586	9
3587	9
3588	9
3589	9
3590	9
3591	5
3592	5
3593	9
3594	9
3595	2
3596	9
3597	2
3598	2
3599	2
3600	9
3601	9
3602	9
3603	3
3604	5
3605	3
3606	3
3607	9
3608	5
3609	3
3610	9
3611	3
3612	9
3614	9
3615	9
3616	9
3617	9
3618	9
3619	9
3620	9
3621	9
3622	3
3623	3
3624	3
3625	3
3626	3
3627	9
3628	3
3629	3
3630	3
3631	3
3632	9
3633	9
3634	3
3635	3
3636	3
3637	9
3638	9
3639	9
3640	9
3641	3
3642	9
3643	3
3644	9
3645	3
3646	9
3647	3
3648	9
3649	3
3650	9
3651	9
3652	9
3653	9
3654	9
3655	9
3656	3
3657	9
3658	3
3659	9
3660	3
3661	9
3662	9
3663	9
3664	9
3665	9
3666	9
3667	9
3668	9
3669	4
3670	9
3671	9
3672	9
3673	4
3674	9
3675	9
3676	4
3677	9
3678	9
3679	4
3680	4
3681	4
3682	9
3684	4
3685	4
3686	4
3687	4
3688	4
3689	9
3690	4
3691	4
3692	9
3693	4
3694	9
3695	9
3696	4
3697	4
3698	2
3699	2
3700	9
3701	4
3702	9
3703	9
3704	9
3705	4
3706	4
3707	4
3708	9
3709	9
3710	4
3711	9
3712	9
3713	9
3715	2
3717	2
3718	2
3719	2
3720	2
3721	2
3722	2
3723	2
3724	2
3725	2
3726	4
3727	4
3728	3
3729	3
3730	4
3731	9
3732	3
3733	3
3734	9
3735	9
3736	9
3737	9
3738	3
3739	3
3740	9
3741	9
3742	9
3743	9
3744	9
3745	9
3746	9
3747	9
3748	9
3749	9
3750	9
3751	9
3752	5
3753	9
3754	9
3755	9
3756	2
3757	2
3758	2
3759	2
3760	2
3761	2
3762	2
3763	2
3764	2
3768	4
3769	3
3770	9
3771	9
3772	9
3773	9
3774	9
3775	9
3776	9
3777	9
3778	9
3779	3
3780	6
3781	3
3782	3
3783	6
3784	3
3785	6
3786	3
3787	3
3788	9
3789	3
3790	8
3791	9
3792	9
3793	9
3794	9
3795	9
3796	9
3797	9
3798	9
3799	8
3800	9
3801	9
3802	9
3803	9
3804	9
3805	9
3806	9
3807	9
3808	9
3809	9
3810	9
3811	9
3812	9
3813	9
3814	9
3815	9
3816	9
3817	9
3818	9
3819	9
3820	9
3821	9
3822	9
3823	9
3824	9
3825	9
3826	9
3827	8
3828	8
3829	8
3830	8
3831	8
3832	8
3833	9
3834	9
3835	9
3836	9
3837	9
3838	9
3839	8
3840	8
3841	8
3842	8
3843	8
3844	8
3845	8
3846	8
3847	9
3848	8
3849	8
3850	8
3851	9
3852	9
3853	8
3854	8
3855	8
3856	8
3857	9
3858	9
3859	8
3860	8
3861	9
3862	9
3863	9
3864	9
3865	9
3866	8
3867	9
3868	9
3869	8
3870	8
3871	9
3872	8
3873	9
3874	9
3875	8
3876	8
3877	9
3878	8
3879	8
3880	8
3883	8
3884	8
3885	8
3886	8
3887	8
3888	8
3889	8
3890	8
3892	8
3893	8
3894	8
3897	8
3898	9
3899	9
3900	9
3901	9
3902	9
3903	9
3904	9
3905	9
3906	9
3907	8
3908	9
3909	9
3910	8
3911	8
3912	8
3913	9
3914	8
3915	9
3916	9
3917	9
3918	9
3919	9
3920	8
3921	9
3922	8
3923	8
3924	8
3925	9
3926	9
3927	8
3928	9
3929	8
3930	9
3931	9
3932	9
3933	9
3934	9
3935	9
3936	8
3937	9
3938	8
3939	9
3940	8
3941	9
3942	8
3943	9
3944	9
3945	9
3946	9
3947	9
3948	8
3949	9
3950	8
3951	8
3952	9
3953	8
3954	8
3955	8
3956	9
3957	8
3958	9
3959	9
3960	9
3961	9
3962	9
3963	8
3964	9
3965	8
3966	8
3967	9
3968	8
3969	8
3970	9
3971	9
3972	9
3973	8
3974	8
3975	8
3976	8
3977	8
3978	9
3979	9
3980	8
3981	9
3982	9
3983	9
3985	9
3986	8
3987	9
3988	9
3989	9
3990	1
3991	9
3992	0
3993	9
3994	8
3995	9
3996	9
3997	9
3998	9
3999	8
4000	9
4001	9
4002	0
4003	8
4004	8
4005	8
4006	8
4007	9
4008	9
4009	8
4010	9
4011	8
4012	9
4013	8
4014	9
4015	1
4016	8
4017	9
4018	8
4019	8
4020	8
4021	0
4022	8
4023	9
4024	9
4025	9
4026	9
4027	3
4028	9
4029	9
4030	8
4031	8
4032	8
4033	8
4034	9
4035	8
4036	9
4037	9
4038	8
4039	9
4040	9
4041	9
4042	9
4043	9
4044	9
4045	8
4046	9
4047	9
4048	9
4049	0
4050	9
4051	0
4052	0
4053	9
4054	9
4055	9
4056	9
4057	9
4058	9
4059	9
4060	9
4061	9
4062	9
4063	9
4064	0
4065	0
4066	9
4067	0
4068	9
4069	9
4070	9
4071	9
4072	9
4073	0
4074	9
4075	9
4076	9
4077	9
4078	9
4079	9
4080	8
4081	8
4082	9
4083	9
4084	9
4085	9
4086	8
4087	8
4088	9
4089	8
4090	9
4091	9
4092	9
4093	9
4094	9
4095	9
4096	9
4097	9
4098	9
4099	9
4100	9
4101	9
4102	9
4103	9
4104	8
4105	8
4106	9
4107	9
4108	8
4109	9
4110	0
4111	8
4112	9
4113	8
4114	9
4115	9
4116	8
4117	9
4118	9
4119	9
4120	8
4121	8
4122	0
4123	0
4124	8
4125	8
4126	8
4127	9
4128	8
4129	8
4130	9
4131	9
4132	9
4133	9
4134	8
4135	8
4136	8
4137	9
4138	9
4139	9
4140	9
4141	9
4142	8
4143	9
4144	9
4145	8
4146	8
4147	8
4148	8
4149	9
4150	8
4151	9
4152	8
4153	8
4154	8
4155	8
4156	9
4157	8
4158	9
4159	8
4160	9
4161	8
4162	8
4163	9
4164	8
4165	9
4166	9
4167	1
4168	9
4169	1
4170	8
4171	1
4172	9
4173	9
4174	1
4175	8
4176	8
4177	8
4178	8
4179	9
4180	8
4181	8
4182	1
4183	1
4184	1
4185	1
4186	1
4187	1
4188	9
4189	8
4190	9
4191	9
4192	9
4193	9
4194	9
4195	9
4196	8
4197	8
4198	9
4199	9
4200	9
4201	9
4202	8
4203	8
4204	1
4205	8
4206	9
4207	9
4208	9
4209	8
4210	8
4211	8
4212	8
4213	8
4214	9
4215	8
4216	9
4217	9
4218	8
4219	8
4220	8
4221	8
4222	9
4223	9
4224	9
4225	8
4226	8
4227	9
4228	9
4229	9
4230	9
4231	8
4232	8
4233	9
4234	9
4235	9
4236	9
4237	9
4238	8
4239	8
4240	9
4241	8
4242	8
4243	8
4244	8
4245	9
4246	9
4247	9
4248	9
4249	9
4250	9
4251	8
4252	8
4253	8
4254	8
4255	8
4256	8
4257	9
4258	9
4259	9
4260	8
4261	8
4262	9
4263	8
4264	9
4265	9
4266	9
4267	8
4268	8
4269	8
4270	8
4271	8
4272	9
4273	9
4274	9
4275	9
4276	9
4277	8
4278	9
4279	9
4280	9
4281	1
4282	9
4283	9
4284	9
4285	8
4286	8
4287	9
4288	9
4289	8
4290	1
4291	1
4292	8
4293	9
4294	9
4295	9
4296	9
4297	9
4298	9
4299	9
4300	9
4301	9
4302	9
4303	9
4304	9
4305	9
4306	8
4307	9
4308	9
4309	9
4310	8
4311	8
4312	9
4313	9
4314	8
4315	8
4316	9
4317	8
4318	9
4319	9
4320	9
4321	8
4322	9
4323	9
4324	9
4325	9
4326	9
4327	8
4328	9
4329	9
4330	9
4331	1
4332	9
4333	9
4334	9
4335	9
4336	9
4337	9
4338	9
4339	9
4340	8
4341	8
4342	9
4343	9
4344	9
4345	9
4346	8
4347	8
4348	8
4349	9
4350	9
4351	8
4352	9
4353	9
4354	8
4355	8
4356	8
4357	9
4358	9
4359	8
4360	9
4361	8
4362	8
4363	8
4364	8
4365	9
4366	8
4367	9
4368	9
4369	9
4370	9
4371	9
4372	9
4373	8
4374	9
4375	8
4376	8
4377	8
4378	8
4379	9
4380	9
4381	9
4382	8
4383	9
4384	8
4385	9
4386	8
4387	8
4388	8
4389	8
4390	9
4391	8
4392	8
4393	9
4394	9
4395	9
4396	8
4397	9
4398	8
4399	9
4400	9
4401	9
4402	9
4403	9
4404	8
4405	9
4406	9
4407	9
4408	8
4409	9
4410	9
4411	9
4412	9
4413	8
4414	8
4415	9
4416	8
4417	8
4418	8
4419	9
4420	9
4421	9
4422	9
4423	8
4424	8
4425	8
4426	8
4427	1
4428	8
4429	8
4430	9
4431	8
4432	9
4433	8
4434	8
4435	8
4436	8
4437	8
4438	9
4439	8
4440	8
4441	9
4442	8
4443	9
4444	8
4445	9
4446	8
4447	9
4448	8
4449	9
4450	9
4451	8
4452	9
4453	8
4454	9
4455	8
4456	9
4457	9
4458	9
4459	9
4460	8
4461	9
4462	9
4463	9
4464	9
4465	8
4466	8
4467	9
4468	8
4469	9
4470	9
4471	9
4472	8
4473	8
4474	9
4475	9
4476	9
4477	9
4478	9
4479	9
4480	9
4481	9
4482	9
4483	8
4484	8
4485	8
4486	8
4487	8
4488	9
4489	8
4490	9
4496	9
4497	9
4498	8
4499	8
4500	9
4501	8
4502	8
4503	8
4504	9
4510	9
4511	9
4512	8
4513	9
4514	9
4515	9
4516	9
4517	9
4518	9
4519	9
4520	9
4521	9
4522	9
4523	9
4524	9
4525	8
4526	9
4527	9
4528	9
4529	7
4530	7
4531	7
4532	7
4533	7
4534	7
4535	7
4536	9
4537	7
4538	9
4539	9
4540	9
4541	9
4542	9
4543	9
4544	9
4545	7
4546	9
4547	7
4548	7
4549	7
4550	7
4551	7
4552	9
4553	9
4554	9
4555	9
4556	9
4557	9
4558	9
4559	9
4560	9
4561	9
4562	3
4563	3
4564	9
4565	3
4566	6
4567	9
4568	9
4569	9
4570	3
4571	9
4572	9
4573	9
4574	9
4575	9
4576	9
4577	9
4578	8
4579	9
4580	9
4581	9
4582	9
4583	9
4584	9
4585	9
4586	9
4587	9
4588	9
4589	9
4590	9
4591	9
4592	9
4596	6
4597	8
4599	9
4600	8
4601	8
4602	9
4603	8
4607	9
4608	9
4609	9
4610	9
4611	3
4612	9
4613	9
4614	9
4615	9
4616	6
4617	9
4618	9
4619	9
4620	9
4621	8
4622	8
4623	8
4624	9
4625	9
4626	9
4627	3
4628	9
4629	9
4630	9
4631	9
4632	9
4633	9
4634	9
4635	6
4636	9
4637	6
4638	9
4639	9
4640	9
4641	9
4642	9
4643	3
4644	9
4645	9
4646	3
4647	6
4648	6
4649	6
4650	6
4651	6
4652	9
4653	9
4654	8
4655	9
4656	8
4657	9
4658	3
4659	9
4660	3
4661	9
4662	9
4663	9
4664	9
4665	9
4666	9
4667	6
4668	9
4669	9
4670	6
4671	9
4672	9
4673	9
4674	9
4675	9
4676	8
4677	8
4678	9
4679	3
4680	9
4681	3
4682	9
4683	3
4684	3
4685	9
4686	9
4687	9
4688	9
4689	6
4690	9
4691	9
4692	9
4693	9
4694	8
4695	9
4696	9
4697	9
4698	9
4699	9
4700	9
4701	9
4702	3
4703	3
4704	3
4705	9
4706	9
4707	6
4708	6
4709	8
4710	9
4711	9
4712	9
4713	9
4714	9
4715	9
4716	8
4717	8
4718	8
4719	8
4720	9
4721	9
4722	6
4723	9
4724	6
4725	6
4726	6
4727	6
4728	6
4729	9
4730	9
4731	9
4732	6
4733	6
4734	6
4735	6
4736	6
4737	3
4738	8
4739	8
4740	8
4741	8
4742	9
4743	9
4744	9
4745	8
4746	8
4747	6
4748	9
4749	9
4750	9
4751	6
4752	9
4753	9
4754	9
4755	6
4756	9
4757	6
4758	9
4759	9
4760	6
4761	6
4762	9
4763	9
4764	9
4765	8
4766	3
4767	3
4768	6
4769	9
4770	9
4771	9
4772	9
4773	9
4774	9
4775	6
4776	9
4777	9
4778	9
4779	9
4780	6
4781	9
4782	9
4783	9
4784	8
4785	3
4786	6
4787	9
4788	6
4789	9
4790	9
4791	9
4792	6
4793	9
4794	3
4795	9
4796	9
4797	3
4798	9
4799	9
4800	9
4801	9
4802	6
4803	6
4804	6
4805	6
4806	9
4807	9
4808	9
4809	9
4810	9
4811	9
4812	6
4813	9
4815	9
4816	9
4817	9
4818	9
4819	9
4820	9
4821	8
4822	9
4823	9
4826	9
4827	9
4828	9
4829	9
4830	6
4831	6
4832	9
4833	9
4834	9
4835	9
4836	6
4837	6
4838	9
4839	9
4840	9
4841	6
4842	6
4843	9
4844	9
4845	9
4846	9
4847	9
4848	9
4849	9
4850	9
4851	6
4852	6
4853	9
4854	9
4855	9
4856	6
4857	6
4858	6
4859	6
4860	9
4861	3
4862	9
4863	9
4864	6
4865	9
4866	9
4867	9
4868	9
4869	8
4870	3
4871	3
4872	9
4873	3
4874	9
4875	9
4876	9
4877	8
4878	9
4879	9
4880	6
4881	9
4882	6
4883	6
4884	6
4885	6
4886	6
4887	9
4888	6
4889	6
4890	9
4891	6
4892	3
4893	3
4894	3
4895	3
4896	3
4897	9
4898	9
4899	8
4900	8
4901	8
4902	8
4903	9
4904	9
4905	8
4906	8
4907	9
4908	9
4909	8
4910	8
4911	8
4912	8
4913	8
4914	8
4915	8
4916	9
4917	9
4918	9
4919	8
4920	8
4921	8
4922	8
4923	8
4924	8
4925	8
4926	9
4927	9
4928	8
4929	9
4930	8
4931	8
4932	9
4933	6
4934	8
4935	8
4936	9
4937	9
4938	9
4939	9
4940	8
4941	6
4942	8
4943	3
4944	9
4945	9
4946	3
4947	9
4948	8
4949	8
4950	8
4951	9
4953	9
4954	9
4955	9
4956	9
4958	9
4959	9
4961	9
4966	9
4968	9
4969	9
4970	8
4971	9
4972	8
4973	8
4974	9
4975	8
4976	8
4977	8
4978	9
4979	9
4980	8
4981	8
4982	8
4983	8
4984	8
4985	8
4986	8
4987	9
4988	9
4989	8
4990	9
4991	9
4992	9
4993	9
4994	9
4995	9
4996	9
4997	8
4998	8
4999	8
5000	9
5001	8
5002	9
5003	9
5004	9
5005	9
5006	9
5007	9
5008	9
5009	9
5010	8
5011	9
5012	8
5013	9
5014	9
5015	8
5016	9
5017	8
5018	8
5019	8
5020	9
5021	9
5022	8
5023	9
5024	9
5025	9
5026	9
5027	8
5028	9
5029	9
5030	9
5031	9
5032	9
5033	9
5034	8
5035	9
5036	8
5037	8
5038	8
5039	8
5040	8
5041	8
5042	8
5043	8
5044	9
5045	9
5046	9
5047	8
5048	8
5049	8
5050	9
5051	9
5052	9
5053	9
5054	9
5055	9
5058	8
5059	8
5063	9
5066	8
5067	8
5068	8
5069	8
5070	9
5071	9
5072	9
5073	9
5074	9
5075	9
5076	8
5077	9
5078	8
5079	8
5080	8
5081	8
5082	8
5083	9
5084	8
5085	8
5086	8
5087	8
5088	8
5089	8
5090	9
5091	9
5092	9
5093	0
5094	0
5095	0
5096	0
5097	9
5098	9
5099	9
5100	9
5101	9
5102	9
5103	9
5104	9
5105	9
5106	9
5107	9
5108	9
5109	9
5110	9
5111	9
5112	9
5113	9
5114	9
5115	9
5116	9
5117	9
5118	8
5119	8
5120	9
5121	8
5122	8
5123	9
5124	8
5125	2
5126	9
5127	2
5128	8
5129	8
5130	2
5131	2
5132	8
5133	9
5134	9
5135	9
5136	9
5137	9
5138	8
5139	8
5140	9
5141	9
5142	8
5143	9
5144	9
5145	9
5146	9
5147	9
5148	9
5149	8
5150	8
5151	9
5152	9
5153	9
5154	8
5155	9
5156	9
5157	9
5158	9
5159	9
5160	8
5161	3
5162	2
5163	9
5164	9
5165	9
5166	9
5167	8
5168	9
5169	8
5170	8
5171	8
5172	9
5173	9
5174	3
5175	9
5176	9
5177	9
5178	9
5179	8
5180	8
5181	9
5182	9
5183	9
5184	8
5185	9
5186	9
5187	8
5188	9
5189	3
5190	8
5191	8
5192	8
5193	8
5194	9
5195	9
5196	9
5197	9
5198	9
5199	9
5200	9
5201	9
5202	9
5203	9
5204	8
5205	8
5206	8
5207	9
5208	9
5209	9
5210	2
5211	9
5212	2
5213	8
5214	9
5215	9
5216	8
5217	8
5218	2
5219	9
5220	9
5221	8
5222	8
5223	9
5224	9
5225	9
5226	9
5227	8
5228	8
5229	8
5230	9
5231	9
5232	9
5233	9
5234	9
5235	9
5236	8
5237	9
5238	9
5239	9
5240	9
5241	9
5242	9
5243	9
5244	9
5245	8
5246	8
5247	9
5248	9
5249	8
5250	9
5251	9
5252	9
5253	8
5254	8
5255	9
5256	8
5257	8
5258	9
5259	9
5260	8
5261	8
5262	8
5263	8
5264	8
5265	9
5266	8
5267	3
5268	9
5269	9
5270	2
5271	9
5272	9
5273	9
5274	9
5275	8
5276	9
5277	9
5278	8
5279	2
5280	9
5281	9
5282	9
5283	9
5284	9
5285	9
5286	9
5287	9
5288	9
5289	8
5290	2
5291	9
5292	8
5293	9
5294	8
5295	2
5296	9
5297	9
5298	9
5299	3
5300	3
5301	8
5302	8
5303	8
5304	9
5305	8
5306	8
5307	9
5308	9
5309	9
5310	9
5311	2
5312	9
5313	9
5314	2
5315	9
5316	9
5317	9
5318	9
5319	9
5320	8
5321	9
5322	9
5324	9
5325	8
5326	9
5327	8
5328	9
5329	2
5330	9
5331	8
5332	2
5333	3
5334	9
5335	2
5336	9
5337	9
5338	9
5339	9
5340	2
5341	2
5342	3
5343	2
5344	9
5345	9
5346	2
5347	9
5348	8
5349	8
5350	8
5351	9
5352	9
5353	9
5354	9
5355	9
5356	8
5357	9
5358	9
5359	9
5360	9
5361	9
5362	8
5363	9
5364	9
5365	9
5366	9
5367	2
5368	9
5369	2
5370	9
5371	2
5372	2
5373	9
5374	9
5375	9
5376	8
5377	3
5378	8
5379	9
5380	8
5381	9
5382	9
5383	9
5384	8
5385	9
5386	9
5387	9
5388	2
5389	9
5390	2
5391	2
5392	2
5393	9
5394	2
5395	2
5396	2
5397	2
5398	9
5399	8
5400	9
5401	9
5402	9
5403	9
5404	9
5405	9
5406	9
5407	9
5408	9
5409	9
5410	9
5411	9
5412	9
5413	9
5414	9
5415	8
5416	2
5417	8
5418	3
5419	2
5420	8
5421	9
5422	9
5423	8
5424	9
5425	9
5426	9
5427	9
5428	8
5429	2
5430	2
5431	9
5432	9
5433	2
5434	8
5435	9
5436	2
5437	2
5438	9
5439	2
5440	9
5441	2
5442	8
5443	9
5444	9
5445	9
5446	9
5447	9
5448	9
5449	9
5450	2
5451	9
5452	9
5453	9
5454	2
5455	9
5456	9
5457	2
5458	8
5459	3
5460	2
5461	8
5462	8
5463	9
5464	9
5465	9
5466	8
5467	9
5468	3
5469	8
5470	9
5471	9
5472	9
5473	9
5474	2
5475	8
5476	2
5477	8
5478	8
5479	8
5480	9
5481	9
5482	9
5483	9
5484	8
5485	9
5486	2
5487	2
5488	2
5489	2
5490	2
5491	2
5492	9
5493	8
5494	9
5495	9
5496	9
5497	9
5498	9
5499	9
5500	8
5501	9
5502	9
5503	2
5504	2
5505	9
5506	9
5507	2
5508	2
5509	8
5510	2
5511	9
5512	8
5513	8
5514	8
5515	8
5516	2
5517	9
5518	9
5519	9
5520	2
5521	9
5522	9
5523	9
5524	8
5525	9
5526	9
5527	9
5528	9
5529	3
5530	9
5531	9
5532	9
5533	8
5534	8
5535	9
5536	9
5537	3
5538	9
5539	2
5540	2
5541	2
5542	2
5543	2
5544	2
5545	9
5546	9
5547	8
5548	9
5549	3
5550	3
5551	9
5552	2
5553	2
5554	2
5555	9
5556	9
5557	9
5558	8
5559	9
5560	9
5561	8
5562	9
5563	9
5564	8
5565	9
5566	9
5567	8
5568	9
5569	8
5570	9
5571	9
5572	2
5573	8
5574	9
5575	9
5576	8
5577	2
5578	9
5579	8
5580	2
5581	2
5582	2
5583	2
5584	2
5585	2
5586	9
5587	9
5588	8
5589	8
5590	8
5591	8
5592	8
5593	8
5594	8
5595	8
5596	2
5597	2
5598	9
5599	9
5600	9
5601	9
5602	9
5603	9
5604	9
5605	9
5606	8
5607	8
5608	8
5609	8
5610	9
5611	8
5612	9
5613	8
5614	8
5615	8
5616	9
5617	8
5618	9
5619	9
5620	9
5621	8
5622	9
5623	8
5624	9
5625	9
5626	8
5627	8
5628	9
5629	9
5630	9
5631	9
5632	8
5633	8
5634	9
5635	9
5636	9
5637	2
5638	2
5639	2
5640	9
5641	9
5642	9
5643	8
5644	9
5645	8
5646	9
5647	9
5648	9
5649	8
5650	8
5651	8
5652	2
5653	2
5654	9
5655	9
5656	9
5657	2
5658	9
5659	2
5660	2
5661	9
5662	9
5663	8
5664	8
5665	2
5666	9
5667	8
5668	8
5669	9
5670	3
5671	8
5672	8
5673	9
5674	9
5675	9
5676	9
5677	9
5678	9
5679	2
5680	2
5681	9
5682	2
5683	8
5684	9
5685	9
5686	9
5687	9
5688	2
5689	9
5690	8
5691	8
5692	9
5693	9
5694	8
5695	9
5696	8
5697	8
5698	8
5699	9
5700	9
5701	2
5702	2
5703	2
5704	9
5705	9
5706	8
5707	9
5708	8
5709	9
5710	9
5711	9
5712	9
5713	8
5714	3
5715	2
5716	9
5717	9
5718	9
5719	9
5720	9
5721	9
5722	9
5723	9
5725	9
5726	9
5727	2
5728	9
5729	8
5730	9
5731	3
5732	2
5733	9
5734	2
5735	8
5736	2
5737	8
5738	8
5739	9
5740	8
5741	8
5742	9
5743	8
5744	8
5745	8
5746	8
5747	8
5748	8
5749	9
5750	9
5751	9
5752	9
5753	9
5754	9
5755	9
5756	3
5757	9
5758	9
5759	9
5766	8
5767	9
5768	9
5769	9
5770	9
5771	3
5772	8
5773	8
5774	9
5775	3
5776	9
5777	9
5778	9
5779	9
5780	8
5781	2
5782	9
5783	9
5784	8
5785	8
5786	9
5787	8
5788	8
5789	9
5790	9
5791	9
5792	9
5793	9
5794	9
5795	8
5796	8
5797	8
5798	8
5799	8
5800	8
5801	9
5802	9
5803	9
5804	9
5805	8
5806	9
5807	8
5810	9
5811	8
5812	9
5813	9
5814	9
5815	9
5816	9
5817	9
5818	9
5819	9
5820	9
5821	9
5822	3
5823	9
5824	8
5825	9
5826	8
5827	2
5828	3
5829	9
5830	9
5831	3
5832	9
5833	9
5834	8
5835	9
5836	8
5837	8
5838	8
5839	8
5840	8
5841	9
5842	9
5843	8
5844	8
5845	8
5846	9
5847	8
5848	8
5849	8
5850	8
5851	2
5852	8
5853	8
5854	9
5855	9
5856	8
5857	8
5858	9
5859	9
5860	8
5861	9
5862	8
5863	9
5864	9
5865	2
5866	9
5867	9
5868	9
5869	9
5870	3
5871	3
5872	9
5873	9
5874	9
5875	9
5876	9
5877	9
5878	8
5879	9
5880	8
5881	8
5882	9
5883	8
5884	9
5885	9
5886	8
5887	8
5888	8
5889	8
5890	8
5891	9
5892	8
5893	9
5894	8
5895	9
5896	9
5897	8
5898	9
5899	9
5900	9
5901	9
5902	8
5903	9
5904	9
5905	9
5906	9
5907	9
5908	8
5909	9
5910	8
5911	9
5912	9
5913	9
5914	9
5915	9
5916	9
5917	9
5918	9
5919	9
5920	9
5921	9
5922	9
5923	9
5924	8
5925	9
5926	9
5927	9
5928	9
5929	9
5930	9
5931	9
5932	9
5933	9
5934	9
5935	9
5936	9
5937	8
5938	9
5939	9
5940	8
5941	8
5942	8
5943	9
5944	9
5945	9
5946	9
5947	9
5948	9
5949	9
5950	9
5951	9
5952	8
5953	9
5954	8
5955	8
5956	9
5957	9
5958	8
5959	8
5960	9
5961	9
5962	9
5963	8
5964	9
5965	9
5966	9
5967	9
5968	8
5969	8
5970	8
5971	9
5972	9
5973	8
5974	9
5975	9
5976	8
5977	9
5978	9
5979	9
5980	9
5981	9
5982	9
5983	9
5984	8
5985	8
5986	8
5987	9
5988	9
5989	9
5990	8
5991	9
5992	9
5993	9
5994	9
5995	9
5996	9
5997	9
5998	8
5999	9
6000	8
6001	9
6002	9
6003	8
6004	9
6005	9
6006	9
6007	8
6008	8
6009	8
6010	9
6011	9
6012	9
6013	9
6014	8
6015	9
6016	9
6017	8
6018	9
6019	9
6020	9
6021	9
6022	9
6023	9
6024	9
6025	8
6026	9
6027	9
6028	8
6029	8
6030	8
6031	9
6032	9
6033	9
6034	9
6035	8
6036	8
6037	9
6038	9
6039	9
6040	9
6041	9
6042	9
6043	9
6044	9
6045	9
6046	9
6047	7
6048	9
6049	9
6050	9
6051	9
6052	9
6053	9
6054	8
6055	8
6056	8
6057	9
6058	9
6059	9
6060	9
6061	9
6062	9
6063	9
6064	9
6065	8
6066	9
6067	8
6068	8
6069	9
6070	8
6071	9
6072	8
6073	9
6074	9
6075	8
6076	9
6077	8
6078	9
6079	8
6080	9
6081	9
6082	9
6083	9
6084	8
6085	9
6086	9
6087	8
6088	8
6089	8
6090	9
6091	9
6092	9
6093	9
6094	9
6095	9
6096	8
6097	8
6098	8
6099	8
6100	9
6101	9
6102	9
6103	8
6104	8
6105	8
6106	8
6107	8
6108	8
6109	8
6110	8
6111	9
6112	8
6113	9
6114	9
6115	9
6116	9
6117	9
6118	8
6119	8
6120	8
6121	9
6122	8
6123	8
6124	8
6125	8
6126	9
6127	8
6128	9
6129	8
6130	9
6131	9
6132	9
6133	8
6134	9
6135	8
6136	9
6137	8
6138	9
6139	8
6140	8
6141	8
6142	8
6143	8
6144	8
6145	8
6146	8
6147	8
6148	9
6149	8
6150	8
6151	9
6152	9
6153	8
6154	9
6155	9
6156	9
6157	9
6158	8
6159	9
6160	9
6161	9
6162	9
6163	9
6164	8
6165	8
6166	8
6167	8
6168	9
6169	8
6170	8
6171	9
6172	9
6173	9
6174	9
6175	8
6176	8
6177	8
6178	8
6179	9
6180	9
6181	9
6182	9
6183	9
6184	7
6185	9
6186	9
6187	7
6188	7
6189	7
6190	9
6191	7
6192	7
6193	9
6194	8
6195	9
6196	9
6197	8
6198	9
6199	9
6200	8
6201	9
6202	9
6203	9
6204	9
6205	9
6206	7
6207	9
6208	7
6209	7
6210	9
6211	7
6212	9
6213	9
6214	9
6215	7
6216	9
6217	7
6218	7
6219	9
6220	7
6221	9
6222	7
6223	9
6224	9
6225	9
6226	9
6227	9
6228	7
6229	7
6230	9
6231	9
6232	7
6233	9
6234	7
6235	9
6236	9
6237	7
6238	8
6239	9
6240	8
6241	8
6242	8
6243	8
6244	8
6245	9
6246	8
6247	9
6248	8
6249	8
6250	8
6251	8
6252	9
6253	8
6254	8
6255	8
6256	8
6257	8
6258	9
6259	8
6260	8
6261	8
6262	8
6263	9
6264	9
6265	9
6266	9
6267	9
6268	8
6269	8
6270	9
6271	9
6272	9
6273	8
6274	9
6275	8
6276	9
6277	9
6278	9
6279	9
6280	8
6281	8
6282	8
6283	9
6284	9
6285	8
6286	9
6287	9
6288	9
6289	8
6290	8
6291	8
6292	8
6293	9
6294	9
6295	8
6296	9
6297	9
6298	9
6299	9
6300	9
6301	8
6302	9
6303	9
6304	8
6305	8
6306	8
6307	8
6308	8
6309	9
6310	9
6311	8
6312	9
6313	8
6314	9
6315	9
6316	8
6317	9
6318	9
6319	8
6320	8
6321	9
6322	9
6323	9
6324	9
6325	9
6326	9
6327	8
6328	9
6329	8
6330	9
6331	9
6332	8
6333	8
6334	8
6335	9
6336	8
6337	9
6338	9
6339	9
6340	8
6341	8
6342	9
6343	9
6344	9
6345	9
6346	9
6347	9
6348	9
6349	9
6350	8
6351	8
6352	8
6353	9
6354	9
6355	9
6356	9
6357	8
6358	9
6359	8
6360	8
6361	9
6362	8
6363	8
6364	8
6365	8
6366	8
6367	8
6368	9
6369	8
6370	8
6371	8
6372	8
6373	8
6374	8
6375	8
6376	9
6377	8
6378	9
6379	9
6380	8
6381	8
6382	8
6383	8
6384	8
6385	8
6386	9
6387	8
6388	8
6389	8
6390	9
6391	9
6392	9
6393	8
6394	8
6395	8
6396	8
6397	9
6398	9
6399	8
6400	8
6401	9
6402	8
6403	8
6404	8
6405	8
6406	8
6407	8
6408	8
6409	8
6410	8
6411	8
6412	8
6413	9
6414	9
6415	9
6416	9
6417	8
6418	8
6419	9
6420	8
6421	8
6422	8
6423	9
6424	9
6425	9
6426	9
6427	8
6428	8
6429	9
6430	8
6431	8
6432	8
6433	8
6435	8
6436	9
6437	8
6438	9
6439	9
6440	9
6441	9
6442	8
6443	9
6444	8
6445	9
6446	8
6447	8
6448	8
6449	9
6450	8
6451	9
6452	9
6453	8
6454	8
6455	8
6456	8
6457	8
6458	8
6459	9
6460	8
6461	8
6462	9
6463	8
6464	9
6465	8
6466	8
6467	8
6468	8
6469	9
6470	9
6471	9
6472	8
6474	8
6475	9
6476	8
6477	8
6478	8
6479	8
6480	9
6481	9
6482	8
6483	9
6484	8
6485	8
6486	8
6487	9
6488	8
6489	9
6490	8
6491	9
6492	9
6493	8
6494	8
6495	8
6496	8
6497	8
6498	8
6499	9
6500	8
6501	8
6502	8
6503	8
6504	8
6505	8
6506	8
6507	9
6508	9
6509	8
6510	9
6511	9
6512	8
6513	8
6514	9
6515	8
6516	9
6517	9
6518	8
6519	9
6520	8
6521	8
6522	8
6523	9
6524	9
6525	8
6526	8
6527	9
6528	9
6529	9
6530	8
6531	9
6532	8
6533	9
6534	9
6535	9
6536	8
6537	9
6538	8
6539	8
6540	9
6541	8
6542	8
6543	9
6544	9
6545	9
6546	9
6547	9
6548	9
6549	9
6550	9
6551	8
6552	8
6553	9
6554	8
6555	9
6556	9
6557	8
6558	8
6559	9
6560	8
6561	8
6562	9
6563	8
6564	8
6565	9
6566	9
6567	9
6568	9
6569	9
6570	9
6571	9
6572	9
6573	9
6574	9
6575	9
6576	9
6577	9
6578	9
6579	9
6580	9
6581	9
6582	9
6583	9
6584	9
6585	9
6586	9
6587	9
6588	9
6589	9
6590	9
6591	9
6592	9
6593	9
6594	9
6595	9
6596	9
6597	9
6598	9
6599	9
6600	9
6601	9
6602	9
6603	9
6604	9
6605	9
6606	9
6607	9
6608	9
6609	9
6610	8
6611	8
6612	8
6613	9
6614	9
6615	9
6616	9
6617	9
6618	9
6619	9
6620	0
6621	0
6622	9
6623	0
6624	8
6625	8
6626	8
6627	8
6628	8
6629	8
6630	8
6631	8
6632	9
6633	8
6634	9
6635	9
6636	8
6637	9
6638	8
6639	8
6640	8
6641	9
6642	8
6643	8
6644	8
6645	8
6646	9
6647	8
6648	9
6650	8
6651	8
6652	8
6653	8
6654	8
6655	8
6656	8
6657	9
6658	8
6659	8
6660	8
6661	9
6662	8
6663	8
6664	8
6665	8
6666	8
6667	8
6668	8
6669	8
6671	8
6672	8
6679	9
6683	9
6684	9
6685	9
6686	8
6687	8
6688	9
6689	8
6690	8
6691	8
6692	9
6693	9
6694	9
6695	9
6696	9
6697	9
6698	8
6699	8
6700	8
6701	9
6702	9
6703	8
6704	9
6705	8
6706	9
6707	9
6708	9
6709	9
6710	9
6711	8
6712	8
6713	8
6714	8
6715	8
6716	8
6717	8
6718	8
6719	8
6720	9
6721	9
6722	8
6723	9
6724	8
6725	8
6726	8
6727	8
6728	8
6729	8
6730	8
6731	8
6732	9
6733	8
6734	8
6735	8
6736	8
6737	8
6738	8
6739	9
6740	9
6741	9
6742	8
6743	8
6744	8
6745	8
6746	8
6747	8
6748	8
6749	8
6750	8
6751	9
6752	9
6753	8
6754	8
6755	9
6756	9
6757	8
6758	8
6759	8
6760	8
6761	8
6762	8
6763	8
6764	9
6765	9
6766	9
6767	9
6768	9
6769	9
6770	9
6771	9
6772	9
6773	9
6774	9
6775	9
6776	9
6777	9
6778	9
6779	9
6780	9
6781	9
6782	9
6783	9
6784	9
6785	9
6786	9
6787	9
6788	9
6789	9
6790	9
6791	9
6792	9
6793	9
6794	9
6795	9
6796	9
6797	9
6798	9
6799	9
6800	9
6801	9
6802	9
6803	9
6804	9
6805	9
6806	9
6807	9
6808	9
6809	9
6810	9
6811	9
6812	9
6813	9
6814	9
6815	9
6816	8
6817	9
6818	9
6819	9
6820	8
6821	9
6822	8
6823	0
6824	0
6825	0
6826	0
6827	0
6828	9
6829	0
6830	0
6831	0
6832	9
6833	0
6834	9
6835	9
6836	9
6837	9
6838	9
6839	9
6840	9
6841	9
6842	9
6843	9
6844	9
6845	9
6846	9
6847	9
6848	9
6849	9
6850	9
6851	9
6852	9
6853	9
6854	9
6855	0
6856	8
6857	0
6858	9
6859	0
6860	9
6861	8
6862	8
6863	0
6864	0
6865	0
6866	0
6867	8
6868	9
6869	8
6870	8
6871	0
6872	8
6873	8
6874	8
6875	8
6876	9
6877	9
6878	9
6879	9
6880	9
6881	8
6882	8
6883	9
6884	9
6885	9
6886	9
6887	8
6888	9
6889	8
6890	8
6891	8
6892	8
6893	8
6894	8
6895	8
6896	8
6897	8
6898	9
6899	9
6900	8
6901	9
6902	8
6903	9
6904	9
6905	8
6906	8
6907	9
6908	8
6909	9
6910	9
6911	9
6912	8
6913	8
6914	9
6915	9
6916	9
6917	8
6918	8
6919	9
6920	9
6921	9
6922	9
6923	9
6924	9
6925	9
6926	9
6927	9
6928	9
6929	9
6930	8
6931	9
6932	9
6933	9
6934	8
6935	9
6936	9
6937	9
6938	9
6939	8
6940	9
6941	8
6942	9
6943	8
6944	8
6945	8
6946	9
6947	9
6948	9
6949	8
6950	8
6951	8
6952	9
6953	9
6954	8
6955	8
6956	8
6957	8
6958	8
6959	8
6960	9
6961	8
6962	8
6963	8
6964	8
6965	8
6966	9
