District 0: num of precincts (164) pop (151283)
District 1: num of precincts (32) pop (29333)
District 2: num of precincts (399) pop (279109)
District 3: num of precincts (472) pop (460622)
District 4: num of precincts (206) pop (159786)
District 5: num of precincts (181) pop (141097)
District 6: num of precincts (38) pop (62182)
District 7: num of precincts (70) pop (42955)
District 8: num of precincts (1299) pop (1451524)
District 9: num of precincts (3969) pop (3892688)
population error: 120%

1	8
2	9
3	9
4	8
5	9
6	8
7	8
8	9
9	8
10	9
11	9
12	9
13	9
14	9
15	9
16	9
17	9
18	9
19	9
20	8
21	9
22	8
23	8
24	8
25	9
26	9
27	9
28	9
29	9
30	9
31	9
32	9
33	9
34	9
35	9
36	9
37	9
38	9
39	9
40	9
41	9
42	9
43	9
44	9
45	9
46	9
47	9
48	9
49	9
50	9
51	9
52	9
53	9
54	9
55	9
56	9
57	9
58	9
59	9
60	9
61	9
62	9
63	0
64	0
65	0
66	0
67	0
68	9
69	0
70	8
71	8
72	0
73	0
74	9
75	0
76	9
77	0
78	9
79	9
80	0
81	0
82	9
83	8
84	0
85	9
86	8
87	9
88	0
89	0
90	0
91	0
92	9
93	0
94	9
95	9
96	9
97	9
98	9
99	9
100	9
101	9
102	9
103	9
104	9
105	9
106	9
107	0
108	0
109	9
110	9
111	0
112	0
113	0
114	0
115	9
116	9
117	0
118	9
119	0
120	9
121	9
122	0
123	0
124	9
125	9
126	9
127	9
128	9
129	9
130	9
131	9
132	9
133	0
134	0
135	0
136	0
137	0
138	0
139	0
140	0
141	0
142	0
143	9
144	0
145	0
146	0
147	0
148	0
149	0
150	9
151	9
152	9
153	0
154	0
155	0
156	0
157	0
158	0
159	0
160	0
161	9
162	0
163	0
164	0
165	0
166	0
167	0
168	0
169	0
170	0
171	0
172	0
173	0
174	9
175	0
176	0
177	0
178	0
179	0
180	0
181	0
182	9
183	0
184	8
185	9
186	0
187	9
188	8
189	0
190	9
191	0
192	8
193	8
194	0
195	0
196	0
197	0
198	0
199	9
200	0
201	0
202	0
203	9
204	0
205	0
206	0
207	0
208	0
209	9
210	0
211	0
212	9
213	9
214	0
215	0
216	9
217	0
218	0
219	0
220	0
221	0
222	0
223	0
224	9
225	9
226	9
227	0
228	0
229	0
230	0
231	0
232	0
233	0
234	0
235	0
236	0
237	0
238	0
239	0
240	0
241	0
242	0
243	0
244	0
245	9
246	9
247	0
248	0
249	0
250	9
251	9
252	0
253	0
254	8
255	0
256	0
257	9
258	8
259	9
260	9
261	9
262	9
263	9
264	9
265	9
266	9
267	9
268	9
269	1
270	9
271	9
272	9
273	9
274	9
275	8
276	1
277	9
278	8
279	9
280	9
281	8
282	9
283	9
284	9
285	9
286	8
287	9
288	9
289	9
290	9
291	9
292	9
293	9
294	9
295	9
296	9
297	9
298	9
299	9
300	8
301	9
302	9
303	8
304	9
305	9
306	9
307	9
308	9
309	9
310	9
311	9
312	9
313	9
314	9
315	9
316	9
317	9
318	9
319	9
320	9
321	9
322	1
323	9
324	1
325	9
326	9
327	9
328	9
329	9
330	9
331	9
332	9
333	9
334	9
335	9
336	9
337	1
338	9
339	9
340	9
341	9
342	9
343	9
344	9
345	9
346	9
347	9
348	9
349	9
350	9
351	9
352	9
353	9
354	9
355	9
357	9
358	9
359	9
360	9
361	9
362	9
363	9
365	9
366	9
367	9
368	9
369	9
370	9
372	9
373	9
374	9
375	9
376	9
377	9
378	9
379	9
380	9
381	9
382	9
383	9
384	9
385	9
386	9
387	9
388	9
389	9
390	9
391	9
392	9
393	9
394	9
395	9
396	9
397	9
398	9
399	9
400	9
401	9
402	9
403	9
404	9
405	9
406	9
407	9
408	9
409	9
410	9
411	9
412	9
413	9
414	9
415	9
416	9
417	9
418	9
419	9
420	9
421	9
422	9
423	9
424	9
425	9
426	9
427	9
428	9
429	9
430	9
431	9
432	9
434	9
435	9
436	9
438	9
439	8
440	8
441	8
442	8
443	8
444	8
445	8
446	9
447	9
448	9
449	9
450	8
451	8
452	9
453	9
454	8
455	8
456	8
457	8
458	8
459	8
460	9
461	9
462	8
463	8
464	9
465	8
466	8
467	9
468	8
469	8
470	8
471	8
472	9
473	9
474	8
475	8
476	8
477	8
478	8
479	8
480	9
481	9
482	8
483	8
484	8
485	8
486	8
487	9
488	9
489	8
490	9
491	8
492	8
493	9
494	9
495	8
496	8
497	9
498	9
499	9
500	8
501	9
502	9
503	9
504	8
505	9
506	9
507	9
508	8
509	9
510	9
511	9
512	8
513	9
514	9
515	9
516	9
517	9
518	9
519	9
520	9
521	8
522	8
523	9
524	9
525	9
526	9
527	9
528	9
529	9
530	9
531	9
532	9
533	9
534	8
535	9
536	9
538	9
539	9
540	8
541	8
542	9
543	9
544	9
545	9
546	9
547	9
548	8
549	8
550	8
551	9
552	8
553	9
554	9
555	8
556	9
557	9
558	8
559	9
560	9
561	9
562	8
563	8
564	9
565	9
566	9
567	9
568	9
569	9
570	9
571	9
572	9
573	9
574	9
575	8
576	8
577	9
578	9
579	8
580	9
581	9
582	8
583	9
584	9
585	9
586	9
587	9
588	9
589	9
590	9
591	9
592	8
593	9
594	9
595	9
596	9
597	9
598	9
599	8
600	8
601	9
602	8
603	8
604	8
605	8
606	8
607	8
608	8
609	8
610	8
611	8
612	9
613	8
614	9
615	9
616	9
617	8
618	8
619	8
620	8
621	8
622	8
623	8
624	8
625	9
626	8
627	8
628	8
629	8
630	8
631	8
632	8
633	8
634	8
635	8
636	8
637	8
638	8
639	9
640	8
641	8
642	8
643	9
644	8
645	8
646	8
647	8
648	8
649	8
650	8
651	9
652	8
653	8
654	8
655	9
656	9
657	8
658	9
659	8
660	9
661	9
662	8
663	9
664	9
665	9
666	9
667	9
668	9
669	8
670	8
671	9
672	8
673	8
674	8
675	9
676	9
677	9
678	8
679	8
680	8
681	9
682	9
683	9
684	9
685	8
686	9
687	9
688	9
689	9
690	9
691	9
692	8
693	8
694	9
695	9
696	9
697	9
698	9
699	8
700	8
701	9
702	8
703	9
704	9
705	8
706	9
707	8
708	8
709	9
710	9
711	8
712	8
713	8
714	8
715	8
716	8
717	8
718	9
719	9
720	9
721	9
722	9
723	9
724	8
725	9
726	9
727	9
728	9
729	8
730	9
731	9
732	9
733	9
734	9
735	8
736	8
737	8
738	8
739	8
740	9
741	9
742	9
743	8
744	8
745	9
746	9
747	9
748	8
749	8
750	9
751	8
752	9
753	9
754	9
755	9
756	9
757	8
758	8
759	9
760	9
761	9
762	1
763	1
764	1
765	1
766	9
767	9
768	9
769	9
770	9
771	9
772	1
773	1
774	1
775	9
776	9
777	1
778	1
779	1
780	1
781	1
782	1
783	1
784	9
785	1
786	1
787	1
788	1
789	1
790	9
791	1
792	1
793	9
794	1
795	9
796	9
797	7
798	7
799	9
800	9
801	7
802	7
803	7
804	7
805	9
806	9
807	8
808	8
809	8
810	9
811	7
812	9
813	8
814	9
815	8
816	7
817	9
818	9
819	7
820	8
821	9
822	9
823	7
824	9
825	7
826	9
827	8
828	9
829	9
830	7
831	7
832	8
833	9
834	9
835	9
836	9
837	9
838	9
839	0
840	0
841	0
842	9
843	9
844	9
845	9
846	9
847	9
848	9
849	9
850	9
851	9
852	9
853	9
854	9
855	9
856	9
857	9
858	9
859	9
860	0
861	9
862	9
863	0
864	9
865	9
866	9
867	9
868	9
869	9
870	9
871	9
872	8
873	8
874	8
875	8
876	8
877	9
878	8
879	8
880	9
881	8
882	8
883	8
884	8
885	8
886	8
887	8
888	8
889	8
890	9
891	9
892	9
893	8
894	9
895	8
896	9
897	8
898	8
899	9
900	8
901	8
902	9
903	9
904	9
905	9
906	9
907	9
908	9
909	0
910	9
911	9
912	9
913	9
914	9
915	9
916	9
917	9
918	0
919	9
920	0
921	9
922	9
923	9
924	9
925	9
926	9
927	9
928	9
929	9
930	9
931	9
932	9
933	9
934	9
935	9
936	8
937	9
938	9
939	9
940	9
941	9
942	8
943	8
944	9
945	9
946	9
947	9
948	9
949	9
950	9
951	9
952	9
953	9
954	9
955	9
956	9
957	9
958	8
959	8
960	9
961	9
962	9
963	9
964	9
965	9
966	9
967	9
968	0
969	9
970	9
971	9
972	9
973	9
974	9
975	9
976	9
977	9
978	9
979	8
980	8
981	8
982	8
983	9
984	9
985	9
986	9
987	8
988	8
989	9
990	9
991	8
992	9
993	9
994	9
995	8
996	9
997	9
998	8
999	8
1000	9
1001	9
1002	9
1003	9
1004	9
1005	8
1006	8
1007	9
1008	9
1009	8
1010	8
1011	8
1012	8
1013	8
1014	9
1015	8
1016	8
1017	9
1018	8
1019	8
1020	9
1021	8
1022	8
1023	9
1024	8
1025	8
1026	9
1027	8
1028	8
1029	8
1030	9
1031	9
1032	8
1033	8
1034	8
1035	8
1036	8
1037	8
1038	9
1039	9
1040	8
1041	8
1042	8
1043	8
1044	9
1045	8
1046	8
1051	8
1052	8
1053	9
1054	9
1055	9
1056	9
1057	8
1058	8
1059	8
1060	8
1061	8
1062	8
1063	8
1064	9
1065	8
1066	9
1068	9
1069	8
1070	9
1071	8
1072	8
1073	8
1074	8
1075	8
1076	8
1077	8
1078	8
1079	8
1080	8
1081	8
1082	8
1084	8
1085	8
1087	8
1088	9
1089	8
1090	9
1091	9
1092	9
1093	8
1094	8
1095	8
1096	8
1097	8
1099	8
1101	8
1102	9
1103	8
1104	8
1105	8
1106	9
1107	9
1108	9
1109	8
1110	9
1111	9
1112	9
1113	8
1114	8
1115	8
1116	9
1117	9
1118	9
1120	8
1121	9
1122	9
1123	9
1124	9
1125	9
1126	9
1127	9
1128	9
1129	9
1130	9
1131	9
1132	8
1133	9
1134	8
1135	8
1136	8
1137	9
1138	9
1139	9
1140	8
1141	9
1142	9
1143	8
1144	9
1145	9
1146	9
1147	8
1149	9
1151	8
1157	8
1160	8
1161	8
1162	8
1163	8
1164	8
1165	9
1167	8
1168	8
1169	8
1170	8
1171	9
1172	8
1173	8
1174	9
1175	9
1176	8
1177	9
1178	9
1179	9
1181	9
1182	9
1185	9
1189	8
1190	9
1191	9
1192	9
1193	9
1194	9
1195	9
1196	9
1197	9
1198	9
1199	9
1200	9
1201	9
1202	9
1203	9
1204	9
1205	9
1206	9
1207	9
1208	9
1209	9
1210	9
1211	9
1212	9
1213	9
1214	9
1215	9
1216	9
1217	3
1218	3
1219	3
1220	3
1221	3
1222	3
1223	9
1224	3
1225	3
1226	3
1227	3
1228	3
1229	3
1230	3
1231	9
1232	3
1233	9
1234	9
1235	9
1236	9
1237	9
1238	9
1239	9
1240	9
1241	9
1242	9
1243	9
1244	9
1245	9
1246	9
1247	9
1249	9
1250	9
1251	9
1252	9
1253	9
1254	9
1255	9
1256	9
1257	9
1258	9
1259	9
1260	9
1261	9
1263	9
1264	9
1265	9
1266	9
1267	9
1268	9
1269	9
1270	9
1271	2
1272	2
1273	4
1274	2
1275	2
1276	2
1277	4
1278	4
1279	4
1280	4
1281	4
1282	4
1283	4
1284	4
1285	4
1286	4
1287	4
1288	2
1289	2
1290	2
1291	2
1292	2
1293	9
1294	2
1295	9
1296	2
1297	9
1298	9
1299	9
1300	9
1301	9
1302	9
1303	9
1304	2
1305	9
1306	2
1307	9
1308	9
1309	9
1310	9
1311	9
1312	9
1313	9
1314	9
1315	9
1316	4
1317	9
1318	3
1319	9
1320	3
1321	3
1322	9
1323	9
1324	5
1325	5
1326	5
1327	9
1328	9
1329	9
1330	5
1331	9
1332	9
1333	5
1334	5
1335	5
1336	5
1337	5
1338	5
1339	5
1340	5
1341	9
1342	9
1343	9
1344	9
1345	9
1346	9
1347	9
1348	9
1349	5
1350	9
1351	9
1352	9
1353	9
1354	9
1355	9
1356	9
1357	9
1358	9
1359	9
1360	9
1361	9
1362	9
1363	9
1364	9
1365	5
1366	5
1367	5
1368	2
1369	9
1370	9
1371	2
1372	2
1374	9
1375	9
1376	9
1377	9
1378	9
1379	9
1380	3
1381	9
1382	3
1383	3
1384	3
1385	3
1386	3
1387	3
1388	9
1389	3
1390	3
1391	3
1392	9
1393	6
1394	9
1395	9
1396	9
1397	9
1398	9
1399	9
1400	9
1401	9
1402	9
1403	9
1404	9
1405	9
1406	9
1407	9
1408	9
1409	9
1410	9
1411	9
1412	9
1413	3
1414	9
1415	9
1416	9
1417	9
1418	9
1419	4
1420	9
1421	4
1422	4
1423	9
1424	9
1425	9
1426	4
1427	4
1429	4
1432	4
1433	4
1434	2
1435	9
1436	9
1437	2
1438	9
1439	9
1440	9
1441	9
1442	9
1443	9
1444	9
1445	9
1446	9
1447	9
1448	2
1449	9
1450	2
1451	2
1452	9
1453	2
1454	9
1455	9
1456	9
1457	9
1458	9
1459	2
1460	2
1461	9
1462	9
1463	9
1464	9
1465	9
1466	3
1467	3
1468	3
1469	9
1470	3
1471	3
1472	3
1473	3
1474	3
1475	3
1476	5
1477	5
1478	9
1479	9
1480	9
1481	9
1482	9
1483	9
1484	9
1485	5
1486	5
1487	5
1488	5
1489	9
1490	5
1491	5
1492	5
1493	5
1494	5
1495	9
1496	9
1497	5
1498	5
1499	5
1500	9
1501	9
1502	9
1503	9
1504	9
1505	9
1506	9
1507	9
1508	9
1509	9
1510	9
1511	9
1512	2
1513	9
1514	9
1515	9
1516	2
1517	9
1518	9
1519	9
1520	9
1521	9
1522	9
1523	9
1524	9
1525	9
1526	9
1527	9
1528	9
1529	9
1530	9
1531	9
1533	9
1534	9
1535	2
1536	2
1537	9
1538	5
1539	5
1540	5
1541	5
1542	5
1543	2
1544	3
1545	3
1546	3
1547	9
1548	9
1549	9
1550	9
1551	9
1552	3
1553	9
1554	9
1555	9
1556	9
1557	9
1558	9
1559	9
1560	9
1561	3
1562	3
1563	9
1564	9
1565	9
1566	9
1567	9
1568	3
1569	3
1570	9
1571	9
1572	9
1573	9
1574	9
1575	9
1576	9
1577	9
1578	9
1579	9
1580	9
1581	9
1582	9
1584	4
1585	4
1586	9
1587	9
1588	9
1589	9
1590	9
1591	9
1592	9
1593	9
1594	9
1596	9
1597	9
1598	9
1599	9
1600	9
1601	9
1602	9
1603	9
1604	9
1605	9
1606	9
1607	9
1608	9
1609	9
1610	9
1611	9
1612	9
1613	9
1614	9
1615	9
1616	2
1617	9
1618	9
1619	9
1620	2
1621	9
1622	2
1623	9
1624	2
1625	2
1626	2
1627	2
1628	2
1629	2
1630	2
1631	2
1632	2
1633	9
1634	2
1635	2
1636	3
1637	3
1638	3
1639	3
1640	9
1641	9
1642	3
1643	3
1644	3
1645	9
1646	5
1647	5
1648	5
1649	9
1650	5
1651	5
1652	9
1653	9
1654	9
1655	9
1656	9
1657	9
1658	5
1659	9
1660	9
1661	9
1662	9
1663	9
1664	9
1665	3
1666	9
1667	9
1668	3
1669	9
1670	3
1671	5
1672	2
1673	2
1674	2
1675	2
1676	2
1677	2
1678	2
1679	2
1680	2
1681	2
1682	2
1683	2
1684	2
1685	2
1686	2
1687	2
1688	9
1689	9
1690	5
1691	5
1692	5
1693	5
1694	9
1695	9
1696	2
1697	2
1698	9
1699	2
1700	9
1701	9
1702	2
1703	9
1704	2
1705	2
1706	9
1707	9
1708	9
1709	9
1710	9
1711	9
1712	9
1713	9
1714	3
1715	9
1716	9
1717	9
1718	9
1719	9
1720	9
1721	9
1722	9
1723	9
1724	9
1725	3
1726	9
1727	3
1728	3
1729	9
1730	9
1731	3
1732	3
1733	9
1734	9
1735	9
1736	9
1737	9
1738	9
1739	9
1740	9
1741	4
1742	9
1743	9
1744	9
1745	9
1746	9
1747	4
1748	4
1749	4
1750	9
1751	4
1752	9
1753	4
1754	9
1755	3
1756	4
1757	4
1758	9
1759	9
1760	9
1761	3
1762	3
1763	9
1764	9
1765	9
1766	9
1767	9
1769	9
1770	2
1771	9
1772	9
1773	2
1774	9
1775	9
1776	9
1777	9
1778	9
1779	9
1780	2
1781	9
1782	2
1783	2
1784	9
1785	9
1786	2
1787	9
1788	9
1789	9
1790	9
1791	9
1792	9
1793	2
1795	2
1796	9
1797	9
1798	2
1799	9
1800	9
1801	9
1802	3
1803	3
1804	9
1805	3
1806	3
1807	3
1808	3
1809	3
1810	3
1811	3
1812	9
1813	3
1814	3
1815	3
1816	9
1817	3
1818	3
1819	9
1820	9
1821	9
1822	9
1823	9
1824	5
1825	5
1826	5
1827	5
1828	5
1829	5
1830	5
1831	5
1832	5
1833	2
1834	2
1835	2
1836	2
1837	2
1838	2
1839	2
1840	2
1841	2
1842	2
1843	2
1844	2
1845	2
1846	9
1847	9
1848	9
1849	9
1850	9
1851	9
1852	9
1853	5
1854	9
1855	5
1856	5
1857	9
1858	9
1859	9
1860	9
1861	9
1862	9
1863	3
1864	3
1865	3
1866	9
1867	3
1868	3
1869	9
1870	3
1871	9
1872	9
1873	9
1874	9
1875	9
1876	9
1877	9
1878	6
1879	6
1880	6
1881	6
1882	3
1883	3
1884	3
1885	9
1886	3
1887	9
1888	3
1889	9
1890	9
1891	9
1892	3
1893	3
1894	3
1895	3
1896	4
1897	4
1898	9
1899	9
1900	4
1901	9
1902	9
1903	9
1904	9
1905	4
1906	3
1907	3
1908	9
1909	9
1910	9
1911	9
1912	3
1913	9
1914	9
1915	9
1916	9
1917	9
1918	9
1919	9
1920	9
1921	9
1922	9
1923	9
1924	9
1925	9
1926	9
1927	9
1928	9
1929	9
1930	9
1931	9
1932	9
1933	9
1934	9
1935	9
1936	9
1937	9
1938	9
1939	9
1940	9
1941	9
1942	2
1943	9
1944	2
1945	9
1946	9
1947	9
1948	2
1949	2
1950	2
1951	2
1952	2
1953	2
1954	2
1955	2
1956	9
1957	9
1958	2
1959	2
1960	2
1961	2
1962	2
1963	2
1964	2
1965	9
1966	9
1967	3
1968	3
1969	3
1970	9
1971	9
1972	9
1973	9
1974	9
1975	9
1976	9
1977	5
1978	9
1979	9
1980	5
1981	5
1982	5
1983	5
1984	5
1985	5
1986	9
1987	9
1988	9
1989	9
1990	9
1991	9
1992	2
1993	2
1994	9
1995	9
1996	9
1997	9
1998	9
1999	9
2000	9
2001	9
2002	9
2003	9
2004	9
2005	9
2006	2
2007	2
2008	2
2009	9
2010	9
2011	5
2012	5
2013	5
2014	9
2015	3
2016	3
2017	3
2018	3
2019	3
2020	9
2021	9
2022	9
2023	9
2024	9
2025	9
2026	9
2027	9
2028	9
2029	9
2030	9
2031	9
2032	9
2033	9
2034	9
2035	9
2036	9
2037	9
2038	9
2039	9
2040	9
2041	3
2042	3
2043	3
2044	3
2045	3
2046	9
2047	9
2048	9
2049	9
2050	9
2051	9
2052	4
2053	9
2054	4
2055	4
2056	4
2057	9
2058	4
2059	4
2060	9
2061	9
2062	9
2063	9
2064	9
2065	9
2066	9
2067	9
2068	9
2069	9
2070	9
2071	9
2072	9
2073	9
2074	9
2075	9
2076	9
2077	9
2078	9
2079	9
2080	2
2081	9
2082	9
2083	9
2084	9
2085	9
2086	2
2087	9
2088	9
2089	9
2090	9
2091	9
2092	2
2093	9
2094	9
2095	9
2096	9
2097	2
2098	2
2099	2
2100	2
2101	2
2102	2
2103	2
2104	2
2105	2
2106	2
2107	9
2108	2
2109	9
2110	9
2111	9
2112	9
2113	3
2114	9
2115	3
2116	9
2117	9
2118	9
2119	9
2120	9
2121	9
2122	9
2123	9
2124	5
2125	9
2126	9
2127	9
2128	9
2129	9
2130	9
2131	5
2132	5
2133	5
2134	5
2135	9
2136	5
2137	5
2138	5
2139	5
2140	9
2141	9
2142	9
2143	9
2144	9
2145	9
2146	9
2147	9
2148	9
2149	9
2150	9
2151	9
2152	9
2153	9
2154	3
2155	3
2156	5
2157	9
2158	9
2161	3
2162	3
2163	9
2164	3
2165	9
2166	9
2167	9
2168	9
2169	9
2170	9
2171	9
2172	9
2173	9
2174	3
2175	9
2176	9
2177	9
2178	9
2179	9
2180	9
2181	9
2182	3
2183	3
2184	3
2185	9
2186	9
2187	9
2188	9
2189	9
2190	9
2191	9
2192	9
2193	9
2194	9
2195	9
2196	9
2197	9
2198	9
2199	9
2200	9
2201	6
2202	9
2203	9
2204	9
2205	9
2206	3
2207	3
2208	4
2209	4
2210	4
2211	4
2212	4
2213	4
2215	4
2216	9
2217	9
2218	9
2219	9
2220	9
2221	9
2222	4
2223	4
2224	9
2225	9
2226	4
2227	9
2228	4
2229	4
2230	4
2231	4
2232	4
2233	9
2234	2
2235	2
2236	9
2237	9
2238	9
2239	9
2240	9
2241	9
2242	9
2243	9
2244	9
2245	9
2246	9
2247	2
2248	9
2249	9
2250	9
2251	9
2252	9
2253	9
2254	9
2255	9
2256	9
2257	9
2258	3
2259	9
2260	9
2261	3
2262	3
2263	9
2264	9
2265	3
2266	3
2267	3
2268	9
2269	9
2270	3
2271	3
2272	9
2273	5
2274	5
2275	5
2276	5
2277	5
2278	5
2279	5
2280	2
2281	5
2282	5
2283	5
2284	5
2285	5
2286	2
2287	5
2288	5
2289	9
2290	9
2291	2
2292	9
2293	9
2294	2
2295	2
2296	2
2297	2
2298	2
2299	2
2300	2
2301	2
2302	5
2303	9
2304	9
2305	9
2306	9
2307	9
2308	9
2309	9
2310	3
2311	9
2312	9
2313	9
2314	9
2315	9
2316	9
2317	9
2318	3
2319	3
2320	3
2321	3
2322	3
2323	9
2324	9
2325	9
2326	9
2327	9
2328	3
2329	9
2330	9
2331	9
2332	9
2333	3
2334	9
2335	9
2336	9
2337	9
2338	9
2339	9
2340	9
2341	9
2342	3
2343	3
2344	6
2345	6
2346	9
2347	6
2348	6
2349	6
2350	3
2351	3
2352	6
2353	3
2354	3
2355	9
2356	4
2357	9
2358	9
2359	3
2360	9
2361	3
2362	9
2363	9
2364	3
2365	3
2366	3
2367	3
2368	3
2369	9
2370	9
2371	9
2372	9
2373	9
2374	9
2375	9
2376	9
2377	4
2378	4
2379	4
2380	4
2381	4
2382	4
2383	4
2384	4
2385	9
2386	9
2387	4
2388	4
2389	4
2390	9
2391	9
2392	9
2393	9
2394	4
2395	4
2396	9
2397	9
2398	9
2399	2
2400	4
2401	4
2402	4
2403	9
2404	9
2405	9
2406	9
2407	9
2408	9
2409	9
2410	9
2411	9
2412	9
2413	9
2414	9
2415	9
2416	9
2417	9
2418	9
2419	9
2420	9
2421	9
2422	9
2423	9
2424	9
2425	3
2426	3
2427	9
2428	3
2429	3
2430	3
2431	3
2432	3
2433	3
2434	3
2435	9
2436	9
2437	9
2438	9
2439	9
2440	3
2441	3
2442	3
2443	5
2444	9
2445	5
2446	5
2447	9
2448	9
2449	9
2450	9
2451	5
2452	9
2453	3
2454	3
2455	2
2456	2
2457	2
2458	2
2459	2
2460	2
2461	5
2462	9
2463	9
2464	9
2465	9
2466	9
2467	9
2468	9
2469	9
2470	9
2471	3
2472	9
2473	9
2474	9
2475	9
2476	9
2477	9
2478	9
2479	3
2480	3
2481	3
2482	3
2483	3
2484	9
2485	9
2486	5
2487	9
2488	9
2489	5
2490	9
2491	9
2492	9
2493	9
2494	9
2495	9
2496	9
2497	9
2498	9
2499	9
2500	9
2501	9
2502	3
2503	3
2504	9
2505	9
2506	3
2507	3
2508	9
2509	3
2510	9
2511	4
2512	4
2513	4
2514	4
2515	4
2516	4
2517	4
2518	9
2520	4
2521	4
2522	9
2523	4
2524	9
2525	4
2526	3
2527	3
2528	3
2529	9
2530	9
2531	9
2532	3
2533	3
2534	3
2535	9
2536	4
2537	4
2538	9
2539	9
2540	4
2541	4
2542	4
2543	4
2544	4
2545	4
2546	4
2547	4
2548	4
2549	4
2550	4
2551	9
2552	4
2553	4
2554	4
2555	4
2556	2
2557	4
2558	4
2559	4
2560	4
2561	3
2562	3
2563	3
2564	4
2565	4
2566	2
2567	3
2568	3
2569	9
2570	9
2571	2
2572	2
2573	9
2574	2
2575	5
2576	9
2577	5
2578	5
2579	5
2580	5
2581	2
2582	2
2583	2
2584	2
2585	2
2586	9
2587	2
2588	2
2589	9
2590	9
2591	9
2592	3
2593	3
2594	9
2595	9
2596	9
2597	9
2598	3
2599	9
2600	9
2601	9
2602	3
2603	9
2604	9
2605	3
2606	9
2607	3
2608	3
2609	3
2610	5
2611	9
2612	9
2613	5
2614	5
2615	5
2616	2
2617	2
2618	2
2619	2
2620	9
2621	9
2622	9
2623	9
2624	9
2625	9
2626	9
2627	3
2628	9
2629	3
2630	3
2631	3
2632	9
2633	9
2634	9
2635	9
2636	9
2637	9
2638	9
2639	9
2640	9
2641	9
2642	2
2643	5
2644	5
2645	2
2646	5
2647	5
2648	2
2649	9
2650	9
2651	9
2652	9
2653	9
2654	9
2655	3
2656	3
2657	9
2658	3
2659	3
2660	3
2661	3
2662	3
2663	3
2664	3
2665	3
2666	9
2667	3
2668	4
2669	4
2670	4
2671	9
2672	9
2673	9
2674	9
2675	9
2676	2
2677	9
2678	9
2679	9
2680	9
2681	9
2682	9
2683	9
2684	9
2685	3
2686	9
2687	9
2688	9
2689	9
2690	9
2691	9
2692	9
2693	9
2694	9
2695	9
2696	9
2697	4
2698	9
2699	4
2700	9
2701	9
2702	9
2703	9
2704	9
2705	9
2706	9
2707	9
2708	2
2710	9
2711	2
2712	2
2713	2
2714	9
2715	9
2716	9
2717	9
2718	9
2719	2
2720	2
2721	2
2722	9
2723	9
2724	2
2725	2
2726	2
2727	2
2728	2
2729	5
2730	2
2731	2
2732	5
2733	5
2734	5
2735	2
2736	2
2737	2
2738	2
2739	9
2740	9
2741	9
2742	3
2743	3
2744	3
2745	3
2746	3
2747	3
2748	3
2749	3
2750	9
2751	3
2752	3
2753	3
2754	3
2755	9
2756	3
2757	9
2758	9
2759	3
2760	9
2761	3
2762	9
2763	9
2764	5
2765	3
2766	9
2767	9
2768	9
2769	9
2770	9
2771	5
2772	5
2773	5
2774	5
2775	5
2776	9
2777	9
2778	9
2779	2
2780	2
2781	2
2782	2
2783	2
2784	2
2785	2
2786	2
2787	2
2788	2
2789	9
2790	2
2791	9
2792	9
2793	9
2794	9
2795	9
2796	9
2797	2
2798	9
2799	3
2800	9
2801	9
2802	9
2803	9
2804	9
2805	9
2806	9
2807	9
2808	9
2809	9
2810	5
2811	5
2812	5
2813	5
2814	5
2815	9
2816	5
2817	5
2818	3
2819	9
2820	3
2821	3
2822	9
2823	9
2824	3
2825	9
2826	3
2827	3
2828	3
2829	3
2830	3
2831	3
2832	3
2833	9
2834	3
2835	3
2836	9
2837	9
2838	9
2839	2
2840	9
2841	9
2842	9
2843	9
2844	9
2845	9
2846	9
2847	9
2848	9
2849	9
2850	9
2851	9
2852	9
2853	3
2854	9
2855	9
2856	4
2857	9
2858	9
2859	3
2860	4
2861	9
2862	9
2863	3
2864	9
2865	9
2866	4
2867	4
2868	9
2869	4
2870	9
2871	9
2872	9
2873	9
2874	9
2875	2
2876	2
2877	2
2878	2
2879	2
2880	2
2881	9
2882	2
2883	2
2884	2
2885	2
2886	2
2887	2
2888	2
2889	9
2890	2
2891	2
2892	2
2893	9
2894	9
2895	9
2896	2
2897	5
2898	5
2899	5
2900	5
2901	5
2902	5
2903	2
2904	2
2905	9
2906	2
2907	2
2908	2
2909	9
2910	2
2911	2
2912	2
2913	9
2914	3
2915	9
2916	9
2917	3
2918	3
2919	3
2920	3
2921	3
2922	3
2923	3
2924	9
2925	9
2926	5
2927	3
2928	9
2929	9
2930	3
2931	3
2932	9
2933	5
2934	5
2935	9
2936	9
2937	9
2938	9
2939	9
2940	9
2941	9
2942	3
2943	9
2944	9
2945	3
2946	3
2947	9
2948	9
2949	9
2950	2
2951	9
2952	9
2953	9
2954	3
2955	3
2956	3
2957	3
2958	5
2959	9
2960	5
2961	3
2962	3
2964	5
2965	9
2966	9
2967	9
2968	9
2969	9
2970	9
2971	9
2972	9
2973	9
2974	9
2975	2
2976	2
2977	5
2978	9
2979	5
2980	9
2981	9
2982	9
2983	3
2984	9
2985	3
2986	3
2987	3
2988	3
2989	3
2990	9
2991	3
2992	9
2993	3
2994	3
2995	9
2996	3
2997	5
2998	9
2999	9
3000	9
3001	5
3002	9
3003	9
3004	9
3005	9
3006	5
3007	9
3008	4
3009	9
3010	9
3011	9
3012	4
3013	9
3014	9
3015	9
3016	4
3017	4
3018	9
3019	4
3020	4
3021	4
3022	4
3023	4
3024	4
3025	4
3026	4
3027	9
3028	4
3029	9
3030	4
3031	4
3032	9
3033	9
3034	4
3035	4
3036	4
3037	4
3038	3
3039	3
3040	9
3041	2
3042	2
3043	2
3044	2
3045	2
3046	2
3047	2
3048	2
3049	2
3050	2
3051	2
3052	2
3053	2
3054	2
3055	2
3056	2
3057	2
3058	2
3059	2
3060	2
3061	2
3062	2
3063	2
3064	2
3065	2
3066	2
3067	9
3068	9
3069	2
3070	2
3071	9
3072	9
3073	9
3074	9
3075	9
3076	9
3077	9
3078	9
3079	9
3080	9
3081	9
3082	9
3083	3
3084	3
3085	3
3086	9
3087	9
3088	9
3089	9
3090	9
3091	9
3092	9
3093	3
3094	9
3095	3
3096	9
3097	9
3098	9
3099	9
3100	9
3101	3
3102	3
3103	9
3104	9
3105	9
3106	3
3107	4
3108	3
3109	5
3110	5
3111	9
3112	9
3113	5
3114	5
3115	9
3116	5
3117	5
3118	9
3119	9
3120	9
3121	2
3122	2
3123	9
3124	9
3125	9
3126	3
3127	9
3128	4
3129	9
3130	9
3131	9
3132	9
3133	3
3135	9
3136	9
3137	9
3138	9
3139	9
3140	9
3141	9
3142	5
3143	5
3144	5
3145	9
3146	2
3147	3
3148	9
3149	3
3150	9
3151	3
3152	3
3153	3
3154	3
3155	3
3156	9
3157	9
3158	3
3159	9
3160	3
3161	3
3162	3
3163	5
3164	9
3165	9
3166	9
3167	5
3168	9
3169	2
3170	9
3171	9
3172	9
3173	4
3174	9
3175	9
3176	9
3177	9
3178	9
3179	9
3180	9
3181	9
3184	9
3185	9
3186	9
3187	2
3188	2
3189	9
3190	9
3191	9
3192	4
3193	9
3194	4
3195	4
3196	4
3197	9
3198	4
3199	9
3200	9
3201	4
3202	2
3203	2
3204	2
3205	2
3206	2
3212	2
3213	2
3214	2
3215	2
3216	2
3217	9
3218	4
3219	4
3220	4
3221	4
3222	9
3223	2
3224	9
3225	9
3226	2
3227	9
3228	9
3229	9
3230	9
3231	9
3232	9
3233	9
3234	9
3235	9
3236	9
3237	9
3238	9
3239	9
3240	9
3241	9
3242	9
3243	9
3244	9
3245	9
3246	9
3247	9
3248	9
3249	9
3250	9
3251	3
3252	3
3253	9
3254	3
3255	3
3256	3
3257	3
3258	9
3259	3
3260	3
3261	9
3262	9
3263	5
3264	5
3265	9
3266	5
3267	5
3268	9
3269	5
3270	5
3271	5
3272	3
3273	3
3274	9
3275	2
3276	9
3277	2
3278	9
3279	9
3280	2
3281	3
3282	3
3284	3
3285	4
3286	9
3287	9
3288	9
3289	9
3292	9
3293	9
3294	9
3295	9
3296	9
3297	9
3298	9
3299	2
3300	3
3301	9
3302	3
3303	3
3304	3
3305	3
3306	3
3307	3
3308	9
3309	3
3310	3
3311	3
3312	3
3313	3
3314	9
3315	9
3316	3
3317	3
3318	9
3319	3
3320	3
3321	9
3322	2
3323	8
3324	3
3325	2
3326	9
3327	9
3328	2
3329	9
3330	9
3331	6
3332	3
3333	5
3334	2
3335	2
3336	2
3337	3
3338	9
3339	3
3340	9
3341	3
3342	3
3343	9
3344	9
3345	4
3346	4
3347	4
3348	9
3350	9
3351	4
3352	4
3353	4
3355	2
3356	4
3357	4
3358	4
3359	4
3360	2
3361	2
3362	4
3363	4
3364	4
3365	4
3366	9
3367	9
3368	9
3369	2
3370	3
3371	3
3372	3
3373	3
3374	9
3375	9
3376	9
3377	9
3378	9
3379	9
3380	9
3381	9
3382	9
3383	9
3384	9
3385	9
3386	9
3387	9
3388	9
3389	9
3390	9
3391	9
3392	9
3393	9
3394	9
3395	9
3396	9
3397	9
3398	2
3399	9
3400	9
3401	9
3402	9
3403	3
3404	9
3405	9
3406	3
3407	9
3408	3
3409	3
3410	3
3411	3
3412	9
3413	9
3414	9
3415	9
3416	9
3417	5
3418	5
3419	9
3420	5
3421	3
3422	9
3423	5
3424	3
3425	3
3426	3
3427	3
3428	9
3429	9
3430	9
3431	2
3432	2
3433	9
3434	2
3435	9
3436	2
3437	2
3438	9
3439	9
3440	3
3441	4
3442	2
3443	9
3444	9
3445	9
3446	9
3447	3
3448	9
3449	9
3450	3
3451	9
3452	9
3453	9
3454	9
3455	9
3456	3
3457	9
3458	5
3459	9
3460	3
3461	3
3462	3
3463	3
3464	3
3465	3
3466	9
3467	9
3468	3
3469	9
3470	9
3471	3
3472	9
3473	3
3474	9
3475	3
3476	9
3477	3
3478	9
3479	3
3480	9
3481	9
3482	3
3483	3
3484	3
3485	3
3486	3
3487	3
3488	3
3489	3
3490	3
3491	3
3492	3
3493	6
3494	6
3495	6
3496	4
3497	9
3498	4
3499	4
3500	4
3501	9
3502	9
3503	9
3504	9
3505	9
3506	9
3507	9
3508	9
3509	9
3510	9
3513	9
3514	9
3515	9
3516	9
3517	9
3518	9
3519	9
3520	9
3521	9
3522	9
3523	9
3524	9
3525	4
3526	4
3527	9
3528	4
3529	4
3530	4
3531	9
3533	9
3534	9
3535	9
3536	9
3537	9
3538	9
3539	9
3540	4
3541	4
3542	4
3543	4
3544	4
3545	9
3546	2
3547	2
3548	2
3549	2
3550	2
3551	2
3552	2
3553	9
3554	2
3555	2
3556	2
3557	2
3558	2
3559	9
3560	2
3561	9
3562	2
3563	9
3564	9
3565	9
3566	9
3567	9
3568	9
3569	4
3570	9
3571	9
3572	9
3573	9
3574	9
3575	9
3576	4
3577	9
3578	9
3579	9
3580	3
3581	9
3582	9
3583	9
3584	9
3585	9
3586	5
3587	5
3588	5
3589	5
3590	5
3591	9
3592	9
3593	9
3594	9
3595	9
3596	9
3597	9
3598	9
3599	9
3600	9
3601	2
3602	2
3603	3
3604	5
3605	3
3606	9
3607	5
3608	9
3609	9
3610	3
3611	3
3612	3
3614	9
3615	9
3616	5
3617	9
3618	9
3619	9
3620	5
3621	9
3622	9
3623	9
3624	3
3625	9
3626	3
3627	3
3628	3
3629	3
3630	3
3631	3
3632	9
3633	3
3634	9
3635	9
3636	9
3637	3
3638	9
3639	9
3640	9
3641	9
3642	9
3643	9
3644	6
3645	3
3646	9
3647	6
3648	6
3649	9
3650	9
3651	3
3652	3
3653	3
3654	3
3655	3
3656	3
3657	9
3658	3
3659	9
3660	9
3661	9
3662	9
3663	9
3664	9
3665	9
3666	9
3667	9
3668	9
3669	9
3670	9
3671	9
3672	9
3673	4
3674	9
3675	9
3676	9
3677	4
3678	9
3679	9
3680	9
3681	9
3682	9
3684	9
3685	4
3686	9
3687	4
3688	2
3689	4
3690	4
3691	9
3692	4
3693	4
3694	4
3695	4
3696	4
3697	4
3698	4
3699	4
3700	4
3701	4
3702	4
3703	4
3704	2
3705	4
3706	2
3707	2
3708	2
3709	2
3710	2
3711	9
3712	9
3713	9
3715	2
3717	2
3718	2
3719	2
3720	2
3721	2
3722	2
3723	2
3724	9
3725	9
3726	9
3727	3
3728	4
3729	4
3730	4
3731	9
3732	4
3733	4
3734	9
3735	9
3736	9
3737	9
3738	9
3739	9
3740	9
3741	9
3742	9
3743	9
3744	5
3745	9
3746	9
3747	9
3748	9
3749	9
3750	9
3751	9
3752	9
3753	9
3754	9
3755	9
3756	2
3757	9
3758	9
3759	2
3760	2
3761	9
3762	9
3763	9
3764	9
3768	4
3769	9
3770	2
3771	9
3772	9
3773	3
3774	9
3775	9
3776	9
3777	9
3778	9
3779	3
3780	3
3781	3
3782	6
3783	6
3784	9
3785	9
3786	6
3787	9
3788	9
3789	9
3790	8
3791	8
3792	9
3793	8
3794	9
3795	8
3796	8
3797	8
3798	9
3799	8
3800	9
3801	9
3802	9
3803	9
3804	9
3805	9
3806	9
3807	9
3808	9
3809	9
3810	9
3811	9
3812	9
3813	9
3814	9
3815	9
3816	9
3817	9
3818	9
3819	9
3820	9
3821	9
3822	9
3823	9
3824	9
3825	9
3826	8
3827	9
3828	8
3829	8
3830	8
3831	8
3832	8
3833	8
3834	8
3835	8
3836	8
3837	8
3838	8
3839	8
3840	8
3841	8
3842	8
3843	9
3844	9
3845	8
3846	8
3847	8
3848	8
3849	8
3850	8
3851	9
3852	9
3853	8
3854	8
3855	9
3856	9
3857	8
3858	8
3859	9
3860	9
3861	9
3862	8
3863	8
3864	9
3865	8
3866	8
3867	8
3868	9
3869	9
3870	9
3871	8
3872	9
3873	9
3874	8
3875	8
3876	8
3877	9
3878	9
3879	8
3880	8
3883	9
3884	8
3885	8
3886	8
3887	8
3888	8
3889	8
3890	8
3892	9
3893	8
3894	8
3897	9
3898	8
3899	9
3900	9
3901	9
3902	9
3903	9
3904	8
3905	8
3906	8
3907	8
3908	8
3909	8
3910	8
3911	9
3912	9
3913	8
3914	9
3915	9
3916	9
3917	9
3918	9
3919	9
3920	9
3921	9
3922	9
3923	9
3924	9
3925	9
3926	8
3927	9
3928	9
3929	8
3930	9
3931	9
3932	8
3933	9
3934	9
3935	8
3936	9
3937	8
3938	8
3939	9
3940	9
3941	9
3942	9
3943	9
3944	8
3945	9
3946	9
3947	9
3948	9
3949	9
3950	9
3951	9
3952	9
3953	9
3954	9
3955	9
3956	9
3957	8
3958	8
3959	8
3960	8
3961	9
3962	9
3963	9
3964	9
3965	9
3966	9
3967	8
3968	9
3969	9
3970	8
3971	8
3972	9
3973	9
3974	9
3975	9
3976	8
3977	8
3978	8
3979	8
3980	8
3981	8
3982	8
3983	8
3985	9
3986	8
3987	9
3988	9
3989	9
3990	9
3991	9
3992	0
3993	9
3994	8
3995	8
3996	9
3997	9
3998	8
3999	9
4000	9
4001	9
4002	9
4003	9
4004	8
4005	8
4006	8
4007	9
4008	9
4009	9
4010	9
4011	9
4012	9
4013	8
4014	9
4015	8
4016	8
4017	8
4018	8
4019	9
4020	9
4021	9
4022	9
4023	9
4024	9
4025	9
4026	9
4027	9
4028	9
4029	9
4030	9
4031	9
4032	9
4033	9
4034	8
4035	9
4036	9
4037	9
4038	9
4039	9
4040	9
4041	9
4042	9
4043	9
4044	9
4045	9
4046	9
4047	9
4048	9
4049	9
4050	0
4051	9
4052	0
4053	8
4054	8
4055	8
4056	8
4057	9
4058	9
4059	9
4060	9
4061	9
4062	9
4063	9
4064	9
4065	9
4066	9
4067	9
4068	9
4069	9
4070	9
4071	9
4072	9
4073	9
4074	9
4075	0
4076	9
4077	9
4078	9
4079	8
4080	9
4081	9
4082	9
4083	9
4084	8
4085	8
4086	9
4087	9
4088	9
4089	9
4090	9
4091	9
4092	9
4093	9
4094	9
4095	9
4096	9
4097	9
4098	9
4099	9
4100	9
4101	9
4102	9
4103	9
4104	8
4105	8
4106	9
4107	9
4108	9
4109	9
4110	9
4111	9
4112	8
4113	3
4114	9
4115	9
4116	9
4117	9
4118	8
4119	8
4120	9
4121	9
4122	9
4123	9
4124	9
4125	9
4126	9
4127	9
4128	8
4129	3
4130	9
4131	9
4132	9
4133	9
4134	9
4135	9
4136	8
4137	9
4138	9
4139	8
4140	8
4141	9
4142	8
4143	9
4144	9
4145	8
4146	8
4147	8
4148	9
4149	9
4150	9
4151	8
4152	8
4153	9
4154	8
4155	8
4156	9
4157	9
4158	8
4159	9
4160	9
4161	9
4162	9
4163	9
4164	8
4165	8
4166	9
4167	9
4168	1
4169	1
4170	8
4171	8
4172	1
4173	9
4174	9
4175	8
4176	8
4177	9
4178	9
4179	9
4180	8
4181	9
4182	1
4183	9
4184	9
4185	1
4186	9
4187	9
4188	9
4189	9
4190	8
4191	8
4192	8
4193	8
4194	8
4195	8
4196	8
4197	8
4198	9
4199	9
4200	9
4201	9
4202	9
4203	9
4204	9
4205	8
4206	8
4207	8
4208	8
4209	8
4210	8
4211	9
4212	9
4213	9
4214	8
4215	9
4216	8
4217	9
4218	8
4219	9
4220	8
4221	8
4222	8
4223	9
4224	8
4225	8
4226	8
4227	9
4228	9
4229	9
4230	8
4231	8
4232	8
4233	8
4234	8
4235	8
4236	9
4237	9
4238	9
4239	9
4240	9
4241	9
4242	9
4243	9
4244	9
4245	8
4246	8
4247	9
4248	9
4249	8
4250	9
4251	8
4252	8
4253	8
4254	8
4255	8
4256	8
4257	9
4258	9
4259	9
4260	9
4261	9
4262	8
4263	9
4264	9
4265	8
4266	8
4267	8
4268	8
4269	8
4270	8
4271	8
4272	8
4273	9
4274	9
4275	9
4276	8
4277	8
4278	9
4279	9
4280	9
4281	9
4282	9
4283	9
4284	9
4285	8
4286	8
4287	9
4288	9
4289	8
4290	9
4291	9
4292	8
4293	9
4294	9
4295	9
4296	9
4297	9
4298	9
4299	9
4300	9
4301	9
4302	9
4303	9
4304	9
4305	8
4306	8
4307	8
4308	9
4309	8
4310	8
4311	8
4312	9
4313	9
4314	9
4315	8
4316	9
4317	8
4318	9
4319	9
4320	9
4321	8
4322	8
4323	8
4324	9
4325	8
4326	8
4327	8
4328	8
4329	9
4330	9
4331	9
4332	9
4333	9
4334	9
4335	9
4336	9
4337	9
4338	9
4339	9
4340	8
4341	8
4342	9
4343	9
4344	9
4345	8
4346	8
4347	8
4348	9
4349	9
4350	9
4351	8
4352	9
4353	8
4354	8
4355	8
4356	8
4357	8
4358	8
4359	8
4360	8
4361	9
4362	8
4363	8
4364	8
4365	9
4366	8
4367	8
4368	9
4369	9
4370	9
4371	9
4372	8
4373	8
4374	9
4375	8
4376	9
4377	8
4378	8
4379	9
4380	9
4381	9
4382	8
4383	9
4384	8
4385	8
4386	8
4387	8
4388	8
4389	8
4390	9
4391	9
4392	9
4393	9
4394	9
4395	8
4396	9
4397	9
4398	8
4399	8
4400	9
4401	9
4402	8
4403	9
4404	9
4405	8
4406	8
4407	8
4408	8
4409	8
4410	8
4411	8
4412	8
4413	8
4414	8
4415	8
4416	8
4417	8
4418	8
4419	8
4420	8
4421	9
4422	9
4423	9
4424	8
4425	8
4426	8
4427	9
4428	8
4429	9
4430	9
4431	9
4432	8
4433	8
4434	8
4435	8
4436	8
4437	8
4438	8
4439	8
4440	9
4441	9
4442	9
4443	9
4444	9
4445	9
4446	8
4447	9
4448	8
4449	9
4450	9
4451	9
4452	9
4453	9
4454	8
4455	8
4456	9
4457	9
4458	9
4459	9
4460	9
4461	9
4462	8
4463	9
4464	8
4465	8
4466	8
4467	8
4468	8
4469	9
4470	9
4471	9
4472	8
4473	8
4474	9
4475	9
4476	9
4477	9
4478	9
4479	9
4480	9
4481	8
4482	8
4483	9
4484	8
4485	8
4486	8
4487	8
4488	8
4489	8
4490	8
4496	8
4497	8
4498	8
4499	8
4500	8
4501	8
4502	8
4503	9
4504	9
4510	9
4511	9
4512	9
4513	8
4514	8
4515	8
4516	8
4517	8
4518	8
4519	8
4520	8
4521	9
4522	8
4523	9
4524	8
4525	8
4526	9
4527	7
4528	7
4529	7
4530	9
4531	7
4532	7
4533	7
4534	7
4535	7
4536	7
4537	7
4538	7
4539	7
4540	7
4541	7
4542	7
4543	7
4544	7
4545	7
4546	7
4547	9
4548	7
4549	7
4550	7
4551	7
4552	7
4553	7
4554	9
4555	9
4556	9
4557	9
4558	9
4559	6
4560	9
4561	6
4562	9
4563	9
4564	9
4565	6
4566	6
4567	9
4568	9
4569	9
4570	9
4571	9
4572	9
4573	9
4574	8
4575	9
4576	9
4577	3
4578	9
4579	9
4580	9
4581	9
4582	3
4583	9
4584	9
4585	9
4586	9
4587	9
4588	9
4589	9
4590	9
4591	9
4592	9
4596	9
4597	9
4599	8
4600	9
4601	8
4602	8
4603	8
4607	9
4608	9
4609	9
4610	9
4611	3
4612	9
4613	9
4614	9
4615	9
4616	9
4617	8
4618	8
4619	8
4620	9
4621	9
4622	8
4623	0
4624	9
4625	9
4626	9
4627	3
4628	9
4629	9
4630	9
4631	9
4632	9
4633	9
4634	9
4635	9
4636	9
4637	9
4638	8
4639	9
4640	9
4641	9
4642	9
4643	9
4644	9
4645	9
4646	9
4647	9
4648	9
4649	9
4650	9
4651	9
4652	9
4653	9
4654	9
4655	9
4656	8
4657	9
4658	9
4659	9
4660	9
4661	8
4662	9
4663	9
4664	9
4665	9
4666	9
4667	9
4668	9
4669	9
4670	6
4671	9
4672	9
4673	9
4674	3
4675	9
4676	9
4677	9
4678	9
4679	9
4680	9
4681	9
4682	9
4683	9
4684	9
4685	9
4686	9
4687	9
4688	9
4689	9
4690	9
4691	9
4692	9
4693	9
4694	9
4695	9
4696	9
4697	9
4698	9
4699	9
4700	9
4701	9
4702	9
4703	9
4704	9
4705	9
4706	9
4707	9
4708	9
4709	3
4710	9
4711	3
4712	9
4713	9
4714	9
4715	9
4716	3
4717	3
4718	3
4719	3
4720	9
4721	9
4722	8
4723	9
4724	8
4725	8
4726	6
4727	8
4728	3
4729	8
4730	9
4731	3
4732	9
4733	9
4734	9
4735	9
4736	9
4737	3
4738	9
4739	9
4740	9
4741	9
4742	9
4743	9
4744	3
4745	9
4746	9
4747	8
4748	3
4749	3
4750	3
4751	3
4752	9
4753	3
4754	3
4755	3
4756	3
4757	9
4758	9
4759	9
4760	9
4761	9
4762	9
4763	9
4764	9
4765	8
4766	9
4767	9
4768	9
4769	9
4770	9
4771	3
4772	9
4773	9
4774	9
4775	9
4776	6
4777	8
4778	9
4779	6
4780	6
4781	9
4782	9
4783	9
4784	8
4785	9
4786	9
4787	9
4788	6
4789	6
4790	9
4791	6
4792	9
4793	3
4794	3
4795	3
4796	3
4797	9
4798	9
4799	3
4800	9
4801	9
4802	9
4803	3
4804	9
4805	9
4806	9
4807	9
4808	9
4809	9
4810	9
4811	9
4812	3
4813	9
4815	8
4816	9
4817	9
4818	9
4819	9
4820	9
4821	9
4822	9
4823	9
4826	9
4827	9
4828	9
4829	9
4830	9
4831	9
4832	9
4833	9
4834	9
4835	9
4836	9
4837	9
4838	9
4839	9
4840	9
4841	9
4842	9
4843	9
4844	9
4845	9
4846	9
4847	3
4848	3
4849	9
4850	3
4851	9
4852	9
4853	9
4854	9
4855	9
4856	9
4857	9
4858	6
4859	9
4860	9
4861	9
4862	9
4863	3
4864	9
4865	9
4866	3
4867	9
4868	9
4869	9
4870	9
4871	9
4872	9
4873	3
4874	3
4875	9
4876	9
4877	8
4878	8
4879	8
4880	8
4881	9
4882	9
4883	9
4884	9
4885	6
4886	9
4887	6
4888	6
4889	9
4890	9
4891	9
4892	9
4893	9
4894	9
4895	9
4896	3
4897	3
4898	9
4899	9
4900	3
4901	9
4902	9
4903	9
4904	8
4905	9
4906	9
4907	8
4908	8
4909	9
4910	9
4911	9
4912	9
4913	9
4914	9
4915	9
4916	9
4917	9
4918	8
4919	8
4920	9
4921	9
4922	9
4923	9
4924	9
4925	8
4926	8
4927	8
4928	8
4929	8
4930	8
4931	8
4932	8
4933	8
4934	9
4935	3
4936	8
4937	3
4938	3
4939	8
4940	9
4941	9
4942	9
4943	9
4944	9
4945	9
4946	3
4947	9
4948	9
4949	9
4950	9
4951	9
4953	9
4954	9
4955	9
4956	9
4958	9
4959	9
4961	9
4966	9
4968	9
4969	8
4970	9
4971	9
4972	9
4973	9
4974	8
4975	9
4976	9
4977	9
4978	9
4979	8
4980	9
4981	8
4982	9
4983	9
4984	9
4985	9
4986	8
4987	9
4988	8
4989	9
4990	9
4991	8
4992	8
4993	8
4994	8
4995	8
4996	9
4997	8
4998	9
4999	8
5000	9
5001	9
5002	9
5003	8
5004	9
5005	9
5006	9
5007	8
5008	8
5009	8
5010	9
5011	9
5012	9
5013	9
5014	8
5015	9
5016	9
5017	9
5018	8
5019	8
5020	9
5021	8
5022	9
5023	9
5024	9
5025	9
5026	8
5027	8
5028	9
5029	8
5030	8
5031	8
5032	8
5033	8
5034	8
5035	9
5036	9
5037	9
5038	9
5039	8
5040	9
5041	9
5042	9
5043	9
5044	9
5045	9
5046	9
5047	9
5048	9
5049	9
5050	9
5051	9
5052	9
5053	9
5054	8
5055	8
5058	9
5059	8
5063	9
5066	8
5067	8
5068	8
5069	8
5070	8
5071	9
5072	8
5073	8
5074	8
5075	8
5076	8
5077	8
5078	8
5079	8
5080	8
5081	9
5082	9
5083	9
5084	9
5085	9
5086	9
5087	8
5088	9
5089	9
5090	9
5091	9
5092	9
5093	0
5094	9
5095	9
5096	9
5097	9
5098	9
5099	9
5100	9
5101	9
5102	9
5103	9
5104	9
5105	9
5106	0
5107	9
5108	9
5109	0
5110	9
5111	9
5112	9
5113	9
5114	9
5115	0
5116	9
5117	9
5118	9
5119	9
5120	8
5121	8
5122	8
5123	9
5124	8
5125	9
5126	2
5127	9
5128	9
5129	9
5130	9
5131	9
5132	9
5133	9
5134	9
5135	8
5136	8
5137	9
5138	8
5139	8
5140	9
5141	9
5142	9
5143	9
5144	9
5145	9
5146	9
5147	9
5148	9
5149	9
5150	9
5151	9
5152	9
5153	9
5154	9
5155	8
5156	9
5157	8
5158	9
5159	9
5160	9
5161	9
5162	3
5163	8
5164	2
5165	9
5166	9
5167	8
5168	9
5169	8
5170	8
5171	9
5172	8
5173	9
5174	9
5175	2
5176	8
5177	9
5178	9
5179	9
5180	9
5181	9
5182	8
5183	9
5184	9
5185	9
5186	9
5187	8
5188	9
5189	9
5190	9
5191	9
5192	9
5193	9
5194	9
5195	9
5196	9
5197	9
5198	9
5199	9
5200	9
5201	9
5202	9
5203	9
5204	8
5205	9
5206	8
5207	8
5208	9
5209	8
5210	9
5211	9
5212	9
5213	9
5214	9
5215	9
5216	9
5217	3
5218	9
5219	8
5220	8
5221	8
5222	9
5223	8
5224	8
5225	9
5226	9
5227	9
5228	3
5229	8
5230	9
5231	9
5232	9
5233	9
5234	9
5235	9
5236	9
5237	9
5238	9
5239	9
5240	9
5241	9
5242	9
5243	9
5244	9
5245	9
5246	9
5247	8
5248	9
5249	8
5250	9
5251	9
5252	9
5253	8
5254	9
5255	2
5256	9
5257	9
5258	9
5259	8
5260	8
5261	9
5262	8
5263	9
5264	9
5265	9
5266	9
5267	8
5268	2
5269	9
5270	9
5271	9
5272	9
5273	9
5274	9
5275	9
5276	9
5277	8
5278	8
5279	9
5280	9
5281	9
5282	9
5283	9
5284	9
5285	9
5286	9
5287	9
5288	9
5289	2
5290	9
5291	9
5292	9
5293	9
5294	8
5295	9
5296	9
5297	9
5298	9
5299	8
5300	9
5301	8
5302	8
5303	9
5304	9
5305	9
5306	9
5307	9
5308	8
5309	8
5310	9
5311	9
5312	9
5313	2
5314	9
5315	9
5316	2
5317	2
5318	9
5319	8
5320	8
5321	9
5322	8
5324	3
5325	9
5326	8
5327	9
5328	9
5329	9
5330	9
5331	9
5332	9
5333	3
5334	9
5335	9
5336	2
5337	2
5338	9
5339	9
5340	2
5341	2
5342	9
5343	2
5344	9
5345	9
5346	9
5347	9
5348	3
5349	8
5350	3
5351	8
5352	9
5353	9
5354	9
5355	9
5356	9
5357	9
5358	9
5359	8
5360	9
5361	8
5362	9
5363	9
5364	9
5365	8
5366	2
5367	9
5368	9
5369	9
5370	2
5371	9
5372	9
5373	9
5374	9
5375	2
5376	9
5377	9
5378	9
5379	9
5380	9
5381	9
5382	9
5383	9
5384	9
5385	9
5386	2
5387	2
5388	9
5389	9
5390	9
5391	9
5392	2
5393	9
5394	2
5395	2
5396	2
5397	9
5398	9
5399	9
5400	9
5401	9
5402	9
5403	9
5404	9
5405	2
5406	2
5407	2
5408	2
5409	2
5410	2
5411	9
5412	2
5413	2
5414	2
5415	9
5416	9
5417	2
5418	8
5419	9
5420	8
5421	9
5422	9
5423	9
5424	9
5425	9
5426	9
5427	2
5428	9
5429	9
5430	9
5431	9
5432	9
5433	9
5434	8
5435	8
5436	9
5437	9
5438	9
5439	9
5440	9
5441	9
5442	9
5443	9
5444	9
5445	9
5446	8
5447	9
5448	9
5449	2
5450	2
5451	2
5452	2
5453	2
5454	9
5455	2
5456	9
5457	9
5458	8
5459	8
5460	9
5461	8
5462	9
5463	9
5464	9
5465	9
5466	8
5467	9
5468	3
5469	9
5470	9
5471	8
5472	9
5473	9
5474	9
5475	9
5476	9
5477	9
5478	9
5479	3
5480	9
5481	9
5482	8
5483	8
5484	8
5485	8
5486	9
5487	9
5488	2
5489	2
5490	2
5491	2
5492	9
5493	9
5494	9
5495	9
5496	9
5497	9
5498	9
5499	9
5500	8
5501	9
5502	9
5503	9
5504	9
5505	9
5506	9
5507	2
5508	9
5509	9
5510	9
5511	9
5512	8
5513	8
5514	8
5515	3
5516	9
5517	9
5518	9
5519	8
5520	9
5521	9
5522	9
5523	9
5524	9
5525	9
5526	2
5527	9
5528	9
5529	8
5530	8
5531	9
5532	8
5533	8
5534	8
5535	8
5536	8
5537	8
5538	9
5539	2
5540	9
5541	9
5542	2
5543	2
5544	9
5545	9
5546	9
5547	9
5548	9
5549	8
5550	9
5551	9
5552	9
5553	9
5554	2
5555	9
5556	3
5557	9
5558	9
5559	9
5560	3
5561	9
5562	3
5563	9
5564	9
5565	9
5566	9
5567	9
5568	9
5569	8
5570	3
5571	9
5572	9
5573	9
5574	9
5575	9
5576	9
5577	9
5578	8
5579	8
5580	9
5581	9
5582	9
5583	9
5584	2
5585	2
5586	8
5587	9
5588	9
5589	8
5590	9
5591	9
5592	8
5593	9
5594	9
5595	8
5596	2
5597	2
5598	9
5599	9
5600	9
5601	3
5602	3
5603	9
5604	3
5605	9
5606	3
5607	3
5608	9
5609	9
5610	9
5611	9
5612	8
5613	9
5614	8
5615	9
5616	9
5617	9
5618	9
5619	2
5620	9
5621	9
5622	9
5623	9
5624	9
5625	9
5626	8
5627	9
5628	9
5629	9
5630	8
5631	9
5632	9
5633	9
5634	9
5635	9
5636	9
5637	2
5638	9
5639	9
5640	2
5641	8
5642	9
5643	9
5644	9
5645	8
5646	8
5647	8
5648	9
5649	9
5650	9
5651	8
5652	9
5653	2
5654	9
5655	9
5656	9
5657	2
5658	9
5659	9
5660	9
5661	9
5662	9
5663	9
5664	9
5665	9
5666	2
5667	9
5668	9
5669	2
5670	8
5671	3
5672	9
5673	2
5674	2
5675	9
5676	9
5677	9
5678	2
5679	8
5680	9
5681	8
5682	9
5683	9
5684	9
5685	9
5686	9
5687	9
5688	9
5689	9
5690	9
5691	9
5692	8
5693	8
5694	9
5695	9
5696	8
5697	9
5698	9
5699	2
5700	9
5701	2
5702	2
5703	2
5704	9
5705	9
5706	8
5707	8
5708	9
5709	8
5710	9
5711	9
5712	9
5713	3
5714	9
5715	9
5716	9
5717	9
5718	9
5719	9
5720	9
5721	9
5722	9
5723	9
5725	9
5726	9
5727	9
5728	9
5729	9
5730	8
5731	9
5732	9
5733	9
5734	9
5735	9
5736	2
5737	8
5738	8
5739	9
5740	8
5741	9
5742	9
5743	9
5744	8
5745	8
5746	9
5747	9
5748	9
5749	9
5750	9
5751	9
5752	9
5753	9
5754	9
5755	9
5756	8
5757	9
5758	9
5759	9
5766	9
5767	9
5768	9
5769	9
5770	9
5771	9
5772	9
5773	9
5774	9
5775	8
5776	9
5777	8
5778	9
5779	9
5780	9
5781	9
5782	9
5783	9
5784	9
5785	9
5786	9
5787	9
5788	9
5789	9
5790	9
5791	9
5792	9
5793	9
5794	9
5795	9
5796	9
5797	9
5798	9
5799	9
5800	9
5801	9
5802	9
5803	9
5804	9
5805	9
5806	9
5807	9
5810	9
5811	9
5812	9
5813	9
5814	9
5815	9
5816	9
5817	9
5818	9
5819	9
5820	9
5821	9
5822	9
5823	9
5824	2
5825	9
5826	9
5827	2
5828	3
5829	9
5830	9
5831	8
5832	9
5833	9
5834	8
5835	8
5836	9
5837	8
5838	8
5839	9
5840	9
5841	9
5842	9
5843	9
5844	8
5845	9
5846	8
5847	9
5848	8
5849	8
5850	9
5851	9
5852	8
5853	9
5854	9
5855	9
5856	8
5857	8
5858	8
5859	9
5860	9
5861	9
5862	8
5863	9
5864	9
5865	2
5866	9
5867	9
5868	9
5869	9
5870	9
5871	9
5872	9
5873	9
5874	2
5875	9
5876	9
5877	9
5878	9
5879	8
5880	9
5881	9
5882	9
5883	9
5884	9
5885	9
5886	9
5887	8
5888	9
5889	9
5890	8
5891	9
5892	9
5893	9
5894	9
5895	9
5896	9
5897	8
5898	8
5899	9
5900	8
5901	9
5902	8
5903	9
5904	8
5905	9
5906	8
5907	9
5908	8
5909	9
5910	8
5911	9
5912	9
5913	8
5914	8
5915	9
5916	9
5917	9
5918	9
5919	9
5920	9
5921	9
5922	9
5923	8
5924	8
5925	9
5926	9
5927	8
5928	9
5929	9
5930	9
5931	9
5932	9
5933	9
5934	9
5935	9
5936	9
5937	8
5938	8
5939	8
5940	8
5941	8
5942	8
5943	8
5944	9
5945	9
5946	9
5947	9
5948	8
5949	9
5950	8
5951	8
5952	8
5953	8
5954	9
5955	9
5956	8
5957	8
5958	8
5959	9
5960	8
5961	8
5962	8
5963	8
5964	8
5965	9
5966	9
5967	9
5968	9
5969	8
5970	8
5971	9
5972	8
5973	9
5974	8
5975	8
5976	8
5977	8
5978	8
5979	8
5980	9
5981	9
5982	9
5983	9
5984	9
5985	9
5986	9
5987	8
5988	8
5989	9
5990	8
5991	9
5992	9
5993	8
5994	9
5995	8
5996	8
5997	9
5998	9
5999	9
6000	9
6001	9
6002	8
6003	9
6004	9
6005	8
6006	7
6007	8
6008	8
6009	8
6010	9
6011	9
6012	9
6013	8
6014	9
6015	9
6016	8
6017	8
6018	8
6019	9
6020	9
6021	9
6022	9
6023	9
6024	9
6025	9
6026	9
6027	8
6028	8
6029	8
6030	8
6031	7
6032	8
6033	8
6034	9
6035	8
6036	8
6037	9
6038	9
6039	8
6040	9
6041	9
6042	8
6043	9
6044	9
6045	9
6046	8
6047	9
6048	8
6049	8
6050	8
6051	9
6052	9
6053	9
6054	8
6055	8
6056	8
6057	8
6058	9
6059	9
6060	9
6061	8
6062	8
6063	8
6064	8
6065	8
6066	8
6067	8
6068	9
6069	8
6070	9
6071	9
6072	9
6073	8
6074	8
6075	8
6076	8
6077	8
6078	9
6079	9
6080	9
6081	8
6082	8
6083	8
6084	8
6085	9
6086	8
6087	9
6088	9
6089	9
6090	8
6091	8
6092	8
6093	9
6094	8
6095	8
6096	8
6097	9
6098	8
6099	9
6100	9
6101	9
6102	8
6103	8
6104	7
6105	7
6106	9
6107	8
6108	8
6109	8
6110	8
6111	9
6112	8
6113	9
6114	8
6115	9
6116	9
6117	9
6118	9
6119	9
6120	9
6121	8
6122	9
6123	9
6124	9
6125	8
6126	8
6127	8
6128	8
6129	8
6130	8
6131	9
6132	9
6133	9
6134	8
6135	9
6136	9
6137	8
6138	8
6139	8
6140	9
6141	8
6142	9
6143	9
6144	9
6145	8
6146	9
6147	8
6148	8
6149	8
6150	8
6151	8
6152	9
6153	9
6154	8
6155	9
6156	9
6157	9
6158	9
6159	9
6160	9
6161	9
6162	9
6163	9
6164	9
6165	9
6166	9
6167	9
6168	9
6169	8
6170	8
6171	8
6172	8
6173	8
6174	9
6175	8
6176	8
6177	8
6178	8
6179	8
6180	9
6181	9
6182	9
6183	8
6184	7
6185	7
6186	9
6187	7
6188	7
6189	9
6190	7
6191	7
6192	7
6193	9
6194	7
6195	9
6196	8
6197	9
6198	9
6199	9
6200	8
6201	9
6202	9
6203	7
6204	8
6205	7
6206	9
6207	7
6208	9
6209	7
6210	7
6211	8
6212	8
6213	9
6214	7
6215	9
6216	7
6217	7
6218	9
6219	9
6220	7
6221	7
6222	9
6223	8
6224	9
6225	7
6226	9
6227	9
6228	9
6229	7
6230	7
6231	7
6232	7
6233	7
6234	7
6235	7
6236	7
6237	9
6238	7
6239	9
6240	8
6241	8
6242	8
6243	9
6244	9
6245	9
6246	9
6247	9
6248	8
6249	8
6250	9
6251	8
6252	9
6253	8
6254	8
6255	8
6256	8
6257	9
6258	9
6259	8
6260	8
6261	8
6262	9
6263	9
6264	9
6265	9
6266	9
6267	8
6268	8
6269	8
6270	8
6271	8
6272	9
6273	9
6274	8
6275	9
6276	9
6277	9
6278	8
6279	8
6280	8
6281	8
6282	8
6283	8
6284	9
6285	8
6286	8
6287	8
6288	8
6289	8
6290	8
6291	8
6292	9
6293	9
6294	9
6295	8
6296	8
6297	9
6298	9
6299	8
6300	9
6301	8
6302	8
6303	8
6304	8
6305	8
6306	8
6307	8
6308	8
6309	9
6310	8
6311	8
6312	8
6313	8
6314	9
6315	8
6316	8
6317	8
6318	8
6319	8
6320	9
6321	8
6322	8
6323	8
6324	9
6325	8
6326	8
6327	9
6328	8
6329	9
6330	8
6331	8
6332	8
6333	8
6334	9
6335	9
6336	9
6337	9
6338	8
6339	8
6340	8
6341	8
6342	9
6343	8
6344	9
6345	8
6346	8
6347	8
6348	8
6349	8
6350	8
6351	9
6352	9
6353	8
6354	8
6355	9
6356	8
6357	8
6358	8
6359	9
6360	9
6361	8
6362	9
6363	8
6364	8
6365	9
6366	8
6367	9
6368	9
6369	9
6370	9
6371	9
6372	8
6373	8
6374	8
6375	9
6376	8
6377	8
6378	8
6379	8
6380	8
6381	8
6382	9
6383	8
6384	9
6385	8
6386	8
6387	9
6388	8
6389	8
6390	8
6391	8
6392	9
6393	8
6394	8
6395	8
6396	8
6397	8
6398	9
6399	9
6400	9
6401	9
6402	8
6403	8
6404	9
6405	9
6406	9
6407	8
6408	9
6409	9
6410	9
6411	9
6412	8
6413	8
6414	8
6415	8
6416	8
6417	8
6418	9
6419	8
6420	8
6421	9
6422	9
6423	8
6424	8
6425	8
6426	8
6427	8
6428	8
6429	8
6430	8
6431	8
6432	8
6433	8
6435	9
6436	9
6437	9
6438	8
6439	8
6440	8
6441	8
6442	8
6443	8
6444	8
6445	9
6446	9
6447	9
6448	9
6449	9
6450	8
6451	9
6452	9
6453	9
6454	8
6455	8
6456	8
6457	9
6458	9
6459	8
6460	8
6461	9
6462	9
6463	8
6464	8
6465	9
6466	9
6467	9
6468	9
6469	9
6470	8
6471	9
6472	8
6474	9
6475	9
6476	8
6477	9
6478	9
6479	8
6480	8
6481	9
6482	9
6483	9
6484	9
6485	9
6486	8
6487	8
6488	8
6489	8
6490	8
6491	9
6492	9
6493	8
6494	8
6495	8
6496	8
6497	8
6498	8
6499	9
6500	9
6501	8
6502	8
6503	8
6504	8
6505	8
6506	9
6507	9
6508	8
6509	9
6510	8
6511	8
6512	8
6513	9
6514	9
6515	9
6516	8
6517	8
6518	8
6519	9
6520	8
6521	9
6522	8
6523	8
6524	8
6525	8
6526	8
6527	8
6528	9
6529	8
6530	8
6531	8
6532	8
6533	9
6534	8
6535	9
6536	9
6537	8
6538	8
6539	8
6540	8
6541	8
6542	9
6543	9
6544	9
6545	8
6546	8
6547	9
6548	8
6549	9
6550	8
6551	9
6552	9
6553	9
6554	8
6555	9
6556	8
6557	9
6558	9
6559	8
6560	8
6561	9
6562	9
6563	9
6564	9
6565	9
6566	9
6567	9
6568	9
6569	9
6570	9
6571	9
6572	9
6573	9
6574	9
6575	9
6576	9
6577	9
6578	9
6579	9
6580	9
6581	9
6582	9
6583	9
6584	9
6585	9
6586	9
6587	9
6588	9
6589	9
6590	9
6591	9
6592	9
6593	8
6594	8
6595	8
6596	8
6597	9
6598	9
6599	9
6600	9
6601	9
6602	8
6603	9
6604	9
6605	9
6606	9
6607	9
6608	9
6609	9
6610	9
6611	9
6612	9
6613	9
6614	9
6615	9
6616	9
6617	9
6618	9
6619	9
6620	9
6621	9
6622	0
6623	9
6624	8
6625	8
6626	8
6627	8
6628	8
6629	8
6630	8
6631	8
6632	8
6633	8
6634	8
6635	8
6636	8
6637	8
6638	8
6639	8
6640	8
6641	8
6642	8
6643	8
6644	8
6645	8
6646	9
6647	9
6648	9
6650	8
6651	8
6652	8
6653	8
6654	8
6655	8
6656	8
6657	9
6658	8
6659	8
6660	8
6661	8
6662	8
6663	8
6664	8
6665	8
6666	8
6667	8
6668	8
6669	8
6671	8
6672	8
6679	8
6683	9
6684	8
6685	8
6686	8
6687	9
6688	8
6689	8
6690	8
6691	8
6692	9
6693	8
6694	8
6695	8
6696	9
6697	8
6698	9
6699	9
6700	8
6701	9
6702	9
6703	8
6704	8
6705	9
6706	8
6707	8
6708	8
6709	8
6710	8
6711	9
6712	8
6713	8
6714	8
6715	8
6716	8
6717	8
6718	9
6719	9
6720	9
6721	8
6722	8
6723	8
6724	8
6725	8
6726	8
6727	8
6728	8
6729	8
6730	8
6731	8
6732	8
6733	8
6734	8
6735	8
6736	9
6737	8
6738	8
6739	8
6740	8
6741	8
6742	8
6743	8
6744	8
6745	9
6746	9
6747	9
6748	8
6749	8
6750	8
6751	8
6752	8
6753	8
6754	8
6755	8
6756	8
6757	8
6758	9
6759	9
6760	8
6761	8
6762	8
6763	8
6764	9
6765	9
6766	9
6767	8
6768	8
6769	9
6770	8
6771	9
6772	9
6773	9
6774	9
6775	9
6776	9
6777	9
6778	9
6779	9
6780	9
6781	9
6782	9
6783	9
6784	9
6785	9
6786	9
6787	9
6788	9
6789	9
6790	9
6791	9
6792	9
6793	9
6794	9
6795	9
6796	9
6797	9
6798	9
6799	9
6800	9
6801	9
6802	9
6803	9
6804	9
6805	9
6806	9
6807	9
6808	9
6809	9
6810	9
6811	9
6812	9
6813	9
6814	9
6815	9
6816	9
6817	9
6818	9
6819	9
6820	9
6821	8
6822	0
6823	0
6824	9
6825	9
6826	9
6827	9
6828	9
6829	9
6830	9
6831	0
6832	9
6833	0
6834	0
6835	0
6836	0
6837	9
6838	9
6839	0
6840	9
6841	9
6842	9
6843	9
6844	9
6845	0
6846	9
6847	9
6848	9
6849	9
6850	9
6851	9
6852	9
6853	9
6854	9
6855	0
6856	9
6857	9
6858	9
6859	9
6860	9
6861	9
6862	9
6863	9
6864	9
6865	9
6866	8
6867	8
6868	9
6869	9
6870	9
6871	0
6872	9
6873	9
6874	8
6875	9
6876	9
6877	9
6878	9
6879	9
6880	9
6881	8
6882	8
6883	9
6884	8
6885	8
6886	9
6887	0
6888	8
6889	9
6890	9
6891	9
6892	9
6893	9
6894	9
6895	9
6896	9
6897	9
6898	8
6899	9
6900	9
6901	9
6902	9
6903	9
6904	9
6905	9
6906	9
6907	9
6908	9
6909	9
6910	9
6911	9
6912	9
6913	9
6914	9
6915	8
6916	9
6917	9
6918	9
6919	9
6920	9
6921	9
6922	9
6923	9
6924	9
6925	9
6926	9
6927	9
6928	9
6929	9
6930	9
6931	9
6932	9
6933	9
6934	9
6935	9
6936	9
6937	9
6938	9
6939	0
6940	9
6941	9
6942	9
6943	9
6944	9
6945	0
6946	9
6947	9
6948	9
6949	9
6950	9
6951	9
6952	9
6953	9
6954	0
6955	0
6956	9
6957	8
6958	0
6959	8
6960	0
6961	0
6962	9
6963	0
6964	9
6965	0
6966	8
