District 0: num of precincts (165) pop (149765)
District 1: num of precincts (39) pop (35406)
District 2: num of precincts (403) pop (273211)
District 3: num of precincts (434) pop (423970)
District 4: num of precincts (179) pop (131312)
District 5: num of precincts (202) pop (159668)
District 6: num of precincts (59) pop (105844)
District 7: num of precincts (82) pop (47657)
District 8: num of precincts (1243) pop (1360652)
District 9: num of precincts (4024) pop (3983094)
population error: 120%

1	8
2	9
3	8
4	9
5	9
6	9
7	9
8	9
9	8
10	9
11	9
12	9
13	9
14	9
15	9
16	9
17	9
18	9
19	9
20	9
21	9
22	8
23	8
24	9
25	9
26	9
27	9
28	9
29	9
30	9
31	9
32	9
33	9
34	9
35	9
36	9
37	9
38	9
39	9
40	9
41	9
42	9
43	9
44	9
45	9
46	9
47	9
48	9
49	9
50	9
51	9
52	9
53	9
54	9
55	9
56	9
57	9
58	9
59	9
60	9
61	9
62	9
63	0
64	0
65	0
66	0
67	0
68	9
69	0
70	0
71	0
72	0
73	0
74	0
75	0
76	0
77	9
78	0
79	9
80	0
81	0
82	9
83	0
84	8
85	9
86	9
87	8
88	0
89	9
90	0
91	0
92	0
93	0
94	0
95	0
96	9
97	9
98	9
99	9
100	9
101	9
102	0
103	9
104	8
105	9
106	9
107	9
108	0
109	0
110	0
111	0
112	0
113	9
114	9
115	0
116	9
117	9
118	9
119	0
120	0
121	9
122	0
123	0
124	9
125	9
126	8
127	0
128	9
129	0
130	0
131	0
132	0
133	0
134	0
135	0
136	0
137	0
138	0
139	0
140	0
141	0
142	0
143	0
144	9
145	9
146	0
147	0
148	0
149	0
150	0
151	9
152	0
153	9
154	9
155	0
156	0
157	0
158	0
159	0
160	0
161	0
162	9
163	0
164	0
165	9
166	8
167	8
168	0
169	9
170	0
171	0
172	0
173	9
174	0
175	0
176	0
177	0
178	0
179	0
180	9
181	9
182	0
183	1
184	9
185	8
186	9
187	9
188	8
189	8
190	8
191	8
192	8
193	8
194	0
195	0
196	0
197	0
198	0
199	9
200	0
201	0
202	9
203	0
204	9
205	0
206	0
207	0
208	9
209	9
210	0
211	0
212	9
213	0
214	8
215	0
216	9
217	9
218	9
219	9
220	0
221	0
222	0
223	0
224	9
225	9
226	0
227	0
228	0
229	0
230	0
231	0
232	0
233	0
234	0
235	0
236	0
237	0
238	0
239	0
240	0
241	0
242	0
243	0
244	0
245	0
246	0
247	0
248	0
249	0
250	0
251	9
252	0
253	0
254	8
255	0
256	0
257	9
258	1
259	9
260	9
261	9
262	9
263	1
264	9
265	9
266	9
267	9
268	3
269	9
270	9
271	9
272	1
273	3
274	9
275	9
276	1
277	3
278	9
279	9
280	9
281	9
282	9
283	9
284	9
285	9
286	1
287	9
288	9
289	3
290	9
291	3
292	9
293	9
294	9
295	9
296	9
297	9
298	9
299	9
300	9
301	9
302	9
303	9
304	9
305	9
306	9
307	9
308	9
309	3
310	9
311	8
312	9
313	8
314	9
315	9
316	9
317	9
318	9
319	9
320	9
321	1
322	9
323	9
324	9
325	9
326	9
327	9
328	9
329	9
330	9
331	9
332	9
333	9
334	9
335	9
336	9
337	1
338	9
339	9
340	9
341	9
342	9
343	9
344	9
345	9
346	9
347	9
348	9
349	9
350	9
351	9
352	9
353	9
354	9
355	9
357	9
358	9
359	9
360	9
361	9
362	9
363	9
365	9
366	9
367	9
368	9
369	9
370	9
372	9
373	9
374	9
375	9
376	9
377	9
378	9
379	9
380	9
381	9
382	9
383	9
384	9
385	9
386	9
387	9
388	9
389	9
390	9
391	9
392	9
393	9
394	9
395	9
396	9
397	9
398	9
399	9
400	9
401	9
402	9
403	9
404	9
405	9
406	9
407	9
408	9
409	9
410	9
411	9
412	9
413	9
414	9
415	9
416	9
417	9
418	9
419	9
420	9
421	9
422	9
423	9
424	9
425	9
426	9
427	9
428	9
429	9
430	9
431	9
432	9
434	9
435	9
436	9
438	9
439	8
440	8
441	8
442	8
443	8
444	8
445	8
446	9
447	9
448	9
449	9
450	8
451	8
452	8
453	8
454	8
455	9
456	9
457	8
458	9
459	8
460	9
461	9
462	8
463	8
464	8
465	8
466	8
467	9
468	8
469	8
470	8
471	8
472	9
473	9
474	9
475	8
476	8
477	9
478	8
479	8
480	9
481	8
482	8
483	8
484	8
485	9
486	8
487	9
488	9
489	8
490	9
491	8
492	9
493	9
494	9
495	9
496	8
497	9
498	9
499	9
500	9
501	9
502	8
503	8
504	8
505	8
506	9
507	9
508	9
509	9
510	9
511	8
512	8
513	8
514	8
515	8
516	8
517	8
518	9
519	9
520	9
521	8
522	9
523	9
524	9
525	9
526	8
527	9
528	8
529	9
530	8
531	8
532	9
533	9
534	9
535	9
536	9
538	9
539	9
540	9
541	9
542	9
543	9
544	9
545	9
546	9
547	9
548	9
549	9
550	9
551	9
552	9
553	9
554	9
555	8
556	9
557	9
558	9
559	9
560	9
561	9
562	8
563	8
564	9
565	8
566	9
567	8
568	8
569	9
570	9
571	9
572	9
573	9
574	9
575	9
576	8
577	8
578	9
579	8
580	9
581	9
582	9
583	9
584	8
585	8
586	9
587	9
588	9
589	9
590	9
591	9
592	9
593	9
594	9
595	9
596	9
597	9
598	9
599	9
600	9
601	9
602	8
603	8
604	8
605	8
606	8
607	8
608	8
609	8
610	9
611	9
612	9
613	9
614	9
615	9
616	8
617	9
618	8
619	8
620	8
621	8
622	8
623	8
624	9
625	9
626	9
627	9
628	9
629	8
630	8
631	8
632	8
633	8
634	8
635	8
636	8
637	8
638	8
639	9
640	8
641	8
642	9
643	9
644	8
645	8
646	9
647	8
648	8
649	8
650	8
651	8
652	9
653	8
654	9
655	9
656	9
657	9
658	9
659	8
660	9
661	9
662	8
663	9
664	9
665	9
666	9
667	9
668	9
669	8
670	9
671	8
672	8
673	8
674	8
675	9
676	9
677	9
678	9
679	8
680	8
681	8
682	9
683	9
684	9
685	9
686	8
687	9
688	8
689	8
690	8
691	9
692	8
693	8
694	9
695	9
696	8
697	9
698	9
699	8
700	8
701	9
702	9
703	9
704	9
705	9
706	9
707	9
708	9
709	9
710	9
711	9
712	8
713	9
714	8
715	8
716	8
717	9
718	9
719	9
720	8
721	9
722	9
723	9
724	9
725	8
726	9
727	9
728	9
729	8
730	8
731	9
732	9
733	9
734	9
735	8
736	8
737	8
738	8
739	8
740	9
741	9
742	9
743	9
744	8
745	8
746	8
747	8
748	8
749	8
750	8
751	8
752	9
753	9
754	9
755	9
756	8
757	8
758	8
759	9
760	9
761	9
762	1
763	1
764	9
765	9
766	9
767	1
768	9
769	9
770	9
771	9
772	1
773	9
774	9
775	1
776	1
777	1
778	9
779	1
780	1
781	1
782	1
783	1
784	1
785	1
786	1
787	9
788	9
789	1
790	9
791	9
792	9
793	9
794	1
795	8
796	9
797	9
798	9
799	7
800	7
801	9
802	9
803	9
804	7
805	7
806	7
807	9
808	7
809	9
810	7
811	7
812	9
813	7
814	7
815	7
816	7
817	7
818	7
819	7
820	7
821	7
822	9
823	9
824	9
825	9
826	7
827	7
828	7
829	9
830	7
831	9
832	7
833	0
834	9
835	9
836	9
837	9
838	9
839	9
840	9
841	9
842	9
843	1
844	9
845	1
846	9
847	9
848	9
849	9
850	9
851	8
852	9
853	9
854	8
855	9
856	9
857	9
858	9
859	9
860	0
861	0
862	8
863	9
864	0
865	0
866	9
867	9
868	9
869	9
870	9
871	9
872	9
873	9
874	9
875	9
876	9
877	8
878	8
879	8
880	9
881	8
882	8
883	8
884	8
885	8
886	8
887	8
888	8
889	8
890	1
891	8
892	8
893	9
894	8
895	8
896	8
897	8
898	8
899	8
900	8
901	9
902	0
903	9
904	9
905	9
906	9
907	9
908	9
909	9
910	9
911	9
912	9
913	9
914	0
915	9
916	9
917	9
918	9
919	9
920	9
921	9
922	9
923	9
924	9
925	8
926	9
927	9
928	9
929	9
930	9
931	9
932	9
933	9
934	9
935	9
936	9
937	9
938	9
939	9
940	9
941	8
942	8
943	8
944	9
945	9
946	9
947	9
948	9
949	9
950	9
951	9
952	9
953	9
954	9
955	9
956	9
957	9
958	8
959	8
960	9
961	9
962	9
963	9
964	1
965	9
966	9
967	1
968	1
969	9
970	1
971	9
972	9
973	9
974	9
975	9
976	9
977	9
978	9
979	9
980	9
981	8
982	8
983	9
984	8
985	9
986	9
987	9
988	9
989	9
990	9
991	9
992	9
993	1
994	9
995	9
996	9
997	9
998	9
999	9
1000	9
1001	9
1002	9
1003	9
1004	1
1005	8
1006	8
1007	9
1008	9
1009	8
1010	8
1011	8
1012	9
1013	9
1014	9
1015	8
1016	8
1017	9
1018	9
1019	8
1020	9
1021	8
1022	8
1023	9
1024	8
1025	8
1026	9
1027	9
1028	9
1029	8
1030	9
1031	9
1032	8
1033	8
1034	8
1035	8
1036	8
1037	8
1038	8
1039	8
1040	8
1041	8
1042	8
1043	8
1044	9
1045	8
1046	8
1051	8
1052	8
1053	9
1054	9
1055	9
1056	9
1057	8
1058	8
1059	8
1060	8
1061	8
1062	8
1063	8
1064	8
1065	9
1066	8
1068	8
1069	8
1070	9
1071	9
1072	8
1073	8
1074	8
1075	8
1076	8
1077	8
1078	8
1079	8
1080	8
1081	8
1082	8
1084	8
1085	8
1087	8
1088	8
1089	9
1090	9
1091	9
1092	9
1093	8
1094	8
1095	8
1096	8
1097	8
1099	8
1101	8
1102	9
1103	9
1104	8
1105	8
1106	9
1107	9
1108	9
1109	9
1110	9
1111	8
1112	9
1113	9
1114	8
1115	8
1116	9
1117	9
1118	9
1120	9
1121	8
1122	9
1123	9
1124	9
1125	9
1126	9
1127	9
1128	9
1129	9
1130	9
1131	9
1132	9
1133	9
1134	9
1135	9
1136	9
1137	9
1138	9
1139	8
1140	8
1141	8
1142	9
1143	9
1144	9
1145	9
1146	9
1147	9
1149	9
1151	9
1157	9
1160	8
1161	8
1162	8
1163	9
1164	9
1165	9
1167	8
1168	8
1169	9
1170	9
1171	8
1172	8
1173	8
1174	9
1175	9
1176	9
1177	9
1178	9
1179	9
1181	9
1182	9
1185	9
1189	9
1190	9
1191	9
1192	9
1193	9
1194	9
1195	9
1196	9
1197	9
1198	9
1199	9
1200	9
1201	9
1202	9
1203	9
1204	9
1205	9
1206	9
1207	9
1208	9
1209	9
1210	9
1211	9
1212	9
1213	9
1214	9
1215	9
1216	9
1217	9
1218	9
1219	9
1220	9
1221	3
1222	9
1223	3
1224	9
1225	3
1226	3
1227	3
1228	3
1229	9
1230	3
1231	3
1232	9
1233	9
1234	9
1235	9
1236	9
1237	9
1238	9
1239	9
1240	9
1241	9
1242	9
1243	9
1244	9
1245	9
1246	9
1247	9
1249	4
1250	4
1251	4
1252	4
1253	4
1254	9
1255	9
1256	9
1257	9
1258	9
1259	9
1260	9
1261	9
1263	9
1264	9
1265	9
1266	9
1267	9
1268	9
1269	9
1270	9
1271	2
1272	2
1273	2
1274	2
1275	2
1276	2
1277	2
1278	2
1279	4
1280	4
1281	4
1282	4
1283	2
1284	4
1285	2
1286	4
1287	2
1288	2
1289	2
1290	2
1291	2
1292	9
1293	9
1294	9
1295	9
1296	2
1297	9
1298	9
1299	9
1300	9
1301	9
1302	9
1303	2
1304	9
1305	2
1306	2
1307	2
1308	9
1309	9
1310	9
1311	9
1312	9
1313	3
1314	9
1315	9
1316	9
1317	9
1318	3
1319	9
1320	3
1321	3
1322	9
1323	5
1324	9
1325	5
1326	5
1327	5
1328	5
1329	9
1330	5
1331	9
1332	5
1333	5
1334	5
1335	5
1336	5
1337	5
1338	9
1339	9
1340	5
1341	9
1342	9
1343	9
1344	9
1345	9
1346	9
1347	9
1348	9
1349	9
1350	9
1351	9
1352	5
1353	9
1354	9
1355	9
1356	3
1357	9
1358	9
1359	6
1360	9
1361	9
1362	9
1363	9
1364	9
1365	5
1366	5
1367	5
1368	5
1369	2
1370	2
1371	2
1372	2
1374	9
1375	9
1376	9
1377	9
1378	9
1379	3
1380	3
1381	3
1382	3
1383	9
1384	3
1385	3
1386	3
1387	9
1388	9
1389	9
1390	3
1391	9
1392	3
1393	3
1394	9
1395	9
1396	9
1397	9
1398	9
1399	9
1400	9
1401	9
1402	9
1403	9
1404	9
1405	9
1406	9
1407	9
1408	9
1409	9
1410	9
1411	9
1412	9
1413	9
1414	9
1415	9
1416	9
1417	9
1418	9
1419	4
1420	4
1421	9
1422	9
1423	9
1424	4
1425	4
1426	4
1427	4
1429	4
1432	9
1433	4
1434	9
1435	9
1436	9
1437	9
1438	9
1439	4
1440	9
1441	9
1442	9
1443	9
1444	9
1445	9
1446	9
1447	9
1448	9
1449	9
1450	2
1451	9
1452	9
1453	9
1454	2
1455	9
1456	2
1457	9
1458	2
1459	9
1460	9
1461	9
1462	9
1463	2
1464	9
1465	9
1466	3
1467	9
1468	9
1469	3
1470	9
1471	9
1472	9
1473	3
1474	3
1475	3
1476	5
1477	5
1478	5
1479	9
1480	9
1481	5
1482	9
1483	5
1484	5
1485	5
1486	5
1487	5
1488	5
1489	5
1490	5
1491	9
1492	9
1493	9
1494	5
1495	5
1496	9
1497	9
1498	9
1499	9
1500	5
1501	9
1502	9
1503	9
1504	9
1505	9
1506	9
1507	9
1508	9
1509	9
1510	9
1511	9
1512	9
1513	2
1514	9
1515	9
1516	2
1517	9
1518	9
1519	5
1520	5
1521	9
1522	5
1523	9
1524	9
1525	9
1526	4
1527	9
1528	9
1529	9
1530	9
1531	9
1533	9
1534	9
1535	5
1536	5
1537	5
1538	5
1539	5
1540	5
1541	5
1542	5
1543	2
1544	3
1545	3
1546	3
1547	9
1548	3
1549	9
1550	3
1551	9
1552	3
1553	9
1554	9
1555	9
1556	9
1557	9
1558	9
1559	3
1560	9
1561	9
1562	3
1563	9
1564	9
1565	9
1566	9
1567	9
1568	9
1569	3
1570	9
1571	9
1572	9
1573	9
1574	9
1575	9
1576	9
1577	9
1578	9
1579	9
1580	9
1581	9
1582	9
1584	9
1585	9
1586	9
1587	9
1588	9
1589	9
1590	9
1591	9
1592	9
1593	9
1594	4
1596	9
1597	9
1598	9
1599	9
1600	9
1601	9
1602	9
1603	9
1604	9
1605	9
1606	9
1607	9
1608	9
1609	9
1610	9
1611	9
1612	9
1613	9
1614	9
1615	9
1616	2
1617	2
1618	9
1619	9
1620	2
1621	9
1622	2
1623	9
1624	2
1625	2
1626	2
1627	2
1628	9
1629	2
1630	2
1631	9
1632	2
1633	2
1634	2
1635	2
1636	3
1637	9
1638	3
1639	9
1640	9
1641	9
1642	9
1643	9
1644	9
1645	9
1646	5
1647	5
1648	5
1649	9
1650	9
1651	9
1652	9
1653	9
1654	5
1655	9
1656	9
1657	3
1658	9
1659	9
1660	9
1661	9
1662	9
1663	9
1664	9
1665	9
1666	9
1667	9
1668	9
1669	9
1670	9
1671	5
1672	2
1673	2
1674	2
1675	2
1676	2
1677	2
1678	2
1679	2
1680	2
1681	9
1682	2
1683	2
1684	2
1685	2
1686	2
1687	2
1688	9
1689	5
1690	9
1691	5
1692	5
1693	9
1694	9
1695	5
1696	2
1697	2
1698	2
1699	9
1700	9
1701	2
1702	2
1703	2
1704	2
1705	2
1706	2
1707	2
1708	9
1709	9
1710	2
1711	2
1712	9
1713	9
1714	3
1715	9
1716	9
1717	9
1718	9
1719	9
1720	9
1721	9
1722	9
1723	3
1724	9
1725	3
1726	3
1727	9
1728	9
1729	9
1730	3
1731	9
1732	9
1733	3
1734	3
1735	3
1736	9
1737	9
1738	9
1739	9
1740	9
1741	9
1742	9
1743	9
1744	9
1745	9
1746	9
1747	4
1748	9
1749	9
1750	9
1751	9
1752	4
1753	4
1754	4
1755	4
1756	9
1757	9
1758	4
1759	3
1760	4
1761	9
1762	3
1763	9
1764	9
1765	9
1766	9
1767	9
1769	2
1770	2
1771	2
1772	9
1773	9
1774	9
1775	9
1776	9
1777	9
1778	9
1779	9
1780	9
1781	9
1782	9
1783	9
1784	9
1785	2
1786	9
1787	9
1788	9
1789	9
1790	9
1791	9
1792	9
1793	2
1795	9
1796	9
1797	9
1798	9
1799	2
1800	2
1801	9
1802	9
1803	9
1804	9
1805	9
1806	9
1807	9
1808	9
1809	9
1810	3
1811	9
1812	3
1813	3
1814	3
1815	3
1816	3
1817	3
1818	3
1819	9
1820	9
1821	9
1822	9
1823	5
1824	9
1825	5
1826	5
1827	5
1828	5
1829	5
1830	5
1831	2
1832	5
1833	2
1834	2
1835	2
1836	2
1837	2
1838	2
1839	2
1840	2
1841	2
1842	2
1843	2
1844	2
1845	2
1846	9
1847	9
1848	2
1849	2
1850	5
1851	9
1852	9
1853	9
1854	5
1855	9
1856	5
1857	9
1858	3
1859	3
1860	3
1861	9
1862	3
1863	3
1864	3
1865	9
1866	9
1867	9
1868	3
1869	9
1870	9
1871	9
1872	9
1873	3
1874	9
1875	9
1876	9
1877	9
1878	9
1879	6
1880	9
1881	6
1882	3
1883	3
1884	3
1885	9
1886	9
1887	9
1888	9
1889	9
1890	9
1891	9
1892	3
1893	3
1894	3
1895	3
1896	9
1897	4
1898	9
1899	4
1900	4
1901	4
1902	9
1903	9
1904	4
1905	4
1906	9
1907	3
1908	3
1909	9
1910	3
1911	3
1912	3
1913	9
1914	3
1915	3
1916	4
1917	3
1918	3
1919	9
1920	9
1921	4
1922	9
1923	9
1924	9
1925	9
1926	9
1927	9
1928	2
1929	9
1930	9
1931	9
1932	9
1933	9
1934	9
1935	9
1936	9
1937	9
1938	9
1939	9
1940	2
1941	9
1942	9
1943	9
1944	9
1945	9
1946	2
1947	9
1948	2
1949	2
1950	2
1951	2
1952	2
1953	2
1954	2
1955	2
1956	2
1957	9
1958	9
1959	2
1960	9
1961	2
1962	2
1963	9
1964	2
1965	3
1966	3
1967	3
1968	3
1969	3
1970	9
1971	9
1972	9
1973	9
1974	9
1975	9
1976	9
1977	5
1978	5
1979	9
1980	2
1981	2
1982	5
1983	2
1984	5
1985	9
1986	9
1987	9
1988	9
1989	5
1990	5
1991	9
1992	2
1993	2
1994	2
1995	2
1996	2
1997	2
1998	2
1999	2
2000	2
2001	2
2002	9
2003	2
2004	2
2005	2
2006	9
2007	9
2008	2
2009	9
2010	9
2011	5
2012	5
2013	9
2014	9
2015	9
2016	9
2017	3
2018	3
2019	3
2020	9
2021	9
2022	3
2023	9
2024	9
2025	3
2026	3
2027	9
2028	9
2029	9
2030	9
2031	9
2032	9
2033	9
2034	9
2035	9
2036	9
2037	9
2038	9
2039	9
2040	9
2041	9
2042	3
2043	3
2044	3
2045	3
2046	9
2047	9
2048	9
2049	9
2050	9
2051	9
2052	9
2053	9
2054	9
2055	9
2056	9
2057	9
2058	4
2059	4
2060	4
2061	9
2062	9
2063	9
2064	9
2065	9
2066	4
2067	9
2068	9
2069	9
2070	9
2071	3
2072	9
2073	3
2074	3
2075	9
2076	9
2077	3
2078	2
2079	2
2080	2
2081	2
2082	9
2083	9
2084	9
2085	9
2086	2
2087	9
2088	9
2089	9
2090	9
2091	9
2092	9
2093	9
2094	9
2095	9
2096	9
2097	9
2098	2
2099	9
2100	2
2101	9
2102	9
2103	9
2104	9
2105	9
2106	9
2107	2
2108	9
2109	9
2110	9
2111	2
2112	2
2113	9
2114	9
2115	9
2116	9
2117	9
2118	9
2119	3
2120	9
2121	9
2122	9
2123	5
2124	9
2125	5
2126	5
2127	9
2128	9
2129	9
2130	9
2131	9
2132	9
2133	5
2134	2
2135	5
2136	5
2137	5
2138	5
2139	5
2140	5
2141	9
2142	9
2143	9
2144	9
2145	9
2146	9
2147	9
2148	9
2149	9
2150	9
2151	9
2152	5
2153	9
2154	9
2155	9
2156	9
2157	9
2158	9
2161	9
2162	3
2163	9
2164	3
2165	9
2166	9
2167	9
2168	5
2169	9
2170	5
2171	5
2172	5
2173	9
2174	9
2175	9
2176	9
2177	3
2178	3
2179	9
2180	9
2181	9
2182	9
2183	9
2184	9
2185	9
2186	9
2187	9
2188	9
2189	9
2190	9
2191	9
2192	9
2193	9
2194	9
2195	9
2196	9
2197	6
2198	9
2199	9
2200	9
2201	6
2202	9
2203	9
2204	9
2205	9
2206	9
2207	9
2208	4
2209	4
2210	4
2211	4
2212	4
2213	4
2215	4
2216	9
2217	9
2218	9
2219	9
2220	9
2221	9
2222	9
2223	9
2224	9
2225	9
2226	9
2227	9
2228	9
2229	9
2230	4
2231	4
2232	9
2233	9
2234	9
2235	2
2236	2
2237	9
2238	9
2239	9
2240	9
2241	9
2242	9
2243	9
2244	9
2245	9
2246	9
2247	9
2248	9
2249	9
2250	9
2251	9
2252	9
2253	9
2254	9
2255	9
2256	9
2257	3
2258	3
2259	3
2260	9
2261	9
2262	3
2263	9
2264	9
2265	3
2266	3
2267	3
2268	9
2269	3
2270	3
2271	3
2272	3
2273	5
2274	5
2275	5
2276	5
2277	5
2278	5
2279	5
2280	5
2281	5
2282	2
2283	5
2284	9
2285	2
2286	2
2287	5
2288	5
2289	9
2290	9
2291	9
2292	9
2293	9
2294	9
2295	2
2296	9
2297	9
2298	2
2299	2
2300	2
2301	9
2302	5
2303	9
2304	9
2305	8
2306	9
2307	9
2308	3
2309	8
2310	9
2311	9
2312	9
2313	9
2314	9
2315	9
2316	9
2317	5
2318	3
2319	3
2320	3
2321	3
2322	9
2323	9
2324	9
2325	9
2326	9
2327	9
2328	9
2329	9
2330	9
2331	9
2332	9
2333	3
2334	9
2335	9
2336	3
2337	9
2338	9
2339	9
2340	9
2341	9
2342	3
2343	3
2344	6
2345	6
2346	6
2347	6
2348	6
2349	6
2350	6
2351	9
2352	6
2353	3
2354	6
2355	4
2356	4
2357	4
2358	3
2359	9
2360	3
2361	3
2362	9
2363	9
2364	9
2365	9
2366	3
2367	9
2368	9
2369	9
2370	9
2371	4
2372	9
2373	9
2374	9
2375	9
2376	9
2377	4
2378	9
2379	4
2380	4
2381	4
2382	9
2383	4
2384	9
2385	9
2386	9
2387	4
2388	4
2389	9
2390	9
2391	9
2392	4
2393	9
2394	4
2395	4
2396	4
2397	9
2398	2
2399	2
2400	2
2401	4
2402	4
2403	9
2404	9
2405	9
2406	9
2407	2
2408	9
2409	9
2410	9
2411	9
2412	9
2413	9
2414	9
2415	9
2416	9
2417	9
2418	9
2419	9
2420	9
2421	9
2422	2
2423	2
2424	2
2425	9
2426	3
2427	3
2428	3
2429	3
2430	3
2431	3
2432	3
2433	3
2434	3
2435	3
2436	3
2437	9
2438	3
2439	3
2440	3
2441	3
2442	3
2443	5
2444	9
2445	5
2446	9
2447	9
2448	9
2449	9
2450	9
2451	9
2452	9
2453	9
2454	3
2455	2
2456	2
2457	2
2458	2
2459	2
2460	9
2461	9
2462	9
2463	9
2464	2
2465	9
2466	9
2467	9
2468	9
2469	3
2470	9
2471	3
2472	9
2473	9
2474	9
2475	9
2476	3
2477	9
2478	3
2479	3
2480	3
2481	8
2482	9
2483	9
2484	9
2485	3
2486	5
2487	5
2488	5
2489	5
2490	9
2491	9
2492	9
2493	9
2494	9
2495	9
2496	9
2497	9
2498	9
2499	9
2500	9
2501	9
2502	9
2503	3
2504	9
2505	9
2506	3
2507	3
2508	3
2509	3
2510	4
2511	4
2512	4
2513	4
2514	4
2515	9
2516	9
2517	4
2518	4
2520	4
2521	4
2522	4
2523	4
2524	9
2525	9
2526	9
2527	9
2528	9
2529	3
2530	3
2531	9
2532	9
2533	9
2534	9
2535	9
2536	4
2537	9
2538	4
2539	4
2540	9
2541	4
2542	9
2543	9
2544	4
2545	4
2546	4
2547	9
2548	4
2549	9
2550	4
2551	4
2552	2
2553	2
2554	2
2555	4
2556	2
2557	2
2558	2
2559	2
2560	3
2561	4
2562	3
2563	3
2564	2
2565	2
2566	2
2567	3
2568	9
2569	9
2570	9
2571	9
2572	9
2573	2
2574	9
2575	2
2576	2
2577	9
2578	2
2579	2
2580	2
2581	2
2582	9
2583	5
2584	9
2585	2
2586	9
2587	2
2588	2
2589	9
2590	3
2591	9
2592	3
2593	9
2594	9
2595	9
2596	9
2597	3
2598	3
2599	3
2600	3
2601	9
2602	3
2603	3
2604	3
2605	3
2606	9
2607	9
2608	9
2609	9
2610	5
2611	9
2612	5
2613	9
2614	9
2615	9
2616	2
2617	2
2618	2
2619	2
2620	9
2621	9
2622	9
2623	9
2624	9
2625	9
2626	9
2627	3
2628	9
2629	3
2630	3
2631	3
2632	9
2633	9
2634	9
2635	5
2636	5
2637	9
2638	9
2639	9
2640	9
2641	9
2642	9
2643	9
2644	9
2645	9
2646	9
2647	9
2648	2
2649	9
2650	9
2651	9
2652	9
2653	9
2654	9
2655	9
2656	3
2657	3
2658	3
2659	3
2660	3
2661	9
2662	9
2663	3
2664	3
2665	3
2666	3
2667	9
2668	4
2669	4
2670	4
2671	9
2672	9
2673	9
2674	9
2675	9
2676	9
2677	9
2678	9
2679	9
2680	9
2681	4
2682	9
2683	9
2684	9
2685	9
2686	9
2687	9
2688	9
2689	9
2690	9
2691	9
2692	9
2693	9
2694	9
2695	9
2696	9
2697	4
2698	9
2699	9
2700	9
2701	4
2702	9
2703	9
2704	9
2705	9
2706	9
2707	9
2708	2
2710	9
2711	2
2712	2
2713	2
2714	2
2715	9
2716	9
2717	9
2718	2
2719	2
2720	2
2721	2
2722	2
2723	5
2724	9
2725	5
2726	5
2727	9
2728	2
2729	2
2730	2
2731	5
2732	5
2733	5
2734	5
2735	9
2736	5
2737	5
2738	5
2739	5
2740	9
2741	3
2742	9
2743	3
2744	3
2745	3
2746	9
2747	9
2748	9
2749	3
2750	9
2751	9
2752	3
2753	3
2754	3
2755	9
2756	3
2757	9
2758	9
2759	3
2760	3
2761	9
2762	9
2763	9
2764	5
2765	3
2766	3
2767	3
2768	9
2769	3
2770	9
2771	5
2772	5
2773	5
2774	5
2775	5
2776	5
2777	9
2778	9
2779	9
2780	2
2781	2
2782	9
2783	9
2784	2
2785	2
2786	2
2787	2
2788	2
2789	9
2790	2
2791	9
2792	9
2793	9
2794	9
2795	9
2796	9
2797	9
2798	9
2799	9
2800	9
2801	9
2802	5
2803	9
2804	9
2805	9
2806	9
2807	9
2808	9
2809	9
2810	9
2811	5
2812	9
2813	9
2814	9
2815	9
2816	9
2817	9
2818	9
2819	9
2820	3
2821	9
2822	9
2823	9
2824	3
2825	9
2826	9
2827	3
2828	3
2829	3
2830	9
2831	3
2832	3
2833	9
2834	9
2835	4
2836	2
2837	2
2838	9
2839	9
2840	9
2841	2
2842	2
2843	2
2844	2
2845	2
2846	2
2847	2
2848	9
2849	5
2850	9
2851	9
2852	9
2853	9
2854	9
2855	4
2856	4
2857	4
2858	9
2859	4
2860	4
2861	9
2862	9
2863	4
2864	9
2865	9
2866	9
2867	9
2868	9
2869	9
2870	9
2871	9
2872	9
2873	9
2874	9
2875	2
2876	2
2877	2
2878	9
2879	2
2880	9
2881	9
2882	2
2883	2
2884	9
2885	9
2886	2
2887	2
2888	2
2889	2
2890	2
2891	2
2892	2
2893	5
2894	9
2895	9
2896	5
2897	9
2898	5
2899	2
2900	5
2901	5
2902	5
2903	2
2904	5
2905	5
2906	5
2907	5
2908	5
2909	5
2910	9
2911	2
2912	2
2913	9
2914	3
2915	9
2916	3
2917	3
2918	3
2919	3
2920	3
2921	3
2922	3
2923	3
2924	3
2925	9
2926	9
2927	9
2928	9
2929	3
2930	3
2931	3
2932	9
2933	5
2934	5
2935	5
2936	9
2937	3
2938	3
2939	9
2940	3
2941	3
2942	9
2943	3
2944	3
2945	5
2946	3
2947	3
2948	9
2949	9
2950	2
2951	9
2952	9
2953	9
2954	9
2955	3
2956	3
2957	3
2958	9
2959	4
2960	3
2961	9
2962	3
2964	9
2965	9
2966	9
2967	9
2968	9
2969	9
2970	9
2971	9
2972	9
2973	9
2974	9
2975	9
2976	9
2977	9
2978	9
2979	5
2980	9
2981	3
2982	3
2983	3
2984	3
2985	9
2986	3
2987	9
2988	3
2989	3
2990	9
2991	3
2992	9
2993	9
2994	9
2995	3
2996	9
2997	9
2998	9
2999	9
3000	9
3001	5
3002	5
3003	5
3004	5
3005	9
3006	9
3007	9
3008	4
3009	4
3010	4
3011	4
3012	9
3013	9
3014	9
3015	9
3016	9
3017	9
3018	9
3019	9
3020	9
3021	9
3022	4
3023	4
3024	4
3025	4
3026	4
3027	4
3028	4
3029	9
3030	9
3031	9
3032	9
3033	9
3034	9
3035	4
3036	4
3037	9
3038	4
3039	4
3040	4
3041	2
3042	2
3043	2
3044	9
3045	2
3046	2
3047	2
3048	2
3049	2
3050	2
3051	2
3052	2
3053	2
3054	2
3055	2
3056	2
3057	2
3058	2
3059	2
3060	2
3061	2
3062	2
3063	2
3064	2
3065	2
3066	9
3067	2
3068	2
3069	9
3070	9
3071	9
3072	2
3073	9
3074	9
3075	9
3076	9
3077	9
3078	9
3079	9
3080	9
3081	9
3082	3
3083	3
3084	3
3085	9
3086	3
3087	3
3088	9
3089	9
3090	9
3091	9
3092	9
3093	9
3094	3
3095	9
3096	9
3097	9
3098	9
3099	4
3100	9
3101	9
3102	3
3103	9
3104	3
3105	3
3106	3
3107	3
3108	3
3109	3
3110	3
3111	9
3112	5
3113	5
3114	5
3115	5
3116	3
3117	5
3118	3
3119	3
3120	5
3121	2
3122	2
3123	2
3124	9
3125	9
3126	3
3127	9
3128	4
3129	9
3130	9
3131	9
3132	9
3133	9
3135	9
3136	9
3137	9
3138	9
3139	9
3140	9
3141	9
3142	9
3143	5
3144	5
3145	5
3146	9
3147	9
3148	3
3149	3
3150	9
3151	3
3152	3
3153	9
3154	3
3155	3
3156	9
3157	9
3158	9
3159	9
3160	9
3161	9
3162	3
3163	9
3164	5
3165	5
3166	9
3167	9
3168	5
3169	2
3170	2
3171	2
3172	4
3173	2
3174	2
3175	9
3176	9
3177	9
3178	9
3179	9
3180	9
3181	9
3184	9
3185	9
3186	9
3187	2
3188	9
3189	4
3190	4
3191	4
3192	4
3193	9
3194	9
3195	4
3196	4
3197	4
3198	4
3199	4
3200	4
3201	4
3202	2
3203	2
3204	2
3205	2
3206	2
3212	2
3213	9
3214	9
3215	9
3216	2
3217	4
3218	9
3219	4
3220	4
3221	2
3222	9
3223	9
3224	9
3225	9
3226	9
3227	9
3228	9
3229	9
3230	9
3231	9
3232	9
3233	9
3234	9
3235	9
3236	9
3237	9
3238	9
3239	9
3240	9
3241	9
3242	9
3243	9
3244	9
3245	9
3246	9
3247	9
3248	9
3249	9
3250	9
3251	9
3252	4
3253	9
3254	3
3255	9
3256	9
3257	9
3258	3
3259	9
3260	3
3261	3
3262	9
3263	5
3264	5
3265	5
3266	5
3267	5
3268	5
3269	5
3270	3
3271	5
3272	3
3273	3
3274	9
3275	2
3276	2
3277	2
3278	2
3279	9
3280	2
3281	9
3282	9
3284	3
3285	4
3286	9
3287	9
3288	5
3289	3
3292	4
3293	9
3294	9
3295	9
3296	9
3297	9
3298	5
3299	9
3300	9
3301	9
3302	9
3303	9
3304	3
3305	3
3306	3
3307	9
3308	9
3309	9
3310	9
3311	9
3312	9
3313	9
3314	9
3315	3
3316	3
3317	3
3318	3
3319	9
3320	9
3321	9
3322	2
3323	8
3324	3
3325	2
3326	2
3327	9
3328	9
3329	9
3330	9
3331	6
3332	3
3333	5
3334	5
3335	2
3336	5
3337	9
3338	9
3339	9
3340	9
3341	4
3342	9
3343	9
3344	9
3345	4
3346	4
3347	4
3348	4
3350	4
3351	9
3352	4
3353	9
3355	2
3356	9
3357	4
3358	2
3359	2
3360	2
3361	2
3362	9
3363	2
3364	9
3365	9
3366	2
3367	2
3368	2
3369	2
3370	9
3371	9
3372	9
3373	9
3374	9
3375	9
3376	9
3377	9
3378	9
3379	9
3380	9
3381	9
3382	9
3383	9
3384	9
3385	9
3386	9
3387	9
3388	9
3389	9
3390	9
3391	9
3392	9
3393	9
3394	9
3395	9
3396	9
3397	9
3398	9
3399	2
3400	9
3401	9
3402	3
3403	3
3404	9
3405	9
3406	9
3407	9
3408	3
3409	3
3410	4
3411	9
3412	9
3413	3
3414	9
3415	9
3416	9
3417	5
3418	5
3419	5
3420	5
3421	5
3422	5
3423	5
3424	3
3425	5
3426	5
3427	3
3428	9
3429	3
3430	9
3431	2
3432	2
3433	2
3434	2
3435	2
3436	2
3437	2
3438	9
3439	3
3440	9
3441	4
3442	9
3443	9
3444	9
3445	9
3446	9
3447	9
3448	9
3449	5
3450	3
3451	9
3452	5
3453	9
3454	9
3455	9
3456	3
3457	3
3458	3
3459	5
3460	9
3461	3
3462	3
3463	9
3464	9
3465	9
3466	9
3467	9
3468	9
3469	9
3470	9
3471	3
3472	9
3473	3
3474	3
3475	9
3476	9
3477	9
3478	9
3479	3
3480	3
3481	9
3482	3
3483	3
3484	3
3485	3
3486	3
3487	6
3488	6
3489	3
3490	3
3491	3
3492	6
3493	6
3494	6
3495	6
3496	3
3497	9
3498	4
3499	4
3500	9
3501	9
3502	9
3503	9
3504	9
3505	9
3506	9
3507	9
3508	9
3509	9
3510	9
3513	9
3514	9
3515	9
3516	9
3517	9
3518	9
3519	9
3520	9
3521	9
3522	9
3523	9
3524	9
3525	4
3526	9
3527	9
3528	9
3529	9
3530	9
3531	9
3533	4
3534	9
3535	9
3536	9
3537	4
3538	4
3539	4
3540	4
3541	4
3542	4
3543	4
3544	4
3545	2
3546	2
3547	2
3548	2
3549	9
3550	2
3551	2
3552	2
3553	2
3554	2
3555	2
3556	2
3557	2
3558	9
3559	2
3560	2
3561	2
3562	9
3563	9
3564	9
3565	9
3566	9
3567	9
3568	9
3569	9
3570	9
3571	9
3572	3
3573	9
3574	9
3575	9
3576	9
3577	9
3578	9
3579	5
3580	3
3581	9
3582	9
3583	3
3584	9
3585	9
3586	5
3587	3
3588	5
3589	5
3590	5
3591	5
3592	9
3593	9
3594	9
3595	9
3596	9
3597	9
3598	9
3599	9
3600	9
3601	9
3602	2
3603	3
3604	9
3605	3
3606	9
3607	9
3608	5
3609	9
3610	3
3611	9
3612	9
3614	9
3615	9
3616	5
3617	3
3618	9
3619	3
3620	9
3621	9
3622	9
3623	9
3624	3
3625	9
3626	9
3627	9
3628	3
3629	3
3630	3
3631	3
3632	9
3633	9
3634	9
3635	3
3636	3
3637	9
3638	9
3639	9
3640	9
3641	9
3642	9
3643	9
3644	9
3645	9
3646	3
3647	3
3648	6
3649	6
3650	9
3651	3
3652	3
3653	9
3654	3
3655	3
3656	3
3657	9
3658	3
3659	3
3660	9
3661	3
3662	9
3663	9
3664	9
3665	9
3666	9
3667	9
3668	9
3669	9
3670	9
3671	9
3672	4
3673	4
3674	9
3675	9
3676	9
3677	9
3678	9
3679	9
3680	9
3681	9
3682	9
3684	9
3685	4
3686	4
3687	9
3688	2
3689	4
3690	4
3691	4
3692	4
3693	4
3694	4
3695	4
3696	4
3697	4
3698	4
3699	9
3700	4
3701	4
3702	2
3703	2
3704	2
3705	2
3706	2
3707	2
3708	2
3709	2
3710	2
3711	9
3712	9
3713	9
3715	2
3717	2
3718	2
3719	2
3720	2
3721	2
3722	9
3723	9
3724	9
3725	9
3726	3
3727	9
3728	9
3729	9
3730	9
3731	9
3732	3
3733	9
3734	9
3735	3
3736	3
3737	9
3738	9
3739	9
3740	9
3741	3
3742	5
3743	9
3744	9
3745	9
3746	9
3747	9
3748	9
3749	9
3750	9
3751	9
3752	5
3753	9
3754	9
3755	5
3756	9
3757	9
3758	9
3759	2
3760	2
3761	9
3762	9
3763	9
3764	9
3768	4
3769	9
3770	2
3771	9
3772	9
3773	9
3774	9
3775	9
3776	3
3777	9
3778	3
3779	3
3780	3
3781	3
3782	6
3783	6
3784	6
3785	6
3786	6
3787	9
3788	9
3789	6
3790	9
3791	9
3792	9
3793	9
3794	8
3795	8
3796	9
3797	8
3798	9
3799	9
3800	9
3801	9
3802	9
3803	9
3804	9
3805	9
3806	9
3807	9
3808	9
3809	9
3810	9
3811	9
3812	9
3813	9
3814	9
3815	9
3816	9
3817	9
3818	9
3819	8
3820	9
3821	9
3822	9
3823	9
3824	9
3825	9
3826	8
3827	9
3828	8
3829	8
3830	8
3831	8
3832	8
3833	8
3834	8
3835	8
3836	8
3837	8
3838	8
3839	8
3840	8
3841	8
3842	8
3843	9
3844	9
3845	9
3846	8
3847	8
3848	8
3849	8
3850	8
3851	8
3852	8
3853	8
3854	8
3855	8
3856	8
3857	8
3858	9
3859	9
3860	9
3861	9
3862	9
3863	9
3864	9
3865	9
3866	8
3867	8
3868	9
3869	9
3870	9
3871	9
3872	9
3873	9
3874	8
3875	8
3876	8
3877	9
3878	9
3879	8
3880	8
3883	9
3884	9
3885	8
3886	8
3887	8
3888	8
3889	8
3890	8
3892	9
3893	8
3894	8
3897	9
3898	9
3899	9
3900	9
3901	9
3902	9
3903	9
3904	8
3905	8
3906	8
3907	8
3908	8
3909	9
3910	9
3911	8
3912	9
3913	9
3914	8
3915	9
3916	9
3917	9
3918	9
3919	9
3920	9
3921	8
3922	9
3923	9
3924	9
3925	8
3926	8
3927	8
3928	9
3929	9
3930	8
3931	9
3932	9
3933	9
3934	8
3935	8
3936	8
3937	8
3938	8
3939	9
3940	8
3941	9
3942	8
3943	9
3944	9
3945	9
3946	9
3947	9
3948	9
3949	9
3950	9
3951	9
3952	9
3953	9
3954	9
3955	9
3956	9
3957	9
3958	8
3959	8
3960	9
3961	9
3962	9
3963	9
3964	9
3965	9
3966	9
3967	9
3968	9
3969	9
3970	9
3971	9
3972	9
3973	9
3974	9
3975	9
3976	9
3977	9
3978	9
3979	8
3980	9
3981	8
3982	8
3983	8
3985	9
3986	8
3987	9
3988	9
3989	9
3990	9
3991	9
3992	9
3993	9
3994	8
3995	9
3996	9
3997	9
3998	9
3999	9
4000	9
4001	0
4002	9
4003	9
4004	8
4005	8
4006	8
4007	9
4008	9
4009	9
4010	9
4011	9
4012	8
4013	9
4014	8
4015	9
4016	9
4017	9
4018	8
4019	9
4020	9
4021	9
4022	8
4023	8
4024	9
4025	9
4026	9
4027	9
4028	9
4029	9
4030	9
4031	9
4032	9
4033	9
4034	9
4035	8
4036	8
4037	9
4038	9
4039	9
4040	9
4041	9
4042	9
4043	9
4044	8
4045	9
4046	9
4047	9
4048	9
4049	0
4050	0
4051	0
4052	0
4053	0
4054	8
4055	0
4056	8
4057	9
4058	9
4059	9
4060	9
4061	9
4062	9
4063	9
4064	9
4065	9
4066	0
4067	9
4068	9
4069	9
4070	9
4071	9
4072	9
4073	9
4074	9
4075	0
4076	9
4077	0
4078	9
4079	9
4080	9
4081	9
4082	9
4083	9
4084	9
4085	8
4086	8
4087	9
4088	8
4089	8
4090	8
4091	9
4092	9
4093	9
4094	9
4095	9
4096	9
4097	9
4098	9
4099	9
4100	9
4101	9
4102	9
4103	9
4104	8
4105	8
4106	9
4107	8
4108	8
4109	9
4110	9
4111	9
4112	9
4113	9
4114	9
4115	9
4116	9
4117	9
4118	9
4119	8
4120	9
4121	8
4122	9
4123	9
4124	8
4125	8
4126	9
4127	8
4128	9
4129	9
4130	9
4131	9
4132	8
4133	9
4134	9
4135	9
4136	9
4137	9
4138	9
4139	9
4140	9
4141	9
4142	9
4143	9
4144	9
4145	9
4146	9
4147	8
4148	9
4149	9
4150	0
4151	9
4152	9
4153	8
4154	9
4155	9
4156	9
4157	9
4158	8
4159	9
4160	9
4161	1
4162	9
4163	9
4164	9
4165	8
4166	9
4167	9
4168	1
4169	8
4170	8
4171	9
4172	9
4173	9
4174	9
4175	9
4176	8
4177	9
4178	9
4179	9
4180	9
4181	8
4182	9
4183	9
4184	1
4185	1
4186	9
4187	9
4188	8
4189	9
4190	8
4191	8
4192	8
4193	9
4194	9
4195	8
4196	8
4197	8
4198	9
4199	9
4200	9
4201	9
4202	9
4203	9
4204	9
4205	9
4206	9
4207	9
4208	9
4209	9
4210	8
4211	8
4212	8
4213	8
4214	8
4215	8
4216	8
4217	9
4218	9
4219	8
4220	8
4221	8
4222	8
4223	8
4224	8
4225	8
4226	8
4227	8
4228	8
4229	9
4230	9
4231	8
4232	8
4233	8
4234	9
4235	8
4236	9
4237	9
4238	8
4239	9
4240	9
4241	9
4242	9
4243	9
4244	9
4245	9
4246	8
4247	9
4248	9
4249	8
4250	9
4251	9
4252	9
4253	9
4254	8
4255	8
4256	8
4257	8
4258	8
4259	8
4260	8
4261	8
4262	8
4263	8
4264	8
4265	8
4266	8
4267	8
4268	8
4269	8
4270	8
4271	8
4272	8
4273	9
4274	9
4275	9
4276	8
4277	8
4278	8
4279	9
4280	9
4281	9
4282	9
4283	9
4284	8
4285	9
4286	8
4287	9
4288	9
4289	8
4290	8
4291	9
4292	8
4293	9
4294	9
4295	9
4296	9
4297	9
4298	9
4299	8
4300	9
4301	9
4302	9
4303	9
4304	9
4305	9
4306	8
4307	8
4308	8
4309	8
4310	9
4311	8
4312	9
4313	8
4314	8
4315	9
4316	8
4317	8
4318	9
4319	9
4320	8
4321	8
4322	8
4323	9
4324	9
4325	8
4326	8
4327	8
4328	8
4329	9
4330	9
4331	8
4332	9
4333	9
4334	9
4335	9
4336	9
4337	9
4338	9
4339	9
4340	8
4341	8
4342	8
4343	9
4344	8
4345	8
4346	8
4347	8
4348	9
4349	8
4350	9
4351	8
4352	9
4353	8
4354	8
4355	8
4356	8
4357	8
4358	8
4359	8
4360	8
4361	9
4362	8
4363	8
4364	8
4365	8
4366	8
4367	8
4368	7
4369	9
4370	9
4371	8
4372	8
4373	8
4374	9
4375	8
4376	9
4377	8
4378	9
4379	9
4380	8
4381	9
4382	8
4383	9
4384	8
4385	8
4386	8
4387	8
4388	8
4389	9
4390	9
4391	9
4392	9
4393	9
4394	8
4395	9
4396	8
4397	9
4398	9
4399	9
4400	9
4401	9
4402	9
4403	9
4404	8
4405	8
4406	8
4407	8
4408	8
4409	8
4410	8
4411	8
4412	8
4413	8
4414	8
4415	8
4416	8
4417	8
4418	8
4419	8
4420	8
4421	9
4422	9
4423	7
4424	8
4425	8
4426	8
4427	9
4428	8
4429	9
4430	9
4431	9
4432	8
4433	9
4434	8
4435	8
4436	8
4437	9
4438	8
4439	8
4440	9
4441	9
4442	8
4443	9
4444	9
4445	9
4446	8
4447	8
4448	8
4449	9
4450	9
4451	8
4452	9
4453	8
4454	8
4455	8
4456	9
4457	9
4458	9
4459	9
4460	8
4461	9
4462	8
4463	9
4464	8
4465	8
4466	8
4467	9
4468	8
4469	8
4470	8
4471	9
4472	9
4473	8
4474	9
4475	9
4476	9
4477	9
4478	9
4479	8
4480	9
4481	8
4482	8
4483	9
4484	8
4485	8
4486	8
4487	8
4488	8
4489	8
4490	8
4496	8
4497	8
4498	8
4499	8
4500	9
4501	9
4502	9
4503	9
4504	9
4510	9
4511	9
4512	9
4513	8
4514	8
4515	8
4516	8
4517	8
4518	8
4519	8
4520	8
4521	8
4522	8
4523	8
4524	8
4525	8
4526	8
4527	7
4528	7
4529	7
4530	9
4531	7
4532	7
4533	7
4534	7
4535	7
4536	7
4537	7
4538	7
4539	7
4540	7
4541	7
4542	7
4543	7
4544	7
4545	7
4546	7
4547	9
4548	7
4549	7
4550	7
4551	7
4552	7
4553	7
4554	0
4555	9
4556	3
4557	9
4558	6
4559	9
4560	6
4561	9
4562	6
4563	6
4564	6
4565	6
4566	6
4567	9
4568	9
4569	9
4570	9
4571	9
4572	9
4573	9
4574	9
4575	3
4576	3
4577	3
4578	9
4579	9
4580	9
4581	9
4582	3
4583	9
4584	9
4585	9
4586	8
4587	9
4588	3
4589	9
4590	9
4591	9
4592	8
4596	9
4597	9
4599	8
4600	9
4601	9
4602	8
4603	9
4607	8
4608	9
4609	9
4610	9
4611	9
4612	9
4613	8
4614	9
4615	9
4616	9
4617	9
4618	9
4619	9
4620	9
4621	9
4622	3
4623	0
4624	3
4625	3
4626	3
4627	9
4628	3
4629	9
4630	9
4631	9
4632	9
4633	9
4634	9
4635	9
4636	9
4637	9
4638	9
4639	9
4640	9
4641	9
4642	9
4643	9
4644	9
4645	9
4646	9
4647	9
4648	9
4649	6
4650	6
4651	9
4652	9
4653	9
4654	9
4655	9
4656	9
4657	9
4658	9
4659	9
4660	9
4661	0
4662	3
4663	9
4664	9
4665	9
4666	6
4667	6
4668	6
4669	9
4670	6
4671	9
4672	3
4673	3
4674	9
4675	9
4676	9
4677	9
4678	9
4679	9
4680	9
4681	9
4682	9
4683	9
4684	9
4685	9
4686	9
4687	6
4688	9
4689	9
4690	9
4691	9
4692	9
4693	9
4694	9
4695	9
4696	9
4697	9
4698	9
4699	9
4700	9
4701	9
4702	9
4703	9
4704	3
4705	9
4706	9
4707	8
4708	9
4709	3
4710	9
4711	3
4712	3
4713	9
4714	3
4715	3
4716	3
4717	3
4718	3
4719	3
4720	9
4721	9
4722	8
4723	9
4724	8
4725	8
4726	8
4727	8
4728	8
4729	8
4730	9
4731	3
4732	9
4733	3
4734	3
4735	9
4736	3
4737	3
4738	9
4739	8
4740	9
4741	9
4742	9
4743	9
4744	3
4745	8
4746	9
4747	8
4748	9
4749	8
4750	3
4751	9
4752	9
4753	8
4754	3
4755	3
4756	3
4757	3
4758	9
4759	9
4760	9
4761	9
4762	9
4763	9
4764	9
4765	9
4766	9
4767	9
4768	9
4769	9
4770	9
4771	3
4772	3
4773	9
4774	8
4775	9
4776	9
4777	8
4778	9
4779	9
4780	6
4781	9
4782	9
4783	9
4784	8
4785	9
4786	9
4787	9
4788	6
4789	9
4790	6
4791	6
4792	9
4793	3
4794	3
4795	9
4796	9
4797	9
4798	9
4799	3
4800	9
4801	9
4802	3
4803	9
4804	3
4805	9
4806	9
4807	9
4808	9
4809	9
4810	9
4811	9
4812	3
4813	9
4815	9
4816	9
4817	9
4818	9
4819	9
4820	9
4821	9
4822	9
4823	9
4826	3
4827	9
4828	9
4829	9
4830	9
4831	9
4832	9
4833	9
4834	9
4835	9
4836	6
4837	9
4838	9
4839	9
4840	9
4841	9
4842	9
4843	9
4844	9
4845	9
4846	9
4847	9
4848	9
4849	9
4850	3
4851	9
4852	6
4853	9
4854	6
4855	6
4856	9
4857	6
4858	6
4859	6
4860	9
4861	9
4862	9
4863	9
4864	9
4865	6
4866	9
4867	9
4868	9
4869	9
4870	9
4871	9
4872	8
4873	0
4874	8
4875	9
4876	0
4877	9
4878	8
4879	8
4880	8
4881	6
4882	9
4883	9
4884	6
4885	6
4886	9
4887	9
4888	9
4889	9
4890	9
4891	6
4892	9
4893	9
4894	9
4895	9
4896	9
4897	9
4898	9
4899	9
4900	9
4901	9
4902	9
4903	9
4904	9
4905	3
4906	3
4907	9
4908	9
4909	9
4910	3
4911	8
4912	8
4913	9
4914	9
4915	3
4916	8
4917	8
4918	9
4919	9
4920	8
4921	9
4922	9
4923	9
4924	9
4925	8
4926	8
4927	8
4928	8
4929	8
4930	8
4931	8
4932	8
4933	8
4934	9
4935	9
4936	8
4937	9
4938	9
4939	8
4940	9
4941	9
4942	3
4943	9
4944	9
4945	9
4946	9
4947	9
4948	9
4949	9
4950	9
4951	9
4953	9
4954	9
4955	9
4956	9
4958	9
4959	9
4961	9
4966	9
4968	9
4969	9
4970	9
4971	9
4972	9
4973	9
4974	9
4975	9
4976	9
4977	9
4978	8
4979	8
4980	9
4981	8
4982	9
4983	8
4984	8
4985	8
4986	8
4987	8
4988	9
4989	9
4990	8
4991	8
4992	8
4993	8
4994	8
4995	8
4996	8
4997	9
4998	9
4999	9
5000	8
5001	9
5002	9
5003	9
5004	8
5005	9
5006	8
5007	9
5008	8
5009	8
5010	9
5011	9
5012	9
5013	8
5014	8
5015	9
5016	9
5017	8
5018	8
5019	8
5020	9
5021	8
5022	8
5023	8
5024	8
5025	8
5026	8
5027	8
5028	8
5029	8
5030	8
5031	8
5032	8
5033	9
5034	8
5035	8
5036	9
5037	8
5038	9
5039	9
5040	9
5041	9
5042	9
5043	9
5044	9
5045	9
5046	9
5047	9
5048	9
5049	9
5050	9
5051	9
5052	9
5053	8
5054	8
5055	8
5058	9
5059	8
5063	9
5066	9
5067	8
5068	9
5069	8
5070	8
5071	8
5072	9
5073	8
5074	9
5075	8
5076	8
5077	8
5078	8
5079	8
5080	8
5081	9
5082	8
5083	8
5084	8
5085	8
5086	8
5087	8
5088	9
5089	8
5090	9
5091	9
5092	9
5093	9
5094	9
5095	0
5096	0
5097	9
5098	9
5099	9
5100	9
5101	9
5102	9
5103	9
5104	9
5105	9
5106	9
5107	9
5108	9
5109	9
5110	9
5111	9
5112	9
5113	9
5114	9
5115	9
5116	9
5117	9
5118	9
5119	8
5120	9
5121	9
5122	9
5123	8
5124	8
5125	9
5126	2
5127	9
5128	9
5129	3
5130	9
5131	9
5132	9
5133	9
5134	9
5135	8
5136	9
5137	8
5138	9
5139	9
5140	9
5141	9
5142	9
5143	9
5144	9
5145	9
5146	9
5147	9
5148	9
5149	9
5150	9
5151	9
5152	9
5153	9
5154	9
5155	8
5156	9
5157	8
5158	9
5159	8
5160	9
5161	8
5162	3
5163	9
5164	2
5165	9
5166	9
5167	9
5168	8
5169	8
5170	8
5171	8
5172	8
5173	8
5174	3
5175	9
5176	8
5177	9
5178	9
5179	9
5180	9
5181	8
5182	8
5183	9
5184	8
5185	9
5186	9
5187	9
5188	9
5189	3
5190	9
5191	9
5192	9
5193	9
5194	9
5195	9
5196	9
5197	9
5198	9
5199	9
5200	9
5201	9
5202	9
5203	8
5204	9
5205	9
5206	8
5207	9
5208	9
5209	2
5210	2
5211	9
5212	9
5213	9
5214	9
5215	9
5216	9
5217	9
5218	9
5219	8
5220	8
5221	9
5222	9
5223	8
5224	9
5225	9
5226	2
5227	9
5228	8
5229	8
5230	9
5231	9
5232	9
5233	9
5234	9
5235	9
5236	9
5237	2
5238	9
5239	9
5240	9
5241	9
5242	9
5243	9
5244	9
5245	9
5246	9
5247	9
5248	9
5249	9
5250	9
5251	9
5252	9
5253	8
5254	8
5255	2
5256	9
5257	9
5258	9
5259	8
5260	8
5261	8
5262	9
5263	9
5264	9
5265	9
5266	9
5267	8
5268	9
5269	2
5270	2
5271	2
5272	9
5273	9
5274	9
5275	9
5276	8
5277	8
5278	9
5279	9
5280	9
5281	9
5282	9
5283	9
5284	9
5285	9
5286	9
5287	9
5288	9
5289	2
5290	9
5291	9
5292	8
5293	9
5294	9
5295	2
5296	9
5297	9
5298	9
5299	8
5300	8
5301	8
5302	9
5303	9
5304	9
5305	9
5306	9
5307	9
5308	9
5309	9
5310	9
5311	9
5312	9
5313	9
5314	9
5315	3
5316	2
5317	2
5318	9
5319	9
5320	8
5321	9
5322	8
5324	9
5325	8
5326	9
5327	9
5328	9
5329	9
5330	9
5331	9
5332	9
5333	9
5334	9
5335	2
5336	9
5337	2
5338	9
5339	9
5340	9
5341	9
5342	3
5343	2
5344	9
5345	9
5346	9
5347	9
5348	3
5349	9
5350	9
5351	9
5352	9
5353	9
5354	9
5355	9
5356	9
5357	9
5358	9
5359	9
5360	9
5361	9
5362	9
5363	9
5364	9
5365	8
5366	2
5367	9
5368	9
5369	9
5370	9
5371	9
5372	9
5373	9
5374	2
5375	9
5376	9
5377	8
5378	9
5379	9
5380	9
5381	9
5382	8
5383	9
5384	9
5385	9
5386	2
5387	9
5388	9
5389	9
5390	9
5391	9
5392	9
5393	2
5394	2
5395	2
5396	9
5397	2
5398	9
5399	8
5400	9
5401	9
5402	9
5403	9
5404	9
5405	9
5406	9
5407	9
5408	2
5409	9
5410	2
5411	2
5412	2
5413	2
5414	9
5415	3
5416	9
5417	2
5418	9
5419	9
5420	9
5421	9
5422	9
5423	9
5424	9
5425	9
5426	9
5427	8
5428	9
5429	9
5430	9
5431	9
5432	9
5433	9
5434	9
5435	9
5436	9
5437	9
5438	9
5439	9
5440	9
5441	9
5442	9
5443	3
5444	3
5445	9
5446	9
5447	9
5448	2
5449	9
5450	9
5451	2
5452	2
5453	2
5454	9
5455	2
5456	9
5457	3
5458	8
5459	8
5460	9
5461	9
5462	9
5463	9
5464	9
5465	9
5466	9
5467	9
5468	9
5469	9
5470	8
5471	8
5472	9
5473	9
5474	9
5475	9
5476	9
5477	9
5478	9
5479	8
5480	9
5481	8
5482	9
5483	8
5484	8
5485	9
5486	9
5487	9
5488	9
5489	2
5490	9
5491	2
5492	9
5493	9
5494	9
5495	9
5496	9
5497	9
5498	9
5499	9
5500	9
5501	9
5502	2
5503	9
5504	9
5505	2
5506	9
5507	9
5508	9
5509	9
5510	9
5511	9
5512	8
5513	8
5514	8
5515	3
5516	2
5517	2
5518	9
5519	8
5520	9
5521	9
5522	9
5523	9
5524	9
5525	9
5526	9
5527	3
5528	9
5529	8
5530	9
5531	9
5532	8
5533	8
5534	8
5535	8
5536	8
5537	8
5538	9
5539	2
5540	9
5541	2
5542	9
5543	9
5544	9
5545	9
5546	9
5547	9
5548	9
5549	8
5550	9
5551	9
5552	9
5553	9
5554	9
5555	9
5556	9
5557	3
5558	9
5559	8
5560	3
5561	9
5562	9
5563	9
5564	9
5565	9
5566	9
5567	9
5568	9
5569	8
5570	9
5571	9
5572	9
5573	9
5574	9
5575	8
5576	9
5577	9
5578	9
5579	8
5580	9
5581	9
5582	2
5583	2
5584	9
5585	2
5586	8
5587	9
5588	9
5589	9
5590	9
5591	9
5592	8
5593	9
5594	9
5595	8
5596	9
5597	9
5598	2
5599	9
5600	2
5601	3
5602	8
5603	8
5604	9
5605	8
5606	3
5607	9
5608	9
5609	8
5610	9
5611	8
5612	9
5613	9
5614	3
5615	9
5616	9
5617	8
5618	9
5619	2
5620	9
5621	9
5622	9
5623	9
5624	9
5625	9
5626	9
5627	9
5628	9
5629	9
5630	9
5631	9
5632	8
5633	9
5634	8
5635	9
5636	9
5637	9
5638	2
5639	9
5640	9
5641	8
5642	9
5643	9
5644	9
5645	9
5646	9
5647	8
5648	9
5649	9
5650	9
5651	9
5652	9
5653	2
5654	2
5655	9
5656	9
5657	2
5658	8
5659	9
5660	9
5661	9
5662	9
5663	9
5664	9
5665	9
5666	9
5667	9
5668	9
5669	2
5670	3
5671	9
5672	9
5673	9
5674	9
5675	9
5676	9
5677	9
5678	9
5679	9
5680	9
5681	9
5682	9
5683	9
5684	9
5685	9
5686	9
5687	9
5688	9
5689	9
5690	9
5691	9
5692	8
5693	9
5694	8
5695	9
5696	8
5697	9
5698	9
5699	2
5700	2
5701	9
5702	2
5703	9
5704	2
5705	9
5706	9
5707	9
5708	9
5709	9
5710	9
5711	9
5712	9
5713	9
5714	3
5715	9
5716	8
5717	8
5718	9
5719	9
5720	9
5721	9
5722	9
5723	9
5725	9
5726	9
5727	9
5728	9
5729	9
5730	9
5731	9
5732	9
5733	9
5734	2
5735	9
5736	2
5737	9
5738	9
5739	9
5740	9
5741	9
5742	9
5743	8
5744	9
5745	9
5746	9
5747	9
5748	9
5749	9
5750	9
5751	9
5752	9
5753	2
5754	9
5755	9
5756	8
5757	9
5758	9
5759	9
5766	9
5767	9
5768	9
5769	9
5770	9
5771	9
5772	9
5773	8
5774	9
5775	8
5776	9
5777	3
5778	9
5779	9
5780	3
5781	9
5782	9
5783	9
5784	8
5785	9
5786	9
5787	9
5788	9
5789	9
5790	9
5791	9
5792	9
5793	9
5794	9
5795	9
5796	9
5797	9
5798	9
5799	9
5800	9
5801	9
5802	9
5803	9
5804	2
5805	8
5806	9
5807	9
5810	9
5811	9
5812	9
5813	9
5814	9
5815	9
5816	9
5817	9
5818	9
5819	9
5820	9
5821	9
5822	9
5823	9
5824	9
5825	9
5826	9
5827	9
5828	9
5829	9
5830	9
5831	8
5832	9
5833	9
5834	8
5835	8
5836	9
5837	9
5838	8
5839	9
5840	9
5841	9
5842	9
5843	9
5844	9
5845	9
5846	9
5847	9
5848	8
5849	9
5850	9
5851	9
5852	9
5853	9
5854	9
5855	9
5856	9
5857	9
5858	8
5859	9
5860	8
5861	8
5862	8
5863	9
5864	9
5865	9
5866	9
5867	9
5868	9
5869	9
5870	9
5871	9
5872	9
5873	9
5874	9
5875	9
5876	9
5877	8
5878	9
5879	9
5880	9
5881	9
5882	9
5883	9
5884	9
5885	9
5886	8
5887	8
5888	9
5889	9
5890	9
5891	9
5892	8
5893	9
5894	8
5895	9
5896	9
5897	9
5898	9
5899	9
5900	9
5901	8
5902	8
5903	9
5904	9
5905	7
5906	9
5907	9
5908	9
5909	9
5910	9
5911	9
5912	9
5913	9
5914	9
5915	9
5916	9
5917	9
5918	9
5919	9
5920	9
5921	9
5922	9
5923	8
5924	9
5925	9
5926	9
5927	8
5928	9
5929	9
5930	9
5931	9
5932	9
5933	9
5934	9
5935	9
5936	9
5937	8
5938	8
5939	8
5940	8
5941	8
5942	8
5943	8
5944	9
5945	9
5946	9
5947	9
5948	9
5949	9
5950	8
5951	8
5952	8
5953	9
5954	9
5955	8
5956	8
5957	8
5958	8
5959	8
5960	8
5961	8
5962	8
5963	8
5964	8
5965	9
5966	9
5967	8
5968	9
5969	8
5970	9
5971	8
5972	9
5973	9
5974	9
5975	8
5976	8
5977	8
5978	8
5979	8
5980	9
5981	9
5982	9
5983	9
5984	9
5985	9
5986	9
5987	8
5988	8
5989	8
5990	8
5991	8
5992	9
5993	8
5994	9
5995	8
5996	8
5997	9
5998	9
5999	9
6000	9
6001	9
6002	9
6003	9
6004	9
6005	7
6006	7
6007	7
6008	8
6009	8
6010	9
6011	9
6012	9
6013	8
6014	9
6015	9
6016	8
6017	8
6018	9
6019	8
6020	9
6021	9
6022	9
6023	9
6024	9
6025	9
6026	9
6027	9
6028	8
6029	7
6030	8
6031	8
6032	8
6033	8
6034	9
6035	8
6036	8
6037	8
6038	8
6039	8
6040	8
6041	9
6042	8
6043	8
6044	8
6045	8
6046	9
6047	9
6048	9
6049	8
6050	8
6051	8
6052	8
6053	8
6054	9
6055	8
6056	8
6057	8
6058	9
6059	9
6060	8
6061	8
6062	8
6063	8
6064	8
6065	8
6066	8
6067	8
6068	8
6069	8
6070	9
6071	9
6072	8
6073	8
6074	9
6075	9
6076	8
6077	8
6078	9
6079	9
6080	8
6081	8
6082	8
6083	8
6084	8
6085	8
6086	8
6087	9
6088	8
6089	9
6090	9
6091	8
6092	9
6093	9
6094	8
6095	9
6096	8
6097	8
6098	8
6099	9
6100	8
6101	9
6102	8
6103	8
6104	8
6105	8
6106	8
6107	8
6108	9
6109	8
6110	8
6111	8
6112	8
6113	9
6114	9
6115	9
6116	9
6117	9
6118	9
6119	9
6120	9
6121	9
6122	9
6123	9
6124	9
6125	8
6126	8
6127	8
6128	8
6129	8
6130	8
6131	9
6132	9
6133	9
6134	9
6135	9
6136	9
6137	8
6138	9
6139	9
6140	9
6141	9
6142	9
6143	9
6144	9
6145	8
6146	8
6147	8
6148	9
6149	9
6150	8
6151	8
6152	9
6153	9
6154	9
6155	9
6156	9
6157	9
6158	8
6159	9
6160	9
6161	8
6162	9
6163	9
6164	9
6165	8
6166	9
6167	8
6168	9
6169	8
6170	9
6171	8
6172	8
6173	8
6174	7
6175	8
6176	9
6177	8
6178	8
6179	8
6180	8
6181	8
6182	8
6183	8
6184	7
6185	9
6186	9
6187	7
6188	7
6189	7
6190	7
6191	7
6192	9
6193	9
6194	7
6195	8
6196	9
6197	9
6198	9
6199	9
6200	9
6201	9
6202	9
6203	7
6204	9
6205	7
6206	9
6207	9
6208	9
6209	9
6210	9
6211	9
6212	8
6213	7
6214	9
6215	9
6216	7
6217	7
6218	9
6219	9
6220	7
6221	7
6222	9
6223	8
6224	7
6225	9
6226	7
6227	7
6228	7
6229	7
6230	7
6231	7
6232	7
6233	7
6234	7
6235	7
6236	7
6237	9
6238	7
6239	9
6240	8
6241	8
6242	8
6243	9
6244	8
6245	9
6246	8
6247	9
6248	9
6249	9
6250	8
6251	8
6252	8
6253	8
6254	8
6255	8
6256	8
6257	9
6258	9
6259	8
6260	9
6261	8
6262	8
6263	9
6264	8
6265	8
6266	8
6267	9
6268	8
6269	8
6270	8
6271	8
6272	8
6273	8
6274	8
6275	8
6276	9
6277	9
6278	8
6279	8
6280	8
6281	8
6282	8
6283	8
6284	8
6285	8
6286	8
6287	8
6288	9
6289	8
6290	9
6291	8
6292	9
6293	9
6294	8
6295	9
6296	9
6297	9
6298	9
6299	8
6300	8
6301	8
6302	8
6303	9
6304	8
6305	8
6306	8
6307	9
6308	8
6309	8
6310	8
6311	9
6312	8
6313	8
6314	8
6315	8
6316	8
6317	8
6318	8
6319	8
6320	8
6321	8
6322	8
6323	8
6324	8
6325	8
6326	8
6327	9
6328	9
6329	9
6330	8
6331	8
6332	9
6333	8
6334	9
6335	9
6336	9
6337	9
6338	8
6339	8
6340	8
6341	9
6342	9
6343	9
6344	8
6345	9
6346	8
6347	8
6348	8
6349	8
6350	8
6351	8
6352	8
6353	8
6354	8
6355	8
6356	8
6357	8
6358	9
6359	9
6360	9
6361	9
6362	9
6363	8
6364	8
6365	8
6366	8
6367	9
6368	9
6369	9
6370	9
6371	9
6372	8
6373	9
6374	9
6375	9
6376	8
6377	8
6378	8
6379	8
6380	8
6381	8
6382	9
6383	9
6384	8
6385	8
6386	8
6387	9
6388	9
6389	8
6390	8
6391	8
6392	9
6393	9
6394	8
6395	9
6396	8
6397	8
6398	8
6399	8
6400	9
6401	9
6402	9
6403	8
6404	9
6405	9
6406	9
6407	9
6408	9
6409	9
6410	8
6411	9
6412	8
6413	8
6414	8
6415	8
6416	8
6417	8
6418	8
6419	8
6420	8
6421	8
6422	9
6423	8
6424	8
6425	8
6426	8
6427	9
6428	8
6429	8
6430	8
6431	8
6432	8
6433	9
6435	8
6436	9
6437	9
6438	8
6439	8
6440	9
6441	8
6442	8
6443	8
6444	8
6445	8
6446	8
6447	9
6448	9
6449	9
6450	8
6451	9
6452	9
6453	8
6454	8
6455	9
6456	8
6457	9
6458	9
6459	9
6460	8
6461	9
6462	9
6463	8
6464	8
6465	9
6466	9
6467	9
6468	8
6469	9
6470	8
6471	8
6472	8
6474	9
6475	8
6476	8
6477	9
6478	9
6479	8
6480	8
6481	9
6482	9
6483	9
6484	8
6485	9
6486	8
6487	8
6488	8
6489	8
6490	8
6491	8
6492	9
6493	8
6494	8
6495	8
6496	8
6497	8
6498	9
6499	8
6500	8
6501	8
6502	9
6503	9
6504	8
6505	8
6506	9
6507	9
6508	8
6509	8
6510	8
6511	9
6512	9
6513	9
6514	9
6515	9
6516	8
6517	8
6518	8
6519	8
6520	8
6521	9
6522	8
6523	8
6524	8
6525	8
6526	8
6527	8
6528	9
6529	8
6530	8
6531	8
6532	9
6533	8
6534	9
6535	9
6536	9
6537	8
6538	8
6539	8
6540	8
6541	8
6542	8
6543	9
6544	9
6545	9
6546	8
6547	9
6548	9
6549	8
6550	8
6551	8
6552	9
6553	8
6554	8
6555	9
6556	9
6557	8
6558	8
6559	8
6560	8
6561	9
6562	9
6563	9
6564	9
6565	9
6566	9
6567	9
6568	9
6569	9
6570	9
6571	9
6572	9
6573	9
6574	9
6575	9
6576	9
6577	9
6578	9
6579	9
6580	9
6581	9
6582	9
6583	9
6584	9
6585	9
6586	9
6587	8
6588	9
6589	9
6590	9
6591	9
6592	9
6593	9
6594	9
6595	9
6596	9
6597	8
6598	9
6599	9
6600	9
6601	9
6602	9
6603	9
6604	9
6605	8
6606	9
6607	9
6608	9
6609	8
6610	9
6611	9
6612	9
6613	9
6614	9
6615	9
6616	9
6617	9
6618	9
6619	9
6620	9
6621	9
6622	9
6623	9
6624	8
6625	8
6626	8
6627	8
6628	8
6629	8
6630	8
6631	8
6632	8
6633	8
6634	8
6635	8
6636	8
6637	8
6638	3
6639	9
6640	8
6641	9
6642	8
6643	8
6644	8
6645	8
6646	8
6647	8
6648	8
6650	8
6651	9
6652	8
6653	8
6654	8
6655	8
6656	9
6657	8
6658	8
6659	8
6660	8
6661	8
6662	8
6663	9
6664	8
6665	8
6666	9
6667	8
6668	8
6669	8
6671	8
6672	9
6679	8
6683	9
6684	8
6685	8
6686	3
6687	9
6688	8
6689	8
6690	8
6691	8
6692	9
6693	8
6694	9
6695	9
6696	9
6697	9
6698	8
6699	9
6700	8
6701	8
6702	8
6703	8
6704	8
6705	8
6706	8
6707	8
6708	8
6709	8
6710	8
6711	8
6712	8
6713	8
6714	8
6715	8
6716	8
6717	8
6718	8
6719	8
6720	8
6721	8
6722	8
6723	8
6724	8
6725	8
6726	8
6727	8
6728	8
6729	8
6730	8
6731	9
6732	8
6733	8
6734	8
6735	8
6736	8
6737	8
6738	8
6739	8
6740	9
6741	8
6742	8
6743	9
6744	8
6745	8
6746	9
6747	9
6748	8
6749	8
6750	8
6751	8
6752	8
6753	8
6754	8
6755	8
6756	8
6757	8
6758	8
6759	8
6760	8
6761	8
6762	8
6763	8
6764	9
6765	9
6766	9
6767	9
6768	9
6769	9
6770	9
6771	9
6772	9
6773	9
6774	9
6775	9
6776	9
6777	9
6778	9
6779	9
6780	9
6781	9
6782	9
6783	9
6784	9
6785	9
6786	9
6787	9
6788	9
6789	9
6790	9
6791	9
6792	9
6793	9
6794	9
6795	9
6796	9
6797	9
6798	9
6799	9
6800	9
6801	9
6802	9
6803	9
6804	9
6805	9
6806	9
6807	9
6808	9
6809	9
6810	9
6811	9
6812	9
6813	9
6814	9
6815	9
6816	9
6817	9
6818	9
6819	9
6820	9
6821	9
6822	0
6823	9
6824	9
6825	9
6826	9
6827	9
6828	0
6829	0
6830	0
6831	9
6832	9
6833	9
6834	9
6835	9
6836	0
6837	9
6838	9
6839	9
6840	9
6841	9
6842	9
6843	9
6844	9
6845	9
6846	9
6847	9
6848	0
6849	9
6850	0
6851	9
6852	9
6853	9
6854	9
6855	9
6856	9
6857	0
6858	9
6859	9
6860	9
6861	9
6862	9
6863	9
6864	9
6865	9
6866	9
6867	9
6868	9
6869	9
6870	9
6871	1
6872	9
6873	9
6874	9
6875	9
6876	9
6877	9
6878	9
6879	9
6880	0
6881	9
6882	9
6883	9
6884	9
6885	9
6886	9
6887	9
6888	9
6889	9
6890	9
6891	9
6892	9
6893	9
6894	9
6895	9
6896	9
6897	9
6898	8
6899	9
6900	9
6901	9
6902	9
6903	9
6904	9
6905	9
6906	9
6907	9
6908	9
6909	9
6910	9
6911	9
6912	9
6913	9
6914	9
6915	9
6916	9
6917	9
6918	9
6919	9
6920	9
6921	9
6922	9
6923	9
6924	9
6925	9
6926	9
6927	9
6928	9
6929	9
6930	9
6931	9
6932	9
6933	9
6934	9
6935	9
6936	9
6937	9
6938	9
6939	9
6940	9
6941	9
6942	9
6943	9
6944	9
6945	9
6946	9
6947	9
6948	9
6949	9
6950	9
6951	9
6952	9
6953	0
6954	0
6955	9
6956	9
6957	8
6958	8
6959	0
6960	9
6961	8
6962	0
6963	8
6964	0
6965	0
6966	9
