District 0: num of precincts (140) pop (129008)
District 1: num of precincts (35) pop (21078)
District 2: num of precincts (454) pop (312072)
District 3: num of precincts (441) pop (437425)
District 4: num of precincts (211) pop (162042)
District 5: num of precincts (117) pop (91984)
District 6: num of precincts (51) pop (110755)
District 7: num of precincts (50) pop (27504)
District 8: num of precincts (1427) pop (1518498)
District 9: num of precincts (3904) pop (3860213)
population error: 121%

1	8
2	8
3	8
4	9
5	9
6	8
7	9
8	8
9	9
10	9
11	9
12	9
13	9
14	9
15	9
16	9
17	9
18	9
19	8
20	8
21	9
22	9
23	9
24	8
25	8
26	9
27	9
28	8
29	9
30	9
31	9
32	8
33	9
34	9
35	9
36	9
37	9
38	9
39	9
40	9
41	9
42	9
43	9
44	9
45	9
46	9
47	9
48	9
49	9
50	9
51	9
52	9
53	9
54	9
55	9
56	9
57	9
58	9
59	9
60	9
61	9
62	9
63	0
64	0
65	0
66	0
67	0
68	0
69	0
70	0
71	0
72	0
73	0
74	9
75	0
76	0
77	9
78	0
79	9
80	9
81	0
82	8
83	0
84	8
85	8
86	8
87	9
88	0
89	9
90	9
91	9
92	0
93	0
94	9
95	9
96	9
97	9
98	9
99	9
100	9
101	9
102	0
103	9
104	0
105	9
106	9
107	8
108	9
109	9
110	9
111	9
112	0
113	9
114	0
115	0
116	9
117	9
118	0
119	0
120	9
121	0
122	9
123	0
124	9
125	9
126	9
127	9
128	9
129	9
130	9
131	9
132	9
133	0
134	0
135	0
136	0
137	0
138	0
139	0
140	0
141	0
142	0
143	9
144	0
145	0
146	0
147	8
148	8
149	0
150	9
151	0
152	0
153	9
154	9
155	9
156	0
157	0
158	0
159	8
160	0
161	9
162	8
163	0
164	9
165	0
166	0
167	0
168	9
169	9
170	9
171	9
172	9
173	9
174	9
175	0
176	9
177	8
178	0
179	9
180	0
181	0
182	0
183	8
184	8
185	0
186	8
187	8
188	8
189	9
190	8
191	0
192	8
193	8
194	8
195	9
196	9
197	0
198	0
199	0
200	9
201	0
202	9
203	9
204	0
205	0
206	0
207	9
208	8
209	8
210	8
211	9
212	9
213	9
214	9
215	0
216	9
217	9
218	0
219	0
220	0
221	0
222	0
223	9
224	9
225	9
226	9
227	0
228	9
229	9
230	9
231	9
232	0
233	0
234	0
235	0
236	9
237	9
238	9
239	0
240	0
241	0
242	0
243	0
244	0
245	0
246	9
247	9
248	0
249	9
250	0
251	0
252	0
253	9
254	0
255	0
256	0
257	9
258	9
259	9
260	9
261	9
262	9
263	9
264	8
265	9
266	1
267	1
268	9
269	1
270	1
271	9
272	1
273	1
274	9
275	8
276	1
277	1
278	9
279	9
280	9
281	9
282	9
283	9
284	9
285	9
286	9
287	9
288	1
289	1
290	3
291	9
292	9
293	3
294	9
295	9
296	9
297	9
298	9
299	9
300	9
301	9
302	9
303	9
304	9
305	9
306	9
307	9
308	1
309	9
310	9
311	8
312	1
313	1
314	8
315	9
316	9
317	1
318	9
319	8
320	1
321	9
322	9
323	9
324	1
325	9
326	9
327	9
328	9
329	9
330	9
331	9
332	8
333	9
334	9
335	9
336	9
337	8
338	9
339	8
340	8
341	9
342	9
343	9
344	9
345	9
346	9
347	9
348	9
349	9
350	9
351	9
352	9
353	9
354	9
355	9
357	9
358	9
359	9
360	9
361	9
362	9
363	9
365	9
366	9
367	9
368	9
369	9
370	9
372	9
373	9
374	9
375	9
376	9
377	9
378	9
379	9
380	9
381	9
382	9
383	9
384	9
385	9
386	9
387	9
388	9
389	9
390	9
391	9
392	9
393	9
394	9
395	9
396	9
397	9
398	9
399	9
400	9
401	9
402	9
403	9
404	9
405	9
406	9
407	9
408	9
409	9
410	9
411	9
412	9
413	9
414	9
415	9
416	9
417	9
418	9
419	9
420	9
421	9
422	9
423	9
424	9
425	9
426	9
427	9
428	9
429	9
430	9
431	9
432	9
434	9
435	9
436	9
438	9
439	8
440	9
441	9
442	9
443	8
444	8
445	9
446	8
447	8
448	9
449	8
450	8
451	8
452	8
453	8
454	8
455	8
456	8
457	9
458	9
459	9
460	8
461	9
462	9
463	8
464	8
465	9
466	9
467	9
468	9
469	8
470	8
471	9
472	9
473	9
474	8
475	8
476	8
477	8
478	8
479	8
480	9
481	8
482	8
483	8
484	8
485	8
486	9
487	9
488	8
489	8
490	9
491	8
492	8
493	8
494	8
495	8
496	8
497	8
498	9
499	8
500	8
501	8
502	8
503	8
504	8
505	8
506	8
507	9
508	9
509	9
510	8
511	8
512	8
513	8
514	8
515	8
516	8
517	9
518	9
519	8
520	9
521	8
522	9
523	9
524	9
525	9
526	9
527	8
528	9
529	9
530	9
531	0
532	9
533	9
534	8
535	9
536	9
538	9
539	8
540	8
541	9
542	9
543	8
544	8
545	8
546	8
547	9
548	8
549	9
550	9
551	9
552	9
553	9
554	9
555	9
556	8
557	9
558	9
559	9
560	9
561	9
562	8
563	8
564	9
565	8
566	8
567	8
568	8
569	8
570	9
571	9
572	8
573	9
574	8
575	9
576	8
577	9
578	8
579	8
580	9
581	8
582	9
583	9
584	9
585	9
586	9
587	9
588	9
589	8
590	8
591	9
592	8
593	9
594	9
595	9
596	9
597	9
598	8
599	8
600	9
601	8
602	8
603	8
604	9
605	9
606	9
607	9
608	8
609	8
610	8
611	8
612	8
613	8
614	8
615	8
616	8
617	8
618	8
619	8
620	9
621	8
622	8
623	8
624	8
625	9
626	9
627	9
628	8
629	8
630	8
631	8
632	8
633	8
634	8
635	8
636	8
637	9
638	8
639	8
640	8
641	8
642	8
643	8
644	8
645	8
646	8
647	8
648	8
649	8
650	8
651	9
652	9
653	8
654	8
655	9
656	8
657	8
658	9
659	9
660	9
661	9
662	9
663	9
664	8
665	9
666	9
667	9
668	9
669	9
670	9
671	8
672	8
673	8
674	8
675	8
676	9
677	9
678	9
679	8
680	9
681	9
682	9
683	9
684	9
685	9
686	9
687	9
688	9
689	9
690	9
691	9
692	9
693	9
694	9
695	9
696	8
697	8
698	9
699	9
700	8
701	8
702	8
703	8
704	8
705	8
706	8
707	8
708	8
709	8
710	9
711	8
712	8
713	8
714	8
715	8
716	8
717	8
718	8
719	9
720	8
721	8
722	9
723	9
724	9
725	9
726	9
727	8
728	8
729	9
730	8
731	9
732	9
733	9
734	9
735	8
736	8
737	8
738	8
739	8
740	8
741	9
742	9
743	8
744	8
745	9
746	9
747	9
748	8
749	8
750	8
751	8
752	9
753	8
754	9
755	9
756	9
757	8
758	8
759	9
760	8
761	8
762	9
763	1
764	9
765	8
766	8
767	9
768	8
769	8
770	9
771	9
772	1
773	9
774	9
775	1
776	9
777	1
778	1
779	9
780	9
781	1
782	1
783	9
784	1
785	1
786	1
787	1
788	8
789	1
790	8
791	1
792	9
793	8
794	9
795	9
796	9
797	9
798	9
799	8
800	8
801	8
802	9
803	7
804	7
805	8
806	8
807	7
808	7
809	8
810	7
811	9
812	8
813	8
814	8
815	8
816	9
817	7
818	8
819	7
820	9
821	9
822	9
823	9
824	9
825	9
826	8
827	8
828	8
829	8
830	7
831	7
832	7
833	9
834	0
835	9
836	0
837	0
838	9
839	9
840	0
841	9
842	9
843	0
844	0
845	0
846	0
847	9
848	0
849	9
850	9
851	9
852	9
853	8
854	9
855	9
856	9
857	9
858	8
859	0
860	9
861	9
862	9
863	9
864	0
865	9
866	9
867	9
868	9
869	9
870	9
871	9
872	9
873	9
874	8
875	9
876	0
877	0
878	9
879	9
880	9
881	9
882	9
883	9
884	9
885	9
886	9
887	9
888	9
889	9
890	9
891	9
892	9
893	9
894	9
895	9
896	9
897	9
898	9
899	9
900	8
901	9
902	0
903	9
904	9
905	9
906	9
907	9
908	0
909	0
910	0
911	9
912	9
913	9
914	9
915	0
916	0
917	9
918	9
919	9
920	9
921	9
922	9
923	9
924	0
925	9
926	9
927	9
928	9
929	9
930	9
931	9
932	9
933	9
934	9
935	9
936	9
937	9
938	8
939	9
940	8
941	9
942	9
943	9
944	9
945	9
946	8
947	9
948	9
949	9
950	9
951	9
952	9
953	9
954	9
955	9
956	9
957	8
958	8
959	8
960	8
961	9
962	9
963	9
964	9
965	9
966	9
967	9
968	9
969	9
970	0
971	0
972	8
973	9
974	9
975	9
976	8
977	9
978	9
979	8
980	8
981	8
982	8
983	8
984	9
985	8
986	9
987	8
988	9
989	8
990	8
991	8
992	9
993	9
994	8
995	8
996	9
997	8
998	8
999	8
1000	8
1001	8
1002	9
1003	9
1004	9
1005	8
1006	8
1007	9
1008	8
1009	8
1010	9
1011	8
1012	8
1013	9
1014	9
1015	8
1016	8
1017	9
1018	9
1019	9
1020	8
1021	8
1022	8
1023	9
1024	8
1025	8
1026	9
1027	8
1028	8
1029	8
1030	8
1031	9
1032	8
1033	8
1034	8
1035	8
1036	8
1037	8
1038	8
1039	9
1040	8
1041	8
1042	8
1043	8
1044	8
1045	8
1046	8
1051	8
1052	8
1053	9
1054	9
1055	9
1056	9
1057	8
1058	8
1059	9
1060	8
1061	8
1062	8
1063	9
1064	9
1065	9
1066	9
1068	9
1069	9
1070	8
1071	8
1072	9
1073	8
1074	9
1075	9
1076	8
1077	8
1078	8
1079	8
1080	8
1081	8
1082	8
1084	8
1085	8
1087	8
1088	9
1089	8
1090	9
1091	8
1092	9
1093	8
1094	8
1095	8
1096	8
1097	8
1099	8
1101	8
1102	9
1103	9
1104	9
1105	9
1106	9
1107	8
1108	9
1109	9
1110	9
1111	8
1112	9
1113	9
1114	8
1115	8
1116	8
1117	9
1118	9
1120	8
1121	8
1122	9
1123	8
1124	8
1125	9
1126	9
1127	9
1128	9
1129	8
1130	9
1131	8
1132	9
1133	9
1134	8
1135	8
1136	9
1137	9
1138	8
1139	9
1140	9
1141	9
1142	9
1143	8
1144	8
1145	8
1146	9
1147	8
1149	9
1151	8
1157	8
1160	8
1161	8
1162	8
1163	9
1164	8
1165	8
1167	8
1168	9
1169	9
1170	8
1171	9
1172	8
1173	8
1174	9
1175	9
1176	8
1177	9
1178	9
1179	9
1181	9
1182	9
1185	9
1189	8
1190	9
1191	9
1192	9
1193	9
1194	9
1195	9
1196	9
1197	9
1198	9
1199	9
1200	9
1201	9
1202	9
1203	9
1204	9
1205	9
1206	9
1207	9
1208	9
1209	9
1210	9
1211	9
1212	9
1213	9
1214	9
1215	9
1216	9
1217	9
1218	9
1219	9
1220	9
1221	3
1222	9
1223	9
1224	9
1225	3
1226	3
1227	3
1228	3
1229	3
1230	3
1231	9
1232	3
1233	9
1234	9
1235	9
1236	9
1237	9
1238	9
1239	9
1240	9
1241	9
1242	9
1243	9
1244	9
1245	9
1246	9
1247	9
1249	9
1250	9
1251	9
1252	9
1253	9
1254	9
1255	4
1256	9
1257	4
1258	9
1259	9
1260	9
1261	9
1263	4
1264	4
1265	4
1266	4
1267	4
1268	9
1269	9
1270	9
1271	4
1272	2
1273	9
1274	2
1275	2
1276	4
1277	2
1278	9
1279	4
1280	2
1281	4
1282	9
1283	9
1284	9
1285	9
1286	4
1287	2
1288	2
1289	2
1290	2
1291	4
1292	2
1293	2
1294	2
1295	9
1296	9
1297	9
1298	9
1299	9
1300	9
1301	9
1302	9
1303	9
1304	9
1305	2
1306	9
1307	2
1308	9
1309	9
1310	9
1311	9
1312	9
1313	3
1314	4
1315	3
1316	9
1317	9
1318	9
1319	3
1320	3
1321	9
1322	3
1323	9
1324	9
1325	9
1326	9
1327	9
1328	9
1329	9
1330	2
1331	5
1332	9
1333	9
1334	5
1335	9
1336	9
1337	9
1338	5
1339	9
1340	9
1341	2
1342	9
1343	2
1344	9
1345	9
1346	9
1347	9
1348	2
1349	9
1350	9
1351	9
1352	9
1353	9
1354	5
1355	3
1356	5
1357	9
1358	9
1359	9
1360	9
1361	9
1362	9
1363	9
1364	9
1365	9
1366	5
1367	9
1368	2
1369	9
1370	2
1371	2
1372	2
1374	4
1375	9
1376	9
1377	3
1378	9
1379	9
1380	9
1381	3
1382	3
1383	3
1384	3
1385	9
1386	9
1387	9
1388	3
1389	3
1390	3
1391	3
1392	3
1393	3
1394	3
1395	9
1396	9
1397	9
1398	9
1399	9
1400	9
1401	9
1402	9
1403	9
1404	9
1405	9
1406	9
1407	9
1408	9
1409	4
1410	9
1411	9
1412	9
1413	9
1414	9
1415	9
1416	9
1417	9
1418	9
1419	4
1420	4
1421	9
1422	4
1423	9
1424	9
1425	4
1426	4
1427	4
1429	4
1432	4
1433	4
1434	2
1435	2
1436	2
1437	2
1438	2
1439	2
1440	2
1441	2
1442	9
1443	9
1444	9
1445	9
1446	9
1447	2
1448	9
1449	9
1450	9
1451	9
1452	9
1453	9
1454	9
1455	9
1456	9
1457	9
1458	9
1459	9
1460	2
1461	2
1462	9
1463	2
1464	9
1465	9
1466	9
1467	3
1468	3
1469	3
1470	3
1471	3
1472	3
1473	3
1474	3
1475	3
1476	9
1477	9
1478	9
1479	9
1480	9
1481	9
1482	9
1483	9
1484	9
1485	5
1486	5
1487	9
1488	5
1489	9
1490	9
1491	9
1492	9
1493	9
1494	9
1495	5
1496	5
1497	9
1498	9
1499	5
1500	9
1501	5
1502	5
1503	5
1504	5
1505	9
1506	2
1507	2
1508	2
1509	2
1510	2
1511	2
1512	2
1513	9
1514	9
1515	9
1516	2
1517	3
1518	3
1519	9
1520	9
1521	9
1522	5
1523	9
1524	5
1525	5
1526	9
1527	9
1528	9
1529	9
1530	9
1531	9
1533	9
1534	9
1535	9
1536	9
1537	5
1538	2
1539	5
1540	9
1541	9
1542	2
1543	2
1544	3
1545	9
1546	9
1547	9
1548	3
1549	9
1550	9
1551	3
1552	3
1553	9
1554	9
1555	9
1556	9
1557	9
1558	9
1559	9
1560	9
1561	9
1562	3
1563	9
1564	9
1565	9
1566	9
1567	9
1568	9
1569	3
1570	9
1571	9
1572	9
1573	9
1574	9
1575	9
1576	4
1577	9
1578	9
1579	9
1580	9
1581	9
1582	9
1584	4
1585	9
1586	9
1587	9
1588	9
1589	4
1590	9
1591	9
1592	9
1593	9
1594	9
1596	9
1597	9
1598	9
1599	2
1600	9
1601	9
1602	9
1603	9
1604	9
1605	9
1606	9
1607	9
1608	9
1609	9
1610	9
1611	9
1612	9
1613	9
1614	9
1615	9
1616	9
1617	9
1618	9
1619	9
1620	2
1621	9
1622	2
1623	2
1624	2
1625	2
1626	2
1627	2
1628	2
1629	2
1630	2
1631	2
1632	2
1633	9
1634	2
1635	2
1636	3
1637	3
1638	3
1639	3
1640	3
1641	3
1642	3
1643	3
1644	3
1645	3
1646	9
1647	9
1648	9
1649	9
1650	9
1651	9
1652	9
1653	9
1654	5
1655	9
1656	9
1657	3
1658	5
1659	9
1660	5
1661	5
1662	9
1663	9
1664	9
1665	9
1666	9
1667	9
1668	5
1669	9
1670	9
1671	5
1672	2
1673	2
1674	2
1675	2
1676	2
1677	2
1678	2
1679	2
1680	2
1681	9
1682	9
1683	2
1684	2
1685	2
1686	2
1687	9
1688	9
1689	9
1690	5
1691	5
1692	9
1693	5
1694	9
1695	9
1696	2
1697	2
1698	2
1699	2
1700	9
1701	2
1702	9
1703	9
1704	9
1705	9
1706	2
1707	9
1708	9
1709	9
1710	9
1711	9
1712	9
1713	9
1714	9
1715	3
1716	3
1717	9
1718	9
1719	9
1720	3
1721	3
1722	9
1723	6
1724	3
1725	9
1726	9
1727	3
1728	9
1729	9
1730	9
1731	9
1732	9
1733	9
1734	9
1735	9
1736	9
1737	4
1738	4
1739	9
1740	4
1741	9
1742	9
1743	4
1744	9
1745	9
1746	4
1747	4
1748	9
1749	9
1750	9
1751	4
1752	4
1753	4
1754	4
1755	9
1756	9
1757	9
1758	9
1759	9
1760	9
1761	9
1762	9
1763	9
1764	9
1765	9
1766	9
1767	9
1769	9
1770	2
1771	2
1772	9
1773	9
1774	9
1775	2
1776	9
1777	9
1778	9
1779	9
1780	9
1781	9
1782	9
1783	9
1784	2
1785	2
1786	2
1787	2
1788	2
1789	9
1790	2
1791	2
1792	9
1793	9
1795	9
1796	9
1797	2
1798	2
1799	9
1800	2
1801	3
1802	3
1803	3
1804	3
1805	3
1806	3
1807	3
1808	3
1809	3
1810	3
1811	3
1812	9
1813	9
1814	9
1815	9
1816	9
1817	3
1818	9
1819	9
1820	9
1821	9
1822	5
1823	5
1824	5
1825	5
1826	5
1827	9
1828	5
1829	9
1830	5
1831	5
1832	9
1833	2
1834	9
1835	2
1836	2
1837	2
1838	2
1839	2
1840	9
1841	9
1842	2
1843	2
1844	2
1845	9
1846	2
1847	2
1848	2
1849	2
1850	5
1851	5
1852	9
1853	9
1854	9
1855	5
1856	5
1857	9
1858	9
1859	9
1860	9
1861	9
1862	9
1863	9
1864	9
1865	9
1866	9
1867	3
1868	3
1869	9
1870	3
1871	9
1872	9
1873	9
1874	9
1875	3
1876	9
1877	9
1878	6
1879	3
1880	3
1881	3
1882	3
1883	3
1884	3
1885	9
1886	9
1887	9
1888	9
1889	9
1890	9
1891	9
1892	3
1893	3
1894	9
1895	9
1896	4
1897	4
1898	4
1899	4
1900	4
1901	3
1902	4
1903	4
1904	4
1905	3
1906	9
1907	9
1908	9
1909	9
1910	9
1911	3
1912	3
1913	4
1914	3
1915	9
1916	4
1917	9
1918	9
1919	9
1920	9
1921	9
1922	9
1923	9
1924	9
1925	9
1926	9
1927	9
1928	9
1929	9
1930	9
1931	9
1932	9
1933	2
1934	2
1935	9
1936	2
1937	9
1938	2
1939	9
1940	9
1941	2
1942	2
1943	2
1944	2
1945	2
1946	2
1947	2
1948	2
1949	2
1950	2
1951	2
1952	2
1953	2
1954	2
1955	2
1956	2
1957	2
1958	2
1959	2
1960	2
1961	2
1962	2
1963	2
1964	2
1965	3
1966	3
1967	3
1968	3
1969	9
1970	9
1971	3
1972	3
1973	9
1974	9
1975	9
1976	9
1977	9
1978	9
1979	9
1980	5
1981	5
1982	9
1983	2
1984	5
1985	9
1986	5
1987	9
1988	5
1989	5
1990	9
1991	5
1992	2
1993	2
1994	2
1995	2
1996	2
1997	2
1998	2
1999	2
2000	2
2001	2
2002	2
2003	2
2004	2
2005	9
2006	2
2007	2
2008	2
2009	2
2010	9
2011	5
2012	5
2013	9
2014	9
2015	3
2016	3
2017	8
2018	3
2019	3
2020	3
2021	3
2022	9
2023	3
2024	9
2025	9
2026	3
2027	9
2028	9
2029	9
2030	9
2031	9
2032	3
2033	9
2034	9
2035	6
2036	9
2037	9
2038	9
2039	6
2040	9
2041	9
2042	9
2043	9
2044	9
2045	9
2046	9
2047	9
2048	9
2049	9
2050	9
2051	9
2052	4
2053	4
2054	4
2055	4
2056	4
2057	4
2058	9
2059	4
2060	9
2061	4
2062	4
2063	9
2064	9
2065	9
2066	9
2067	9
2068	3
2069	9
2070	9
2071	3
2072	9
2073	9
2074	9
2075	9
2076	9
2077	9
2078	9
2079	9
2080	9
2081	9
2082	9
2083	9
2084	2
2085	9
2086	9
2087	2
2088	2
2089	9
2090	9
2091	2
2092	9
2093	9
2094	9
2095	9
2096	9
2097	2
2098	2
2099	2
2100	2
2101	2
2102	2
2103	2
2104	2
2105	2
2106	9
2107	9
2108	9
2109	9
2110	9
2111	9
2112	9
2113	9
2114	9
2115	3
2116	9
2117	9
2118	9
2119	3
2120	9
2121	3
2122	9
2123	3
2124	3
2125	9
2126	9
2127	9
2128	9
2129	3
2130	9
2131	5
2132	9
2133	5
2134	5
2135	9
2136	5
2137	5
2138	5
2139	5
2140	9
2141	9
2142	2
2143	2
2144	9
2145	2
2146	2
2147	9
2148	2
2149	9
2150	9
2151	2
2152	9
2153	9
2154	9
2155	9
2156	2
2157	2
2158	9
2161	3
2162	3
2163	8
2164	3
2165	9
2166	9
2167	9
2168	3
2169	3
2170	3
2171	9
2172	9
2173	9
2174	9
2175	9
2176	9
2177	9
2178	9
2179	9
2180	9
2181	9
2182	3
2183	9
2184	9
2185	3
2186	3
2187	3
2188	3
2189	9
2190	3
2191	9
2192	3
2193	6
2194	9
2195	9
2196	6
2197	9
2198	6
2199	9
2200	9
2201	9
2202	9
2203	9
2204	9
2205	9
2206	9
2207	9
2208	4
2209	4
2210	4
2211	9
2212	4
2213	4
2215	4
2216	9
2217	9
2218	9
2219	9
2220	4
2221	4
2222	4
2223	4
2224	4
2225	4
2226	9
2227	9
2228	4
2229	9
2230	9
2231	9
2232	4
2233	4
2234	9
2235	9
2236	9
2237	9
2238	2
2239	2
2240	9
2241	2
2242	2
2243	2
2244	9
2245	9
2246	9
2247	2
2248	9
2249	9
2250	2
2251	9
2252	2
2253	2
2254	9
2255	9
2256	9
2257	3
2258	9
2259	9
2260	9
2261	3
2262	3
2263	9
2264	9
2265	3
2266	3
2267	3
2268	3
2269	9
2270	3
2271	9
2272	9
2273	9
2274	9
2275	9
2276	9
2277	9
2278	5
2279	5
2280	9
2281	5
2282	5
2283	2
2284	9
2285	9
2286	9
2287	5
2288	9
2289	2
2290	2
2291	2
2292	9
2293	2
2294	2
2295	2
2296	2
2297	2
2298	2
2299	9
2300	2
2301	2
2302	9
2303	9
2304	9
2305	9
2306	3
2307	9
2308	9
2309	8
2310	9
2311	9
2312	9
2313	9
2314	9
2315	9
2316	9
2317	9
2318	9
2319	9
2320	9
2321	9
2322	9
2323	9
2324	9
2325	9
2326	9
2327	9
2328	3
2329	9
2330	3
2331	9
2332	9
2333	3
2334	9
2335	9
2336	3
2337	3
2338	3
2339	3
2340	3
2341	3
2342	3
2343	3
2344	6
2345	6
2346	6
2347	6
2348	6
2349	9
2350	6
2351	6
2352	9
2353	9
2354	3
2355	4
2356	4
2357	4
2358	9
2359	9
2360	9
2361	9
2362	9
2363	9
2364	9
2365	9
2366	3
2367	9
2368	3
2369	9
2370	9
2371	9
2372	9
2373	9
2374	9
2375	4
2376	4
2377	9
2378	4
2379	9
2380	4
2381	4
2382	4
2383	4
2384	4
2385	4
2386	9
2387	4
2388	4
2389	4
2390	4
2391	9
2392	9
2393	9
2394	9
2395	9
2396	9
2397	4
2398	9
2399	9
2400	9
2401	4
2402	4
2403	9
2404	9
2405	9
2406	9
2407	9
2408	9
2409	9
2410	9
2411	9
2412	2
2413	9
2414	9
2415	9
2416	2
2417	9
2418	2
2419	2
2420	9
2421	9
2422	9
2423	2
2424	9
2425	9
2426	3
2427	3
2428	3
2429	3
2430	3
2431	3
2432	3
2433	3
2434	3
2435	3
2436	3
2437	9
2438	9
2439	3
2440	3
2441	3
2442	3
2443	5
2444	9
2445	9
2446	9
2447	9
2448	9
2449	9
2450	9
2451	9
2452	9
2453	9
2454	9
2455	9
2456	9
2457	9
2458	9
2459	9
2460	9
2461	5
2462	2
2463	2
2464	9
2465	9
2466	9
2467	9
2468	9
2469	9
2470	3
2471	9
2472	9
2473	9
2474	9
2475	9
2476	9
2477	9
2478	9
2479	3
2480	8
2481	9
2482	9
2483	3
2484	3
2485	3
2486	9
2487	5
2488	8
2489	9
2490	9
2491	9
2492	9
2493	9
2494	9
2495	9
2496	9
2497	9
2498	3
2499	3
2500	9
2501	9
2502	9
2503	3
2504	3
2505	3
2506	9
2507	3
2508	3
2509	3
2510	4
2511	4
2512	4
2513	3
2514	3
2515	4
2516	4
2517	3
2518	3
2520	4
2521	4
2522	4
2523	4
2524	4
2525	9
2526	9
2527	9
2528	9
2529	9
2530	9
2531	9
2532	9
2533	9
2534	9
2535	9
2536	4
2537	4
2538	4
2539	4
2540	4
2541	9
2542	4
2543	9
2544	9
2545	4
2546	9
2547	9
2548	9
2549	4
2550	4
2551	4
2552	9
2553	4
2554	4
2555	9
2556	9
2557	4
2558	9
2559	4
2560	4
2561	4
2562	4
2563	4
2564	9
2565	4
2566	4
2567	4
2568	9
2569	9
2570	9
2571	9
2572	9
2573	2
2574	2
2575	2
2576	2
2577	2
2578	2
2579	2
2580	2
2581	2
2582	9
2583	2
2584	9
2585	9
2586	2
2587	2
2588	2
2589	2
2590	3
2591	3
2592	3
2593	3
2594	9
2595	9
2596	3
2597	3
2598	3
2599	9
2600	9
2601	9
2602	3
2603	9
2604	9
2605	3
2606	3
2607	9
2608	9
2609	9
2610	9
2611	9
2612	9
2613	9
2614	5
2615	9
2616	9
2617	2
2618	2
2619	2
2620	9
2621	2
2622	9
2623	9
2624	9
2625	2
2626	2
2627	3
2628	9
2629	9
2630	3
2631	3
2632	3
2633	9
2634	3
2635	9
2636	9
2637	9
2638	9
2639	9
2640	9
2641	9
2642	8
2643	9
2644	8
2645	5
2646	8
2647	8
2648	8
2649	9
2650	9
2651	9
2652	9
2653	9
2654	3
2655	3
2656	3
2657	9
2658	3
2659	3
2660	9
2661	3
2662	3
2663	9
2664	9
2665	3
2666	9
2667	3
2668	9
2669	9
2670	9
2671	9
2672	9
2673	9
2674	2
2675	2
2676	2
2677	2
2678	9
2679	9
2680	9
2681	9
2682	9
2683	9
2684	9
2685	9
2686	9
2687	9
2688	9
2689	9
2690	9
2691	9
2692	9
2693	9
2694	9
2695	9
2696	9
2697	4
2698	9
2699	9
2700	9
2701	9
2702	9
2703	4
2704	9
2705	9
2706	4
2707	9
2708	2
2710	9
2711	9
2712	9
2713	2
2714	2
2715	2
2716	2
2717	2
2718	9
2719	9
2720	2
2721	2
2722	9
2723	2
2724	2
2725	2
2726	2
2727	2
2728	5
2729	9
2730	2
2731	2
2732	9
2733	2
2734	2
2735	2
2736	2
2737	2
2738	2
2739	9
2740	9
2741	9
2742	9
2743	3
2744	3
2745	9
2746	9
2747	3
2748	9
2749	9
2750	9
2751	9
2752	9
2753	9
2754	3
2755	9
2756	9
2757	3
2758	9
2759	9
2760	9
2761	3
2762	3
2763	5
2764	9
2765	5
2766	9
2767	9
2768	5
2769	9
2770	9
2771	5
2772	9
2773	9
2774	9
2775	9
2776	9
2777	9
2778	2
2779	9
2780	2
2781	2
2782	2
2783	2
2784	2
2785	9
2786	2
2787	2
2788	2
2789	2
2790	2
2791	9
2792	2
2793	2
2794	9
2795	2
2796	9
2797	9
2798	3
2799	3
2800	3
2801	9
2802	9
2803	9
2804	9
2805	9
2806	9
2807	9
2808	9
2809	9
2810	5
2811	8
2812	9
2813	8
2814	9
2815	5
2816	9
2817	3
2818	9
2819	3
2820	3
2821	3
2822	9
2823	9
2824	9
2825	9
2826	3
2827	3
2828	3
2829	3
2830	9
2831	9
2832	9
2833	9
2834	9
2835	9
2836	9
2837	9
2838	9
2839	9
2840	9
2841	9
2842	9
2843	9
2844	2
2845	2
2846	2
2847	2
2848	9
2849	9
2850	9
2851	9
2852	5
2853	9
2854	3
2855	4
2856	4
2857	4
2858	4
2859	3
2860	3
2861	9
2862	9
2863	3
2864	4
2865	9
2866	9
2867	9
2868	9
2869	9
2870	9
2871	9
2872	9
2873	3
2874	9
2875	2
2876	9
2877	9
2878	2
2879	2
2880	2
2881	9
2882	9
2883	2
2884	2
2885	2
2886	2
2887	2
2888	9
2889	9
2890	9
2891	9
2892	4
2893	9
2894	9
2895	9
2896	9
2897	5
2898	5
2899	5
2900	5
2901	9
2902	2
2903	2
2904	9
2905	2
2906	2
2907	2
2908	2
2909	2
2910	2
2911	9
2912	9
2913	9
2914	3
2915	3
2916	3
2917	3
2918	3
2919	9
2920	3
2921	9
2922	3
2923	3
2924	3
2925	9
2926	5
2927	3
2928	9
2929	9
2930	9
2931	3
2932	9
2933	9
2934	9
2935	9
2936	9
2937	9
2938	9
2939	9
2940	9
2941	9
2942	9
2943	5
2944	9
2945	9
2946	9
2947	9
2948	9
2949	9
2950	2
2951	9
2952	2
2953	2
2954	2
2955	3
2956	9
2957	3
2958	9
2959	3
2960	9
2961	3
2962	9
2964	9
2965	9
2966	9
2967	9
2968	9
2969	9
2970	9
2971	9
2972	3
2973	9
2974	9
2975	5
2976	5
2977	9
2978	9
2979	5
2980	3
2981	3
2982	9
2983	9
2984	9
2985	9
2986	9
2987	9
2988	3
2989	3
2990	3
2991	3
2992	3
2993	3
2994	3
2995	3
2996	9
2997	9
2998	9
2999	9
3000	9
3001	9
3002	2
3003	9
3004	9
3005	9
3006	5
3007	9
3008	4
3009	4
3010	4
3011	4
3012	4
3013	9
3014	9
3015	9
3016	4
3017	4
3018	9
3019	4
3020	4
3021	4
3022	9
3023	3
3024	9
3025	9
3026	4
3027	4
3028	3
3029	3
3030	9
3031	9
3032	9
3033	9
3034	9
3035	3
3036	4
3037	9
3038	4
3039	4
3040	9
3041	2
3042	2
3043	2
3044	2
3045	2
3046	2
3047	9
3048	2
3049	9
3050	4
3051	2
3052	2
3053	2
3054	4
3055	4
3056	4
3057	2
3058	2
3059	4
3060	2
3061	2
3062	2
3063	2
3064	2
3065	9
3066	9
3067	9
3068	9
3069	9
3070	9
3071	9
3072	9
3073	9
3074	9
3075	2
3076	2
3077	9
3078	9
3079	9
3080	9
3081	3
3082	3
3083	3
3084	3
3085	3
3086	3
3087	3
3088	3
3089	3
3090	9
3091	3
3092	3
3093	9
3094	9
3095	9
3096	9
3097	9
3098	9
3099	9
3100	9
3101	9
3102	9
3103	9
3104	9
3105	3
3106	9
3107	9
3108	9
3109	9
3110	9
3111	9
3112	9
3113	5
3114	5
3115	5
3116	5
3117	5
3118	2
3119	2
3120	5
3121	5
3122	9
3123	9
3124	3
3125	9
3126	3
3127	3
3128	9
3129	9
3130	3
3131	9
3132	5
3133	9
3135	9
3136	9
3137	9
3138	9
3139	9
3140	9
3141	9
3142	9
3143	9
3144	2
3145	5
3146	2
3147	9
3148	9
3149	3
3150	3
3151	3
3152	3
3153	3
3154	3
3155	3
3156	3
3157	9
3158	9
3159	3
3160	3
3161	3
3162	3
3163	2
3164	5
3165	5
3166	5
3167	5
3168	9
3169	9
3170	9
3171	2
3172	4
3173	9
3174	9
3175	9
3176	9
3177	4
3178	4
3179	9
3180	9
3181	9
3184	9
3185	9
3186	9
3187	9
3188	9
3189	9
3190	3
3191	3
3192	4
3193	3
3194	3
3195	4
3196	4
3197	9
3198	9
3199	4
3200	9
3201	9
3202	2
3203	2
3204	2
3205	2
3206	2
3212	9
3213	2
3214	2
3215	9
3216	2
3217	4
3218	4
3219	4
3220	9
3221	9
3222	2
3223	2
3224	2
3225	2
3226	9
3227	2
3228	9
3229	9
3230	9
3231	9
3232	9
3233	9
3234	9
3235	9
3236	9
3237	9
3238	9
3239	9
3240	9
3241	9
3242	9
3243	9
3244	9
3245	9
3246	9
3247	3
3248	9
3249	9
3250	3
3251	9
3252	9
3253	9
3254	3
3255	9
3256	9
3257	3
3258	3
3259	3
3260	3
3261	3
3262	9
3263	9
3264	5
3265	9
3266	5
3267	9
3268	9
3269	5
3270	5
3271	5
3272	5
3273	9
3274	2
3275	2
3276	9
3277	9
3278	2
3279	2
3280	9
3281	9
3282	9
3284	9
3285	9
3286	2
3287	3
3288	5
3289	9
3292	9
3293	3
3294	3
3295	5
3296	9
3297	3
3298	9
3299	9
3300	9
3301	3
3302	9
3303	9
3304	3
3305	3
3306	3
3307	3
3308	3
3309	3
3310	3
3311	3
3312	3
3313	3
3314	3
3315	3
3316	3
3317	3
3318	3
3319	3
3320	3
3321	3
3322	2
3323	8
3324	2
3325	2
3326	9
3327	2
3328	9
3329	9
3330	9
3331	3
3332	3
3333	9
3334	9
3335	2
3336	2
3337	9
3338	3
3339	9
3340	9
3341	9
3342	9
3343	9
3344	9
3345	4
3346	9
3347	4
3348	4
3350	9
3351	4
3352	9
3353	4
3355	9
3356	9
3357	9
3358	2
3359	9
3360	2
3361	9
3362	9
3363	9
3364	2
3365	4
3366	2
3367	2
3368	9
3369	2
3370	9
3371	2
3372	2
3373	9
3374	9
3375	9
3376	9
3377	9
3378	9
3379	9
3380	9
3381	9
3382	9
3383	9
3384	9
3385	9
3386	9
3387	9
3388	9
3389	9
3390	9
3391	9
3392	9
3393	9
3394	9
3395	9
3396	9
3397	9
3398	9
3399	9
3400	9
3401	9
3402	9
3403	3
3404	3
3405	9
3406	9
3407	9
3408	3
3409	9
3410	3
3411	9
3412	9
3413	9
3414	9
3415	9
3416	9
3417	9
3418	9
3419	9
3420	9
3421	5
3422	5
3423	9
3424	9
3425	9
3426	9
3427	9
3428	9
3429	9
3430	9
3431	9
3432	9
3433	9
3434	9
3435	9
3436	9
3437	2
3438	9
3439	3
3440	9
3441	9
3442	2
3443	3
3444	9
3445	2
3446	9
3447	3
3448	4
3449	9
3450	3
3451	3
3452	9
3453	9
3454	9
3455	9
3456	9
3457	3
3458	3
3459	9
3460	3
3461	3
3462	3
3463	9
3464	9
3465	9
3466	3
3467	3
3468	3
3469	3
3470	3
3471	3
3472	9
3473	3
3474	3
3475	3
3476	3
3477	3
3478	3
3479	3
3480	9
3481	9
3482	3
3483	3
3484	9
3485	3
3486	3
3487	3
3488	3
3489	3
3490	3
3491	9
3492	9
3493	9
3494	9
3495	9
3496	9
3497	9
3498	9
3499	9
3500	9
3501	9
3502	9
3503	9
3504	9
3505	9
3506	9
3507	9
3508	9
3509	9
3510	9
3513	9
3514	9
3515	4
3516	9
3517	9
3518	4
3519	4
3520	4
3521	4
3522	4
3523	4
3524	9
3525	4
3526	4
3527	9
3528	4
3529	9
3530	4
3531	4
3533	4
3534	4
3535	4
3536	9
3537	9
3538	4
3539	4
3540	4
3541	4
3542	4
3543	4
3544	4
3545	2
3546	2
3547	9
3548	9
3549	9
3550	2
3551	2
3552	2
3553	9
3554	2
3555	2
3556	2
3557	2
3558	2
3559	9
3560	9
3561	9
3562	9
3563	9
3564	9
3565	9
3566	9
3567	9
3568	9
3569	9
3570	3
3571	3
3572	3
3573	9
3574	3
3575	3
3576	9
3577	9
3578	9
3579	9
3580	3
3581	9
3582	9
3583	3
3584	9
3585	3
3586	5
3587	5
3588	5
3589	9
3590	9
3591	9
3592	9
3593	9
3594	9
3595	2
3596	2
3597	2
3598	2
3599	2
3600	2
3601	2
3602	2
3603	3
3604	9
3605	3
3606	9
3607	3
3608	5
3609	3
3610	3
3611	3
3612	9
3614	5
3615	2
3616	3
3617	3
3618	9
3619	3
3620	9
3621	9
3622	9
3623	9
3624	3
3625	3
3626	3
3627	3
3628	3
3629	3
3630	9
3631	3
3632	3
3633	9
3634	9
3635	3
3636	9
3637	3
3638	9
3639	9
3640	9
3641	9
3642	9
3643	9
3644	9
3645	3
3646	9
3647	9
3648	6
3649	9
3650	3
3651	3
3652	9
3653	9
3654	9
3655	3
3656	3
3657	9
3658	9
3659	9
3660	9
3661	9
3662	9
3663	9
3664	9
3665	9
3666	9
3667	9
3668	9
3669	4
3670	4
3671	9
3672	4
3673	9
3674	4
3675	9
3676	4
3677	4
3678	9
3679	9
3680	9
3681	9
3682	9
3684	9
3685	4
3686	9
3687	2
3688	4
3689	4
3690	4
3691	4
3692	4
3693	2
3694	9
3695	2
3696	2
3697	2
3698	2
3699	4
3700	9
3701	9
3702	9
3703	9
3704	9
3705	9
3706	4
3707	9
3708	9
3709	2
3710	4
3711	9
3712	9
3713	9
3715	2
3717	2
3718	9
3719	9
3720	2
3721	2
3722	9
3723	9
3724	9
3725	9
3726	9
3727	4
3728	4
3729	3
3730	3
3731	4
3732	4
3733	4
3734	9
3735	9
3736	9
3737	9
3738	9
3739	9
3740	9
3741	9
3742	9
3743	9
3744	9
3745	9
3746	9
3747	9
3748	9
3749	9
3750	5
3751	9
3752	5
3753	9
3754	9
3755	5
3756	9
3757	2
3758	2
3759	2
3760	2
3761	2
3762	9
3763	2
3764	2
3768	4
3769	9
3770	2
3771	9
3772	9
3773	9
3774	9
3775	3
3776	9
3777	3
3778	3
3779	3
3780	3
3781	3
3782	6
3783	6
3784	6
3785	9
3786	6
3787	9
3788	6
3789	9
3790	9
3791	8
3792	9
3793	9
3794	9
3795	9
3796	8
3797	9
3798	9
3799	8
3800	9
3801	9
3802	9
3803	9
3804	9
3805	9
3806	9
3807	9
3808	9
3809	9
3810	9
3811	9
3812	9
3813	9
3814	9
3815	9
3816	9
3817	9
3818	8
3819	8
3820	9
3821	9
3822	9
3823	8
3824	9
3825	9
3826	9
3827	9
3828	8
3829	9
3830	8
3831	8
3832	8
3833	9
3834	8
3835	9
3836	9
3837	9
3838	9
3839	8
3840	8
3841	8
3842	8
3843	8
3844	9
3845	8
3846	8
3847	8
3848	8
3849	8
3850	8
3851	8
3852	9
3853	9
3854	8
3855	9
3856	9
3857	9
3858	8
3859	8
3860	9
3861	8
3862	9
3863	8
3864	9
3865	8
3866	8
3867	8
3868	8
3869	9
3870	9
3871	9
3872	9
3873	9
3874	8
3875	9
3876	9
3877	8
3878	8
3879	8
3880	8
3883	9
3884	8
3885	9
3886	8
3887	8
3888	8
3889	8
3890	8
3892	9
3893	8
3894	8
3897	9
3898	8
3899	8
3900	8
3901	8
3902	9
3903	8
3904	8
3905	9
3906	9
3907	9
3908	9
3909	9
3910	9
3911	9
3912	9
3913	9
3914	9
3915	9
3916	9
3917	8
3918	9
3919	9
3920	8
3921	9
3922	9
3923	9
3924	9
3925	8
3926	9
3927	9
3928	9
3929	9
3930	9
3931	9
3932	9
3933	9
3934	9
3935	9
3936	9
3937	8
3938	8
3939	9
3940	8
3941	8
3942	8
3943	9
3944	9
3945	9
3946	9
3947	9
3948	9
3949	9
3950	9
3951	9
3952	9
3953	9
3954	8
3955	9
3956	9
3957	8
3958	8
3959	9
3960	8
3961	9
3962	9
3963	9
3964	9
3965	9
3966	9
3967	8
3968	8
3969	9
3970	9
3971	8
3972	8
3973	9
3974	8
3975	9
3976	8
3977	9
3978	9
3979	9
3980	9
3981	9
3982	9
3983	9
3985	9
3986	8
3987	9
3988	9
3989	9
3990	0
3991	9
3992	0
3993	8
3994	8
3995	9
3996	9
3997	9
3998	9
3999	9
4000	8
4001	0
4002	9
4003	8
4004	8
4005	8
4006	8
4007	8
4008	9
4009	9
4010	9
4011	8
4012	9
4013	8
4014	8
4015	8
4016	8
4017	8
4018	8
4019	9
4020	8
4021	9
4022	9
4023	9
4024	8
4025	9
4026	9
4027	9
4028	9
4029	9
4030	8
4031	8
4032	8
4033	9
4034	9
4035	9
4036	9
4037	9
4038	9
4039	9
4040	9
4041	9
4042	9
4043	9
4044	9
4045	9
4046	9
4047	9
4048	9
4049	9
4050	9
4051	9
4052	8
4053	9
4054	9
4055	9
4056	9
4057	9
4058	9
4059	9
4060	9
4061	9
4062	9
4063	9
4064	0
4065	9
4066	9
4067	0
4068	9
4069	0
4070	9
4071	0
4072	0
4073	0
4074	9
4075	9
4076	9
4077	9
4078	9
4079	9
4080	8
4081	9
4082	8
4083	9
4084	8
4085	8
4086	8
4087	9
4088	8
4089	9
4090	8
4091	9
4092	9
4093	9
4094	9
4095	9
4096	9
4097	9
4098	8
4099	9
4100	8
4101	9
4102	9
4103	9
4104	8
4105	8
4106	9
4107	9
4108	9
4109	8
4110	9
4111	8
4112	8
4113	8
4114	8
4115	9
4116	9
4117	9
4118	8
4119	9
4120	8
4121	9
4122	0
4123	8
4124	8
4125	9
4126	9
4127	8
4128	8
4129	9
4130	9
4131	9
4132	9
4133	9
4134	9
4135	9
4136	8
4137	9
4138	8
4139	8
4140	8
4141	8
4142	8
4143	9
4144	9
4145	9
4146	8
4147	9
4148	9
4149	8
4150	8
4151	8
4152	9
4153	9
4154	8
4155	8
4156	9
4157	8
4158	8
4159	8
4160	8
4161	8
4162	8
4163	9
4164	8
4165	8
4166	9
4167	9
4168	9
4169	1
4170	8
4171	9
4172	9
4173	9
4174	9
4175	8
4176	8
4177	8
4178	9
4179	9
4180	8
4181	8
4182	8
4183	9
4184	1
4185	1
4186	9
4187	9
4188	9
4189	9
4190	9
4191	8
4192	9
4193	8
4194	8
4195	8
4196	8
4197	8
4198	9
4199	9
4200	9
4201	8
4202	8
4203	8
4204	8
4205	0
4206	9
4207	9
4208	9
4209	8
4210	8
4211	9
4212	8
4213	9
4214	9
4215	8
4216	9
4217	9
4218	9
4219	8
4220	8
4221	8
4222	9
4223	9
4224	8
4225	9
4226	9
4227	8
4228	8
4229	9
4230	9
4231	8
4232	8
4233	9
4234	9
4235	8
4236	9
4237	9
4238	9
4239	9
4240	9
4241	8
4242	8
4243	9
4244	9
4245	9
4246	9
4247	9
4248	9
4249	9
4250	9
4251	8
4252	8
4253	8
4254	8
4255	8
4256	9
4257	8
4258	9
4259	9
4260	9
4261	9
4262	9
4263	8
4264	9
4265	9
4266	8
4267	8
4268	8
4269	8
4270	8
4271	8
4272	8
4273	9
4274	9
4275	9
4276	9
4277	9
4278	9
4279	9
4280	9
4281	9
4282	9
4283	9
4284	9
4285	8
4286	8
4287	9
4288	9
4289	8
4290	9
4291	9
4292	8
4293	9
4294	9
4295	9
4296	9
4297	9
4298	9
4299	9
4300	9
4301	9
4302	9
4303	9
4304	9
4305	9
4306	9
4307	9
4308	8
4309	8
4310	8
4311	8
4312	8
4313	8
4314	9
4315	9
4316	9
4317	8
4318	8
4319	8
4320	8
4321	8
4322	8
4323	8
4324	8
4325	8
4326	9
4327	9
4328	9
4329	9
4330	9
4331	9
4332	1
4333	9
4334	9
4335	9
4336	9
4337	9
4338	9
4339	9
4340	8
4341	9
4342	9
4343	9
4344	9
4345	9
4346	8
4347	8
4348	8
4349	8
4350	9
4351	9
4352	8
4353	8
4354	8
4355	8
4356	8
4357	8
4358	8
4359	8
4360	9
4361	9
4362	9
4363	8
4364	8
4365	9
4366	8
4367	8
4368	8
4369	9
4370	9
4371	1
4372	8
4373	8
4374	9
4375	8
4376	8
4377	8
4378	8
4379	9
4380	9
4381	8
4382	8
4383	9
4384	8
4385	8
4386	8
4387	8
4388	8
4389	8
4390	8
4391	8
4392	8
4393	8
4394	8
4395	8
4396	8
4397	9
4398	8
4399	8
4400	9
4401	8
4402	8
4403	9
4404	8
4405	8
4406	8
4407	8
4408	8
4409	8
4410	8
4411	8
4412	8
4413	8
4414	8
4415	8
4416	8
4417	8
4418	8
4419	8
4420	8
4421	8
4422	8
4423	8
4424	8
4425	8
4426	8
4427	9
4428	8
4429	9
4430	9
4431	8
4432	9
4433	8
4434	8
4435	8
4436	8
4437	8
4438	8
4439	8
4440	9
4441	8
4442	9
4443	9
4444	8
4445	9
4446	8
4447	8
4448	8
4449	9
4450	8
4451	8
4452	9
4453	9
4454	8
4455	8
4456	8
4457	1
4458	9
4459	8
4460	8
4461	8
4462	8
4463	8
4464	8
4465	8
4466	8
4467	9
4468	8
4469	9
4470	9
4471	9
4472	8
4473	8
4474	9
4475	8
4476	8
4477	9
4478	8
4479	8
4480	9
4481	9
4482	9
4483	8
4484	8
4485	8
4486	8
4487	8
4488	8
4489	8
4490	8
4496	9
4497	8
4498	8
4499	8
4500	8
4501	8
4502	8
4503	8
4504	9
4510	9
4511	9
4512	9
4513	9
4514	9
4515	9
4516	9
4517	9
4518	9
4519	8
4520	8
4521	8
4522	8
4523	8
4524	8
4525	8
4526	8
4527	7
4528	9
4529	7
4530	7
4531	9
4532	7
4533	7
4534	7
4535	7
4536	7
4537	7
4538	7
4539	7
4540	7
4541	7
4542	9
4543	7
4544	7
4545	9
4546	9
4547	7
4548	9
4549	7
4550	9
4551	7
4552	7
4553	7
4554	3
4555	8
4556	9
4557	9
4558	9
4559	6
4560	9
4561	6
4562	9
4563	9
4564	9
4565	6
4566	6
4567	9
4568	9
4569	6
4570	9
4571	9
4572	9
4573	9
4574	8
4575	8
4576	9
4577	9
4578	9
4579	9
4580	9
4581	9
4582	9
4583	6
4584	9
4585	9
4586	8
4587	8
4588	9
4589	9
4590	9
4591	3
4592	6
4596	9
4597	8
4599	9
4600	9
4601	9
4602	9
4603	9
4607	8
4608	3
4609	3
4610	9
4611	3
4612	9
4613	9
4614	9
4615	9
4616	9
4617	9
4618	9
4619	9
4620	9
4621	9
4622	9
4623	8
4624	9
4625	9
4626	9
4627	3
4628	9
4629	9
4630	9
4631	9
4632	9
4633	9
4634	9
4635	9
4636	6
4637	9
4638	9
4639	9
4640	9
4641	9
4642	9
4643	9
4644	9
4645	9
4646	9
4647	9
4648	6
4649	6
4650	9
4651	6
4652	3
4653	9
4654	8
4655	8
4656	8
4657	9
4658	9
4659	9
4660	9
4661	8
4662	8
4663	3
4664	9
4665	6
4666	9
4667	9
4668	9
4669	9
4670	9
4671	9
4672	9
4673	9
4674	9
4675	8
4676	9
4677	9
4678	3
4679	9
4680	3
4681	3
4682	9
4683	9
4684	9
4685	9
4686	9
4687	9
4688	9
4689	9
4690	9
4691	9
4692	9
4693	9
4694	9
4695	9
4696	9
4697	9
4698	9
4699	9
4700	9
4701	9
4702	9
4703	9
4704	9
4705	9
4706	9
4707	9
4708	9
4709	9
4710	9
4711	9
4712	9
4713	9
4714	9
4715	9
4716	9
4717	9
4718	9
4719	9
4720	9
4721	9
4722	9
4723	9
4724	9
4725	8
4726	6
4727	6
4728	9
4729	8
4730	9
4731	9
4732	9
4733	9
4734	9
4735	9
4736	3
4737	3
4738	8
4739	8
4740	9
4741	9
4742	9
4743	9
4744	9
4745	8
4746	9
4747	6
4748	9
4749	9
4750	9
4751	8
4752	9
4753	9
4754	3
4755	3
4756	9
4757	3
4758	9
4759	9
4760	9
4761	9
4762	9
4763	9
4764	9
4765	8
4766	3
4767	3
4768	3
4769	9
4770	9
4771	9
4772	9
4773	9
4774	9
4775	9
4776	9
4777	9
4778	9
4779	9
4780	6
4781	9
4782	6
4783	9
4784	9
4785	9
4786	3
4787	9
4788	9
4789	9
4790	9
4791	9
4792	9
4793	9
4794	9
4795	9
4796	9
4797	9
4798	9
4799	3
4800	9
4801	9
4802	9
4803	9
4804	9
4805	9
4806	3
4807	9
4808	9
4809	9
4810	9
4811	9
4812	3
4813	9
4815	8
4816	9
4817	9
4818	9
4819	9
4820	9
4821	9
4822	9
4823	9
4826	9
4827	9
4828	3
4829	9
4830	9
4831	9
4832	9
4833	9
4834	6
4835	9
4836	9
4837	3
4838	9
4839	9
4840	9
4841	3
4842	9
4843	9
4844	9
4845	9
4846	9
4847	9
4848	3
4849	9
4850	3
4851	9
4852	9
4853	9
4854	9
4855	9
4856	6
4857	6
4858	9
4859	9
4860	9
4861	9
4862	9
4863	9
4864	9
4865	9
4866	3
4867	9
4868	9
4869	9
4870	9
4871	9
4872	9
4873	8
4874	8
4875	3
4876	9
4877	6
4878	6
4879	9
4880	6
4881	9
4882	6
4883	6
4884	6
4885	6
4886	6
4887	9
4888	6
4889	6
4890	6
4891	9
4892	9
4893	9
4894	9
4895	9
4896	9
4897	9
4898	9
4899	9
4900	8
4901	9
4902	8
4903	8
4904	9
4905	9
4906	8
4907	8
4908	8
4909	9
4910	9
4911	8
4912	8
4913	8
4914	9
4915	8
4916	8
4917	9
4918	9
4919	8
4920	8
4921	9
4922	8
4923	8
4924	8
4925	8
4926	9
4927	8
4928	8
4929	8
4930	8
4931	8
4932	9
4933	8
4934	8
4935	9
4936	8
4937	9
4938	9
4939	8
4940	9
4941	9
4942	9
4943	9
4944	9
4945	9
4946	9
4947	9
4948	9
4949	9
4950	9
4951	9
4953	9
4954	9
4955	9
4956	9
4958	9
4959	9
4961	9
4966	9
4968	9
4969	9
4970	9
4971	9
4972	8
4973	8
4974	8
4975	9
4976	8
4977	8
4978	9
4979	9
4980	8
4981	8
4982	8
4983	8
4984	8
4985	8
4986	8
4987	9
4988	8
4989	9
4990	9
4991	9
4992	9
4993	8
4994	8
4995	9
4996	8
4997	9
4998	8
4999	8
5000	8
5001	8
5002	9
5003	9
5004	9
5005	8
5006	8
5007	8
5008	9
5009	8
5010	8
5011	8
5012	8
5013	8
5014	8
5015	8
5016	8
5017	8
5018	9
5019	9
5020	9
5021	9
5022	9
5023	8
5024	8
5025	9
5026	9
5027	9
5028	9
5029	9
5030	9
5031	9
5032	9
5033	9
5034	9
5035	9
5036	9
5037	8
5038	9
5039	8
5040	8
5041	9
5042	9
5043	9
5044	9
5045	9
5046	9
5047	8
5048	8
5049	9
5050	8
5051	8
5052	8
5053	8
5054	8
5055	8
5058	9
5059	8
5063	9
5066	8
5067	8
5068	8
5069	8
5070	8
5071	8
5072	8
5073	8
5074	9
5075	8
5076	8
5077	8
5078	8
5079	8
5080	8
5081	8
5082	8
5083	9
5084	8
5085	8
5086	8
5087	8
5088	9
5089	8
5090	9
5091	9
5092	9
5093	9
5094	9
5095	9
5096	9
5097	0
5098	9
5099	9
5100	9
5101	9
5102	9
5103	9
5104	9
5105	9
5106	0
5107	8
5108	0
5109	8
5110	8
5111	9
5112	9
5113	9
5114	9
5115	0
5116	9
5117	0
5118	0
5119	8
5120	8
5121	8
5122	8
5123	8
5124	8
5125	2
5126	2
5127	9
5128	9
5129	9
5130	9
5131	9
5132	8
5133	9
5134	9
5135	8
5136	9
5137	9
5138	9
5139	8
5140	9
5141	9
5142	9
5143	9
5144	9
5145	9
5146	9
5147	9
5148	9
5149	9
5150	9
5151	9
5152	9
5153	9
5154	9
5155	9
5156	9
5157	8
5158	9
5159	9
5160	9
5161	9
5162	8
5163	8
5164	2
5165	9
5166	9
5167	9
5168	8
5169	8
5170	8
5171	8
5172	8
5173	9
5174	9
5175	2
5176	9
5177	9
5178	9
5179	9
5180	9
5181	9
5182	8
5183	9
5184	8
5185	9
5186	9
5187	8
5188	9
5189	3
5190	9
5191	8
5192	2
5193	9
5194	9
5195	9
5196	9
5197	9
5198	9
5199	9
5200	9
5201	9
5202	9
5203	9
5204	9
5205	9
5206	9
5207	9
5208	9
5209	8
5210	9
5211	9
5212	9
5213	9
5214	9
5215	9
5216	8
5217	8
5218	9
5219	8
5220	8
5221	8
5222	8
5223	8
5224	8
5225	9
5226	9
5227	9
5228	3
5229	8
5230	9
5231	9
5232	9
5233	9
5234	9
5235	9
5236	9
5237	8
5238	9
5239	9
5240	9
5241	9
5242	9
5243	9
5244	9
5245	9
5246	9
5247	9
5248	9
5249	9
5250	9
5251	8
5252	9
5253	8
5254	3
5255	9
5256	8
5257	9
5258	9
5259	8
5260	8
5261	8
5262	8
5263	8
5264	8
5265	8
5266	8
5267	8
5268	2
5269	2
5270	2
5271	9
5272	9
5273	9
5274	9
5275	9
5276	9
5277	9
5278	8
5279	9
5280	9
5281	9
5282	9
5283	9
5284	9
5285	2
5286	9
5287	9
5288	9
5289	9
5290	9
5291	9
5292	8
5293	9
5294	8
5295	9
5296	9
5297	9
5298	9
5299	3
5300	8
5301	9
5302	9
5303	8
5304	9
5305	8
5306	8
5307	9
5308	9
5309	9
5310	9
5311	9
5312	9
5313	9
5314	9
5315	9
5316	2
5317	9
5318	9
5319	9
5320	8
5321	9
5322	9
5324	9
5325	9
5326	9
5327	9
5328	9
5329	9
5330	9
5331	9
5332	9
5333	9
5334	9
5335	9
5336	9
5337	9
5338	9
5339	9
5340	9
5341	2
5342	9
5343	9
5344	9
5345	9
5346	2
5347	2
5348	3
5349	8
5350	9
5351	9
5352	9
5353	9
5354	9
5355	9
5356	9
5357	9
5358	9
5359	9
5360	8
5361	9
5362	9
5363	9
5364	9
5365	9
5366	2
5367	9
5368	9
5369	9
5370	9
5371	9
5372	2
5373	9
5374	9
5375	2
5376	9
5377	9
5378	9
5379	8
5380	9
5381	9
5382	8
5383	8
5384	9
5385	9
5386	9
5387	2
5388	2
5389	9
5390	2
5391	9
5392	2
5393	9
5394	9
5395	2
5396	2
5397	9
5398	9
5399	8
5400	9
5401	9
5402	9
5403	9
5404	9
5405	2
5406	2
5407	9
5408	2
5409	9
5410	2
5411	9
5412	8
5413	9
5414	2
5415	9
5416	9
5417	8
5418	9
5419	9
5420	9
5421	9
5422	9
5423	8
5424	9
5425	9
5426	9
5427	9
5428	9
5429	9
5430	2
5431	9
5432	9
5433	9
5434	8
5435	8
5436	2
5437	2
5438	2
5439	9
5440	2
5441	2
5442	9
5443	9
5444	9
5445	9
5446	8
5447	9
5448	2
5449	2
5450	9
5451	9
5452	2
5453	9
5454	2
5455	9
5456	9
5457	9
5458	8
5459	8
5460	9
5461	8
5462	9
5463	2
5464	9
5465	9
5466	9
5467	9
5468	9
5469	9
5470	9
5471	9
5472	9
5473	9
5474	2
5475	9
5476	9
5477	8
5478	9
5479	9
5480	9
5481	8
5482	8
5483	8
5484	9
5485	8
5486	2
5487	9
5488	2
5489	2
5490	2
5491	2
5492	9
5493	8
5494	9
5495	9
5496	9
5497	9
5498	9
5499	9
5500	8
5501	8
5502	9
5503	9
5504	2
5505	9
5506	9
5507	9
5508	2
5509	9
5510	2
5511	9
5512	3
5513	8
5514	8
5515	9
5516	2
5517	9
5518	9
5519	3
5520	2
5521	9
5522	9
5523	9
5524	8
5525	8
5526	9
5527	9
5528	8
5529	9
5530	8
5531	8
5532	8
5533	8
5534	8
5535	8
5536	8
5537	8
5538	9
5539	8
5540	2
5541	2
5542	2
5543	9
5544	2
5545	9
5546	9
5547	9
5548	9
5549	8
5550	8
5551	9
5552	9
5553	2
5554	2
5555	2
5556	8
5557	8
5558	9
5559	9
5560	9
5561	8
5562	9
5563	8
5564	8
5565	9
5566	9
5567	8
5568	9
5569	8
5570	8
5571	9
5572	9
5573	9
5574	9
5575	9
5576	9
5577	8
5578	8
5579	8
5580	9
5581	2
5582	2
5583	2
5584	2
5585	2
5586	9
5587	9
5588	8
5589	8
5590	9
5591	8
5592	8
5593	9
5594	9
5595	9
5596	9
5597	9
5598	9
5599	9
5600	9
5601	8
5602	8
5603	9
5604	3
5605	3
5606	8
5607	8
5608	9
5609	8
5610	9
5611	8
5612	9
5613	9
5614	8
5615	9
5616	9
5617	8
5618	9
5619	9
5620	9
5621	9
5622	9
5623	8
5624	9
5625	9
5626	9
5627	9
5628	8
5629	9
5630	9
5631	9
5632	8
5633	9
5634	9
5635	9
5636	9
5637	9
5638	2
5639	2
5640	2
5641	9
5642	9
5643	9
5644	9
5645	8
5646	9
5647	8
5648	9
5649	9
5650	9
5651	8
5652	9
5653	9
5654	9
5655	9
5656	9
5657	9
5658	9
5659	9
5660	9
5661	9
5662	9
5663	9
5664	8
5665	9
5666	8
5667	8
5668	9
5669	2
5670	9
5671	9
5672	9
5673	9
5674	9
5675	9
5676	9
5677	9
5678	9
5679	8
5680	9
5681	9
5682	9
5683	8
5684	9
5685	9
5686	9
5687	9
5688	9
5689	9
5690	8
5691	8
5692	8
5693	9
5694	8
5695	9
5696	9
5697	9
5698	9
5699	9
5700	9
5701	2
5702	2
5703	2
5704	9
5705	9
5706	9
5707	9
5708	9
5709	9
5710	9
5711	9
5712	9
5713	3
5714	9
5715	9
5716	9
5717	9
5718	9
5719	9
5720	9
5721	8
5722	9
5723	8
5725	9
5726	8
5727	9
5728	9
5729	9
5730	9
5731	9
5732	9
5733	9
5734	9
5735	9
5736	9
5737	8
5738	9
5739	9
5740	8
5741	9
5742	9
5743	8
5744	8
5745	8
5746	8
5747	8
5748	8
5749	2
5750	9
5751	9
5752	9
5753	9
5754	9
5755	9
5756	3
5757	9
5758	9
5759	9
5766	8
5767	8
5768	9
5769	8
5770	9
5771	9
5772	9
5773	8
5774	9
5775	8
5776	9
5777	8
5778	8
5779	9
5780	8
5781	9
5782	9
5783	9
5784	8
5785	9
5786	9
5787	9
5788	9
5789	9
5790	9
5791	9
5792	9
5793	9
5794	8
5795	8
5796	8
5797	9
5798	9
5799	8
5800	9
5801	9
5802	9
5803	9
5804	9
5805	9
5806	9
5807	9
5810	9
5811	8
5812	9
5813	9
5814	9
5815	9
5816	9
5817	9
5818	9
5819	8
5820	9
5821	9
5822	9
5823	8
5824	8
5825	9
5826	9
5827	2
5828	9
5829	9
5830	9
5831	9
5832	9
5833	8
5834	9
5835	9
5836	9
5837	8
5838	9
5839	9
5840	9
5841	9
5842	9
5843	9
5844	9
5845	9
5846	9
5847	9
5848	8
5849	9
5850	8
5851	9
5852	8
5853	9
5854	9
5855	9
5856	9
5857	8
5858	9
5859	9
5860	9
5861	9
5862	8
5863	9
5864	9
5865	2
5866	9
5867	9
5868	9
5869	9
5870	8
5871	8
5872	9
5873	9
5874	9
5875	9
5876	9
5877	9
5878	9
5879	9
5880	9
5881	9
5882	9
5883	8
5884	9
5885	9
5886	9
5887	9
5888	8
5889	9
5890	8
5891	9
5892	8
5893	9
5894	9
5895	9
5896	9
5897	8
5898	9
5899	8
5900	9
5901	8
5902	8
5903	9
5904	9
5905	9
5906	9
5907	9
5908	9
5909	9
5910	9
5911	9
5912	8
5913	9
5914	9
5915	9
5916	9
5917	9
5918	9
5919	9
5920	9
5921	9
5922	9
5923	8
5924	9
5925	9
5926	9
5927	8
5928	9
5929	9
5930	9
5931	9
5932	9
5933	9
5934	9
5935	9
5936	9
5937	8
5938	8
5939	8
5940	8
5941	8
5942	8
5943	8
5944	9
5945	9
5946	9
5947	9
5948	9
5949	8
5950	9
5951	9
5952	9
5953	8
5954	9
5955	8
5956	8
5957	8
5958	9
5959	8
5960	8
5961	8
5962	8
5963	8
5964	8
5965	9
5966	8
5967	8
5968	8
5969	9
5970	8
5971	8
5972	9
5973	8
5974	8
5975	8
5976	8
5977	9
5978	8
5979	8
5980	9
5981	8
5982	9
5983	8
5984	9
5985	9
5986	9
5987	9
5988	9
5989	8
5990	8
5991	9
5992	8
5993	8
5994	9
5995	9
5996	8
5997	9
5998	9
5999	9
6000	9
6001	9
6002	8
6003	8
6004	9
6005	9
6006	8
6007	8
6008	9
6009	8
6010	9
6011	8
6012	9
6013	9
6014	9
6015	9
6016	8
6017	8
6018	9
6019	9
6020	9
6021	9
6022	9
6023	9
6024	9
6025	9
6026	9
6027	9
6028	9
6029	8
6030	9
6031	9
6032	9
6033	9
6034	9
6035	9
6036	9
6037	9
6038	8
6039	8
6040	9
6041	9
6042	9
6043	9
6044	9
6045	9
6046	9
6047	9
6048	9
6049	8
6050	8
6051	8
6052	9
6053	8
6054	9
6055	8
6056	8
6057	8
6058	8
6059	8
6060	9
6061	8
6062	8
6063	8
6064	8
6065	8
6066	9
6067	9
6068	9
6069	8
6070	9
6071	8
6072	8
6073	9
6074	9
6075	8
6076	9
6077	8
6078	9
6079	9
6080	9
6081	8
6082	8
6083	8
6084	8
6085	8
6086	8
6087	8
6088	8
6089	9
6090	9
6091	9
6092	9
6093	9
6094	8
6095	8
6096	8
6097	8
6098	8
6099	8
6100	9
6101	9
6102	9
6103	8
6104	9
6105	9
6106	9
6107	8
6108	8
6109	8
6110	8
6111	9
6112	8
6113	9
6114	8
6115	9
6116	9
6117	9
6118	9
6119	8
6120	8
6121	9
6122	9
6123	9
6124	9
6125	8
6126	8
6127	8
6128	8
6129	8
6130	8
6131	9
6132	8
6133	8
6134	8
6135	9
6136	8
6137	8
6138	9
6139	8
6140	8
6141	8
6142	9
6143	9
6144	9
6145	9
6146	8
6147	9
6148	9
6149	9
6150	9
6151	8
6152	9
6153	8
6154	8
6155	9
6156	8
6157	9
6158	8
6159	8
6160	8
6161	9
6162	9
6163	9
6164	8
6165	8
6166	9
6167	9
6168	9
6169	8
6170	9
6171	9
6172	9
6173	9
6174	9
6175	9
6176	8
6177	8
6178	8
6179	8
6180	8
6181	8
6182	8
6183	9
6184	8
6185	9
6186	9
6187	9
6188	7
6189	7
6190	7
6191	7
6192	7
6193	7
6194	8
6195	8
6196	9
6197	9
6198	8
6199	9
6200	8
6201	9
6202	9
6203	7
6204	9
6205	9
6206	9
6207	7
6208	9
6209	7
6210	9
6211	8
6212	9
6213	9
6214	8
6215	9
6216	9
6217	7
6218	9
6219	7
6220	9
6221	9
6222	9
6223	8
6224	7
6225	7
6226	7
6227	9
6228	7
6229	9
6230	9
6231	9
6232	9
6233	9
6234	7
6235	7
6236	7
6237	7
6238	7
6239	9
6240	9
6241	8
6242	8
6243	8
6244	9
6245	8
6246	9
6247	8
6248	9
6249	9
6250	9
6251	9
6252	9
6253	8
6254	9
6255	8
6256	9
6257	9
6258	9
6259	9
6260	8
6261	8
6262	9
6263	9
6264	9
6265	9
6266	9
6267	9
6268	8
6269	8
6270	8
6271	8
6272	9
6273	8
6274	8
6275	9
6276	9
6277	9
6278	9
6279	9
6280	9
6281	8
6282	9
6283	9
6284	9
6285	8
6286	9
6287	9
6288	8
6289	8
6290	9
6291	9
6292	9
6293	9
6294	9
6295	8
6296	8
6297	9
6298	9
6299	8
6300	9
6301	8
6302	8
6303	8
6304	8
6305	8
6306	8
6307	8
6308	9
6309	8
6310	9
6311	8
6312	9
6313	8
6314	8
6315	8
6316	8
6317	8
6318	8
6319	8
6320	8
6321	8
6322	9
6323	8
6324	8
6325	9
6326	9
6327	8
6328	8
6329	8
6330	9
6331	8
6332	8
6333	8
6334	9
6335	8
6336	8
6337	9
6338	8
6339	8
6340	8
6341	8
6342	9
6343	9
6344	9
6345	8
6346	9
6347	8
6348	9
6349	9
6350	8
6351	9
6352	8
6353	8
6354	8
6355	9
6356	9
6357	9
6358	8
6359	8
6360	9
6361	9
6362	9
6363	8
6364	8
6365	9
6366	8
6367	9
6368	9
6369	8
6370	9
6371	9
6372	8
6373	9
6374	8
6375	9
6376	8
6377	8
6378	9
6379	8
6380	9
6381	8
6382	9
6383	8
6384	9
6385	9
6386	8
6387	9
6388	9
6389	8
6390	9
6391	8
6392	9
6393	8
6394	8
6395	8
6396	8
6397	8
6398	9
6399	9
6400	9
6401	9
6402	8
6403	9
6404	9
6405	8
6406	9
6407	9
6408	9
6409	8
6410	9
6411	9
6412	8
6413	9
6414	9
6415	8
6416	9
6417	8
6418	8
6419	8
6420	8
6421	8
6422	9
6423	8
6424	8
6425	8
6426	8
6427	8
6428	8
6429	8
6430	8
6431	8
6432	9
6433	8
6435	8
6436	9
6437	9
6438	9
6439	8
6440	8
6441	8
6442	9
6443	8
6444	8
6445	8
6446	8
6447	9
6448	9
6449	9
6450	8
6451	9
6452	9
6453	9
6454	8
6455	9
6456	9
6457	8
6458	9
6459	9
6460	9
6461	8
6462	9
6463	9
6464	9
6465	8
6466	9
6467	8
6468	8
6469	9
6470	8
6471	9
6472	8
6474	8
6475	9
6476	8
6477	9
6478	8
6479	8
6480	9
6481	9
6482	8
6483	9
6484	8
6485	8
6486	9
6487	9
6488	8
6489	8
6490	8
6491	8
6492	0
6493	8
6494	9
6495	9
6496	8
6497	9
6498	8
6499	9
6500	9
6501	8
6502	8
6503	8
6504	9
6505	9
6506	9
6507	8
6508	8
6509	9
6510	9
6511	9
6512	8
6513	9
6514	9
6515	9
6516	9
6517	8
6518	8
6519	9
6520	0
6521	8
6522	8
6523	8
6524	9
6525	8
6526	8
6527	8
6528	8
6529	8
6530	8
6531	8
6532	9
6533	9
6534	9
6535	9
6536	8
6537	8
6538	9
6539	8
6540	8
6541	8
6542	9
6543	8
6544	8
6545	9
6546	8
6547	8
6548	9
6549	9
6550	9
6551	9
6552	8
6553	8
6554	9
6555	8
6556	9
6557	9
6558	9
6559	9
6560	8
6561	9
6562	9
6563	9
6564	9
6565	9
6566	9
6567	9
6568	9
6569	9
6570	9
6571	9
6572	9
6573	9
6574	9
6575	9
6576	8
6577	9
6578	9
6579	9
6580	9
6581	9
6582	9
6583	9
6584	9
6585	9
6586	9
6587	9
6588	9
6589	9
6590	9
6591	9
6592	9
6593	9
6594	9
6595	9
6596	9
6597	9
6598	9
6599	9
6600	9
6601	9
6602	9
6603	9
6604	9
6605	9
6606	9
6607	9
6608	9
6609	9
6610	9
6611	8
6612	9
6613	9
6614	9
6615	9
6616	9
6617	8
6618	8
6619	9
6620	8
6621	8
6622	8
6623	8
6624	9
6625	9
6626	8
6627	8
6628	8
6629	8
6630	8
6631	8
6632	8
6633	8
6634	8
6635	8
6636	8
6637	8
6638	8
6639	8
6640	9
6641	9
6642	8
6643	8
6644	8
6645	8
6646	9
6647	9
6648	9
6650	8
6651	8
6652	8
6653	8
6654	8
6655	8
6656	8
6657	8
6658	8
6659	9
6660	9
6661	8
6662	9
6663	9
6664	9
6665	9
6666	8
6667	8
6668	8
6669	8
6671	8
6672	8
6679	8
6683	9
6684	8
6685	8
6686	8
6687	8
6688	8
6689	8
6690	8
6691	8
6692	9
6693	9
6694	9
6695	9
6696	9
6697	9
6698	9
6699	9
6700	9
6701	8
6702	8
6703	8
6704	8
6705	9
6706	8
6707	8
6708	9
6709	9
6710	9
6711	8
6712	8
6713	8
6714	8
6715	8
6716	8
6717	8
6718	8
6719	8
6720	8
6721	8
6722	8
6723	8
6724	8
6725	8
6726	8
6727	8
6728	8
6729	8
6730	8
6731	8
6732	8
6733	8
6734	8
6735	9
6736	9
6737	9
6738	9
6739	9
6740	9
6741	8
6742	8
6743	8
6744	8
6745	8
6746	8
6747	8
6748	8
6749	9
6750	9
6751	9
6752	8
6753	8
6754	8
6755	8
6756	8
6757	8
6758	9
6759	8
6760	9
6761	8
6762	9
6763	8
6764	9
6765	9
6766	9
6767	9
6768	9
6769	8
6770	9
6771	9
6772	9
6773	9
6774	9
6775	9
6776	9
6777	9
6778	9
6779	9
6780	9
6781	9
6782	9
6783	9
6784	9
6785	9
6786	9
6787	9
6788	9
6789	9
6790	9
6791	9
6792	9
6793	9
6794	9
6795	9
6796	9
6797	9
6798	9
6799	9
6800	9
6801	9
6802	9
6803	9
6804	9
6805	9
6806	9
6807	9
6808	9
6809	9
6810	9
6811	9
6812	9
6813	9
6814	9
6815	9
6816	9
6817	9
6818	9
6819	9
6820	9
6821	9
6822	9
6823	9
6824	9
6825	9
6826	9
6827	9
6828	9
6829	9
6830	9
6831	9
6832	9
6833	9
6834	9
6835	9
6836	9
6837	9
6838	9
6839	9
6840	9
6841	0
6842	0
6843	9
6844	0
6845	0
6846	9
6847	9
6848	9
6849	9
6850	9
6851	9
6852	9
6853	9
6854	9
6855	9
6856	9
6857	9
6858	9
6859	9
6860	9
6861	0
6862	9
6863	9
6864	9
6865	9
6866	9
6867	9
6868	0
6869	8
6870	8
6871	0
6872	8
6873	8
6874	9
6875	9
6876	9
6877	9
6878	9
6879	9
6880	9
6881	8
6882	8
6883	9
6884	8
6885	8
6886	8
6887	9
6888	8
6889	8
6890	8
6891	8
6892	8
6893	8
6894	8
6895	8
6896	8
6897	9
6898	8
6899	8
6900	9
6901	9
6902	8
6903	9
6904	9
6905	9
6906	9
6907	9
6908	9
6909	9
6910	8
6911	8
6912	9
6913	8
6914	9
6915	9
6916	9
6917	9
6918	9
6919	9
6920	9
6921	8
6922	8
6923	9
6924	9
6925	9
6926	9
6927	9
6928	9
6929	9
6930	9
6931	9
6932	9
6933	9
6934	9
6935	9
6936	9
6937	9
6938	9
6939	9
6940	8
6941	8
6942	8
6943	8
6944	8
6945	9
6946	8
6947	9
6948	9
6949	9
6950	9
6951	9
6952	9
6953	9
6954	9
6955	9
6956	8
6957	8
6958	8
6959	8
6960	8
6961	8
6962	8
6963	8
6964	8
6965	8
6966	8
