District 0: num of precincts (126) pop (122425)
District 1: num of precincts (87) pop (55637)
District 2: num of precincts (450) pop (318037)
District 3: num of precincts (494) pop (476275)
District 4: num of precincts (204) pop (170387)
District 5: num of precincts (151) pop (116448)
District 6: num of precincts (71) pop (135584)
District 7: num of precincts (54) pop (42360)
District 8: num of precincts (988) pop (1038203)
District 9: num of precincts (4205) pop (4195223)
population error: 116%

1	9
2	8
3	9
4	9
5	9
6	9
7	8
8	8
9	9
10	9
11	8
12	9
13	1
14	9
15	9
16	9
17	1
18	9
19	8
20	8
21	8
22	9
23	8
24	9
25	9
26	9
27	8
28	9
29	9
30	9
31	8
32	8
33	9
34	9
35	9
36	9
37	9
38	9
39	9
40	9
41	9
42	9
43	9
44	9
45	9
46	9
47	9
48	9
49	9
50	9
51	9
52	9
53	9
54	9
55	9
56	9
57	9
58	9
59	9
60	9
61	9
62	9
63	0
64	9
65	0
66	9
67	0
68	0
69	0
70	9
71	9
72	0
73	0
74	0
75	0
76	0
77	0
78	9
79	9
80	0
81	0
82	0
83	9
84	9
85	0
86	8
87	0
88	0
89	0
90	9
91	9
92	0
93	9
94	9
95	0
96	9
97	9
98	9
99	9
100	0
101	9
102	9
103	9
104	8
105	9
106	0
107	0
108	9
109	9
110	0
111	0
112	0
113	0
114	0
115	8
116	8
117	9
118	8
119	9
120	9
121	9
122	9
123	8
124	9
125	9
126	8
127	8
128	8
129	8
130	9
131	9
132	9
133	8
134	8
135	8
136	8
137	0
138	8
139	9
140	9
141	8
142	8
143	8
144	8
145	9
146	9
147	0
148	0
149	9
150	9
151	9
152	9
153	9
154	0
155	0
156	0
157	9
158	9
159	0
160	0
161	0
162	9
163	9
164	9
165	8
166	9
167	9
168	9
169	9
170	0
171	8
172	8
173	9
174	9
175	0
176	9
177	0
178	9
179	9
180	9
181	0
182	8
183	9
184	8
185	9
186	9
187	0
188	0
189	9
190	0
191	0
192	9
193	0
194	0
195	9
196	0
197	9
198	0
199	0
200	9
201	0
202	8
203	8
204	0
205	9
206	9
207	0
208	9
209	9
210	0
211	9
212	0
213	0
214	0
215	0
216	9
217	9
218	9
219	9
220	0
221	0
222	9
223	9
224	9
225	9
226	9
227	9
228	9
229	0
230	0
231	9
232	9
233	0
234	0
235	0
236	9
237	0
238	0
239	9
240	0
241	9
242	9
243	0
244	9
245	9
246	9
247	0
248	0
249	9
250	0
251	0
252	9
253	9
254	9
255	9
256	0
257	9
258	9
259	1
260	9
261	9
262	9
263	1
264	9
265	8
266	8
267	1
268	9
269	8
270	1
271	9
272	9
273	8
274	1
275	9
276	9
277	8
278	1
279	9
280	1
281	1
282	1
283	1
284	1
285	1
286	1
287	9
288	9
289	9
290	9
291	9
292	8
293	8
294	1
295	9
296	9
297	9
298	9
299	9
300	9
301	9
302	9
303	9
304	8
305	1
306	1
307	1
308	1
309	8
310	9
311	9
312	9
313	1
314	9
315	1
316	1
317	9
318	9
319	1
320	1
321	1
322	1
323	8
324	1
325	9
326	1
327	1
328	9
329	1
330	1
331	9
332	1
333	1
334	9
335	9
336	1
337	9
338	9
339	1
340	1
341	1
342	9
343	9
344	9
345	9
346	9
347	9
348	9
349	9
350	9
351	9
352	9
353	9
354	9
355	9
357	9
358	9
359	9
360	9
361	9
362	9
363	9
365	9
366	9
367	9
368	9
369	9
370	9
372	9
373	9
374	9
375	9
376	9
377	9
378	9
379	9
380	9
381	9
382	9
383	9
384	9
385	9
386	9
387	9
388	9
389	9
390	9
391	9
392	9
393	9
394	9
395	9
396	9
397	9
398	9
399	9
400	9
401	9
402	9
403	9
404	9
405	9
406	9
407	9
408	9
409	9
410	9
411	9
412	9
413	9
414	9
415	9
416	9
417	9
418	9
419	9
420	9
421	9
422	9
423	9
424	9
425	9
426	9
427	9
428	9
429	9
430	9
431	9
432	9
434	9
435	9
436	9
438	9
439	9
440	9
441	9
442	9
443	9
444	9
445	9
446	9
447	9
448	9
449	9
450	9
451	9
452	9
453	9
454	9
455	9
456	9
457	9
458	9
459	9
460	9
461	9
462	9
463	9
464	9
465	9
466	9
467	9
468	9
469	9
470	9
471	9
472	9
473	9
474	9
475	9
476	9
477	9
478	9
479	9
480	9
481	9
482	9
483	9
484	9
485	9
486	9
487	9
488	9
489	9
490	9
491	9
492	9
493	9
494	9
495	9
496	9
497	9
498	9
499	9
500	9
501	9
502	9
503	9
504	9
505	9
506	9
507	9
508	9
509	9
510	9
511	8
512	8
513	9
514	9
515	9
516	9
517	9
518	9
519	9
520	9
521	9
522	9
523	9
524	8
525	9
526	9
527	9
528	9
529	9
530	9
531	9
532	9
533	9
534	9
535	9
536	9
538	9
539	9
540	9
541	9
542	9
543	9
544	9
545	9
546	9
547	9
548	9
549	9
550	9
551	9
552	9
553	9
554	9
555	9
556	9
557	9
558	9
559	9
560	9
561	9
562	9
563	9
564	9
565	9
566	9
567	9
568	9
569	9
570	9
571	9
572	9
573	9
574	9
575	9
576	8
577	9
578	9
579	9
580	9
581	9
582	9
583	9
584	9
585	9
586	9
587	9
588	9
589	9
590	9
591	9
592	9
593	9
594	9
595	9
596	9
597	9
598	9
599	9
600	9
601	9
602	9
603	9
604	9
605	9
606	9
607	9
608	9
609	9
610	9
611	9
612	9
613	9
614	9
615	9
616	9
617	9
618	9
619	9
620	9
621	9
622	9
623	9
624	9
625	9
626	9
627	9
628	9
629	9
630	9
631	9
632	9
633	9
634	9
635	9
636	9
637	9
638	9
639	9
640	9
641	9
642	9
643	9
644	9
645	9
646	8
647	9
648	9
649	8
650	8
651	9
652	9
653	8
654	8
655	9
656	9
657	9
658	8
659	9
660	9
661	9
662	8
663	8
664	9
665	9
666	9
667	9
668	9
669	9
670	9
671	8
672	9
673	8
674	8
675	9
676	9
677	9
678	9
679	9
680	9
681	9
682	9
683	9
684	9
685	9
686	9
687	9
688	9
689	9
690	9
691	9
692	9
693	9
694	9
695	9
696	9
697	9
698	9
699	9
700	9
701	9
702	9
703	9
704	9
705	9
706	9
707	9
708	9
709	9
710	9
711	9
712	9
713	9
714	8
715	8
716	9
717	9
718	8
719	8
720	9
721	8
722	8
723	9
724	8
725	8
726	8
727	8
728	9
729	8
730	9
731	9
732	9
733	9
734	9
735	9
736	8
737	8
738	8
739	9
740	9
741	9
742	8
743	8
744	8
745	8
746	8
747	9
748	8
749	8
750	8
751	9
752	9
753	1
754	1
755	9
756	9
757	9
758	9
759	1
760	9
761	9
762	9
763	9
764	9
765	1
766	9
767	9
768	1
769	9
770	1
771	9
772	9
773	9
774	9
775	9
776	9
777	9
778	1
779	9
780	1
781	9
782	1
783	9
784	1
785	9
786	1
787	1
788	1
789	9
790	9
791	1
792	9
793	9
794	1
795	9
796	9
797	9
798	9
799	9
800	8
801	8
802	9
803	9
804	9
805	9
806	9
807	9
808	7
809	9
810	9
811	9
812	9
813	9
814	9
815	8
816	9
817	9
818	9
819	9
820	9
821	9
822	8
823	9
824	8
825	9
826	9
827	9
828	8
829	9
830	9
831	7
832	7
833	0
834	9
835	8
836	9
837	9
838	9
839	9
840	0
841	0
842	0
843	8
844	8
845	9
846	9
847	9
848	9
849	8
850	9
851	9
852	8
853	9
854	8
855	9
856	8
857	8
858	9
859	0
860	0
861	9
862	0
863	0
864	0
865	0
866	9
867	9
868	9
869	0
870	9
871	0
872	0
873	9
874	8
875	9
876	9
877	0
878	9
879	9
880	8
881	9
882	8
883	9
884	0
885	9
886	9
887	9
888	9
889	0
890	9
891	9
892	8
893	9
894	9
895	8
896	9
897	8
898	8
899	8
900	8
901	9
902	0
903	9
904	0
905	8
906	0
907	0
908	9
909	9
910	8
911	8
912	9
913	8
914	9
915	0
916	9
917	0
918	9
919	9
920	0
921	9
922	0
923	9
924	0
925	9
926	9
927	9
928	9
929	9
930	9
931	9
932	9
933	9
934	9
935	9
936	9
937	9
938	9
939	8
940	8
941	8
942	9
943	8
944	8
945	9
946	8
947	9
948	8
949	9
950	8
951	9
952	9
953	9
954	9
955	9
956	9
957	1
958	1
959	9
960	1
961	1
962	9
963	1
964	9
965	9
966	8
967	1
968	8
969	8
970	9
971	8
972	9
973	8
974	8
975	8
976	8
977	8
978	9
979	8
980	9
981	8
982	8
983	9
984	9
985	9
986	8
987	8
988	8
989	9
990	8
991	8
992	8
993	9
994	9
995	1
996	9
997	1
998	9
999	1
1000	1
1001	9
1002	9
1003	1
1004	9
1005	8
1006	9
1007	8
1008	9
1009	9
1010	9
1011	9
1012	9
1013	9
1014	9
1015	9
1016	9
1017	9
1018	8
1019	9
1020	9
1021	9
1022	9
1023	9
1024	9
1025	9
1026	9
1027	9
1028	9
1029	9
1030	9
1031	9
1032	9
1033	9
1034	9
1035	9
1036	9
1037	9
1038	9
1039	8
1040	9
1041	9
1042	9
1043	9
1044	9
1045	9
1046	9
1051	9
1052	9
1053	9
1054	9
1055	9
1056	9
1057	9
1058	9
1059	9
1060	9
1061	9
1062	9
1063	9
1064	9
1065	9
1066	9
1068	9
1069	9
1070	9
1071	9
1072	8
1073	9
1074	9
1075	9
1076	9
1077	9
1078	9
1079	9
1080	9
1081	9
1082	9
1084	9
1085	9
1087	9
1088	9
1089	9
1090	9
1091	9
1092	9
1093	9
1094	9
1095	9
1096	9
1097	9
1099	9
1101	9
1102	9
1103	9
1104	9
1105	9
1106	9
1107	9
1108	9
1109	9
1110	9
1111	9
1112	9
1113	9
1114	9
1115	9
1116	9
1117	9
1118	9
1120	9
1121	9
1122	9
1123	9
1124	9
1125	9
1126	9
1127	9
1128	9
1129	9
1130	9
1131	9
1132	9
1133	9
1134	9
1135	9
1136	9
1137	9
1138	9
1139	9
1140	9
1141	9
1142	9
1143	9
1144	9
1145	9
1146	9
1147	9
1149	9
1151	9
1157	9
1160	9
1161	9
1162	9
1163	9
1164	9
1165	9
1167	9
1168	9
1169	9
1170	9
1171	9
1172	9
1173	9
1174	9
1175	9
1176	9
1177	9
1178	9
1179	9
1181	9
1182	9
1185	9
1189	9
1190	9
1191	9
1192	9
1193	9
1194	9
1195	9
1196	9
1197	9
1198	9
1199	9
1200	9
1201	9
1202	9
1203	9
1204	9
1205	9
1206	9
1207	9
1208	9
1209	9
1210	9
1211	9
1212	9
1213	9
1214	9
1215	9
1216	9
1217	9
1218	9
1219	9
1220	9
1221	9
1222	9
1223	9
1224	9
1225	3
1226	9
1227	3
1228	3
1229	3
1230	9
1231	9
1232	9
1233	9
1234	9
1235	9
1236	9
1237	9
1238	9
1239	9
1240	9
1241	9
1242	9
1243	9
1244	4
1245	4
1246	9
1247	9
1249	9
1250	9
1251	9
1252	9
1253	9
1254	4
1255	9
1256	9
1257	4
1258	9
1259	9
1260	9
1261	9
1263	4
1264	4
1265	9
1266	4
1267	4
1268	9
1269	9
1270	9
1271	4
1272	9
1273	9
1274	4
1275	4
1276	9
1277	4
1278	9
1279	9
1280	9
1281	9
1282	4
1283	4
1284	9
1285	4
1286	9
1287	9
1288	4
1289	4
1290	4
1291	4
1292	4
1293	2
1294	9
1295	2
1296	9
1297	2
1298	9
1299	9
1300	9
1301	9
1302	9
1303	9
1304	9
1305	9
1306	9
1307	9
1308	9
1309	2
1310	9
1311	2
1312	9
1313	3
1314	9
1315	3
1316	9
1317	3
1318	9
1319	9
1320	9
1321	9
1322	9
1323	9
1324	9
1325	9
1326	9
1327	9
1328	9
1329	3
1330	5
1331	9
1332	9
1333	9
1334	5
1335	5
1336	5
1337	5
1338	5
1339	5
1340	5
1341	9
1342	9
1343	2
1344	2
1345	9
1346	9
1347	2
1348	9
1349	5
1350	5
1351	5
1352	9
1353	9
1354	9
1355	9
1356	9
1357	9
1358	5
1359	6
1360	9
1361	9
1362	9
1363	9
1364	9
1365	2
1366	2
1367	9
1368	9
1369	9
1370	9
1371	9
1372	2
1374	4
1375	4
1376	4
1377	9
1378	3
1379	3
1380	3
1381	3
1382	9
1383	9
1384	3
1385	3
1386	3
1387	9
1388	3
1389	9
1390	3
1391	3
1392	9
1393	3
1394	9
1395	9
1396	9
1397	9
1398	9
1399	9
1400	9
1401	9
1402	9
1403	9
1404	9
1405	9
1406	9
1407	9
1408	4
1409	4
1410	9
1411	9
1412	9
1413	9
1414	9
1415	9
1416	9
1417	9
1418	9
1419	4
1420	9
1421	9
1422	9
1423	9
1424	9
1425	4
1426	9
1427	4
1429	9
1432	9
1433	9
1434	9
1435	2
1436	9
1437	9
1438	4
1439	4
1440	9
1441	2
1442	9
1443	9
1444	9
1445	9
1446	9
1447	9
1448	9
1449	2
1450	9
1451	2
1452	9
1453	2
1454	9
1455	9
1456	2
1457	9
1458	9
1459	2
1460	9
1461	9
1462	9
1463	9
1464	9
1465	9
1466	3
1467	9
1468	9
1469	3
1470	9
1471	3
1472	9
1473	9
1474	9
1475	3
1476	5
1477	9
1478	5
1479	5
1480	9
1481	9
1482	9
1483	5
1484	5
1485	5
1486	5
1487	5
1488	9
1489	9
1490	5
1491	5
1492	5
1493	5
1494	5
1495	9
1496	5
1497	9
1498	9
1499	9
1500	5
1501	9
1502	5
1503	5
1504	9
1505	2
1506	2
1507	9
1508	9
1509	2
1510	9
1511	2
1512	9
1513	2
1514	2
1515	2
1516	9
1517	9
1518	5
1519	5
1520	9
1521	9
1522	5
1523	9
1524	9
1525	5
1526	4
1527	4
1528	9
1529	9
1530	9
1531	9
1533	9
1534	4
1535	9
1536	2
1537	9
1538	9
1539	9
1540	2
1541	9
1542	9
1543	9
1544	3
1545	3
1546	3
1547	3
1548	3
1549	9
1550	9
1551	9
1552	9
1553	9
1554	9
1555	9
1556	6
1557	9
1558	9
1559	6
1560	9
1561	9
1562	9
1563	9
1564	9
1565	9
1566	9
1567	9
1568	9
1569	3
1570	9
1571	9
1572	9
1573	9
1574	9
1575	9
1576	9
1577	9
1578	9
1579	9
1580	9
1581	9
1582	9
1584	9
1585	9
1586	9
1587	9
1588	4
1589	4
1590	9
1591	4
1592	9
1593	4
1594	4
1596	9
1597	9
1598	9
1599	9
1600	9
1601	9
1602	9
1603	9
1604	9
1605	9
1606	9
1607	9
1608	9
1609	9
1610	9
1611	9
1612	9
1613	9
1614	9
1615	9
1616	9
1617	2
1618	2
1619	2
1620	2
1621	9
1622	9
1623	9
1624	9
1625	9
1626	9
1627	2
1628	2
1629	2
1630	2
1631	2
1632	2
1633	2
1634	2
1635	2
1636	9
1637	9
1638	3
1639	9
1640	9
1641	9
1642	3
1643	9
1644	3
1645	3
1646	9
1647	3
1648	9
1649	9
1650	9
1651	9
1652	5
1653	9
1654	9
1655	9
1656	9
1657	9
1658	5
1659	9
1660	9
1661	5
1662	9
1663	5
1664	5
1665	9
1666	5
1667	5
1668	5
1669	5
1670	9
1671	9
1672	2
1673	2
1674	2
1675	9
1676	9
1677	2
1678	9
1679	9
1680	2
1681	9
1682	2
1683	2
1684	2
1685	2
1686	9
1687	9
1688	9
1689	9
1690	5
1691	5
1692	5
1693	5
1694	9
1695	5
1696	2
1697	2
1698	2
1699	2
1700	2
1701	2
1702	9
1703	2
1704	2
1705	9
1706	9
1707	2
1708	9
1709	2
1710	2
1711	9
1712	9
1713	9
1714	9
1715	9
1716	9
1717	9
1718	9
1719	3
1720	3
1721	9
1722	3
1723	9
1724	6
1725	9
1726	9
1727	6
1728	6
1729	6
1730	9
1731	9
1732	9
1733	3
1734	9
1735	3
1736	9
1737	9
1738	9
1739	9
1740	4
1741	4
1742	4
1743	9
1744	4
1745	4
1746	9
1747	4
1748	4
1749	9
1750	4
1751	4
1752	4
1753	4
1754	9
1755	9
1756	9
1757	9
1758	9
1759	9
1760	9
1761	9
1762	9
1763	9
1764	9
1765	9
1766	9
1767	9
1769	2
1770	2
1771	9
1772	9
1773	9
1774	9
1775	9
1776	9
1777	9
1778	9
1779	9
1780	2
1781	9
1782	9
1783	2
1784	2
1785	2
1786	9
1787	2
1788	9
1789	9
1790	9
1791	2
1792	2
1793	2
1795	9
1796	2
1797	2
1798	2
1799	2
1800	9
1801	3
1802	9
1803	9
1804	3
1805	9
1806	9
1807	9
1808	9
1809	3
1810	9
1811	9
1812	9
1813	9
1814	3
1815	3
1816	3
1817	9
1818	9
1819	9
1820	3
1821	3
1822	9
1823	9
1824	9
1825	9
1826	9
1827	9
1828	5
1829	5
1830	5
1831	5
1832	9
1833	2
1834	9
1835	9
1836	9
1837	9
1838	9
1839	9
1840	9
1841	9
1842	2
1843	2
1844	2
1845	9
1846	9
1847	2
1848	9
1849	2
1850	5
1851	9
1852	5
1853	5
1854	5
1855	9
1856	5
1857	9
1858	9
1859	9
1860	9
1861	9
1862	9
1863	9
1864	9
1865	9
1866	9
1867	3
1868	3
1869	3
1870	9
1871	9
1872	3
1873	3
1874	3
1875	3
1876	9
1877	3
1878	3
1879	3
1880	9
1881	9
1882	9
1883	6
1884	9
1885	9
1886	3
1887	9
1888	3
1889	3
1890	3
1891	9
1892	3
1893	9
1894	9
1895	3
1896	9
1897	9
1898	4
1899	4
1900	4
1901	4
1902	9
1903	9
1904	9
1905	9
1906	9
1907	9
1908	9
1909	9
1910	9
1911	9
1912	9
1913	9
1914	9
1915	9
1916	9
1917	9
1918	9
1919	9
1920	9
1921	9
1922	9
1923	9
1924	4
1925	2
1926	2
1927	9
1928	9
1929	2
1930	9
1931	9
1932	9
1933	2
1934	2
1935	2
1936	2
1937	9
1938	9
1939	9
1940	2
1941	2
1942	2
1943	2
1944	9
1945	9
1946	9
1947	9
1948	9
1949	2
1950	2
1951	2
1952	9
1953	2
1954	2
1955	2
1956	9
1957	9
1958	9
1959	2
1960	2
1961	9
1962	2
1963	2
1964	9
1965	9
1966	9
1967	9
1968	3
1969	3
1970	3
1971	3
1972	3
1973	3
1974	9
1975	5
1976	9
1977	9
1978	3
1979	3
1980	9
1981	2
1982	2
1983	2
1984	9
1985	5
1986	9
1987	9
1988	9
1989	5
1990	2
1991	2
1992	9
1993	9
1994	2
1995	2
1996	2
1997	2
1998	9
1999	2
2000	9
2001	2
2002	2
2003	9
2004	9
2005	9
2006	9
2007	2
2008	9
2009	9
2010	2
2011	5
2012	9
2013	5
2014	5
2015	3
2016	3
2017	3
2018	3
2019	3
2020	3
2021	3
2022	3
2023	9
2024	9
2025	3
2026	3
2027	3
2028	3
2029	9
2030	3
2031	3
2032	3
2033	6
2034	3
2035	9
2036	3
2037	6
2038	6
2039	6
2040	6
2041	3
2042	3
2043	3
2044	3
2045	9
2046	9
2047	3
2048	3
2049	3
2050	9
2051	9
2052	9
2053	9
2054	9
2055	9
2056	9
2057	9
2058	9
2059	9
2060	9
2061	9
2062	9
2063	9
2064	4
2065	9
2066	9
2067	9
2068	4
2069	9
2070	4
2071	9
2072	9
2073	9
2074	9
2075	9
2076	4
2077	4
2078	2
2079	9
2080	9
2081	2
2082	2
2083	2
2084	2
2085	2
2086	2
2087	2
2088	2
2089	2
2090	9
2091	2
2092	9
2093	2
2094	9
2095	9
2096	2
2097	9
2098	2
2099	9
2100	2
2101	9
2102	9
2103	2
2104	9
2105	9
2106	9
2107	9
2108	9
2109	9
2110	9
2111	9
2112	2
2113	9
2114	3
2115	9
2116	3
2117	3
2118	3
2119	3
2120	3
2121	3
2122	3
2123	3
2124	9
2125	3
2126	3
2127	9
2128	9
2129	9
2130	9
2131	9
2132	2
2133	2
2134	9
2135	5
2136	5
2137	9
2138	5
2139	5
2140	5
2141	2
2142	9
2143	9
2144	9
2145	2
2146	9
2147	9
2148	2
2149	9
2150	2
2151	9
2152	5
2153	9
2154	3
2155	3
2156	5
2157	2
2158	2
2161	3
2162	3
2163	9
2164	9
2165	9
2166	3
2167	3
2168	5
2169	3
2170	9
2171	3
2172	3
2173	9
2174	9
2175	9
2176	9
2177	3
2178	3
2179	9
2180	3
2181	3
2182	3
2183	9
2184	9
2185	3
2186	9
2187	3
2188	3
2189	3
2190	3
2191	3
2192	9
2193	3
2194	3
2195	3
2196	3
2197	3
2198	9
2199	3
2200	3
2201	9
2202	9
2203	3
2204	9
2205	3
2206	9
2207	9
2208	4
2209	4
2210	4
2211	4
2212	9
2213	9
2215	9
2216	4
2217	9
2218	9
2219	4
2220	4
2221	4
2222	9
2223	9
2224	4
2225	4
2226	9
2227	4
2228	9
2229	9
2230	9
2231	4
2232	4
2233	4
2234	9
2235	2
2236	9
2237	2
2238	2
2239	9
2240	9
2241	9
2242	9
2243	9
2244	2
2245	2
2246	9
2247	9
2248	2
2249	2
2250	9
2251	2
2252	2
2253	2
2254	9
2255	9
2256	9
2257	3
2258	3
2259	3
2260	3
2261	9
2262	3
2263	9
2264	9
2265	3
2266	3
2267	3
2268	3
2269	9
2270	3
2271	9
2272	9
2273	9
2274	5
2275	9
2276	5
2277	9
2278	9
2279	9
2280	2
2281	9
2282	2
2283	9
2284	2
2285	9
2286	2
2287	5
2288	5
2289	9
2290	9
2291	9
2292	2
2293	2
2294	9
2295	9
2296	2
2297	2
2298	2
2299	2
2300	9
2301	2
2302	5
2303	9
2304	3
2305	9
2306	9
2307	9
2308	9
2309	3
2310	9
2311	3
2312	9
2313	9
2314	3
2315	3
2316	9
2317	9
2318	3
2319	9
2320	9
2321	9
2322	3
2323	9
2324	9
2325	9
2326	3
2327	9
2328	9
2329	3
2330	9
2331	3
2332	3
2333	3
2334	9
2335	3
2336	3
2337	3
2338	3
2339	9
2340	9
2341	3
2342	3
2343	3
2344	3
2345	3
2346	9
2347	9
2348	9
2349	3
2350	3
2351	3
2352	3
2353	6
2354	6
2355	9
2356	9
2357	9
2358	3
2359	3
2360	9
2361	3
2362	9
2363	3
2364	9
2365	9
2366	9
2367	3
2368	3
2369	9
2370	9
2371	4
2372	9
2373	4
2374	9
2375	9
2376	9
2377	4
2378	4
2379	4
2380	9
2381	4
2382	4
2383	4
2384	4
2385	9
2386	9
2387	9
2388	4
2389	4
2390	4
2391	9
2392	9
2393	9
2394	4
2395	9
2396	9
2397	4
2398	9
2399	9
2400	9
2401	9
2402	9
2403	9
2404	9
2405	9
2406	9
2407	9
2408	9
2409	9
2410	2
2411	2
2412	9
2413	9
2414	2
2415	9
2416	9
2417	9
2418	9
2419	2
2420	2
2421	9
2422	2
2423	2
2424	2
2425	9
2426	3
2427	9
2428	9
2429	3
2430	3
2431	3
2432	9
2433	3
2434	9
2435	9
2436	9
2437	9
2438	3
2439	9
2440	9
2441	9
2442	9
2443	9
2444	9
2445	5
2446	5
2447	9
2448	9
2449	9
2450	5
2451	5
2452	9
2453	9
2454	9
2455	5
2456	9
2457	5
2458	5
2459	9
2460	9
2461	2
2462	9
2463	9
2464	2
2465	9
2466	3
2467	9
2468	9
2469	3
2470	3
2471	9
2472	3
2473	3
2474	3
2475	3
2476	9
2477	9
2478	3
2479	3
2480	3
2481	3
2482	9
2483	9
2484	3
2485	9
2486	3
2487	9
2488	3
2489	9
2490	9
2491	9
2492	9
2493	3
2494	3
2495	9
2496	9
2497	9
2498	3
2499	3
2500	3
2501	3
2502	9
2503	3
2504	9
2505	3
2506	9
2507	9
2508	9
2509	9
2510	9
2511	9
2512	9
2513	9
2514	9
2515	4
2516	4
2517	9
2518	9
2520	9
2521	4
2522	9
2523	4
2524	4
2525	4
2526	9
2527	3
2528	3
2529	9
2530	3
2531	9
2532	9
2533	9
2534	9
2535	9
2536	9
2537	4
2538	9
2539	4
2540	9
2541	4
2542	4
2543	9
2544	4
2545	4
2546	9
2547	9
2548	9
2549	9
2550	9
2551	9
2552	9
2553	9
2554	9
2555	9
2556	9
2557	9
2558	9
2559	4
2560	9
2561	9
2562	9
2563	4
2564	9
2565	9
2566	4
2567	9
2568	2
2569	9
2570	9
2571	2
2572	9
2573	2
2574	9
2575	9
2576	2
2577	2
2578	2
2579	2
2580	2
2581	9
2582	9
2583	2
2584	2
2585	9
2586	2
2587	2
2588	9
2589	2
2590	3
2591	3
2592	9
2593	3
2594	3
2595	9
2596	9
2597	9
2598	9
2599	3
2600	3
2601	3
2602	9
2603	3
2604	3
2605	9
2606	3
2607	9
2608	9
2609	5
2610	9
2611	9
2612	9
2613	5
2614	5
2615	5
2616	9
2617	9
2618	9
2619	9
2620	9
2621	9
2622	9
2623	9
2624	9
2625	9
2626	9
2627	9
2628	9
2629	3
2630	9
2631	3
2632	3
2633	9
2634	9
2635	5
2636	3
2637	3
2638	5
2639	5
2640	3
2641	3
2642	3
2643	3
2644	3
2645	3
2646	3
2647	9
2648	3
2649	9
2650	9
2651	9
2652	3
2653	9
2654	9
2655	9
2656	3
2657	3
2658	9
2659	9
2660	9
2661	9
2662	3
2663	3
2664	3
2665	9
2666	3
2667	3
2668	4
2669	9
2670	9
2671	4
2672	9
2673	9
2674	2
2675	2
2676	9
2677	2
2678	9
2679	9
2680	9
2681	2
2682	2
2683	9
2684	3
2685	3
2686	9
2687	3
2688	3
2689	9
2690	9
2691	9
2692	3
2693	3
2694	3
2695	3
2696	9
2697	9
2698	4
2699	4
2700	4
2701	4
2702	9
2703	4
2704	9
2705	9
2706	9
2707	9
2708	2
2710	9
2711	2
2712	9
2713	2
2714	9
2715	2
2716	2
2717	2
2718	9
2719	9
2720	9
2721	2
2722	9
2723	9
2724	9
2725	9
2726	9
2727	2
2728	9
2729	2
2730	9
2731	2
2732	9
2733	9
2734	9
2735	2
2736	9
2737	9
2738	9
2739	2
2740	2
2741	9
2742	3
2743	3
2744	3
2745	3
2746	3
2747	9
2748	3
2749	9
2750	9
2751	3
2752	9
2753	9
2754	9
2755	3
2756	3
2757	3
2758	9
2759	9
2760	3
2761	9
2762	9
2763	5
2764	9
2765	9
2766	9
2767	5
2768	9
2769	9
2770	5
2771	9
2772	9
2773	9
2774	9
2775	9
2776	9
2777	3
2778	9
2779	2
2780	9
2781	9
2782	9
2783	9
2784	2
2785	9
2786	9
2787	2
2788	2
2789	2
2790	9
2791	9
2792	2
2793	9
2794	2
2795	9
2796	3
2797	9
2798	3
2799	9
2800	3
2801	9
2802	9
2803	3
2804	9
2805	3
2806	9
2807	9
2808	3
2809	3
2810	9
2811	9
2812	9
2813	9
2814	3
2815	9
2816	9
2817	3
2818	9
2819	3
2820	9
2821	9
2822	3
2823	9
2824	3
2825	3
2826	3
2827	9
2828	3
2829	9
2830	3
2831	3
2832	3
2833	3
2834	3
2835	2
2836	9
2837	9
2838	9
2839	9
2840	2
2841	9
2842	9
2843	9
2844	2
2845	2
2846	2
2847	9
2848	9
2849	9
2850	9
2851	9
2852	5
2853	9
2854	4
2855	9
2856	4
2857	4
2858	4
2859	9
2860	4
2861	4
2862	4
2863	9
2864	9
2865	9
2866	9
2867	9
2868	9
2869	9
2870	4
2871	9
2872	9
2873	9
2874	2
2875	9
2876	9
2877	9
2878	2
2879	9
2880	2
2881	9
2882	9
2883	2
2884	9
2885	2
2886	9
2887	9
2888	9
2889	9
2890	2
2891	2
2892	2
2893	9
2894	2
2895	2
2896	9
2897	2
2898	2
2899	9
2900	9
2901	2
2902	9
2903	2
2904	2
2905	2
2906	9
2907	9
2908	2
2909	2
2910	2
2911	9
2912	2
2913	9
2914	3
2915	9
2916	9
2917	9
2918	9
2919	9
2920	3
2921	3
2922	3
2923	9
2924	9
2925	5
2926	9
2927	9
2928	3
2929	5
2930	9
2931	3
2932	9
2933	9
2934	5
2935	9
2936	9
2937	3
2938	3
2939	5
2940	5
2941	9
2942	9
2943	9
2944	5
2945	5
2946	9
2947	9
2948	9
2949	9
2950	9
2951	2
2952	9
2953	9
2954	3
2955	9
2956	2
2957	2
2958	5
2959	9
2960	9
2961	9
2962	9
2964	9
2965	9
2966	2
2967	9
2968	3
2969	9
2970	3
2971	3
2972	3
2973	9
2974	3
2975	3
2976	9
2977	9
2978	9
2979	9
2980	9
2981	3
2982	9
2983	9
2984	3
2985	9
2986	9
2987	9
2988	3
2989	3
2990	3
2991	3
2992	3
2993	9
2994	3
2995	3
2996	9
2997	9
2998	5
2999	9
3000	5
3001	5
3002	9
3003	9
3004	9
3005	3
3006	5
3007	4
3008	4
3009	9
3010	9
3011	4
3012	9
3013	9
3014	9
3015	9
3016	4
3017	9
3018	9
3019	4
3020	9
3021	4
3022	4
3023	9
3024	4
3025	4
3026	9
3027	9
3028	4
3029	4
3030	9
3031	9
3032	9
3033	9
3034	9
3035	4
3036	4
3037	9
3038	9
3039	9
3040	4
3041	2
3042	9
3043	9
3044	9
3045	2
3046	2
3047	2
3048	9
3049	9
3050	9
3051	9
3052	9
3053	2
3054	9
3055	2
3056	2
3057	2
3058	2
3059	2
3060	2
3061	2
3062	2
3063	9
3064	2
3065	9
3066	9
3067	2
3068	9
3069	2
3070	2
3071	2
3072	2
3073	9
3074	2
3075	2
3076	2
3077	2
3078	2
3079	2
3080	9
3081	9
3082	3
3083	3
3084	3
3085	3
3086	9
3087	3
3088	9
3089	9
3090	9
3091	9
3092	9
3093	3
3094	3
3095	3
3096	3
3097	9
3098	3
3099	3
3100	9
3101	9
3102	9
3103	9
3104	3
3105	9
3106	9
3107	9
3108	2
3109	5
3110	9
3111	5
3112	9
3113	3
3114	9
3115	9
3116	9
3117	9
3118	2
3119	9
3120	9
3121	9
3122	9
3123	2
3124	9
3125	9
3126	9
3127	3
3128	4
3129	9
3130	3
3131	9
3132	9
3133	9
3135	2
3136	3
3137	3
3138	3
3139	9
3140	9
3141	9
3142	9
3143	3
3144	5
3145	5
3146	9
3147	5
3148	9
3149	9
3150	3
3151	9
3152	9
3153	3
3154	3
3155	9
3156	9
3157	3
3158	9
3159	9
3160	9
3161	3
3162	3
3163	5
3164	3
3165	9
3166	3
3167	3
3168	9
3169	9
3170	2
3171	2
3172	4
3173	9
3174	4
3175	4
3176	4
3177	9
3178	9
3179	9
3180	9
3181	9
3184	9
3185	9
3186	9
3187	9
3188	9
3189	4
3190	9
3191	4
3192	4
3193	4
3194	9
3195	9
3196	9
3197	9
3198	4
3199	9
3200	4
3201	9
3202	9
3203	2
3204	9
3205	9
3206	9
3212	2
3213	2
3214	4
3215	4
3216	9
3217	4
3218	4
3219	4
3220	4
3221	4
3222	2
3223	2
3224	2
3225	9
3226	2
3227	2
3228	9
3229	9
3230	2
3231	9
3232	9
3233	2
3234	2
3235	2
3236	2
3237	9
3238	2
3239	9
3240	9
3241	9
3242	3
3243	3
3244	3
3245	9
3246	3
3247	3
3248	3
3249	9
3250	9
3251	9
3252	9
3253	9
3254	9
3255	9
3256	9
3257	3
3258	9
3259	9
3260	3
3261	3
3262	9
3263	5
3264	5
3265	5
3266	9
3267	5
3268	5
3269	9
3270	5
3271	5
3272	5
3273	9
3274	2
3275	9
3276	9
3277	9
3278	9
3279	9
3280	9
3281	9
3282	3
3284	3
3285	9
3286	9
3287	3
3288	3
3289	3
3292	4
3293	9
3294	9
3295	3
3296	5
3297	9
3298	5
3299	5
3300	9
3301	3
3302	3
3303	9
3304	3
3305	3
3306	9
3307	9
3308	9
3309	9
3310	9
3311	9
3312	9
3313	3
3314	9
3315	3
3316	9
3317	3
3318	9
3319	9
3320	3
3321	3
3322	2
3323	9
3324	2
3325	2
3326	2
3327	2
3328	2
3329	9
3330	9
3331	9
3332	9
3333	2
3334	9
3335	9
3336	2
3337	9
3338	9
3339	9
3340	9
3341	3
3342	9
3343	9
3344	9
3345	4
3346	4
3347	9
3348	9
3350	4
3351	4
3352	9
3353	9
3355	4
3356	9
3357	9
3358	4
3359	9
3360	9
3361	9
3362	4
3363	4
3364	9
3365	9
3366	9
3367	9
3368	9
3369	2
3370	9
3371	9
3372	9
3373	9
3374	2
3375	9
3376	2
3377	9
3378	2
3379	2
3380	2
3381	2
3382	9
3383	9
3384	9
3385	2
3386	2
3387	9
3388	9
3389	9
3390	2
3391	2
3392	9
3393	2
3394	9
3395	2
3396	2
3397	9
3398	2
3399	9
3400	3
3401	9
3402	3
3403	9
3404	9
3405	3
3406	3
3407	9
3408	9
3409	9
3410	3
3411	9
3412	9
3413	9
3414	9
3415	3
3416	3
3417	5
3418	5
3419	9
3420	5
3421	5
3422	9
3423	5
3424	9
3425	9
3426	9
3427	5
3428	5
3429	9
3430	8
3431	9
3432	2
3433	2
3434	9
3435	9
3436	2
3437	9
3438	2
3439	9
3440	3
3441	9
3442	2
3443	9
3444	4
3445	2
3446	9
3447	3
3448	4
3449	9
3450	3
3451	5
3452	9
3453	5
3454	9
3455	5
3456	9
3457	9
3458	9
3459	5
3460	3
3461	3
3462	9
3463	9
3464	9
3465	3
3466	3
3467	9
3468	3
3469	9
3470	3
3471	3
3472	3
3473	9
3474	3
3475	3
3476	3
3477	9
3478	9
3479	9
3480	3
3481	3
3482	6
3483	3
3484	9
3485	3
3486	9
3487	6
3488	6
3489	3
3490	9
3491	3
3492	9
3493	3
3494	9
3495	9
3496	9
3497	9
3498	3
3499	3
3500	9
3501	3
3502	3
3503	3
3504	4
3505	4
3506	4
3507	9
3508	9
3509	9
3510	9
3513	4
3514	4
3515	4
3516	9
3517	9
3518	4
3519	4
3520	4
3521	9
3522	4
3523	9
3524	2
3525	4
3526	4
3527	9
3528	9
3529	4
3530	4
3531	9
3533	9
3534	9
3535	9
3536	4
3537	4
3538	9
3539	4
3540	9
3541	9
3542	4
3543	9
3544	4
3545	9
3546	2
3547	2
3548	9
3549	2
3550	9
3551	9
3552	9
3553	9
3554	2
3555	2
3556	2
3557	9
3558	9
3559	9
3560	2
3561	2
3562	9
3563	9
3564	2
3565	9
3566	9
3567	2
3568	9
3569	4
3570	9
3571	9
3572	3
3573	3
3574	9
3575	9
3576	4
3577	4
3578	3
3579	9
3580	3
3581	9
3582	9
3583	3
3584	9
3585	3
3586	9
3587	5
3588	9
3589	5
3590	9
3591	5
3592	9
3593	5
3594	2
3595	9
3596	2
3597	2
3598	9
3599	9
3600	9
3601	2
3602	2
3603	3
3604	9
3605	3
3606	9
3607	3
3608	9
3609	3
3610	3
3611	3
3612	3
3614	3
3615	9
3616	5
3617	9
3618	5
3619	9
3620	5
3621	9
3622	9
3623	3
3624	9
3625	9
3626	3
3627	9
3628	9
3629	3
3630	9
3631	3
3632	3
3633	9
3634	9
3635	3
3636	9
3637	3
3638	9
3639	9
3640	3
3641	9
3642	9
3643	9
3644	3
3645	3
3646	3
3647	9
3648	9
3649	3
3650	9
3651	3
3652	3
3653	9
3654	9
3655	3
3656	9
3657	9
3658	3
3659	9
3660	9
3661	9
3662	9
3663	9
3664	9
3665	3
3666	9
3667	5
3668	4
3669	9
3670	9
3671	4
3672	4
3673	9
3674	4
3675	9
3676	4
3677	4
3678	9
3679	9
3680	4
3681	4
3682	9
3684	9
3685	9
3686	4
3687	9
3688	4
3689	9
3690	4
3691	4
3692	4
3693	9
3694	9
3695	9
3696	4
3697	9
3698	4
3699	9
3700	4
3701	9
3702	9
3703	9
3704	4
3705	4
3706	9
3707	4
3708	9
3709	4
3710	9
3711	2
3712	9
3713	2
3715	9
3717	9
3718	9
3719	2
3720	2
3721	2
3722	9
3723	9
3724	2
3725	9
3726	4
3727	4
3728	9
3729	3
3730	9
3731	9
3732	9
3733	3
3734	3
3735	9
3736	9
3737	9
3738	3
3739	9
3740	9
3741	3
3742	9
3743	9
3744	9
3745	5
3746	9
3747	5
3748	9
3749	9
3750	5
3751	9
3752	5
3753	9
3754	5
3755	5
3756	9
3757	2
3758	9
3759	9
3760	2
3761	9
3762	2
3763	9
3764	2
3768	9
3769	3
3770	2
3771	5
3772	5
3773	5
3774	9
3775	5
3776	9
3777	9
3778	3
3779	3
3780	9
3781	6
3782	3
3783	3
3784	3
3785	3
3786	9
3787	3
3788	6
3789	9
3790	9
3791	9
3792	9
3793	9
3794	9
3795	9
3796	9
3797	9
3798	9
3799	9
3800	9
3801	9
3802	9
3803	9
3804	9
3805	9
3806	9
3807	9
3808	9
3809	9
3810	9
3811	9
3812	9
3813	9
3814	9
3815	9
3816	9
3817	9
3818	9
3819	9
3820	9
3821	9
3822	9
3823	9
3824	9
3825	9
3826	9
3827	9
3828	9
3829	9
3830	9
3831	9
3832	9
3833	9
3834	9
3835	9
3836	9
3837	9
3838	9
3839	9
3840	9
3841	9
3842	9
3843	9
3844	9
3845	9
3846	9
3847	9
3848	9
3849	9
3850	9
3851	9
3852	9
3853	9
3854	9
3855	9
3856	9
3857	9
3858	9
3859	9
3860	9
3861	9
3862	9
3863	9
3864	9
3865	9
3866	9
3867	9
3868	9
3869	9
3870	9
3871	9
3872	9
3873	9
3874	9
3875	9
3876	9
3877	9
3878	9
3879	9
3880	9
3883	9
3884	9
3885	9
3886	9
3887	9
3888	9
3889	9
3890	9
3892	9
3893	9
3894	9
3897	9
3898	9
3899	9
3900	9
3901	9
3902	9
3903	9
3904	9
3905	9
3906	9
3907	9
3908	9
3909	9
3910	9
3911	9
3912	9
3913	9
3914	9
3915	9
3916	9
3917	9
3918	9
3919	9
3920	9
3921	9
3922	9
3923	9
3924	9
3925	9
3926	9
3927	9
3928	9
3929	9
3930	9
3931	9
3932	9
3933	9
3934	9
3935	9
3936	9
3937	9
3938	9
3939	9
3940	9
3941	9
3942	9
3943	9
3944	9
3945	9
3946	9
3947	9
3948	9
3949	9
3950	9
3951	9
3952	9
3953	9
3954	9
3955	9
3956	9
3957	9
3958	9
3959	9
3960	9
3961	9
3962	9
3963	9
3964	9
3965	9
3966	9
3967	9
3968	9
3969	9
3970	9
3971	9
3972	9
3973	9
3974	9
3975	9
3976	9
3977	9
3978	9
3979	9
3980	9
3981	9
3982	9
3983	9
3985	9
3986	9
3987	8
3988	8
3989	9
3990	8
3991	8
3992	9
3993	8
3994	8
3995	8
3996	9
3997	8
3998	8
3999	8
4000	8
4001	8
4002	9
4003	8
4004	9
4005	8
4006	8
4007	9
4008	9
4009	8
4010	9
4011	8
4012	8
4013	8
4014	8
4015	8
4016	8
4017	8
4018	9
4019	8
4020	9
4021	9
4022	9
4023	9
4024	9
4025	8
4026	8
4027	3
4028	8
4029	9
4030	9
4031	8
4032	8
4033	8
4034	9
4035	9
4036	8
4037	9
4038	8
4039	8
4040	9
4041	8
4042	9
4043	8
4044	9
4045	8
4046	9
4047	8
4048	9
4049	0
4050	9
4051	0
4052	0
4053	0
4054	9
4055	0
4056	0
4057	0
4058	0
4059	0
4060	9
4061	9
4062	0
4063	0
4064	0
4065	9
4066	9
4067	9
4068	9
4069	9
4070	9
4071	0
4072	0
4073	9
4074	9
4075	0
4076	0
4077	9
4078	9
4079	9
4080	8
4081	8
4082	8
4083	8
4084	9
4085	9
4086	9
4087	8
4088	8
4089	8
4090	8
4091	9
4092	8
4093	9
4094	9
4095	8
4096	8
4097	8
4098	8
4099	9
4100	8
4101	8
4102	9
4103	9
4104	8
4105	9
4106	9
4107	8
4108	8
4109	8
4110	9
4111	9
4112	9
4113	8
4114	8
4115	8
4116	8
4117	9
4118	9
4119	9
4120	9
4121	8
4122	9
4123	9
4124	9
4125	8
4126	8
4127	9
4128	8
4129	9
4130	9
4131	8
4132	9
4133	9
4134	8
4135	9
4136	9
4137	8
4138	9
4139	9
4140	9
4141	9
4142	9
4143	9
4144	9
4145	9
4146	9
4147	9
4148	8
4149	9
4150	8
4151	8
4152	9
4153	8
4154	8
4155	8
4156	9
4157	8
4158	9
4159	8
4160	9
4161	9
4162	1
4163	9
4164	9
4165	9
4166	9
4167	9
4168	1
4169	9
4170	9
4171	1
4172	1
4173	9
4174	1
4175	9
4176	8
4177	1
4178	1
4179	1
4180	9
4181	1
4182	1
4183	8
4184	8
4185	9
4186	9
4187	9
4188	9
4189	1
4190	1
4191	9
4192	8
4193	9
4194	9
4195	9
4196	8
4197	8
4198	8
4199	1
4200	9
4201	9
4202	9
4203	9
4204	8
4205	9
4206	9
4207	8
4208	9
4209	9
4210	8
4211	9
4212	8
4213	8
4214	9
4215	9
4216	9
4217	9
4218	9
4219	8
4220	8
4221	9
4222	9
4223	9
4224	9
4225	8
4226	9
4227	9
4228	9
4229	9
4230	9
4231	9
4232	9
4233	9
4234	9
4235	9
4236	9
4237	9
4238	9
4239	9
4240	9
4241	9
4242	9
4243	9
4244	9
4245	9
4246	9
4247	9
4248	9
4249	9
4250	9
4251	9
4252	9
4253	8
4254	8
4255	9
4256	9
4257	9
4258	9
4259	9
4260	9
4261	9
4262	8
4263	9
4264	9
4265	8
4266	8
4267	9
4268	8
4269	9
4270	9
4271	8
4272	9
4273	9
4274	9
4275	9
4276	8
4277	8
4278	8
4279	9
4280	9
4281	9
4282	9
4283	1
4284	1
4285	8
4286	9
4287	9
4288	9
4289	9
4290	9
4291	1
4292	8
4293	9
4294	9
4295	9
4296	9
4297	9
4298	9
4299	9
4300	9
4301	9
4302	9
4303	9
4304	9
4305	9
4306	9
4307	9
4308	8
4309	8
4310	8
4311	9
4312	8
4313	9
4314	9
4315	8
4316	9
4317	8
4318	9
4319	9
4320	8
4321	9
4322	8
4323	8
4324	9
4325	8
4326	9
4327	9
4328	8
4329	9
4330	9
4331	9
4332	9
4333	9
4334	9
4335	9
4336	9
4337	9
4338	9
4339	9
4340	9
4341	8
4342	9
4343	9
4344	1
4345	1
4346	8
4347	8
4348	8
4349	9
4350	9
4351	9
4352	8
4353	8
4354	9
4355	9
4356	9
4357	9
4358	8
4359	9
4360	9
4361	8
4362	9
4363	9
4364	8
4365	1
4366	9
4367	9
4368	8
4369	9
4370	8
4371	9
4372	8
4373	9
4374	9
4375	8
4376	9
4377	8
4378	8
4379	9
4380	9
4381	9
4382	8
4383	9
4384	9
4385	9
4386	8
4387	8
4388	8
4389	8
4390	8
4391	9
4392	9
4393	9
4394	8
4395	9
4396	9
4397	9
4398	8
4399	8
4400	9
4401	8
4402	9
4403	1
4404	8
4405	9
4406	9
4407	9
4408	8
4409	8
4410	9
4411	8
4412	9
4413	8
4414	9
4415	8
4416	8
4417	9
4418	9
4419	8
4420	8
4421	9
4422	9
4423	9
4424	9
4425	9
4426	9
4427	9
4428	9
4429	9
4430	8
4431	9
4432	8
4433	9
4434	9
4435	9
4436	9
4437	9
4438	9
4439	9
4440	9
4441	9
4442	8
4443	1
4444	8
4445	8
4446	9
4447	9
4448	8
4449	9
4450	9
4451	9
4452	9
4453	8
4454	8
4455	9
4456	9
4457	9
4458	1
4459	8
4460	8
4461	9
4462	8
4463	9
4464	9
4465	9
4466	8
4467	9
4468	8
4469	1
4470	9
4471	9
4472	8
4473	9
4474	9
4475	9
4476	9
4477	8
4478	8
4479	8
4480	8
4481	8
4482	9
4483	8
4484	8
4485	9
4486	8
4487	8
4488	8
4489	8
4490	9
4496	9
4497	9
4498	9
4499	9
4500	9
4501	9
4502	9
4503	9
4504	9
4510	9
4511	9
4512	8
4513	9
4514	8
4515	9
4516	9
4517	9
4518	9
4519	9
4520	9
4521	9
4522	9
4523	9
4524	9
4525	9
4526	9
4527	7
4528	9
4529	7
4530	9
4531	7
4532	7
4533	9
4534	9
4535	7
4536	9
4537	7
4538	7
4539	7
4540	7
4541	9
4542	7
4543	9
4544	7
4545	7
4546	7
4547	9
4548	7
4549	7
4550	9
4551	9
4552	9
4553	7
4554	8
4555	9
4556	8
4557	9
4558	9
4559	9
4560	9
4561	9
4562	9
4563	9
4564	9
4565	9
4566	9
4567	9
4568	9
4569	9
4570	9
4571	9
4572	9
4573	9
4574	9
4575	9
4576	9
4577	8
4578	8
4579	8
4580	9
4581	9
4582	9
4583	9
4584	9
4585	9
4586	9
4587	9
4588	3
4589	3
4590	3
4591	3
4592	9
4596	9
4597	9
4599	9
4600	9
4601	9
4602	9
4603	9
4607	9
4608	3
4609	3
4610	3
4611	9
4612	6
4613	9
4614	9
4615	9
4616	9
4617	9
4618	9
4619	9
4620	9
4621	9
4622	9
4623	9
4624	8
4625	8
4626	9
4627	3
4628	9
4629	9
4630	9
4631	9
4632	9
4633	8
4634	6
4635	6
4636	6
4637	9
4638	9
4639	9
4640	9
4641	9
4642	9
4643	3
4644	3
4645	9
4646	3
4647	6
4648	9
4649	9
4650	9
4651	9
4652	3
4653	9
4654	9
4655	9
4656	9
4657	3
4658	9
4659	9
4660	9
4661	9
4662	9
4663	9
4664	9
4665	9
4666	9
4667	9
4668	9
4669	9
4670	9
4671	8
4672	8
4673	8
4674	8
4675	9
4676	8
4677	8
4678	9
4679	3
4680	9
4681	3
4682	3
4683	9
4684	9
4685	9
4686	9
4687	9
4688	9
4689	9
4690	9
4691	9
4692	9
4693	9
4694	9
4695	8
4696	8
4697	8
4698	3
4699	3
4700	9
4701	3
4702	3
4703	9
4704	9
4705	9
4706	9
4707	9
4708	6
4709	9
4710	8
4711	9
4712	9
4713	9
4714	9
4715	9
4716	9
4717	8
4718	8
4719	9
4720	3
4721	9
4722	6
4723	3
4724	9
4725	6
4726	6
4727	6
4728	6
4729	9
4730	9
4731	3
4732	3
4733	3
4734	9
4735	9
4736	9
4737	9
4738	9
4739	9
4740	8
4741	8
4742	9
4743	9
4744	8
4745	8
4746	8
4747	9
4748	9
4749	9
4750	9
4751	6
4752	9
4753	6
4754	9
4755	9
4756	9
4757	6
4758	9
4759	9
4760	9
4761	9
4762	9
4763	9
4764	9
4765	9
4766	9
4767	9
4768	3
4769	3
4770	9
4771	9
4772	6
4773	6
4774	6
4775	6
4776	6
4777	6
4778	9
4779	6
4780	6
4781	9
4782	9
4783	9
4784	9
4785	9
4786	6
4787	9
4788	9
4789	9
4790	6
4791	6
4792	9
4793	9
4794	6
4795	6
4796	6
4797	3
4798	9
4799	9
4800	6
4801	9
4802	9
4803	3
4804	9
4805	9
4806	3
4807	3
4808	9
4809	9
4810	3
4811	3
4812	9
4813	9
4815	9
4816	9
4817	9
4818	9
4819	9
4820	9
4821	9
4822	9
4823	9
4826	6
4827	9
4828	9
4829	9
4830	6
4831	6
4832	9
4833	6
4834	6
4835	9
4836	6
4837	9
4838	9
4839	9
4840	6
4841	9
4842	9
4843	6
4844	9
4845	9
4846	9
4847	3
4848	9
4849	3
4850	3
4851	9
4852	9
4853	9
4854	6
4855	9
4856	6
4857	6
4858	9
4859	6
4860	9
4861	6
4862	3
4863	9
4864	6
4865	6
4866	9
4867	9
4868	9
4869	8
4870	9
4871	9
4872	9
4873	9
4874	3
4875	8
4876	9
4877	9
4878	9
4879	6
4880	6
4881	6
4882	6
4883	9
4884	9
4885	9
4886	9
4887	9
4888	9
4889	9
4890	9
4891	6
4892	3
4893	3
4894	3
4895	3
4896	3
4897	9
4898	8
4899	9
4900	8
4901	9
4902	9
4903	9
4904	8
4905	9
4906	9
4907	9
4908	8
4909	9
4910	9
4911	8
4912	9
4913	8
4914	9
4915	8
4916	8
4917	9
4918	8
4919	9
4920	9
4921	8
4922	8
4923	9
4924	8
4925	9
4926	8
4927	9
4928	8
4929	9
4930	9
4931	9
4932	8
4933	9
4934	9
4935	9
4936	9
4937	8
4938	9
4939	9
4940	9
4941	9
4942	8
4943	6
4944	9
4945	6
4946	9
4947	9
4948	9
4949	9
4950	9
4951	9
4953	9
4954	9
4955	9
4956	9
4958	9
4959	9
4961	9
4966	9
4968	9
4969	9
4970	9
4971	9
4972	9
4973	8
4974	9
4975	8
4976	9
4977	8
4978	9
4979	9
4980	9
4981	8
4982	8
4983	8
4984	8
4985	8
4986	8
4987	9
4988	9
4989	9
4990	9
4991	9
4992	9
4993	9
4994	9
4995	8
4996	8
4997	8
4998	8
4999	9
5000	9
5001	9
5002	9
5003	8
5004	8
5005	8
5006	8
5007	9
5008	9
5009	8
5010	9
5011	8
5012	9
5013	9
5014	8
5015	9
5016	9
5017	8
5018	9
5019	9
5020	9
5021	9
5022	9
5023	8
5024	8
5025	9
5026	9
5027	9
5028	8
5029	9
5030	9
5031	8
5032	8
5033	9
5034	9
5035	9
5036	9
5037	9
5038	9
5039	9
5040	9
5041	9
5042	9
5043	9
5044	9
5045	9
5046	9
5047	9
5048	9
5049	9
5050	9
5051	9
5052	9
5053	9
5054	8
5055	9
5058	9
5059	8
5063	9
5066	8
5067	8
5068	8
5069	9
5070	9
5071	9
5072	9
5073	8
5074	8
5075	9
5076	8
5077	9
5078	9
5079	8
5080	9
5081	8
5082	9
5083	9
5084	9
5085	8
5086	8
5087	9
5088	9
5089	8
5090	9
5091	8
5092	9
5093	9
5094	9
5095	9
5096	0
5097	9
5098	9
5099	9
5100	9
5101	9
5102	9
5103	9
5104	9
5105	9
5106	9
5107	9
5108	9
5109	9
5110	9
5111	9
5112	9
5113	9
5114	9
5115	9
5116	9
5117	8
5118	8
5119	8
5120	8
5121	8
5122	9
5123	8
5124	9
5125	9
5126	2
5127	2
5128	9
5129	9
5130	2
5131	2
5132	8
5133	2
5134	8
5135	8
5136	8
5137	8
5138	9
5139	9
5140	8
5141	8
5142	8
5143	8
5144	2
5145	8
5146	2
5147	9
5148	9
5149	9
5150	9
5151	9
5152	9
5153	9
5154	9
5155	9
5156	9
5157	9
5158	9
5159	8
5160	9
5161	9
5162	2
5163	8
5164	2
5165	9
5166	9
5167	9
5168	8
5169	9
5170	9
5171	9
5172	8
5173	9
5174	8
5175	9
5176	8
5177	9
5178	9
5179	8
5180	9
5181	8
5182	9
5183	9
5184	9
5185	9
5186	8
5187	8
5188	9
5189	8
5190	9
5191	8
5192	9
5193	9
5194	9
5195	9
5196	9
5197	9
5198	9
5199	9
5200	9
5201	9
5202	9
5203	9
5204	9
5205	8
5206	9
5207	8
5208	9
5209	2
5210	2
5211	9
5212	8
5213	9
5214	9
5215	9
5216	9
5217	9
5218	2
5219	8
5220	8
5221	8
5222	8
5223	9
5224	9
5225	8
5226	9
5227	8
5228	8
5229	8
5230	2
5231	8
5232	8
5233	9
5234	9
5235	9
5236	8
5237	2
5238	9
5239	9
5240	3
5241	9
5242	9
5243	9
5244	9
5245	9
5246	8
5247	8
5248	9
5249	8
5250	9
5251	8
5252	9
5253	9
5254	8
5255	9
5256	8
5257	8
5258	2
5259	8
5260	8
5261	8
5262	8
5263	9
5264	8
5265	9
5266	8
5267	3
5268	2
5269	2
5270	2
5271	9
5272	8
5273	9
5274	9
5275	9
5276	8
5277	8
5278	8
5279	9
5280	9
5281	9
5282	9
5283	9
5284	9
5285	9
5286	9
5287	8
5288	9
5289	9
5290	8
5291	2
5292	8
5293	2
5294	9
5295	2
5296	9
5297	9
5298	9
5299	3
5300	9
5301	9
5302	9
5303	8
5304	9
5305	9
5306	8
5307	8
5308	9
5309	8
5310	8
5311	2
5312	9
5313	2
5314	9
5315	9
5316	9
5317	9
5318	8
5319	8
5320	9
5321	9
5322	9
5324	9
5325	9
5326	8
5327	2
5328	9
5329	9
5330	8
5331	9
5332	8
5333	8
5334	9
5335	2
5336	2
5337	9
5338	2
5339	2
5340	9
5341	9
5342	3
5343	9
5344	8
5345	9
5346	2
5347	9
5348	9
5349	9
5350	9
5351	9
5352	8
5353	9
5354	8
5355	8
5356	9
5357	9
5358	9
5359	9
5360	9
5361	9
5362	9
5363	8
5364	9
5365	8
5366	9
5367	2
5368	9
5369	9
5370	9
5371	2
5372	9
5373	8
5374	9
5375	2
5376	8
5377	9
5378	8
5379	9
5380	8
5381	9
5382	9
5383	9
5384	8
5385	8
5386	9
5387	2
5388	9
5389	2
5390	9
5391	2
5392	2
5393	2
5394	2
5395	9
5396	2
5397	9
5398	9
5399	9
5400	8
5401	9
5402	8
5403	2
5404	2
5405	9
5406	9
5407	9
5408	2
5409	9
5410	9
5411	9
5412	9
5413	9
5414	2
5415	9
5416	9
5417	2
5418	9
5419	2
5420	8
5421	8
5422	8
5423	9
5424	8
5425	2
5426	8
5427	9
5428	9
5429	2
5430	9
5431	9
5432	9
5433	9
5434	8
5435	9
5436	2
5437	2
5438	2
5439	2
5440	9
5441	9
5442	8
5443	9
5444	9
5445	9
5446	2
5447	9
5448	2
5449	9
5450	9
5451	9
5452	2
5453	9
5454	9
5455	2
5456	9
5457	2
5458	9
5459	3
5460	9
5461	8
5462	8
5463	2
5464	9
5465	8
5466	9
5467	9
5468	2
5469	3
5470	9
5471	2
5472	9
5473	8
5474	2
5475	8
5476	9
5477	9
5478	8
5479	8
5480	9
5481	9
5482	9
5483	9
5484	8
5485	9
5486	9
5487	9
5488	2
5489	9
5490	9
5491	9
5492	8
5493	9
5494	8
5495	9
5496	8
5497	9
5498	9
5499	9
5500	8
5501	8
5502	9
5503	2
5504	2
5505	9
5506	2
5507	9
5508	2
5509	8
5510	9
5511	9
5512	8
5513	8
5514	8
5515	9
5516	2
5517	9
5518	9
5519	3
5520	9
5521	9
5522	9
5523	9
5524	8
5525	9
5526	2
5527	8
5528	8
5529	9
5530	8
5531	8
5532	9
5533	9
5534	9
5535	3
5536	3
5537	3
5538	9
5539	9
5540	9
5541	9
5542	2
5543	9
5544	9
5545	8
5546	2
5547	2
5548	9
5549	3
5550	3
5551	9
5552	9
5553	9
5554	9
5555	9
5556	8
5557	9
5558	8
5559	9
5560	9
5561	8
5562	9
5563	9
5564	8
5565	9
5566	9
5567	9
5568	9
5569	9
5570	9
5571	8
5572	2
5573	9
5574	9
5575	9
5576	9
5577	8
5578	9
5579	8
5580	2
5581	2
5582	9
5583	2
5584	2
5585	9
5586	9
5587	9
5588	8
5589	8
5590	8
5591	8
5592	9
5593	8
5594	9
5595	9
5596	9
5597	2
5598	9
5599	9
5600	2
5601	8
5602	9
5603	8
5604	8
5605	9
5606	8
5607	9
5608	9
5609	9
5610	8
5611	9
5612	9
5613	8
5614	9
5615	9
5616	8
5617	9
5618	9
5619	2
5620	9
5621	9
5622	9
5623	8
5624	8
5625	9
5626	8
5627	9
5628	9
5629	9
5630	8
5631	2
5632	8
5633	9
5634	9
5635	2
5636	9
5637	2
5638	2
5639	2
5640	9
5641	8
5642	8
5643	8
5644	9
5645	9
5646	9
5647	9
5648	8
5649	9
5650	8
5651	9
5652	9
5653	2
5654	9
5655	2
5656	9
5657	9
5658	8
5659	2
5660	2
5661	9
5662	9
5663	2
5664	9
5665	2
5666	2
5667	9
5668	8
5669	2
5670	9
5671	9
5672	9
5673	9
5674	2
5675	9
5676	9
5677	9
5678	9
5679	2
5680	9
5681	8
5682	9
5683	9
5684	9
5685	9
5686	9
5687	9
5688	9
5689	8
5690	9
5691	9
5692	9
5693	8
5694	8
5695	9
5696	9
5697	8
5698	9
5699	9
5700	2
5701	2
5702	2
5703	9
5704	9
5705	9
5706	8
5707	9
5708	2
5709	9
5710	9
5711	9
5712	9
5713	9
5714	8
5715	9
5716	9
5717	9
5718	8
5719	8
5720	9
5721	9
5722	8
5723	9
5725	2
5726	3
5727	2
5728	9
5729	8
5730	9
5731	8
5732	2
5733	8
5734	2
5735	8
5736	9
5737	8
5738	9
5739	9
5740	8
5741	9
5742	9
5743	8
5744	8
5745	9
5746	9
5747	9
5748	8
5749	2
5750	9
5751	9
5752	9
5753	9
5754	9
5755	2
5756	3
5757	9
5758	9
5759	8
5766	9
5767	9
5768	9
5769	9
5770	9
5771	3
5772	9
5773	9
5774	9
5775	9
5776	8
5777	8
5778	9
5779	2
5780	8
5781	8
5782	9
5783	9
5784	9
5785	9
5786	8
5787	9
5788	9
5789	9
5790	9
5791	9
5792	9
5793	8
5794	8
5795	8
5796	8
5797	9
5798	9
5799	8
5800	9
5801	9
5802	9
5803	9
5804	2
5805	8
5806	3
5807	8
5810	8
5811	8
5812	2
5813	8
5814	9
5815	9
5816	9
5817	9
5818	9
5819	9
5820	8
5821	8
5822	9
5823	9
5824	2
5825	9
5826	9
5827	9
5828	3
5829	8
5830	9
5831	9
5832	9
5833	9
5834	9
5835	8
5836	9
5837	9
5838	8
5839	9
5840	9
5841	8
5842	9
5843	8
5844	8
5845	8
5846	9
5847	8
5848	8
5849	8
5850	8
5851	2
5852	9
5853	8
5854	9
5855	9
5856	9
5857	9
5858	8
5859	9
5860	9
5861	9
5862	8
5863	9
5864	8
5865	9
5866	8
5867	9
5868	9
5869	9
5870	9
5871	8
5872	9
5873	2
5874	2
5875	8
5876	9
5877	8
5878	8
5879	9
5880	9
5881	8
5882	9
5883	8
5884	9
5885	8
5886	9
5887	8
5888	8
5889	9
5890	9
5891	7
5892	8
5893	9
5894	9
5895	7
5896	7
5897	9
5898	9
5899	8
5900	9
5901	8
5902	9
5903	7
5904	8
5905	8
5906	9
5907	8
5908	8
5909	9
5910	8
5911	8
5912	8
5913	8
5914	9
5915	9
5916	8
5917	9
5918	7
5919	7
5920	9
5921	7
5922	9
5923	8
5924	9
5925	9
5926	8
5927	8
5928	8
5929	9
5930	9
5931	8
5932	8
5933	8
5934	9
5935	9
5936	9
5937	8
5938	9
5939	8
5940	8
5941	8
5942	8
5943	9
5944	8
5945	8
5946	8
5947	9
5948	9
5949	8
5950	9
5951	8
5952	9
5953	9
5954	9
5955	9
5956	9
5957	9
5958	8
5959	8
5960	9
5961	8
5962	9
5963	9
5964	9
5965	9
5966	9
5967	9
5968	8
5969	9
5970	8
5971	8
5972	9
5973	9
5974	8
5975	9
5976	9
5977	9
5978	8
5979	9
5980	9
5981	9
5982	9
5983	8
5984	9
5985	8
5986	9
5987	9
5988	8
5989	8
5990	9
5991	8
5992	9
5993	8
5994	9
5995	8
5996	9
5997	9
5998	8
5999	9
6000	9
6001	9
6002	9
6003	8
6004	9
6005	9
6006	9
6007	9
6008	9
6009	9
6010	8
6011	8
6012	8
6013	9
6014	8
6015	9
6016	8
6017	8
6018	8
6019	9
6020	9
6021	9
6022	9
6023	9
6024	9
6025	8
6026	8
6027	8
6028	8
6029	9
6030	9
6031	9
6032	9
6033	9
6034	8
6035	9
6036	9
6037	8
6038	8
6039	9
6040	8
6041	8
6042	8
6043	9
6044	9
6045	9
6046	9
6047	7
6048	7
6049	9
6050	8
6051	9
6052	8
6053	9
6054	9
6055	8
6056	9
6057	9
6058	8
6059	8
6060	9
6061	9
6062	9
6063	8
6064	8
6065	8
6066	9
6067	8
6068	9
6069	9
6070	8
6071	9
6072	9
6073	9
6074	9
6075	9
6076	9
6077	9
6078	8
6079	8
6080	9
6081	9
6082	8
6083	8
6084	9
6085	8
6086	8
6087	9
6088	8
6089	8
6090	8
6091	9
6092	8
6093	9
6094	9
6095	9
6096	8
6097	8
6098	9
6099	9
6100	9
6101	9
6102	9
6103	9
6104	9
6105	8
6106	9
6107	8
6108	9
6109	8
6110	9
6111	9
6112	9
6113	9
6114	9
6115	9
6116	9
6117	9
6118	9
6119	8
6120	8
6121	8
6122	8
6123	8
6124	9
6125	9
6126	8
6127	8
6128	8
6129	8
6130	9
6131	9
6132	9
6133	9
6134	8
6135	8
6136	9
6137	8
6138	8
6139	8
6140	9
6141	9
6142	9
6143	8
6144	9
6145	9
6146	8
6147	8
6148	8
6149	8
6150	9
6151	9
6152	8
6153	9
6154	9
6155	9
6156	9
6157	9
6158	9
6159	9
6160	9
6161	9
6162	8
6163	8
6164	9
6165	8
6166	9
6167	8
6168	9
6169	9
6170	9
6171	9
6172	8
6173	8
6174	8
6175	9
6176	9
6177	9
6178	9
6179	8
6180	8
6181	8
6182	8
6183	9
6184	7
6185	9
6186	7
6187	9
6188	7
6189	7
6190	7
6191	7
6192	7
6193	9
6194	7
6195	9
6196	8
6197	8
6198	9
6199	9
6200	8
6201	9
6202	9
6203	7
6204	9
6205	7
6206	9
6207	9
6208	9
6209	9
6210	9
6211	9
6212	9
6213	9
6214	7
6215	7
6216	7
6217	7
6218	7
6219	7
6220	7
6221	9
6222	9
6223	9
6224	9
6225	7
6226	7
6227	7
6228	7
6229	7
6230	7
6231	7
6232	9
6233	9
6234	7
6235	7
6236	9
6237	9
6238	9
6239	9
6240	9
6241	8
6242	8
6243	8
6244	8
6245	8
6246	9
6247	8
6248	8
6249	8
6250	9
6251	8
6252	9
6253	8
6254	8
6255	8
6256	8
6257	8
6258	9
6259	8
6260	9
6261	8
6262	8
6263	9
6264	9
6265	8
6266	9
6267	9
6268	9
6269	9
6270	8
6271	9
6272	9
6273	9
6274	9
6275	8
6276	8
6277	9
6278	9
6279	8
6280	9
6281	9
6282	9
6283	8
6284	8
6285	8
6286	9
6287	9
6288	8
6289	9
6290	8
6291	8
6292	8
6293	8
6294	9
6295	9
6296	9
6297	9
6298	8
6299	9
6300	8
6301	8
6302	8
6303	9
6304	9
6305	9
6306	8
6307	8
6308	9
6309	9
6310	9
6311	8
6312	9
6313	8
6314	8
6315	9
6316	8
6317	8
6318	9
6319	8
6320	8
6321	9
6322	8
6323	8
6324	9
6325	8
6326	8
6327	9
6328	9
6329	9
6330	8
6331	8
6332	9
6333	9
6334	8
6335	8
6336	9
6337	9
6338	8
6339	9
6340	9
6341	9
6342	8
6343	9
6344	9
6345	8
6346	9
6347	8
6348	8
6349	8
6350	9
6351	8
6352	9
6353	9
6354	9
6355	9
6356	9
6357	9
6358	9
6359	8
6360	9
6361	9
6362	9
6363	9
6364	8
6365	8
6366	8
6367	8
6368	9
6369	9
6370	8
6371	9
6372	9
6373	9
6374	9
6375	9
6376	9
6377	9
6378	9
6379	9
6380	8
6381	8
6382	8
6383	9
6384	8
6385	9
6386	8
6387	9
6388	9
6389	9
6390	9
6391	9
6392	9
6393	9
6394	8
6395	8
6396	9
6397	9
6398	8
6399	8
6400	9
6401	9
6402	9
6403	8
6404	9
6405	9
6406	8
6407	9
6408	8
6409	8
6410	8
6411	8
6412	9
6413	9
6414	9
6415	8
6416	9
6417	9
6418	8
6419	8
6420	9
6421	9
6422	9
6423	9
6424	8
6425	8
6426	9
6427	9
6428	9
6429	9
6430	8
6431	9
6432	9
6433	9
6435	8
6436	9
6437	8
6438	8
6439	9
6440	8
6441	9
6442	8
6443	8
6444	8
6445	8
6446	8
6447	9
6448	9
6449	8
6450	8
6451	9
6452	8
6453	8
6454	8
6455	9
6456	8
6457	8
6458	8
6459	9
6460	9
6461	9
6462	8
6463	8
6464	9
6465	9
6466	8
6467	9
6468	9
6469	9
6470	9
6471	8
6472	9
6474	8
6475	8
6476	8
6477	9
6478	9
6479	9
6480	9
6481	9
6482	8
6483	8
6484	8
6485	9
6486	8
6487	8
6488	9
6489	9
6490	8
6491	9
6492	9
6493	9
6494	9
6495	8
6496	8
6497	9
6498	9
6499	8
6500	9
6501	8
6502	8
6503	8
6504	8
6505	8
6506	9
6507	9
6508	9
6509	9
6510	8
6511	8
6512	8
6513	9
6514	9
6515	9
6516	9
6517	9
6518	8
6519	8
6520	8
6521	9
6522	9
6523	8
6524	9
6525	9
6526	9
6527	8
6528	8
6529	9
6530	8
6531	8
6532	8
6533	9
6534	9
6535	8
6536	9
6537	9
6538	9
6539	9
6540	8
6541	8
6542	8
6543	8
6544	8
6545	9
6546	9
6547	9
6548	9
6549	9
6550	9
6551	9
6552	8
6553	8
6554	8
6555	8
6556	8
6557	8
6558	8
6559	9
6560	8
6561	9
6562	9
6563	9
6564	9
6565	9
6566	9
6567	9
6568	9
6569	9
6570	9
6571	9
6572	9
6573	9
6574	9
6575	9
6576	9
6577	9
6578	9
6579	9
6580	9
6581	9
6582	9
6583	9
6584	9
6585	9
6586	9
6587	9
6588	9
6589	9
6590	9
6591	9
6592	9
6593	9
6594	9
6595	9
6596	9
6597	9
6598	9
6599	9
6600	9
6601	9
6602	9
6603	9
6604	9
6605	9
6606	9
6607	9
6608	9
6609	9
6610	8
6611	9
6612	9
6613	9
6614	8
6615	8
6616	9
6617	9
6618	8
6619	9
6620	9
6621	8
6622	8
6623	9
6624	8
6625	8
6626	9
6627	8
6628	8
6629	8
6630	8
6631	9
6632	9
6633	9
6634	8
6635	9
6636	9
6637	9
6638	8
6639	9
6640	9
6641	9
6642	9
6643	9
6644	9
6645	9
6646	9
6647	9
6648	9
6650	9
6651	9
6652	9
6653	9
6654	8
6655	9
6656	9
6657	9
6658	9
6659	8
6660	9
6661	9
6662	8
6663	9
6664	9
6665	9
6666	9
6667	8
6668	8
6669	9
6671	8
6672	9
6679	9
6683	8
6684	9
6685	8
6686	9
6687	9
6688	8
6689	8
6690	9
6691	8
6692	9
6693	9
6694	9
6695	9
6696	9
6697	9
6698	8
6699	8
6700	8
6701	9
6702	9
6703	9
6704	8
6705	9
6706	9
6707	9
6708	9
6709	9
6710	9
6711	8
6712	8
6713	9
6714	9
6715	9
6716	9
6717	9
6718	9
6719	8
6720	8
6721	9
6722	9
6723	8
6724	9
6725	8
6726	9
6727	8
6728	9
6729	8
6730	9
6731	9
6732	8
6733	9
6734	8
6735	9
6736	9
6737	8
6738	8
6739	9
6740	8
6741	9
6742	9
6743	9
6744	9
6745	8
6746	9
6747	8
6748	8
6749	9
6750	9
6751	9
6752	8
6753	8
6754	9
6755	9
6756	9
6757	9
6758	8
6759	8
6760	9
6761	8
6762	8
6763	9
6764	8
6765	8
6766	9
6767	9
6768	9
6769	9
6770	9
6771	9
6772	9
6773	9
6774	9
6775	9
6776	9
6777	9
6778	9
6779	9
6780	9
6781	9
6782	9
6783	9
6784	9
6785	9
6786	9
6787	9
6788	9
6789	9
6790	9
6791	9
6792	9
6793	9
6794	9
6795	9
6796	9
6797	9
6798	9
6799	9
6800	9
6801	9
6802	9
6803	9
6804	9
6805	9
6806	9
6807	9
6808	9
6809	9
6810	9
6811	9
6812	9
6813	9
6814	8
6815	9
6816	9
6817	8
6818	9
6819	8
6820	9
6821	8
6822	0
6823	0
6824	9
6825	9
6826	0
6827	0
6828	9
6829	9
6830	0
6831	0
6832	9
6833	9
6834	0
6835	9
6836	9
6837	9
6838	9
6839	9
6840	9
6841	9
6842	9
6843	9
6844	9
6845	9
6846	9
6847	9
6848	8
6849	9
6850	9
6851	8
6852	8
6853	8
6854	8
6855	0
6856	9
6857	9
6858	8
6859	9
6860	8
6861	8
6862	8
6863	0
6864	0
6865	9
6866	9
6867	9
6868	8
6869	8
6870	9
6871	8
6872	9
6873	8
6874	9
6875	8
6876	8
6877	9
6878	9
6879	9
6880	9
6881	9
6882	9
6883	9
6884	9
6885	9
6886	9
6887	9
6888	9
6889	9
6890	9
6891	9
6892	8
6893	8
6894	9
6895	8
6896	8
6897	8
6898	9
6899	9
6900	8
6901	9
6902	8
6903	9
6904	9
6905	9
6906	9
6907	8
6908	8
6909	9
6910	9
6911	9
6912	8
6913	8
6914	9
6915	9
6916	9
6917	9
6918	8
6919	9
6920	9
6921	8
6922	8
6923	9
6924	9
6925	9
6926	9
6927	8
6928	9
6929	8
6930	8
6931	8
6932	9
6933	9
6934	9
6935	8
6936	9
6937	8
6938	9
6939	8
6940	8
6941	8
6942	9
6943	8
6944	9
6945	9
6946	8
6947	9
6948	9
6949	8
6950	9
6951	9
6952	9
6953	9
6954	8
6955	9
6956	8
6957	8
6958	8
6959	8
6960	8
6961	9
6962	8
6963	8
6964	9
6965	9
6966	9
