District 0: num of precincts (131) pop (127880)
District 1: num of precincts (99) pop (67250)
District 2: num of precincts (484) pop (338531)
District 3: num of precincts (536) pop (507312)
District 4: num of precincts (225) pop (162948)
District 5: num of precincts (155) pop (122593)
District 6: num of precincts (73) pop (137680)
District 7: num of precincts (43) pop (35977)
District 8: num of precincts (1350) pop (1543588)
District 9: num of precincts (3734) pop (3626820)
population error: 115%

1	9
2	9
3	9
4	8
5	9
6	9
7	8
8	9
9	9
10	9
11	8
12	8
13	1
14	9
15	9
16	9
17	9
18	1
19	9
20	8
21	8
22	8
23	8
24	8
25	9
26	8
27	8
28	8
29	8
30	8
31	8
32	9
33	9
34	9
35	9
36	9
37	9
38	9
39	9
40	9
41	9
42	9
43	9
44	9
45	9
46	9
47	9
48	9
49	9
50	9
51	9
52	9
53	9
54	9
55	9
56	9
57	9
58	9
59	9
60	9
61	9
62	9
63	0
64	0
65	0
66	9
67	0
68	0
69	0
70	9
71	9
72	0
73	0
74	0
75	0
76	0
77	9
78	9
79	9
80	0
81	0
82	0
83	9
84	9
85	8
86	9
87	0
88	9
89	9
90	9
91	9
92	0
93	9
94	9
95	9
96	9
97	9
98	8
99	0
100	9
101	9
102	9
103	0
104	9
105	9
106	0
107	9
108	9
109	9
110	0
111	0
112	9
113	8
114	8
115	8
116	9
117	9
118	8
119	0
120	9
121	9
122	9
123	8
124	9
125	8
126	9
127	8
128	8
129	8
130	9
131	9
132	0
133	0
134	8
135	0
136	0
137	0
138	8
139	9
140	9
141	9
142	8
143	8
144	8
145	9
146	8
147	0
148	0
149	9
150	9
151	0
152	0
153	0
154	0
155	0
156	9
157	0
158	9
159	9
160	9
161	9
162	8
163	9
164	0
165	8
166	9
167	9
168	9
169	8
170	0
171	8
172	8
173	0
174	9
175	9
176	9
177	0
178	9
179	9
180	9
181	0
182	9
183	0
184	1
185	0
186	0
187	0
188	0
189	9
190	9
191	0
192	9
193	9
194	0
195	0
196	0
197	0
198	0
199	0
200	9
201	0
202	0
203	9
204	9
205	9
206	9
207	9
208	0
209	9
210	9
211	9
212	0
213	9
214	9
215	0
216	9
217	9
218	9
219	9
220	9
221	0
222	9
223	0
224	0
225	9
226	9
227	9
228	9
229	0
230	0
231	9
232	9
233	0
234	0
235	0
236	0
237	0
238	9
239	9
240	0
241	0
242	0
243	9
244	9
245	9
246	9
247	0
248	9
249	0
250	0
251	0
252	0
253	9
254	9
255	0
256	0
257	1
258	9
259	1
260	1
261	9
262	1
263	1
264	9
265	9
266	9
267	1
268	8
269	9
270	1
271	9
272	8
273	9
274	1
275	1
276	9
277	9
278	1
279	1
280	1
281	1
282	1
283	1
284	1
285	9
286	9
287	9
288	9
289	9
290	9
291	9
292	8
293	8
294	1
295	1
296	9
297	9
298	9
299	9
300	9
301	9
302	9
303	1
304	1
305	1
306	1
307	1
308	1
309	8
310	9
311	1
312	9
313	9
314	9
315	1
316	1
317	8
318	1
319	1
320	1
321	1
322	1
323	9
324	9
325	9
326	1
327	1
328	9
329	1
330	1
331	9
332	1
333	1
334	9
335	9
336	9
337	9
338	1
339	1
340	1
341	9
342	1
343	9
344	9
345	9
346	9
347	9
348	9
349	9
350	9
351	9
352	9
353	9
354	9
355	9
357	9
358	9
359	9
360	9
361	9
362	9
363	9
365	9
366	9
367	9
368	9
369	9
370	9
372	9
373	9
374	9
375	9
376	9
377	9
378	9
379	9
380	9
381	9
382	9
383	9
384	9
385	9
386	9
387	9
388	9
389	9
390	9
391	9
392	9
393	9
394	9
395	9
396	9
397	9
398	9
399	9
400	9
401	9
402	9
403	9
404	9
405	9
406	9
407	9
408	9
409	9
410	9
411	9
412	9
413	9
414	9
415	9
416	9
417	9
418	9
419	9
420	9
421	9
422	9
423	9
424	9
425	9
426	9
427	9
428	9
429	9
430	9
431	9
432	9
434	9
435	9
436	9
438	9
439	9
440	9
441	8
442	9
443	9
444	9
445	9
446	9
447	8
448	9
449	8
450	9
451	8
452	8
453	9
454	8
455	9
456	8
457	8
458	8
459	8
460	8
461	8
462	9
463	9
464	9
465	9
466	8
467	9
468	9
469	8
470	9
471	8
472	9
473	9
474	9
475	9
476	8
477	8
478	9
479	9
480	9
481	8
482	8
483	9
484	8
485	9
486	9
487	8
488	8
489	8
490	9
491	9
492	8
493	9
494	8
495	8
496	9
497	8
498	8
499	8
500	9
501	8
502	8
503	8
504	8
505	8
506	8
507	9
508	9
509	9
510	9
511	9
512	8
513	9
514	9
515	8
516	8
517	8
518	9
519	9
520	9
521	9
522	8
523	9
524	9
525	8
526	8
527	9
528	9
529	9
530	8
531	9
532	9
533	8
534	8
535	9
536	9
538	9
539	9
540	9
541	8
542	8
543	9
544	8
545	9
546	8
547	8
548	9
549	8
550	8
551	8
552	9
553	9
554	9
555	8
556	9
557	8
558	8
559	9
560	9
561	9
562	9
563	8
564	9
565	8
566	9
567	8
568	8
569	8
570	9
571	9
572	8
573	9
574	8
575	9
576	9
577	8
578	8
579	9
580	9
581	8
582	8
583	8
584	8
585	8
586	8
587	8
588	9
589	9
590	9
591	9
592	8
593	9
594	8
595	9
596	8
597	9
598	8
599	9
600	9
601	9
602	9
603	9
604	9
605	9
606	9
607	9
608	8
609	8
610	8
611	9
612	9
613	9
614	9
615	8
616	8
617	9
618	8
619	9
620	9
621	9
622	8
623	8
624	9
625	9
626	9
627	8
628	9
629	8
630	9
631	8
632	9
633	9
634	9
635	8
636	8
637	9
638	8
639	9
640	9
641	8
642	8
643	8
644	8
645	9
646	8
647	8
648	9
649	8
650	8
651	9
652	9
653	9
654	8
655	8
656	9
657	9
658	9
659	8
660	9
661	8
662	9
663	9
664	9
665	9
666	9
667	9
668	8
669	8
670	9
671	9
672	8
673	9
674	8
675	8
676	9
677	9
678	9
679	9
680	9
681	9
682	9
683	8
684	9
685	9
686	9
687	9
688	9
689	9
690	9
691	9
692	9
693	9
694	9
695	9
696	9
697	9
698	9
699	9
700	9
701	9
702	8
703	9
704	9
705	9
706	9
707	9
708	8
709	8
710	9
711	9
712	9
713	9
714	9
715	8
716	9
717	9
718	9
719	8
720	9
721	9
722	9
723	8
724	8
725	8
726	8
727	9
728	9
729	8
730	9
731	9
732	9
733	9
734	9
735	9
736	8
737	8
738	8
739	9
740	9
741	8
742	8
743	9
744	8
745	9
746	8
747	8
748	9
749	8
750	9
751	8
752	1
753	1
754	1
755	9
756	9
757	1
758	9
759	1
760	9
761	1
762	9
763	9
764	9
765	1
766	1
767	9
768	1
769	1
770	1
771	9
772	9
773	1
774	1
775	9
776	1
777	1
778	1
779	1
780	1
781	1
782	1
783	1
784	1
785	9
786	9
787	9
788	1
789	9
790	9
791	1
792	9
793	9
794	9
795	9
796	9
797	8
798	9
799	9
800	8
801	8
802	9
803	9
804	7
805	9
806	9
807	9
808	9
809	9
810	9
811	9
812	9
813	9
814	9
815	9
816	8
817	8
818	9
819	9
820	9
821	9
822	8
823	9
824	8
825	9
826	9
827	9
828	8
829	9
830	9
831	9
832	9
833	0
834	9
835	8
836	9
837	9
838	9
839	9
840	8
841	8
842	0
843	9
844	8
845	9
846	8
847	8
848	9
849	9
850	8
851	9
852	8
853	9
854	8
855	8
856	8
857	9
858	8
859	0
860	0
861	9
862	9
863	9
864	0
865	0
866	9
867	9
868	9
869	0
870	9
871	0
872	0
873	8
874	8
875	0
876	8
877	8
878	9
879	9
880	9
881	9
882	8
883	9
884	0
885	0
886	0
887	0
888	9
889	8
890	8
891	9
892	9
893	9
894	9
895	8
896	9
897	8
898	8
899	8
900	8
901	8
902	0
903	0
904	0
905	0
906	9
907	9
908	9
909	0
910	0
911	0
912	9
913	0
914	0
915	9
916	9
917	0
918	9
919	9
920	0
921	9
922	0
923	9
924	9
925	8
926	9
927	9
928	9
929	9
930	9
931	9
932	9
933	9
934	9
935	9
936	9
937	9
938	8
939	8
940	9
941	8
942	8
943	8
944	8
945	9
946	8
947	9
948	8
949	8
950	8
951	9
952	9
953	9
954	9
955	9
956	9
957	8
958	8
959	9
960	1
961	1
962	9
963	1
964	9
965	9
966	8
967	1
968	0
969	8
970	9
971	8
972	8
973	8
974	8
975	8
976	8
977	8
978	8
979	8
980	8
981	8
982	8
983	8
984	9
985	9
986	8
987	8
988	9
989	9
990	9
991	9
992	8
993	9
994	9
995	1
996	9
997	9
998	1
999	8
1000	1
1001	1
1002	1
1003	8
1004	1
1005	8
1006	9
1007	8
1008	9
1009	9
1010	8
1011	8
1012	9
1013	9
1014	9
1015	8
1016	9
1017	8
1018	8
1019	9
1020	9
1021	9
1022	8
1023	9
1024	8
1025	8
1026	8
1027	9
1028	8
1029	8
1030	8
1031	9
1032	8
1033	9
1034	8
1035	9
1036	9
1037	9
1038	9
1039	8
1040	8
1041	9
1042	8
1043	9
1044	8
1045	8
1046	9
1051	8
1052	9
1053	9
1054	9
1055	9
1056	9
1057	9
1058	8
1059	8
1060	8
1061	8
1062	9
1063	8
1064	9
1065	9
1066	9
1068	9
1069	9
1070	8
1071	8
1072	8
1073	8
1074	8
1075	8
1076	9
1077	9
1078	8
1079	9
1080	9
1081	9
1082	8
1084	8
1085	9
1087	9
1088	9
1089	8
1090	8
1091	9
1092	9
1093	9
1094	9
1095	9
1096	9
1097	9
1099	9
1101	9
1102	8
1103	8
1104	9
1105	9
1106	8
1107	8
1108	8
1109	9
1110	9
1111	9
1112	9
1113	8
1114	8
1115	8
1116	9
1117	9
1118	8
1120	9
1121	8
1122	8
1123	9
1124	8
1125	8
1126	9
1127	9
1128	8
1129	8
1130	8
1131	9
1132	8
1133	8
1134	9
1135	9
1136	9
1137	8
1138	9
1139	9
1140	8
1141	8
1142	9
1143	8
1144	8
1145	9
1146	8
1147	9
1149	9
1151	8
1157	9
1160	8
1161	8
1162	8
1163	8
1164	8
1165	8
1167	8
1168	9
1169	9
1170	9
1171	9
1172	9
1173	8
1174	9
1175	8
1176	8
1177	9
1178	9
1179	9
1181	9
1182	9
1185	9
1189	9
1190	9
1191	9
1192	9
1193	9
1194	9
1195	9
1196	9
1197	9
1198	9
1199	9
1200	9
1201	9
1202	9
1203	9
1204	9
1205	9
1206	9
1207	9
1208	9
1209	9
1210	9
1211	9
1212	9
1213	9
1214	9
1215	9
1216	9
1217	3
1218	9
1219	3
1220	9
1221	9
1222	9
1223	9
1224	9
1225	3
1226	3
1227	3
1228	3
1229	3
1230	3
1231	3
1232	3
1233	9
1234	9
1235	9
1236	9
1237	4
1238	9
1239	9
1240	9
1241	9
1242	9
1243	9
1244	9
1245	9
1246	9
1247	9
1249	4
1250	4
1251	9
1252	9
1253	9
1254	4
1255	4
1256	9
1257	9
1258	9
1259	4
1260	4
1261	9
1263	9
1264	9
1265	9
1266	9
1267	9
1268	4
1269	4
1270	4
1271	9
1272	9
1273	4
1274	4
1275	9
1276	4
1277	4
1278	9
1279	9
1280	9
1281	9
1282	4
1283	9
1284	4
1285	4
1286	9
1287	4
1288	4
1289	4
1290	9
1291	9
1292	9
1293	9
1294	9
1295	9
1296	9
1297	9
1298	9
1299	9
1300	2
1301	9
1302	2
1303	2
1304	9
1305	9
1306	2
1307	9
1308	2
1309	2
1310	2
1311	2
1312	9
1313	3
1314	3
1315	3
1316	3
1317	3
1318	9
1319	3
1320	9
1321	9
1322	3
1323	9
1324	9
1325	9
1326	9
1327	9
1328	9
1329	9
1330	9
1331	9
1332	5
1333	9
1334	5
1335	5
1336	5
1337	5
1338	5
1339	9
1340	9
1341	9
1342	9
1343	2
1344	9
1345	9
1346	9
1347	2
1348	9
1349	5
1350	5
1351	9
1352	9
1353	9
1354	9
1355	9
1356	9
1357	5
1358	5
1359	6
1360	9
1361	9
1362	9
1363	9
1364	9
1365	9
1366	9
1367	9
1368	9
1369	9
1370	9
1371	2
1372	9
1374	4
1375	4
1376	9
1377	9
1378	3
1379	3
1380	3
1381	3
1382	3
1383	9
1384	3
1385	9
1386	9
1387	9
1388	3
1389	9
1390	9
1391	9
1392	9
1393	3
1394	9
1395	9
1396	9
1397	9
1398	9
1399	9
1400	9
1401	9
1402	9
1403	9
1404	9
1405	9
1406	9
1407	9
1408	4
1409	9
1410	9
1411	9
1412	9
1413	3
1414	9
1415	9
1416	9
1417	9
1418	4
1419	4
1420	9
1421	9
1422	9
1423	4
1424	9
1425	4
1426	4
1427	4
1429	4
1432	9
1433	4
1434	9
1435	2
1436	2
1437	9
1438	9
1439	9
1440	2
1441	2
1442	9
1443	9
1444	9
1445	9
1446	9
1447	2
1448	9
1449	2
1450	2
1451	2
1452	2
1453	2
1454	2
1455	9
1456	2
1457	2
1458	2
1459	2
1460	2
1461	9
1462	9
1463	5
1464	9
1465	9
1466	9
1467	3
1468	3
1469	3
1470	3
1471	3
1472	3
1473	3
1474	9
1475	3
1476	9
1477	9
1478	9
1479	5
1480	5
1481	9
1482	9
1483	9
1484	9
1485	9
1486	5
1487	5
1488	9
1489	9
1490	9
1491	5
1492	5
1493	9
1494	5
1495	5
1496	5
1497	9
1498	9
1499	9
1500	9
1501	9
1502	5
1503	5
1504	5
1505	2
1506	9
1507	9
1508	9
1509	9
1510	9
1511	9
1512	9
1513	2
1514	2
1515	2
1516	9
1517	9
1518	5
1519	9
1520	9
1521	5
1522	5
1523	5
1524	9
1525	5
1526	4
1527	9
1528	4
1529	9
1530	9
1531	9
1533	9
1534	9
1535	9
1536	2
1537	9
1538	9
1539	2
1540	2
1541	2
1542	9
1543	9
1544	3
1545	3
1546	3
1547	3
1548	3
1549	9
1550	3
1551	3
1552	9
1553	9
1554	9
1555	9
1556	6
1557	9
1558	9
1559	9
1560	9
1561	9
1562	9
1563	9
1564	9
1565	9
1566	9
1567	9
1568	9
1569	3
1570	9
1571	9
1572	9
1573	9
1574	9
1575	9
1576	9
1577	9
1578	9
1579	9
1580	9
1581	9
1582	9
1584	9
1585	4
1586	9
1587	9
1588	4
1589	4
1590	9
1591	9
1592	4
1593	4
1594	4
1596	4
1597	9
1598	9
1599	9
1600	9
1601	9
1602	9
1603	9
1604	9
1605	9
1606	9
1607	9
1608	9
1609	9
1610	9
1611	9
1612	9
1613	9
1614	9
1615	9
1616	2
1617	2
1618	9
1619	9
1620	9
1621	2
1622	2
1623	9
1624	2
1625	9
1626	9
1627	9
1628	2
1629	2
1630	2
1631	9
1632	9
1633	9
1634	2
1635	2
1636	9
1637	9
1638	9
1639	3
1640	9
1641	3
1642	3
1643	3
1644	3
1645	3
1646	9
1647	9
1648	9
1649	9
1650	5
1651	9
1652	9
1653	9
1654	9
1655	9
1656	9
1657	9
1658	9
1659	5
1660	5
1661	5
1662	5
1663	9
1664	5
1665	5
1666	9
1667	5
1668	5
1669	9
1670	5
1671	5
1672	9
1673	9
1674	9
1675	2
1676	9
1677	9
1678	9
1679	2
1680	2
1681	2
1682	2
1683	2
1684	2
1685	2
1686	2
1687	9
1688	5
1689	5
1690	5
1691	9
1692	9
1693	5
1694	5
1695	5
1696	9
1697	2
1698	2
1699	2
1700	2
1701	9
1702	9
1703	2
1704	2
1705	9
1706	9
1707	9
1708	2
1709	2
1710	9
1711	9
1712	9
1713	9
1714	9
1715	9
1716	9
1717	9
1718	9
1719	9
1720	3
1721	3
1722	3
1723	9
1724	6
1725	6
1726	9
1727	6
1728	9
1729	9
1730	9
1731	9
1732	3
1733	3
1734	9
1735	9
1736	9
1737	9
1738	9
1739	9
1740	4
1741	4
1742	4
1743	4
1744	4
1745	9
1746	4
1747	4
1748	4
1749	9
1750	4
1751	4
1752	4
1753	4
1754	3
1755	4
1756	9
1757	4
1758	9
1759	3
1760	3
1761	3
1762	3
1763	9
1764	9
1765	9
1766	9
1767	9
1769	9
1770	2
1771	2
1772	2
1773	2
1774	9
1775	9
1776	9
1777	2
1778	2
1779	2
1780	2
1781	9
1782	2
1783	2
1784	2
1785	9
1786	2
1787	2
1788	2
1789	2
1790	9
1791	2
1792	2
1793	2
1795	2
1796	2
1797	9
1798	2
1799	9
1800	9
1801	3
1802	3
1803	3
1804	3
1805	9
1806	9
1807	9
1808	9
1809	3
1810	9
1811	9
1812	9
1813	9
1814	9
1815	9
1816	9
1817	9
1818	9
1819	9
1820	9
1821	9
1822	9
1823	9
1824	9
1825	9
1826	9
1827	9
1828	9
1829	9
1830	9
1831	5
1832	5
1833	2
1834	2
1835	9
1836	2
1837	2
1838	2
1839	9
1840	9
1841	2
1842	2
1843	2
1844	9
1845	9
1846	9
1847	2
1848	9
1849	2
1850	9
1851	9
1852	5
1853	5
1854	5
1855	9
1856	5
1857	3
1858	9
1859	3
1860	9
1861	9
1862	3
1863	3
1864	3
1865	3
1866	9
1867	3
1868	3
1869	3
1870	9
1871	3
1872	3
1873	3
1874	3
1875	3
1876	9
1877	3
1878	3
1879	3
1880	9
1881	9
1882	9
1883	6
1884	6
1885	3
1886	9
1887	3
1888	3
1889	3
1890	3
1891	9
1892	9
1893	9
1894	9
1895	3
1896	4
1897	9
1898	4
1899	4
1900	4
1901	4
1902	4
1903	9
1904	4
1905	4
1906	3
1907	9
1908	9
1909	3
1910	4
1911	9
1912	4
1913	4
1914	4
1915	9
1916	4
1917	9
1918	9
1919	9
1920	4
1921	9
1922	9
1923	4
1924	9
1925	2
1926	2
1927	9
1928	2
1929	2
1930	9
1931	2
1932	2
1933	2
1934	9
1935	2
1936	2
1937	2
1938	9
1939	2
1940	9
1941	9
1942	9
1943	9
1944	9
1945	2
1946	9
1947	2
1948	2
1949	2
1950	2
1951	2
1952	9
1953	2
1954	2
1955	2
1956	5
1957	9
1958	2
1959	9
1960	2
1961	2
1962	2
1963	2
1964	2
1965	9
1966	3
1967	9
1968	9
1969	3
1970	3
1971	9
1972	9
1973	3
1974	9
1975	9
1976	3
1977	9
1978	9
1979	9
1980	9
1981	2
1982	2
1983	9
1984	9
1985	9
1986	9
1987	5
1988	9
1989	2
1990	5
1991	2
1992	2
1993	2
1994	2
1995	2
1996	2
1997	2
1998	9
1999	2
2000	2
2001	2
2002	2
2003	9
2004	9
2005	2
2006	9
2007	9
2008	9
2009	9
2010	2
2011	9
2012	5
2013	9
2014	3
2015	3
2016	3
2017	3
2018	3
2019	3
2020	3
2021	3
2022	3
2023	3
2024	3
2025	9
2026	3
2027	9
2028	3
2029	9
2030	3
2031	3
2032	3
2033	6
2034	3
2035	9
2036	3
2037	6
2038	6
2039	3
2040	3
2041	9
2042	3
2043	3
2044	3
2045	3
2046	3
2047	3
2048	3
2049	3
2050	3
2051	9
2052	9
2053	4
2054	4
2055	4
2056	9
2057	4
2058	4
2059	4
2060	4
2061	4
2062	9
2063	9
2064	9
2065	9
2066	9
2067	9
2068	4
2069	9
2070	3
2071	3
2072	9
2073	9
2074	9
2075	9
2076	9
2077	4
2078	9
2079	2
2080	2
2081	2
2082	2
2083	2
2084	9
2085	2
2086	2
2087	9
2088	9
2089	9
2090	9
2091	9
2092	9
2093	9
2094	9
2095	9
2096	9
2097	9
2098	2
2099	2
2100	2
2101	2
2102	2
2103	2
2104	2
2105	9
2106	9
2107	9
2108	9
2109	9
2110	9
2111	9
2112	9
2113	9
2114	9
2115	3
2116	9
2117	9
2118	3
2119	3
2120	3
2121	3
2122	3
2123	9
2124	9
2125	9
2126	9
2127	9
2128	9
2129	9
2130	2
2131	2
2132	2
2133	2
2134	5
2135	9
2136	5
2137	5
2138	5
2139	5
2140	5
2141	9
2142	9
2143	9
2144	2
2145	2
2146	2
2147	2
2148	2
2149	9
2150	2
2151	2
2152	5
2153	9
2154	9
2155	3
2156	5
2157	5
2158	2
2161	3
2162	9
2163	3
2164	3
2165	9
2166	3
2167	3
2168	9
2169	3
2170	3
2171	9
2172	9
2173	9
2174	9
2175	3
2176	9
2177	9
2178	9
2179	9
2180	9
2181	9
2182	3
2183	9
2184	3
2185	3
2186	3
2187	3
2188	3
2189	3
2190	3
2191	3
2192	9
2193	3
2194	3
2195	9
2196	3
2197	3
2198	3
2199	3
2200	3
2201	3
2202	3
2203	3
2204	9
2205	3
2206	3
2207	9
2208	4
2209	9
2210	4
2211	4
2212	4
2213	9
2215	9
2216	9
2217	4
2218	9
2219	4
2220	4
2221	9
2222	4
2223	4
2224	4
2225	4
2226	9
2227	9
2228	9
2229	9
2230	4
2231	9
2232	4
2233	4
2234	2
2235	2
2236	2
2237	9
2238	9
2239	9
2240	2
2241	2
2242	9
2243	9
2244	2
2245	2
2246	2
2247	2
2248	2
2249	2
2250	2
2251	2
2252	2
2253	9
2254	9
2255	9
2256	9
2257	9
2258	3
2259	3
2260	3
2261	9
2262	3
2263	9
2264	9
2265	3
2266	9
2267	9
2268	3
2269	9
2270	3
2271	9
2272	9
2273	9
2274	9
2275	9
2276	9
2277	9
2278	2
2279	9
2280	5
2281	2
2282	9
2283	9
2284	9
2285	9
2286	9
2287	5
2288	2
2289	2
2290	9
2291	2
2292	2
2293	2
2294	2
2295	9
2296	9
2297	2
2298	9
2299	2
2300	2
2301	2
2302	9
2303	9
2304	3
2305	3
2306	9
2307	3
2308	9
2309	9
2310	9
2311	3
2312	9
2313	9
2314	3
2315	3
2316	3
2317	9
2318	3
2319	9
2320	3
2321	9
2322	3
2323	9
2324	9
2325	9
2326	3
2327	9
2328	9
2329	9
2330	3
2331	3
2332	3
2333	3
2334	9
2335	3
2336	3
2337	3
2338	3
2339	3
2340	3
2341	3
2342	3
2343	3
2344	3
2345	3
2346	9
2347	9
2348	9
2349	3
2350	3
2351	3
2352	3
2353	6
2354	6
2355	9
2356	9
2357	9
2358	3
2359	3
2360	9
2361	9
2362	9
2363	9
2364	3
2365	9
2366	3
2367	3
2368	3
2369	3
2370	9
2371	4
2372	4
2373	4
2374	4
2375	9
2376	4
2377	4
2378	4
2379	4
2380	4
2381	9
2382	9
2383	4
2384	9
2385	9
2386	9
2387	9
2388	9
2389	9
2390	4
2391	9
2392	9
2393	9
2394	9
2395	9
2396	4
2397	9
2398	4
2399	9
2400	9
2401	4
2402	9
2403	9
2404	9
2405	9
2406	9
2407	9
2408	9
2409	9
2410	9
2411	2
2412	9
2413	9
2414	2
2415	9
2416	2
2417	9
2418	9
2419	2
2420	9
2421	9
2422	9
2423	2
2424	9
2425	9
2426	9
2427	9
2428	3
2429	3
2430	9
2431	3
2432	9
2433	9
2434	9
2435	3
2436	3
2437	9
2438	9
2439	9
2440	9
2441	9
2442	9
2443	9
2444	9
2445	9
2446	9
2447	9
2448	9
2449	9
2450	5
2451	5
2452	9
2453	9
2454	9
2455	5
2456	9
2457	9
2458	9
2459	9
2460	9
2461	9
2462	9
2463	9
2464	2
2465	9
2466	3
2467	3
2468	9
2469	3
2470	3
2471	9
2472	3
2473	3
2474	3
2475	3
2476	9
2477	9
2478	3
2479	9
2480	3
2481	3
2482	9
2483	3
2484	9
2485	3
2486	9
2487	9
2488	3
2489	9
2490	3
2491	9
2492	3
2493	3
2494	3
2495	9
2496	9
2497	9
2498	3
2499	3
2500	3
2501	3
2502	3
2503	3
2504	3
2505	3
2506	3
2507	3
2508	3
2509	9
2510	9
2511	9
2512	9
2513	4
2514	4
2515	4
2516	4
2517	9
2518	9
2520	4
2521	4
2522	4
2523	4
2524	4
2525	4
2526	3
2527	3
2528	9
2529	9
2530	3
2531	9
2532	9
2533	9
2534	3
2535	3
2536	9
2537	4
2538	9
2539	9
2540	9
2541	4
2542	4
2543	4
2544	4
2545	4
2546	4
2547	4
2548	9
2549	9
2550	9
2551	4
2552	4
2553	9
2554	9
2555	9
2556	4
2557	9
2558	4
2559	9
2560	9
2561	2
2562	9
2563	9
2564	9
2565	4
2566	4
2567	9
2568	4
2569	9
2570	9
2571	2
2572	9
2573	9
2574	9
2575	9
2576	9
2577	2
2578	9
2579	2
2580	9
2581	2
2582	9
2583	2
2584	2
2585	9
2586	9
2587	2
2588	9
2589	9
2590	9
2591	9
2592	9
2593	3
2594	3
2595	9
2596	9
2597	9
2598	9
2599	3
2600	3
2601	3
2602	9
2603	3
2604	3
2605	9
2606	3
2607	9
2608	9
2609	5
2610	9
2611	9
2612	9
2613	5
2614	5
2615	5
2616	9
2617	9
2618	9
2619	9
2620	2
2621	5
2622	9
2623	9
2624	9
2625	9
2626	5
2627	9
2628	9
2629	3
2630	9
2631	3
2632	3
2633	3
2634	9
2635	5
2636	9
2637	9
2638	5
2639	5
2640	3
2641	3
2642	9
2643	9
2644	3
2645	3
2646	9
2647	9
2648	9
2649	9
2650	3
2651	3
2652	3
2653	3
2654	3
2655	9
2656	9
2657	9
2658	9
2659	9
2660	9
2661	9
2662	3
2663	9
2664	9
2665	3
2666	3
2667	3
2668	9
2669	4
2670	9
2671	4
2672	9
2673	2
2674	2
2675	2
2676	2
2677	2
2678	2
2679	9
2680	2
2681	2
2682	2
2683	9
2684	3
2685	9
2686	9
2687	9
2688	9
2689	9
2690	3
2691	3
2692	9
2693	3
2694	9
2695	9
2696	4
2697	9
2698	9
2699	9
2700	4
2701	4
2702	9
2703	9
2704	9
2705	9
2706	4
2707	9
2708	2
2710	2
2711	2
2712	9
2713	2
2714	9
2715	9
2716	2
2717	2
2718	9
2719	9
2720	9
2721	9
2722	9
2723	9
2724	2
2725	2
2726	2
2727	2
2728	2
2729	9
2730	9
2731	9
2732	9
2733	2
2734	9
2735	2
2736	2
2737	2
2738	5
2739	2
2740	2
2741	9
2742	9
2743	9
2744	3
2745	3
2746	9
2747	9
2748	9
2749	9
2750	3
2751	3
2752	9
2753	9
2754	9
2755	3
2756	9
2757	9
2758	9
2759	3
2760	3
2761	3
2762	3
2763	5
2764	5
2765	5
2766	9
2767	9
2768	9
2769	5
2770	5
2771	5
2772	9
2773	5
2774	9
2775	5
2776	9
2777	3
2778	9
2779	2
2780	2
2781	9
2782	9
2783	9
2784	2
2785	9
2786	2
2787	2
2788	2
2789	2
2790	9
2791	9
2792	2
2793	9
2794	2
2795	2
2796	9
2797	9
2798	9
2799	3
2800	3
2801	9
2802	5
2803	3
2804	3
2805	9
2806	9
2807	3
2808	3
2809	9
2810	3
2811	9
2812	9
2813	3
2814	3
2815	3
2816	9
2817	3
2818	9
2819	3
2820	3
2821	3
2822	9
2823	9
2824	9
2825	3
2826	3
2827	3
2828	9
2829	9
2830	9
2831	3
2832	3
2833	9
2834	9
2835	9
2836	9
2837	2
2838	9
2839	9
2840	2
2841	9
2842	9
2843	2
2844	9
2845	9
2846	9
2847	2
2848	9
2849	5
2850	9
2851	9
2852	5
2853	9
2854	4
2855	9
2856	9
2857	9
2858	9
2859	9
2860	9
2861	3
2862	3
2863	4
2864	4
2865	9
2866	9
2867	3
2868	9
2869	9
2870	4
2871	9
2872	9
2873	4
2874	2
2875	9
2876	2
2877	9
2878	9
2879	2
2880	2
2881	9
2882	9
2883	9
2884	9
2885	2
2886	2
2887	2
2888	2
2889	2
2890	9
2891	9
2892	9
2893	2
2894	2
2895	9
2896	2
2897	9
2898	9
2899	9
2900	9
2901	9
2902	9
2903	9
2904	9
2905	9
2906	9
2907	2
2908	2
2909	2
2910	2
2911	9
2912	2
2913	9
2914	3
2915	3
2916	3
2917	3
2918	9
2919	9
2920	9
2921	3
2922	9
2923	9
2924	9
2925	5
2926	9
2927	3
2928	3
2929	3
2930	3
2931	3
2932	3
2933	5
2934	5
2935	5
2936	9
2937	9
2938	9
2939	5
2940	9
2941	5
2942	9
2943	5
2944	9
2945	9
2946	9
2947	9
2948	9
2949	2
2950	9
2951	2
2952	2
2953	3
2954	9
2955	2
2956	2
2957	2
2958	9
2959	9
2960	5
2961	9
2962	9
2964	9
2965	9
2966	9
2967	3
2968	9
2969	3
2970	3
2971	3
2972	3
2973	2
2974	3
2975	3
2976	3
2977	9
2978	9
2979	9
2980	9
2981	3
2982	3
2983	3
2984	3
2985	9
2986	9
2987	9
2988	3
2989	3
2990	3
2991	3
2992	3
2993	9
2994	3
2995	3
2996	9
2997	5
2998	5
2999	9
3000	9
3001	5
3002	5
3003	5
3004	5
3005	5
3006	5
3007	9
3008	9
3009	4
3010	4
3011	9
3012	4
3013	9
3014	9
3015	9
3016	9
3017	4
3018	4
3019	4
3020	4
3021	4
3022	4
3023	9
3024	9
3025	9
3026	9
3027	9
3028	9
3029	9
3030	9
3031	9
3032	9
3033	9
3034	9
3035	9
3036	9
3037	4
3038	4
3039	9
3040	9
3041	9
3042	9
3043	9
3044	4
3045	9
3046	9
3047	9
3048	9
3049	9
3050	9
3051	2
3052	2
3053	9
3054	2
3055	2
3056	2
3057	2
3058	2
3059	2
3060	2
3061	2
3062	9
3063	2
3064	2
3065	2
3066	2
3067	9
3068	9
3069	9
3070	2
3071	2
3072	2
3073	2
3074	2
3075	2
3076	9
3077	2
3078	2
3079	2
3080	2
3081	9
3082	3
3083	3
3084	3
3085	3
3086	9
3087	3
3088	9
3089	9
3090	3
3091	9
3092	9
3093	3
3094	3
3095	3
3096	3
3097	9
3098	3
3099	3
3100	9
3101	3
3102	3
3103	9
3104	9
3105	9
3106	9
3107	9
3108	9
3109	9
3110	9
3111	9
3112	9
3113	5
3114	9
3115	9
3116	9
3117	9
3118	2
3119	9
3120	9
3121	9
3122	9
3123	2
3124	9
3125	6
3126	9
3127	3
3128	4
3129	9
3130	3
3131	3
3132	9
3133	9
3135	9
3136	3
3137	3
3138	9
3139	3
3140	9
3141	3
3142	5
3143	5
3144	5
3145	9
3146	9
3147	9
3148	3
3149	9
3150	9
3151	3
3152	9
3153	3
3154	9
3155	3
3156	9
3157	3
3158	9
3159	3
3160	9
3161	3
3162	3
3163	5
3164	9
3165	9
3166	5
3167	5
3168	5
3169	9
3170	2
3171	2
3172	9
3173	4
3174	9
3175	9
3176	4
3177	4
3178	4
3179	9
3180	9
3181	9
3184	2
3185	9
3186	9
3187	9
3188	9
3189	9
3190	9
3191	9
3192	9
3193	9
3194	9
3195	9
3196	4
3197	9
3198	4
3199	9
3200	9
3201	4
3202	9
3203	2
3204	9
3205	9
3206	9
3212	9
3213	4
3214	4
3215	2
3216	4
3217	9
3218	4
3219	9
3220	4
3221	4
3222	2
3223	2
3224	2
3225	2
3226	5
3227	9
3228	2
3229	2
3230	2
3231	2
3232	9
3233	9
3234	9
3235	2
3236	2
3237	2
3238	2
3239	9
3240	9
3241	9
3242	9
3243	9
3244	3
3245	9
3246	9
3247	3
3248	9
3249	9
3250	9
3251	3
3252	3
3253	3
3254	9
3255	3
3256	3
3257	3
3258	3
3259	9
3260	9
3261	9
3262	3
3263	9
3264	9
3265	5
3266	5
3267	5
3268	5
3269	5
3270	9
3271	5
3272	5
3273	2
3274	2
3275	9
3276	9
3277	9
3278	9
3279	9
3280	9
3281	9
3282	3
3284	3
3285	9
3286	2
3287	3
3288	5
3289	9
3292	4
3293	9
3294	9
3295	3
3296	9
3297	3
3298	9
3299	3
3300	3
3301	9
3302	9
3303	9
3304	3
3305	3
3306	9
3307	3
3308	3
3309	3
3310	9
3311	9
3312	9
3313	3
3314	9
3315	3
3316	3
3317	9
3318	3
3319	9
3320	3
3321	3
3322	2
3323	9
3324	2
3325	2
3326	2
3327	2
3328	2
3329	2
3330	9
3331	6
3332	9
3333	2
3334	9
3335	2
3336	2
3337	3
3338	3
3339	3
3340	3
3341	9
3342	3
3343	9
3344	4
3345	9
3346	9
3347	9
3348	9
3350	4
3351	4
3352	4
3353	9
3355	9
3356	4
3357	9
3358	4
3359	4
3360	9
3361	4
3362	4
3363	9
3364	9
3365	9
3366	2
3367	2
3368	2
3369	9
3370	9
3371	9
3372	9
3373	9
3374	2
3375	9
3376	9
3377	2
3378	9
3379	9
3380	9
3381	9
3382	9
3383	9
3384	2
3385	9
3386	9
3387	9
3388	9
3389	9
3390	9
3391	2
3392	9
3393	2
3394	2
3395	2
3396	2
3397	9
3398	9
3399	2
3400	3
3401	9
3402	3
3403	9
3404	9
3405	3
3406	3
3407	9
3408	3
3409	4
3410	3
3411	3
3412	9
3413	9
3414	9
3415	3
3416	3
3417	5
3418	5
3419	5
3420	9
3421	5
3422	9
3423	5
3424	5
3425	5
3426	9
3427	5
3428	5
3429	5
3430	3
3431	9
3432	2
3433	2
3434	9
3435	2
3436	2
3437	9
3438	2
3439	3
3440	3
3441	9
3442	9
3443	3
3444	4
3445	2
3446	9
3447	3
3448	4
3449	5
3450	3
3451	5
3452	9
3453	5
3454	9
3455	5
3456	5
3457	5
3458	9
3459	5
3460	3
3461	3
3462	3
3463	9
3464	9
3465	3
3466	3
3467	9
3468	9
3469	3
3470	3
3471	3
3472	3
3473	9
3474	9
3475	9
3476	3
3477	9
3478	9
3479	9
3480	9
3481	9
3482	3
3483	3
3484	3
3485	3
3486	3
3487	3
3488	6
3489	9
3490	3
3491	9
3492	9
3493	3
3494	9
3495	9
3496	4
3497	9
3498	9
3499	4
3500	3
3501	9
3502	9
3503	9
3504	9
3505	4
3506	4
3507	4
3508	9
3509	9
3510	9
3513	9
3514	9
3515	4
3516	4
3517	4
3518	9
3519	4
3520	9
3521	9
3522	4
3523	9
3524	9
3525	4
3526	9
3527	9
3528	9
3529	9
3530	4
3531	4
3533	9
3534	9
3535	9
3536	4
3537	9
3538	9
3539	9
3540	9
3541	4
3542	4
3543	9
3544	4
3545	2
3546	2
3547	9
3548	2
3549	2
3550	2
3551	2
3552	2
3553	2
3554	2
3555	9
3556	2
3557	2
3558	2
3559	9
3560	2
3561	2
3562	2
3563	2
3564	2
3565	2
3566	9
3567	2
3568	3
3569	9
3570	9
3571	3
3572	3
3573	9
3574	3
3575	9
3576	3
3577	4
3578	9
3579	3
3580	9
3581	9
3582	9
3583	3
3584	9
3585	9
3586	9
3587	5
3588	9
3589	5
3590	5
3591	9
3592	9
3593	5
3594	9
3595	9
3596	2
3597	2
3598	2
3599	9
3600	9
3601	2
3602	2
3603	9
3604	9
3605	9
3606	9
3607	3
3608	9
3609	3
3610	9
3611	3
3612	9
3614	9
3615	5
3616	5
3617	9
3618	5
3619	5
3620	9
3621	9
3622	3
3623	9
3624	9
3625	9
3626	3
3627	3
3628	3
3629	3
3630	3
3631	3
3632	3
3633	9
3634	9
3635	3
3636	9
3637	9
3638	3
3639	3
3640	3
3641	3
3642	3
3643	9
3644	9
3645	3
3646	3
3647	9
3648	9
3649	9
3650	3
3651	9
3652	3
3653	3
3654	3
3655	3
3656	3
3657	9
3658	9
3659	9
3660	9
3661	9
3662	3
3663	9
3664	9
3665	9
3666	9
3667	9
3668	9
3669	4
3670	4
3671	4
3672	4
3673	9
3674	9
3675	9
3676	9
3677	9
3678	9
3679	9
3680	9
3681	9
3682	9
3684	9
3685	9
3686	9
3687	4
3688	4
3689	4
3690	4
3691	4
3692	4
3693	9
3694	4
3695	4
3696	4
3697	4
3698	4
3699	9
3700	9
3701	9
3702	9
3703	9
3704	9
3705	4
3706	4
3707	4
3708	4
3709	4
3710	9
3711	2
3712	9
3713	9
3715	9
3717	9
3718	2
3719	2
3720	2
3721	2
3722	2
3723	9
3724	9
3725	9
3726	4
3727	4
3728	9
3729	3
3730	9
3731	4
3732	9
3733	4
3734	9
3735	3
3736	9
3737	9
3738	9
3739	9
3740	3
3741	3
3742	9
3743	9
3744	9
3745	5
3746	9
3747	9
3748	9
3749	9
3750	9
3751	9
3752	5
3753	9
3754	9
3755	9
3756	2
3757	9
3758	9
3759	9
3760	2
3761	9
3762	2
3763	2
3764	2
3768	4
3769	3
3770	9
3771	5
3772	5
3773	9
3774	5
3775	5
3776	5
3777	9
3778	9
3779	6
3780	9
3781	6
3782	6
3783	9
3784	3
3785	3
3786	9
3787	3
3788	6
3789	3
3790	9
3791	8
3792	9
3793	9
3794	9
3795	9
3796	9
3797	8
3798	9
3799	9
3800	9
3801	9
3802	9
3803	9
3804	9
3805	9
3806	9
3807	9
3808	9
3809	9
3810	9
3811	9
3812	9
3813	9
3814	9
3815	9
3816	9
3817	9
3818	9
3819	9
3820	9
3821	9
3822	9
3823	9
3824	9
3825	9
3826	8
3827	8
3828	8
3829	8
3830	8
3831	8
3832	9
3833	9
3834	9
3835	9
3836	9
3837	9
3838	9
3839	8
3840	8
3841	8
3842	9
3843	8
3844	8
3845	8
3846	8
3847	8
3848	8
3849	9
3850	9
3851	8
3852	9
3853	9
3854	8
3855	9
3856	9
3857	9
3858	8
3859	9
3860	8
3861	9
3862	9
3863	9
3864	8
3865	8
3866	9
3867	9
3868	9
3869	9
3870	9
3871	9
3872	9
3873	9
3874	9
3875	8
3876	9
3877	8
3878	8
3879	8
3880	8
3883	8
3884	9
3885	8
3886	8
3887	8
3888	8
3889	8
3890	8
3892	8
3893	8
3894	8
3897	9
3898	9
3899	9
3900	9
3901	9
3902	9
3903	9
3904	8
3905	9
3906	9
3907	8
3908	8
3909	9
3910	9
3911	8
3912	9
3913	9
3914	8
3915	9
3916	9
3917	9
3918	9
3919	9
3920	9
3921	9
3922	9
3923	9
3924	8
3925	8
3926	9
3927	8
3928	8
3929	9
3930	8
3931	9
3932	9
3933	9
3934	8
3935	8
3936	8
3937	8
3938	8
3939	9
3940	9
3941	9
3942	9
3943	8
3944	9
3945	9
3946	8
3947	9
3948	8
3949	9
3950	8
3951	8
3952	9
3953	8
3954	8
3955	9
3956	8
3957	8
3958	8
3959	9
3960	8
3961	8
3962	9
3963	9
3964	9
3965	9
3966	9
3967	9
3968	8
3969	9
3970	9
3971	8
3972	9
3973	8
3974	8
3975	8
3976	8
3977	9
3978	9
3979	8
3980	8
3981	9
3982	9
3983	9
3985	9
3986	8
3987	8
3988	8
3989	9
3990	1
3991	8
3992	0
3993	8
3994	8
3995	8
3996	9
3997	8
3998	8
3999	8
4000	9
4001	8
4002	9
4003	8
4004	8
4005	8
4006	8
4007	3
4008	9
4009	8
4010	8
4011	8
4012	9
4013	8
4014	9
4015	8
4016	8
4017	8
4018	9
4019	8
4020	8
4021	9
4022	9
4023	8
4024	9
4025	8
4026	8
4027	3
4028	9
4029	9
4030	9
4031	8
4032	8
4033	9
4034	9
4035	8
4036	8
4037	8
4038	8
4039	9
4040	9
4041	9
4042	9
4043	8
4044	9
4045	9
4046	9
4047	8
4048	8
4049	9
4050	9
4051	0
4052	0
4053	0
4054	9
4055	9
4056	0
4057	0
4058	9
4059	0
4060	9
4061	9
4062	0
4063	0
4064	9
4065	9
4066	9
4067	9
4068	9
4069	9
4070	9
4071	9
4072	9
4073	9
4074	8
4075	0
4076	9
4077	9
4078	9
4079	9
4080	8
4081	8
4082	9
4083	8
4084	9
4085	9
4086	8
4087	8
4088	8
4089	9
4090	9
4091	9
4092	8
4093	9
4094	8
4095	9
4096	9
4097	8
4098	8
4099	8
4100	8
4101	9
4102	8
4103	9
4104	8
4105	9
4106	9
4107	8
4108	8
4109	8
4110	9
4111	9
4112	9
4113	9
4114	9
4115	9
4116	9
4117	9
4118	8
4119	8
4120	8
4121	8
4122	9
4123	9
4124	8
4125	9
4126	8
4127	8
4128	9
4129	9
4130	9
4131	8
4132	9
4133	9
4134	8
4135	9
4136	9
4137	9
4138	9
4139	9
4140	9
4141	9
4142	9
4143	9
4144	9
4145	9
4146	9
4147	8
4148	8
4149	8
4150	8
4151	9
4152	8
4153	9
4154	9
4155	8
4156	9
4157	8
4158	8
4159	8
4160	9
4161	1
4162	1
4163	9
4164	9
4165	9
4166	9
4167	9
4168	1
4169	1
4170	8
4171	8
4172	9
4173	9
4174	1
4175	8
4176	8
4177	8
4178	1
4179	9
4180	8
4181	1
4182	1
4183	1
4184	8
4185	9
4186	8
4187	1
4188	9
4189	1
4190	1
4191	9
4192	8
4193	9
4194	9
4195	9
4196	9
4197	8
4198	9
4199	1
4200	9
4201	1
4202	9
4203	1
4204	9
4205	8
4206	9
4207	8
4208	9
4209	9
4210	8
4211	9
4212	8
4213	8
4214	9
4215	9
4216	9
4217	9
4218	9
4219	8
4220	8
4221	8
4222	8
4223	8
4224	9
4225	8
4226	8
4227	8
4228	8
4229	8
4230	9
4231	9
4232	8
4233	8
4234	9
4235	8
4236	8
4237	8
4238	9
4239	9
4240	8
4241	8
4242	9
4243	8
4244	9
4245	9
4246	9
4247	9
4248	9
4249	9
4250	9
4251	8
4252	8
4253	9
4254	8
4255	9
4256	8
4257	9
4258	9
4259	8
4260	8
4261	9
4262	9
4263	8
4264	9
4265	8
4266	9
4267	9
4268	8
4269	9
4270	8
4271	8
4272	9
4273	9
4274	9
4275	9
4276	8
4277	9
4278	8
4279	9
4280	9
4281	9
4282	9
4283	1
4284	9
4285	8
4286	8
4287	9
4288	9
4289	9
4290	9
4291	1
4292	8
4293	9
4294	9
4295	9
4296	9
4297	9
4298	9
4299	9
4300	9
4301	9
4302	9
4303	9
4304	9
4305	9
4306	9
4307	9
4308	9
4309	8
4310	8
4311	9
4312	9
4313	8
4314	9
4315	8
4316	9
4317	8
4318	9
4319	9
4320	8
4321	9
4322	8
4323	8
4324	9
4325	8
4326	9
4327	8
4328	8
4329	9
4330	9
4331	1
4332	9
4333	9
4334	9
4335	9
4336	9
4337	9
4338	9
4339	9
4340	9
4341	9
4342	9
4343	9
4344	9
4345	9
4346	9
4347	8
4348	8
4349	9
4350	9
4351	9
4352	8
4353	8
4354	9
4355	8
4356	8
4357	8
4358	8
4359	9
4360	9
4361	9
4362	8
4363	8
4364	8
4365	9
4366	9
4367	9
4368	8
4369	9
4370	8
4371	9
4372	8
4373	9
4374	9
4375	8
4376	8
4377	9
4378	8
4379	9
4380	9
4381	9
4382	8
4383	9
4384	8
4385	8
4386	8
4387	8
4388	8
4389	8
4390	9
4391	9
4392	9
4393	8
4394	8
4395	9
4396	9
4397	9
4398	8
4399	9
4400	9
4401	8
4402	9
4403	9
4404	8
4405	9
4406	8
4407	9
4408	8
4409	9
4410	8
4411	9
4412	9
4413	8
4414	8
4415	8
4416	8
4417	8
4418	8
4419	8
4420	8
4421	9
4422	9
4423	8
4424	9
4425	8
4426	8
4427	9
4428	9
4429	9
4430	9
4431	8
4432	8
4433	9
4434	9
4435	9
4436	8
4437	9
4438	9
4439	9
4440	9
4441	9
4442	8
4443	1
4444	9
4445	9
4446	9
4447	9
4448	8
4449	9
4450	9
4451	9
4452	9
4453	9
4454	9
4455	9
4456	9
4457	9
4458	9
4459	9
4460	9
4461	9
4462	8
4463	9
4464	9
4465	9
4466	9
4467	9
4468	8
4469	9
4470	9
4471	9
4472	9
4473	9
4474	9
4475	9
4476	9
4477	9
4478	9
4479	9
4480	8
4481	9
4482	9
4483	8
4484	8
4485	9
4486	9
4487	8
4488	9
4489	8
4490	9
4496	9
4497	9
4498	9
4499	8
4500	8
4501	8
4502	8
4503	9
4504	8
4510	9
4511	9
4512	9
4513	8
4514	8
4515	8
4516	8
4517	8
4518	8
4519	8
4520	8
4521	8
4522	9
4523	8
4524	8
4525	9
4526	9
4527	7
4528	9
4529	9
4530	9
4531	7
4532	9
4533	7
4534	9
4535	7
4536	9
4537	9
4538	9
4539	7
4540	9
4541	9
4542	7
4543	9
4544	7
4545	9
4546	7
4547	9
4548	7
4549	9
4550	7
4551	9
4552	9
4553	9
4554	8
4555	9
4556	8
4557	3
4558	9
4559	9
4560	9
4561	9
4562	9
4563	6
4564	9
4565	9
4566	9
4567	9
4568	9
4569	9
4570	9
4571	9
4572	9
4573	9
4574	8
4575	9
4576	9
4577	8
4578	3
4579	8
4580	3
4581	3
4582	8
4583	9
4584	9
4585	9
4586	9
4587	8
4588	9
4589	3
4590	3
4591	3
4592	9
4596	9
4597	9
4599	8
4600	8
4601	9
4602	8
4603	8
4607	9
4608	3
4609	3
4610	3
4611	3
4612	6
4613	9
4614	9
4615	9
4616	9
4617	9
4618	9
4619	9
4620	9
4621	8
4622	9
4623	8
4624	9
4625	9
4626	9
4627	3
4628	9
4629	9
4630	9
4631	9
4632	9
4633	8
4634	9
4635	6
4636	9
4637	9
4638	9
4639	9
4640	9
4641	9
4642	9
4643	3
4644	3
4645	3
4646	3
4647	9
4648	9
4649	9
4650	9
4651	9
4652	3
4653	8
4654	8
4655	9
4656	9
4657	9
4658	3
4659	9
4660	3
4661	9
4662	9
4663	9
4664	9
4665	9
4666	9
4667	9
4668	9
4669	9
4670	6
4671	9
4672	8
4673	8
4674	8
4675	9
4676	8
4677	8
4678	9
4679	3
4680	9
4681	3
4682	3
4683	3
4684	3
4685	9
4686	6
4687	9
4688	9
4689	9
4690	9
4691	9
4692	9
4693	9
4694	9
4695	9
4696	8
4697	9
4698	9
4699	9
4700	9
4701	3
4702	3
4703	9
4704	3
4705	9
4706	9
4707	6
4708	9
4709	9
4710	3
4711	9
4712	9
4713	9
4714	8
4715	9
4716	9
4717	8
4718	8
4719	8
4720	9
4721	9
4722	6
4723	3
4724	6
4725	6
4726	6
4727	6
4728	6
4729	9
4730	3
4731	3
4732	3
4733	3
4734	3
4735	9
4736	9
4737	9
4738	8
4739	9
4740	8
4741	8
4742	9
4743	9
4744	9
4745	9
4746	9
4747	6
4748	9
4749	9
4750	9
4751	9
4752	6
4753	6
4754	9
4755	9
4756	9
4757	9
4758	9
4759	9
4760	9
4761	9
4762	9
4763	9
4764	9
4765	9
4766	9
4767	9
4768	9
4769	9
4770	9
4771	9
4772	6
4773	6
4774	6
4775	6
4776	6
4777	6
4778	9
4779	6
4780	9
4781	9
4782	9
4783	9
4784	9
4785	9
4786	9
4787	9
4788	9
4789	6
4790	9
4791	6
4792	6
4793	9
4794	9
4795	9
4796	3
4797	9
4798	9
4799	9
4800	9
4801	9
4802	9
4803	6
4804	9
4805	9
4806	3
4807	9
4808	9
4809	9
4810	3
4811	9
4812	6
4813	9
4815	8
4816	8
4817	9
4818	9
4819	9
4820	9
4821	9
4822	9
4823	9
4826	6
4827	9
4828	9
4829	9
4830	9
4831	6
4832	6
4833	6
4834	9
4835	9
4836	6
4837	6
4838	9
4839	6
4840	6
4841	6
4842	9
4843	6
4844	9
4845	9
4846	9
4847	9
4848	9
4849	9
4850	3
4851	6
4852	9
4853	6
4854	6
4855	9
4856	6
4857	9
4858	6
4859	6
4860	6
4861	3
4862	3
4863	9
4864	6
4865	6
4866	3
4867	9
4868	9
4869	8
4870	9
4871	9
4872	9
4873	3
4874	9
4875	9
4876	9
4877	9
4878	6
4879	9
4880	9
4881	6
4882	6
4883	9
4884	6
4885	9
4886	9
4887	9
4888	9
4889	9
4890	9
4891	9
4892	9
4893	3
4894	3
4895	9
4896	9
4897	9
4898	8
4899	8
4900	8
4901	9
4902	9
4903	9
4904	9
4905	8
4906	8
4907	9
4908	9
4909	9
4910	9
4911	8
4912	9
4913	8
4914	9
4915	8
4916	8
4917	8
4918	9
4919	8
4920	8
4921	9
4922	8
4923	9
4924	9
4925	9
4926	9
4927	9
4928	9
4929	8
4930	8
4931	9
4932	8
4933	9
4934	8
4935	9
4936	9
4937	9
4938	9
4939	9
4940	8
4941	6
4942	9
4943	6
4944	8
4945	6
4946	3
4947	6
4948	8
4949	8
4950	9
4951	9
4953	9
4954	9
4955	9
4956	9
4958	9
4959	9
4961	9
4966	9
4968	9
4969	9
4970	8
4971	9
4972	8
4973	8
4974	8
4975	8
4976	9
4977	8
4978	9
4979	9
4980	9
4981	8
4982	8
4983	9
4984	8
4985	8
4986	9
4987	8
4988	9
4989	8
4990	9
4991	9
4992	9
4993	9
4994	9
4995	8
4996	8
4997	8
4998	8
4999	8
5000	9
5001	8
5002	9
5003	9
5004	9
5005	9
5006	9
5007	9
5008	9
5009	9
5010	9
5011	9
5012	8
5013	9
5014	9
5015	8
5016	8
5017	8
5018	8
5019	9
5020	9
5021	9
5022	9
5023	9
5024	8
5025	9
5026	9
5027	9
5028	9
5029	9
5030	9
5031	8
5032	9
5033	8
5034	8
5035	8
5036	8
5037	9
5038	8
5039	8
5040	8
5041	8
5042	8
5043	8
5044	9
5045	8
5046	8
5047	9
5048	9
5049	9
5050	8
5051	8
5052	9
5053	9
5054	8
5055	9
5058	8
5059	9
5063	8
5066	8
5067	9
5068	9
5069	9
5070	9
5071	9
5072	9
5073	9
5074	8
5075	8
5076	9
5077	9
5078	9
5079	8
5080	8
5081	8
5082	8
5083	9
5084	8
5085	8
5086	8
5087	8
5088	8
5089	8
5090	8
5091	8
5092	0
5093	8
5094	0
5095	0
5096	0
5097	0
5098	0
5099	9
5100	9
5101	9
5102	9
5103	9
5104	9
5105	9
5106	9
5107	9
5108	9
5109	9
5110	9
5111	9
5112	9
5113	9
5114	9
5115	9
5116	9
5117	9
5118	9
5119	8
5120	8
5121	8
5122	9
5123	9
5124	9
5125	9
5126	2
5127	2
5128	9
5129	9
5130	2
5131	9
5132	8
5133	9
5134	8
5135	9
5136	8
5137	8
5138	9
5139	9
5140	8
5141	8
5142	8
5143	9
5144	2
5145	9
5146	2
5147	9
5148	9
5149	9
5150	9
5151	8
5152	9
5153	9
5154	9
5155	9
5156	8
5157	9
5158	9
5159	9
5160	8
5161	9
5162	9
5163	8
5164	9
5165	9
5166	2
5167	9
5168	8
5169	8
5170	8
5171	8
5172	8
5173	9
5174	8
5175	9
5176	8
5177	9
5178	9
5179	8
5180	9
5181	8
5182	8
5183	9
5184	8
5185	9
5186	9
5187	9
5188	9
5189	8
5190	9
5191	9
5192	9
5193	8
5194	9
5195	9
5196	8
5197	9
5198	8
5199	9
5200	9
5201	8
5202	9
5203	9
5204	9
5205	8
5206	8
5207	8
5208	9
5209	9
5210	9
5211	9
5212	8
5213	9
5214	9
5215	9
5216	9
5217	9
5218	2
5219	8
5220	8
5221	9
5222	9
5223	8
5224	8
5225	8
5226	9
5227	8
5228	9
5229	9
5230	9
5231	8
5232	9
5233	9
5234	9
5235	9
5236	8
5237	9
5238	9
5239	9
5240	3
5241	9
5242	9
5243	9
5244	9
5245	9
5246	9
5247	9
5248	9
5249	9
5250	9
5251	8
5252	9
5253	9
5254	8
5255	9
5256	8
5257	9
5258	2
5259	8
5260	8
5261	8
5262	9
5263	8
5264	8
5265	9
5266	8
5267	8
5268	2
5269	9
5270	2
5271	9
5272	9
5273	9
5274	9
5275	8
5276	9
5277	8
5278	9
5279	2
5280	8
5281	8
5282	9
5283	9
5284	9
5285	9
5286	9
5287	9
5288	9
5289	9
5290	2
5291	2
5292	8
5293	2
5294	8
5295	2
5296	9
5297	9
5298	9
5299	3
5300	3
5301	3
5302	9
5303	8
5304	8
5305	8
5306	8
5307	8
5308	9
5309	8
5310	9
5311	9
5312	9
5313	2
5314	9
5315	9
5316	9
5317	2
5318	8
5319	8
5320	9
5321	9
5322	9
5324	9
5325	9
5326	8
5327	2
5328	8
5329	2
5330	8
5331	2
5332	8
5333	9
5334	9
5335	2
5336	9
5337	2
5338	2
5339	2
5340	2
5341	2
5342	3
5343	9
5344	8
5345	9
5346	2
5347	9
5348	8
5349	8
5350	9
5351	8
5352	8
5353	9
5354	8
5355	8
5356	9
5357	9
5358	9
5359	9
5360	9
5361	9
5362	9
5363	8
5364	9
5365	8
5366	9
5367	2
5368	9
5369	2
5370	2
5371	2
5372	2
5373	9
5374	9
5375	2
5376	8
5377	8
5378	8
5379	9
5380	8
5381	9
5382	8
5383	9
5384	8
5385	9
5386	9
5387	2
5388	2
5389	2
5390	9
5391	2
5392	2
5393	9
5394	2
5395	9
5396	9
5397	2
5398	9
5399	9
5400	8
5401	9
5402	8
5403	2
5404	2
5405	9
5406	9
5407	9
5408	9
5409	9
5410	2
5411	9
5412	9
5413	9
5414	9
5415	9
5416	2
5417	9
5418	8
5419	2
5420	9
5421	8
5422	8
5423	9
5424	8
5425	2
5426	8
5427	9
5428	9
5429	2
5430	9
5431	9
5432	9
5433	2
5434	9
5435	9
5436	2
5437	2
5438	9
5439	9
5440	9
5441	2
5442	8
5443	9
5444	9
5445	9
5446	9
5447	9
5448	9
5449	9
5450	2
5451	9
5452	9
5453	9
5454	2
5455	9
5456	9
5457	9
5458	8
5459	3
5460	2
5461	8
5462	8
5463	2
5464	8
5465	8
5466	9
5467	8
5468	3
5469	9
5470	9
5471	2
5472	8
5473	9
5474	2
5475	9
5476	2
5477	9
5478	8
5479	8
5480	8
5481	9
5482	9
5483	9
5484	8
5485	9
5486	2
5487	2
5488	9
5489	9
5490	9
5491	2
5492	9
5493	9
5494	8
5495	2
5496	8
5497	9
5498	9
5499	9
5500	8
5501	8
5502	9
5503	2
5504	9
5505	9
5506	2
5507	9
5508	2
5509	8
5510	9
5511	8
5512	8
5513	9
5514	8
5515	9
5516	2
5517	2
5518	8
5519	8
5520	9
5521	9
5522	9
5523	8
5524	8
5525	8
5526	9
5527	8
5528	8
5529	9
5530	8
5531	8
5532	9
5533	9
5534	9
5535	9
5536	9
5537	9
5538	9
5539	9
5540	2
5541	9
5542	9
5543	2
5544	2
5545	9
5546	9
5547	9
5548	9
5549	3
5550	3
5551	8
5552	9
5553	9
5554	2
5555	9
5556	9
5557	9
5558	8
5559	9
5560	9
5561	8
5562	9
5563	8
5564	8
5565	9
5566	8
5567	8
5568	9
5569	9
5570	9
5571	8
5572	2
5573	9
5574	8
5575	8
5576	9
5577	8
5578	8
5579	8
5580	2
5581	2
5582	9
5583	2
5584	2
5585	2
5586	8
5587	9
5588	8
5589	9
5590	8
5591	8
5592	9
5593	8
5594	8
5595	9
5596	9
5597	9
5598	9
5599	2
5600	2
5601	8
5602	8
5603	9
5604	8
5605	8
5606	8
5607	9
5608	9
5609	9
5610	8
5611	8
5612	9
5613	8
5614	9
5615	9
5616	9
5617	9
5618	9
5619	9
5620	8
5621	9
5622	9
5623	8
5624	8
5625	9
5626	8
5627	8
5628	2
5629	9
5630	8
5631	2
5632	9
5633	2
5634	2
5635	2
5636	9
5637	2
5638	9
5639	2
5640	9
5641	8
5642	8
5643	8
5644	9
5645	8
5646	9
5647	9
5648	9
5649	8
5650	8
5651	9
5652	9
5653	2
5654	9
5655	9
5656	2
5657	9
5658	8
5659	9
5660	2
5661	9
5662	9
5663	2
5664	9
5665	2
5666	8
5667	8
5668	8
5669	9
5670	3
5671	8
5672	8
5673	9
5674	2
5675	9
5676	9
5677	9
5678	9
5679	9
5680	9
5681	9
5682	2
5683	9
5684	8
5685	8
5686	9
5687	8
5688	2
5689	9
5690	8
5691	8
5692	8
5693	9
5694	8
5695	9
5696	8
5697	8
5698	9
5699	2
5700	2
5701	2
5702	2
5703	2
5704	2
5705	9
5706	8
5707	9
5708	8
5709	9
5710	9
5711	9
5712	9
5713	9
5714	3
5715	2
5716	8
5717	3
5718	2
5719	8
5720	9
5721	9
5722	9
5723	9
5725	9
5726	9
5727	2
5728	3
5729	9
5730	9
5731	8
5732	2
5733	9
5734	2
5735	9
5736	2
5737	8
5738	9
5739	9
5740	8
5741	9
5742	9
5743	8
5744	8
5745	8
5746	8
5747	8
5748	9
5749	9
5750	9
5751	9
5752	9
5753	9
5754	9
5755	9
5756	3
5757	9
5758	9
5759	8
5766	8
5767	9
5768	9
5769	9
5770	9
5771	8
5772	9
5773	9
5774	9
5775	3
5776	9
5777	9
5778	9
5779	9
5780	9
5781	8
5782	9
5783	9
5784	9
5785	8
5786	9
5787	9
5788	9
5789	9
5790	9
5791	9
5792	9
5793	8
5794	8
5795	8
5796	8
5797	8
5798	8
5799	8
5800	9
5801	9
5802	9
5803	9
5804	9
5805	9
5806	9
5807	9
5810	8
5811	8
5812	2
5813	9
5814	9
5815	9
5816	9
5817	9
5818	9
5819	9
5820	8
5821	9
5822	8
5823	8
5824	9
5825	9
5826	9
5827	2
5828	9
5829	8
5830	9
5831	3
5832	8
5833	9
5834	8
5835	9
5836	8
5837	9
5838	9
5839	8
5840	8
5841	8
5842	8
5843	8
5844	9
5845	8
5846	9
5847	9
5848	8
5849	9
5850	8
5851	8
5852	8
5853	9
5854	8
5855	9
5856	8
5857	8
5858	9
5859	9
5860	8
5861	8
5862	9
5863	9
5864	9
5865	2
5866	9
5867	9
5868	9
5869	9
5870	9
5871	9
5872	9
5873	9
5874	9
5875	9
5876	9
5877	8
5878	9
5879	9
5880	9
5881	8
5882	9
5883	8
5884	9
5885	8
5886	8
5887	8
5888	8
5889	8
5890	8
5891	7
5892	8
5893	9
5894	9
5895	7
5896	7
5897	9
5898	9
5899	9
5900	9
5901	9
5902	8
5903	9
5904	9
5905	9
5906	9
5907	9
5908	9
5909	9
5910	8
5911	9
5912	8
5913	9
5914	9
5915	9
5916	9
5917	8
5918	9
5919	7
5920	9
5921	9
5922	7
5923	8
5924	8
5925	9
5926	9
5927	8
5928	9
5929	9
5930	9
5931	9
5932	9
5933	9
5934	9
5935	9
5936	9
5937	9
5938	8
5939	9
5940	8
5941	8
5942	9
5943	9
5944	8
5945	8
5946	8
5947	9
5948	9
5949	8
5950	8
5951	8
5952	9
5953	8
5954	8
5955	8
5956	9
5957	9
5958	8
5959	9
5960	8
5961	8
5962	9
5963	9
5964	8
5965	9
5966	9
5967	8
5968	8
5969	9
5970	8
5971	8
5972	8
5973	8
5974	9
5975	8
5976	8
5977	9
5978	9
5979	9
5980	8
5981	9
5982	9
5983	8
5984	8
5985	8
5986	9
5987	9
5988	9
5989	8
5990	8
5991	8
5992	9
5993	8
5994	9
5995	9
5996	9
5997	9
5998	8
5999	9
6000	8
6001	9
6002	9
6003	8
6004	8
6005	9
6006	9
6007	9
6008	9
6009	9
6010	9
6011	9
6012	9
6013	8
6014	9
6015	9
6016	8
6017	9
6018	8
6019	9
6020	9
6021	9
6022	9
6023	8
6024	9
6025	9
6026	9
6027	9
6028	8
6029	9
6030	9
6031	9
6032	9
6033	9
6034	9
6035	9
6036	9
6037	9
6038	9
6039	9
6040	9
6041	9
6042	9
6043	7
6044	9
6045	9
6046	9
6047	7
6048	7
6049	9
6050	9
6051	9
6052	9
6053	9
6054	9
6055	8
6056	8
6057	8
6058	8
6059	9
6060	9
6061	9
6062	9
6063	9
6064	8
6065	8
6066	9
6067	8
6068	9
6069	9
6070	9
6071	9
6072	9
6073	9
6074	8
6075	9
6076	8
6077	8
6078	9
6079	9
6080	9
6081	9
6082	9
6083	8
6084	9
6085	9
6086	8
6087	8
6088	9
6089	8
6090	8
6091	9
6092	9
6093	8
6094	9
6095	8
6096	9
6097	8
6098	9
6099	9
6100	9
6101	9
6102	8
6103	9
6104	9
6105	9
6106	9
6107	8
6108	8
6109	8
6110	8
6111	8
6112	8
6113	9
6114	9
6115	9
6116	9
6117	9
6118	8
6119	8
6120	8
6121	8
6122	8
6123	8
6124	8
6125	9
6126	8
6127	9
6128	9
6129	8
6130	9
6131	9
6132	9
6133	9
6134	8
6135	8
6136	9
6137	8
6138	8
6139	8
6140	8
6141	9
6142	9
6143	9
6144	8
6145	8
6146	8
6147	8
6148	8
6149	8
6150	8
6151	8
6152	8
6153	8
6154	8
6155	8
6156	8
6157	9
6158	9
6159	9
6160	9
6161	9
6162	8
6163	9
6164	9
6165	8
6166	8
6167	9
6168	9
6169	8
6170	8
6171	8
6172	8
6173	8
6174	9
6175	8
6176	8
6177	8
6178	8
6179	9
6180	8
6181	9
6182	8
6183	8
6184	7
6185	9
6186	9
6187	7
6188	7
6189	9
6190	7
6191	7
6192	7
6193	9
6194	9
6195	9
6196	9
6197	8
6198	9
6199	9
6200	8
6201	9
6202	9
6203	7
6204	9
6205	9
6206	9
6207	9
6208	9
6209	9
6210	9
6211	7
6212	9
6213	9
6214	9
6215	9
6216	7
6217	7
6218	9
6219	9
6220	7
6221	9
6222	9
6223	9
6224	9
6225	7
6226	7
6227	7
6228	7
6229	7
6230	7
6231	7
6232	7
6233	7
6234	7
6235	7
6236	9
6237	7
6238	7
6239	9
6240	8
6241	9
6242	8
6243	8
6244	8
6245	8
6246	9
6247	8
6248	8
6249	8
6250	9
6251	8
6252	9
6253	8
6254	8
6255	8
6256	8
6257	9
6258	8
6259	8
6260	8
6261	9
6262	8
6263	9
6264	9
6265	9
6266	8
6267	9
6268	9
6269	8
6270	9
6271	9
6272	9
6273	8
6274	9
6275	8
6276	8
6277	9
6278	9
6279	9
6280	8
6281	8
6282	9
6283	9
6284	9
6285	8
6286	9
6287	9
6288	9
6289	9
6290	9
6291	9
6292	8
6293	8
6294	8
6295	9
6296	9
6297	9
6298	8
6299	8
6300	8
6301	8
6302	8
6303	8
6304	9
6305	9
6306	9
6307	9
6308	9
6309	9
6310	9
6311	8
6312	9
6313	8
6314	8
6315	9
6316	8
6317	9
6318	8
6319	9
6320	9
6321	9
6322	9
6323	8
6324	9
6325	8
6326	8
6327	8
6328	8
6329	8
6330	8
6331	8
6332	8
6333	8
6334	8
6335	9
6336	8
6337	9
6338	9
6339	8
6340	8
6341	8
6342	8
6343	9
6344	9
6345	8
6346	9
6347	8
6348	8
6349	9
6350	8
6351	8
6352	8
6353	9
6354	9
6355	9
6356	8
6357	9
6358	9
6359	8
6360	8
6361	8
6362	8
6363	9
6364	8
6365	8
6366	8
6367	9
6368	9
6369	8
6370	8
6371	9
6372	9
6373	8
6374	8
6375	9
6376	9
6377	9
6378	8
6379	9
6380	8
6381	8
6382	8
6383	8
6384	8
6385	9
6386	9
6387	9
6388	9
6389	8
6390	9
6391	9
6392	8
6393	9
6394	8
6395	8
6396	9
6397	9
6398	9
6399	8
6400	9
6401	9
6402	8
6403	8
6404	8
6405	8
6406	8
6407	8
6408	8
6409	8
6410	9
6411	8
6412	9
6413	9
6414	9
6415	8
6416	9
6417	8
6418	9
6419	9
6420	9
6421	8
6422	8
6423	9
6424	9
6425	9
6426	9
6427	9
6428	9
6429	9
6430	9
6431	8
6432	8
6433	8
6435	8
6436	8
6437	9
6438	8
6439	9
6440	9
6441	8
6442	9
6443	9
6444	8
6445	9
6446	8
6447	9
6448	9
6449	8
6450	8
6451	8
6452	8
6453	8
6454	8
6455	9
6456	8
6457	8
6458	9
6459	8
6460	9
6461	8
6462	8
6463	9
6464	9
6465	8
6466	8
6467	8
6468	9
6469	9
6470	8
6471	8
6472	9
6474	9
6475	8
6476	9
6477	8
6478	9
6479	9
6480	9
6481	9
6482	8
6483	9
6484	8
6485	9
6486	8
6487	9
6488	8
6489	9
6490	8
6491	9
6492	8
6493	9
6494	8
6495	8
6496	8
6497	8
6498	9
6499	8
6500	8
6501	8
6502	8
6503	8
6504	8
6505	8
6506	8
6507	8
6508	9
6509	8
6510	8
6511	8
6512	9
6513	8
6514	8
6515	9
6516	9
6517	9
6518	8
6519	9
6520	9
6521	9
6522	9
6523	9
6524	9
6525	8
6526	9
6527	8
6528	8
6529	9
6530	8
6531	9
6532	8
6533	8
6534	9
6535	9
6536	8
6537	9
6538	8
6539	9
6540	9
6541	8
6542	8
6543	9
6544	9
6545	9
6546	8
6547	8
6548	8
6549	9
6550	9
6551	9
6552	8
6553	8
6554	8
6555	8
6556	8
6557	8
6558	8
6559	9
6560	8
6561	8
6562	9
6563	8
6564	9
6565	9
6566	9
6567	9
6568	9
6569	9
6570	9
6571	9
6572	9
6573	9
6574	9
6575	9
6576	9
6577	9
6578	9
6579	9
6580	9
6581	9
6582	9
6583	9
6584	9
6585	9
6586	9
6587	9
6588	9
6589	9
6590	9
6591	9
6592	9
6593	9
6594	9
6595	9
6596	9
6597	9
6598	9
6599	9
6600	9
6601	9
6602	9
6603	9
6604	9
6605	9
6606	9
6607	9
6608	9
6609	9
6610	9
6611	9
6612	9
6613	9
6614	9
6615	8
6616	9
6617	9
6618	9
6619	9
6620	8
6621	9
6622	0
6623	9
6624	8
6625	8
6626	8
6627	9
6628	8
6629	8
6630	8
6631	8
6632	8
6633	9
6634	9
6635	9
6636	8
6637	8
6638	8
6639	8
6640	8
6641	8
6642	9
6643	8
6644	9
6645	8
6646	9
6647	9
6648	9
6650	9
6651	8
6652	9
6653	8
6654	8
6655	9
6656	9
6657	8
6658	8
6659	9
6660	8
6661	8
6662	8
6663	8
6664	8
6665	8
6666	9
6667	9
6668	9
6669	9
6671	8
6672	9
6679	9
6683	8
6684	9
6685	9
6686	8
6687	8
6688	9
6689	8
6690	8
6691	8
6692	9
6693	9
6694	9
6695	9
6696	9
6697	9
6698	9
6699	9
6700	8
6701	9
6702	8
6703	8
6704	8
6705	8
6706	9
6707	9
6708	9
6709	9
6710	9
6711	8
6712	8
6713	8
6714	8
6715	8
6716	8
6717	8
6718	8
6719	8
6720	9
6721	9
6722	9
6723	9
6724	9
6725	9
6726	8
6727	8
6728	9
6729	9
6730	9
6731	8
6732	8
6733	9
6734	8
6735	9
6736	9
6737	8
6738	9
6739	9
6740	8
6741	9
6742	8
6743	8
6744	8
6745	8
6746	9
6747	8
6748	9
6749	9
6750	8
6751	9
6752	9
6753	8
6754	8
6755	9
6756	9
6757	9
6758	9
6759	8
6760	8
6761	8
6762	8
6763	8
6764	8
6765	8
6766	9
6767	9
6768	9
6769	9
6770	9
6771	9
6772	9
6773	9
6774	9
6775	9
6776	9
6777	9
6778	9
6779	9
6780	9
6781	9
6782	9
6783	9
6784	9
6785	9
6786	9
6787	9
6788	9
6789	9
6790	9
6791	9
6792	9
6793	9
6794	9
6795	9
6796	9
6797	9
6798	9
6799	9
6800	9
6801	9
6802	9
6803	9
6804	9
6805	9
6806	9
6807	9
6808	9
6809	9
6810	9
6811	9
6812	9
6813	8
6814	9
6815	9
6816	9
6817	8
6818	9
6819	9
6820	9
6821	9
6822	9
6823	0
6824	9
6825	9
6826	0
6827	0
6828	9
6829	9
6830	9
6831	9
6832	9
6833	0
6834	9
6835	9
6836	9
6837	9
6838	9
6839	9
6840	9
6841	9
6842	9
6843	9
6844	9
6845	9
6846	9
6847	8
6848	9
6849	9
6850	9
6851	9
6852	9
6853	9
6854	9
6855	0
6856	8
6857	8
6858	9
6859	0
6860	9
6861	8
6862	8
6863	0
6864	0
6865	9
6866	8
6867	9
6868	8
6869	9
6870	9
6871	0
6872	9
6873	8
6874	9
6875	8
6876	8
6877	9
6878	9
6879	9
6880	9
6881	8
6882	9
6883	9
6884	8
6885	9
6886	9
6887	0
6888	9
6889	8
6890	9
6891	8
6892	8
6893	8
6894	8
6895	8
6896	8
6897	8
6898	9
6899	9
6900	8
6901	9
6902	8
6903	8
6904	8
6905	8
6906	8
6907	8
6908	9
6909	9
6910	9
6911	9
6912	8
6913	8
6914	9
6915	9
6916	8
6917	8
6918	9
6919	9
6920	9
6921	9
6922	9
6923	9
6924	9
6925	9
6926	9
6927	8
6928	8
6929	9
6930	8
6931	8
6932	8
6933	9
6934	9
6935	8
6936	8
6937	8
6938	8
6939	9
6940	9
6941	9
6942	8
6943	8
6944	9
6945	8
6946	8
6947	9
6948	9
6949	9
6950	8
6951	9
6952	9
6953	9
6954	8
6955	8
6956	8
6957	8
6958	8
6959	8
6960	8
6961	9
6962	8
6963	8
6964	8
6965	9
6966	8
